Time (seconds), Duration (seconds),pred_(unlabeled),pred_Jab_R,pred_Sidehook_R,pred_Uppercut_R
0.00125,0.49750,0.99975,0.00001,0.00001,0.00023
0.10125,0.49750,0.99976,0.00001,0.00001,0.00022
0.20125,0.49750,0.99977,0.00001,0.00001,0.00021
0.30125,0.49750,0.99976,0.00001,0.00001,0.00022
0.40125,0.49750,0.99976,0.00001,0.00001,0.00022
0.50125,0.49750,0.99970,0.00001,0.00001,0.00028
0.60125,0.49750,0.99968,0.00004,0.00002,0.00025
0.70125,0.49750,0.99939,0.00030,0.00011,0.00021
0.80125,0.49750,0.99532,0.00372,0.00079,0.00018
0.90125,0.49750,0.95498,0.04053,0.00440,0.00009
1.00125,0.49750,0.84701,0.14219,0.01075,0.00005
1.10125,0.49750,0.87888,0.11102,0.01002,0.00008
1.20125,0.49750,0.96540,0.03001,0.00440,0.00019
1.30125,0.49750,0.99470,0.00383,0.00108,0.00038
1.40125,0.49750,0.99803,0.00055,0.00033,0.00110
1.50125,0.49750,0.99760,0.00016,0.00016,0.00209
1.60125,0.49750,0.99749,0.00008,0.00010,0.00233
1.70125,0.49750,0.99761,0.00009,0.00011,0.00219
1.80125,0.49750,0.99747,0.00018,0.00016,0.00219
1.90125,0.49750,0.99659,0.00082,0.00049,0.00210
2.00125,0.49750,0.99524,0.00181,0.00089,0.00206
2.10125,0.49750,0.99326,0.00290,0.00136,0.00248
2.20125,0.49750,0.99481,0.00178,0.00098,0.00243
2.30125,0.49750,0.99644,0.00074,0.00051,0.00231
2.40125,0.49750,0.99713,0.00017,0.00017,0.00254
2.50125,0.49750,0.99736,0.00007,0.00009,0.00247
2.60125,0.49750,0.99779,0.00004,0.00006,0.00211
2.70125,0.49750,0.99788,0.00004,0.00005,0.00203
2.80125,0.49750,0.99791,0.00004,0.00005,0.00201
2.90125,0.49750,0.99794,0.00003,0.00005,0.00197
3.00125,0.49750,0.99802,0.00003,0.00005,0.00190
3.10125,0.49750,0.99796,0.00004,0.00005,0.00196
3.20125,0.49750,0.99790,0.00004,0.00005,0.00200
3.30125,0.49750,0.99789,0.00004,0.00006,0.00202
3.40125,0.49750,0.99788,0.00004,0.00006,0.00203
3.50125,0.49750,0.99785,0.00005,0.00006,0.00205
3.60125,0.49750,0.99787,0.00004,0.00006,0.00203
3.70125,0.49750,0.99773,0.00005,0.00006,0.00216
3.80125,0.49750,0.99604,0.00026,0.00058,0.00311
3.90125,0.49750,0.98608,0.00319,0.00836,0.00237
4.00125,0.49750,0.95681,0.03076,0.00216,0.01026
4.10125,0.49750,0.65062,0.33268,0.00714,0.00956
4.20125,0.49750,0.11527,0.88278,0.00038,0.00157
4.30125,0.49750,0.05547,0.94360,0.00002,0.00092
4.40125,0.49750,0.05093,0.94773,0.00000,0.00133
4.50125,0.49750,0.10048,0.89857,0.00006,0.00090
4.60125,0.49750,0.54722,0.44843,0.00009,0.00425
4.70125,0.49750,0.93666,0.05474,0.00061,0.00800
4.80125,0.49750,0.98955,0.00358,0.00053,0.00634
4.90125,0.49750,0.99641,0.00024,0.00020,0.00315
5.00125,0.49750,0.99765,0.00005,0.00007,0.00223
5.10125,0.49750,0.99786,0.00005,0.00006,0.00203
5.20125,0.49750,0.99797,0.00004,0.00005,0.00194
5.30125,0.49750,0.99792,0.00004,0.00005,0.00199
5.40125,0.49750,0.99786,0.00004,0.00006,0.00204
5.50125,0.49750,0.99778,0.00005,0.00006,0.00211
5.60125,0.49750,0.99771,0.00005,0.00007,0.00217
5.70125,0.49750,0.99758,0.00005,0.00007,0.00230
5.80125,0.49750,0.99603,0.00042,0.00067,0.00288
5.90125,0.49750,0.98158,0.00447,0.01193,0.00202
6.00125,0.49750,0.93274,0.05531,0.00442,0.00753
6.10125,0.49750,0.44745,0.54551,0.00203,0.00501
6.20125,0.49750,0.05089,0.94842,0.00012,0.00056
6.30125,0.49750,0.02953,0.97001,0.00000,0.00045
6.40125,0.49750,0.02699,0.97222,0.00000,0.00079
6.50125,0.49750,0.13479,0.86426,0.00001,0.00093
6.60125,0.49750,0.75269,0.24366,0.00006,0.00360
6.70125,0.49750,0.97804,0.01737,0.00014,0.00445
6.80125,0.49750,0.99534,0.00117,0.00017,0.00332
6.90125,0.49750,0.99817,0.00010,0.00010,0.00163
7.00125,0.49750,0.99801,0.00004,0.00005,0.00189
7.10125,0.49750,0.99792,0.00005,0.00006,0.00198
7.20125,0.49750,0.99779,0.00005,0.00006,0.00210
7.30125,0.49750,0.99774,0.00005,0.00006,0.00215
7.40125,0.49750,0.99767,0.00005,0.00006,0.00221
7.50125,0.49750,0.99691,0.00023,0.00064,0.00221
7.60125,0.49750,0.98963,0.00262,0.00601,0.00174
7.70125,0.49750,0.94938,0.04194,0.00201,0.00667
7.80125,0.49750,0.58045,0.41300,0.00204,0.00450
7.90125,0.49750,0.07129,0.92807,0.00005,0.00060
8.00125,0.49750,0.02817,0.97123,0.00000,0.00059
8.10125,0.49750,0.06200,0.93653,0.00000,0.00147
8.20125,0.49750,0.49234,0.50468,0.00002,0.00297
8.30125,0.49750,0.94000,0.05413,0.00003,0.00584
8.40125,0.49750,0.99161,0.00302,0.00014,0.00523
8.50125,0.49750,0.99729,0.00021,0.00018,0.00232
8.60125,0.49750,0.99792,0.00004,0.00006,0.00198
8.70125,0.49750,0.99793,0.00004,0.00005,0.00197
8.80125,0.49750,0.99781,0.00005,0.00006,0.00208
8.90125,0.49750,0.99772,0.00006,0.00007,0.00215
9.00125,0.49750,0.99757,0.00007,0.00008,0.00228
9.10125,0.49750,0.99741,0.00008,0.00009,0.00242
9.20125,0.49750,0.99728,0.00010,0.00010,0.00252
9.30125,0.49750,0.99755,0.00008,0.00008,0.00229
9.40125,0.49750,0.99786,0.00006,0.00007,0.00201
9.50125,0.49750,0.99796,0.00005,0.00006,0.00192
9.60125,0.49750,0.99675,0.00048,0.00147,0.00130
9.70125,0.49750,0.98911,0.00680,0.00221,0.00188
9.80125,0.49750,0.90271,0.08814,0.00204,0.00712
9.90125,0.49750,0.36392,0.63215,0.00040,0.00353
10.00125,0.49750,0.03976,0.95972,0.00001,0.00052
10.10125,0.49750,0.03818,0.96042,0.00000,0.00140
10.20125,0.49750,0.24126,0.75489,0.00001,0.00384
10.30125,0.49750,0.79982,0.19560,0.00001,0.00456
10.40125,0.49750,0.98331,0.01129,0.00004,0.00536
10.50125,0.49750,0.99522,0.00065,0.00017,0.00396
10.60125,0.49750,0.99781,0.00006,0.00007,0.00205
10.70125,0.49750,0.99792,0.00004,0.00006,0.00198
10.80125,0.49750,0.99792,0.00004,0.00006,0.00198
10.90125,0.49750,0.99770,0.00005,0.00007,0.00218
11.00125,0.49750,0.99757,0.00006,0.00007,0.00230
11.10125,0.49750,0.99743,0.00007,0.00008,0.00242
11.20125,0.49750,0.99725,0.00008,0.00010,0.00257
11.30125,0.49750,0.99336,0.00088,0.00407,0.00169
11.40125,0.49750,0.97894,0.01404,0.00412,0.00291
11.50125,0.49750,0.82135,0.17078,0.00358,0.00429
11.60125,0.49750,0.24204,0.75603,0.00059,0.00134
11.70125,0.49750,0.03601,0.96368,0.00002,0.00030
11.80125,0.49750,0.03208,0.96717,0.00000,0.00075
11.90125,0.49750,0.29364,0.70315,0.00002,0.00319
12.00125,0.49750,0.79168,0.20292,0.00006,0.00533
12.10125,0.49750,0.97454,0.01915,0.00016,0.00615
12.20125,0.49750,0.99393,0.00134,0.00034,0.00438
12.30125,0.49750,0.99759,0.00016,0.00015,0.00211
12.40125,0.49750,0.99797,0.00008,0.00008,0.00188
12.50125,0.49750,0.99779,0.00005,0.00007,0.00209
12.60125,0.49750,0.99788,0.00004,0.00006,0.00202
12.70125,0.49750,0.99764,0.00005,0.00007,0.00224
12.80125,0.49750,0.99535,0.00059,0.00229,0.00177
12.90125,0.49750,0.98331,0.00854,0.00556,0.00259
13.00125,0.49750,0.88184,0.10498,0.00374,0.00944
13.10125,0.49750,0.35573,0.63904,0.00176,0.00347
13.20125,0.49750,0.04976,0.94972,0.00004,0.00049
13.30125,0.49750,0.03936,0.95948,0.00000,0.00116
13.40125,0.49750,0.21092,0.78612,0.00001,0.00295
13.50125,0.49750,0.81352,0.18313,0.00002,0.00334
13.60125,0.49750,0.98410,0.01107,0.00002,0.00481
13.70125,0.49750,0.99479,0.00069,0.00008,0.00443
13.80125,0.49750,0.99798,0.00005,0.00006,0.00192
13.90125,0.49750,0.99816,0.00004,0.00005,0.00176
14.00125,0.49750,0.99800,0.00004,0.00005,0.00191
14.10125,0.49750,0.99769,0.00005,0.00007,0.00219
14.20125,0.49750,0.99738,0.00025,0.00053,0.00185
14.30125,0.49750,0.99138,0.00547,0.00110,0.00206
14.40125,0.49750,0.93179,0.05430,0.00024,0.01367
14.50125,0.49750,0.53354,0.46058,0.00044,0.00543
14.60125,0.49750,0.06047,0.93895,0.00001,0.00056
14.70125,0.49750,0.02597,0.97353,0.00000,0.00050
14.80125,0.49750,0.08697,0.91145,0.00000,0.00158
14.90125,0.49750,0.55181,0.44680,0.00003,0.00136
15.00125,0.49750,0.95215,0.04407,0.00002,0.00376
15.10125,0.49750,0.99329,0.00241,0.00007,0.00423
15.20125,0.49750,0.99690,0.00016,0.00011,0.00284
15.30125,0.49750,0.99767,0.00012,0.00025,0.00197
15.40125,0.49750,0.99371,0.00166,0.00315,0.00147
15.50125,0.49750,0.95955,0.03163,0.00095,0.00787
15.60125,0.49750,0.65767,0.33611,0.00190,0.00432
15.70125,0.49750,0.09449,0.90487,0.00005,0.00059
15.80125,0.49750,0.02754,0.97211,0.00000,0.00036
15.90125,0.49750,0.14692,0.85135,0.00000,0.00174
16.00125,0.49750,0.70126,0.29698,0.00002,0.00174
16.10125,0.49750,0.97177,0.02474,0.00001,0.00348
16.20125,0.49750,0.99395,0.00171,0.00008,0.00426
16.30125,0.49750,0.99393,0.00173,0.00290,0.00144
16.40125,0.49750,0.97798,0.01354,0.00050,0.00797
16.50125,0.49750,0.82183,0.16879,0.00127,0.00811
16.60125,0.49750,0.21884,0.77914,0.00015,0.00187
16.70125,0.49750,0.03309,0.96657,0.00001,0.00034
16.80125,0.49750,0.03087,0.96851,0.00000,0.00061
16.90125,0.49750,0.18316,0.81594,0.00003,0.00087
17.00125,0.49750,0.73886,0.25820,0.00004,0.00291
17.10125,0.49750,0.97352,0.02136,0.00013,0.00499
17.20125,0.49750,0.98785,0.00543,0.00211,0.00461
17.30125,0.49750,0.98442,0.00869,0.00487,0.00203
17.40125,0.49750,0.90909,0.08021,0.00111,0.00959
17.50125,0.49750,0.45946,0.53635,0.00036,0.00383
17.60125,0.49750,0.04725,0.95238,0.00001,0.00036
17.70125,0.49750,0.02473,0.97497,0.00000,0.00030
17.80125,0.49750,0.21442,0.78384,0.00000,0.00174
17.90125,0.49750,0.76207,0.23664,0.00002,0.00128
18.00125,0.49750,0.98146,0.01607,0.00003,0.00244
18.10125,0.49750,0.99166,0.00491,0.00123,0.00220
18.20125,0.49750,0.98548,0.01114,0.00203,0.00136
18.30125,0.49750,0.84951,0.14307,0.00057,0.00685
18.40125,0.49750,0.34556,0.65208,0.00046,0.00189
18.50125,0.49750,0.02325,0.97663,0.00000,0.00011
18.60125,0.49750,0.01536,0.98449,0.00000,0.00015
18.70125,0.49750,0.08650,0.91312,0.00000,0.00038
18.80125,0.49750,0.54170,0.45765,0.00004,0.00062
18.90125,0.49750,0.93950,0.05881,0.00004,0.00166
19.00125,0.49750,0.99139,0.00592,0.00048,0.00221
19.10125,0.49750,0.97885,0.01112,0.00930,0.00072
19.20125,0.49750,0.93121,0.06150,0.00074,0.00655
19.30125,0.49750,0.63082,0.36341,0.00222,0.00355
19.40125,0.49750,0.09041,0.90912,0.00009,0.00038
19.50125,0.49750,0.01629,0.98364,0.00000,0.00008
19.60125,0.49750,0.03918,0.96043,0.00000,0.00039
19.70125,0.49750,0.41008,0.58922,0.00002,0.00067
19.80125,0.49750,0.87220,0.12581,0.00001,0.00198
19.90125,0.49750,0.98896,0.00757,0.00005,0.00342
20.00125,0.49750,0.99404,0.00167,0.00102,0.00327
20.10125,0.49750,0.98948,0.00589,0.00284,0.00179
20.20125,0.49750,0.91851,0.07267,0.00055,0.00828
20.30125,0.49750,0.47098,0.52521,0.00051,0.00329
20.40125,0.49750,0.04404,0.95568,0.00001,0.00026
20.50125,0.49750,0.01669,0.98314,0.00000,0.00017
20.60125,0.49750,0.11335,0.88560,0.00000,0.00105
20.70125,0.49750,0.58925,0.40946,0.00004,0.00125
20.80125,0.49750,0.95622,0.04082,0.00004,0.00291
20.90125,0.49750,0.98603,0.01028,0.00095,0.00274
21.00125,0.49750,0.98165,0.01131,0.00571,0.00132
21.10125,0.49750,0.93887,0.05138,0.00137,0.00838
21.20125,0.49750,0.59762,0.39758,0.00118,0.00362
21.30125,0.49750,0.07735,0.92215,0.00003,0.00048
21.40125,0.49750,0.03708,0.96216,0.00000,0.00076
21.50125,0.49750,0.15145,0.84679,0.00000,0.00176
21.60125,0.49750,0.61499,0.38306,0.00002,0.00193
21.70125,0.49750,0.95923,0.03590,0.00003,0.00484
21.80125,0.49750,0.96322,0.03071,0.00361,0.00245
21.90125,0.49750,0.96793,0.02652,0.00217,0.00338
22.00125,0.49750,0.80566,0.18506,0.00496,0.00432
22.10125,0.49750,0.24044,0.75832,0.00030,0.00094
22.20125,0.49750,0.03177,0.96804,0.00002,0.00018
22.30125,0.49750,0.06330,0.93592,0.00000,0.00077
22.40125,0.49750,0.30651,0.69243,0.00006,0.00100
22.50125,0.49750,0.86842,0.12900,0.00004,0.00253
22.60125,0.49750,0.98600,0.00972,0.00021,0.00407
22.70125,0.49750,0.97531,0.01751,0.00554,0.00165
22.80125,0.49750,0.90919,0.08698,0.00066,0.00317
22.90125,0.49750,0.56094,0.43670,0.00077,0.00159
23.00125,0.49750,0.06810,0.93169,0.00002,0.00018
23.10125,0.49750,0.00958,0.99037,0.00000,0.00004
23.20125,0.49750,0.05026,0.94934,0.00000,0.00040
23.30125,0.49750,0.54711,0.45127,0.00008,0.00154
23.40125,0.49750,0.93271,0.06339,0.00007,0.00384
23.50125,0.49750,0.98181,0.01363,0.00084,0.00373
23.60125,0.49750,0.97689,0.01810,0.00323,0.00178
23.70125,0.49750,0.87494,0.12096,0.00192,0.00218
23.80125,0.49750,0.41431,0.58464,0.00043,0.00062
23.90125,0.49750,0.04755,0.95235,0.00003,0.00007
24.00125,0.49750,0.01709,0.98284,0.00000,0.00006
24.10125,0.49750,0.06331,0.93642,0.00001,0.00026
24.20125,0.49750,0.56231,0.43584,0.00009,0.00177
24.30125,0.49750,0.93095,0.06409,0.00026,0.00471
24.40125,0.49750,0.98370,0.01177,0.00104,0.00349
24.50125,0.49750,0.97368,0.02247,0.00221,0.00165
24.60125,0.49750,0.86677,0.12948,0.00022,0.00352
24.70125,0.49750,0.39521,0.60324,0.00026,0.00129
24.80125,0.49750,0.04689,0.95299,0.00000,0.00012
24.90125,0.49750,0.01206,0.98788,0.00000,0.00007
25.00125,0.49750,0.09685,0.90253,0.00000,0.00062
25.10125,0.49750,0.70722,0.29098,0.00003,0.00178
25.20125,0.49750,0.95850,0.03769,0.00002,0.00379
25.30125,0.49750,0.97412,0.02206,0.00111,0.00271
25.40125,0.49750,0.96844,0.02643,0.00047,0.00466
25.50125,0.49750,0.85699,0.13437,0.00046,0.00818
25.60125,0.49750,0.31229,0.68582,0.00004,0.00184
25.70125,0.49750,0.02587,0.97398,0.00000,0.00015
25.80125,0.49750,0.03088,0.96870,0.00000,0.00042
25.90125,0.49750,0.43628,0.56252,0.00003,0.00118
26.00125,0.49750,0.84287,0.15556,0.00002,0.00156
26.10125,0.49750,0.98281,0.01467,0.00010,0.00242
26.20125,0.49750,0.97839,0.01812,0.00032,0.00318
26.30125,0.49750,0.93971,0.05291,0.00004,0.00733
26.40125,0.49750,0.59134,0.40522,0.00003,0.00340
26.50125,0.49750,0.06794,0.93172,0.00000,0.00034
26.60125,0.49750,0.01422,0.98567,0.00000,0.00011
26.70125,0.49750,0.09071,0.90887,0.00000,0.00042
26.80125,0.49750,0.68070,0.31814,0.00007,0.00109
26.90125,0.49750,0.95448,0.04279,0.00010,0.00264
27.00125,0.49750,0.98526,0.01064,0.00202,0.00208
27.10125,0.49750,0.97650,0.02121,0.00070,0.00159
27.20125,0.49750,0.85502,0.13878,0.00016,0.00604
27.30125,0.49750,0.31142,0.68701,0.00008,0.00149
27.40125,0.49750,0.03364,0.96619,0.00000,0.00017
27.50125,0.49750,0.01979,0.97999,0.00000,0.00021
27.60125,0.49750,0.20061,0.79796,0.00003,0.00141
27.70125,0.49750,0.82490,0.17288,0.00023,0.00198
27.80125,0.49750,0.97324,0.02407,0.00027,0.00242
27.90125,0.49750,0.95918,0.03724,0.00150,0.00209
28.00125,0.49750,0.91555,0.07915,0.00021,0.00508
28.10125,0.49750,0.60265,0.39475,0.00015,0.00245
28.20125,0.49750,0.08948,0.91020,0.00001,0.00031
28.30125,0.49750,0.01927,0.98059,0.00000,0.00013
28.40125,0.49750,0.13444,0.86464,0.00001,0.00090
28.50125,0.49750,0.68636,0.31207,0.00017,0.00140
28.60125,0.49750,0.96322,0.03363,0.00019,0.00297
28.70125,0.49750,0.97935,0.01695,0.00126,0.00244
28.80125,0.49750,0.97016,0.02485,0.00009,0.00491
28.90125,0.49750,0.82165,0.16454,0.00008,0.01374
29.00125,0.49750,0.34579,0.65099,0.00003,0.00319
29.10125,0.49750,0.02771,0.97199,0.00000,0.00030
29.20125,0.49750,0.02414,0.97538,0.00000,0.00047
29.30125,0.49750,0.12328,0.87588,0.00016,0.00067
29.40125,0.49750,0.68676,0.31112,0.00038,0.00174
29.50125,0.49750,0.95901,0.03588,0.00059,0.00452
29.60125,0.49750,0.95771,0.03504,0.00485,0.00240
29.70125,0.49750,0.91812,0.07409,0.00021,0.00758
29.80125,0.49750,0.71250,0.28290,0.00047,0.00414
29.90125,0.49750,0.15741,0.84184,0.00001,0.00074
30.00125,0.49750,0.02034,0.97952,0.00000,0.00014
30.10125,0.49750,0.03689,0.96267,0.00000,0.00044
30.20125,0.49750,0.36873,0.63043,0.00010,0.00075
30.30125,0.49750,0.81376,0.18313,0.00009,0.00301
30.40125,0.49750,0.97045,0.02455,0.00122,0.00379
30.50125,0.49750,0.94044,0.05273,0.00535,0.00148
30.60125,0.49750,0.82296,0.17412,0.00030,0.00262
30.70125,0.49750,0.30864,0.69044,0.00019,0.00072
30.80125,0.49750,0.03434,0.96560,0.00000,0.00006
30.90125,0.49750,0.00943,0.99054,0.00000,0.00003
31.00125,0.49750,0.02460,0.97525,0.00000,0.00014
31.10125,0.49750,0.30997,0.68940,0.00005,0.00057
31.20125,0.49750,0.85824,0.13874,0.00010,0.00292
31.30125,0.49750,0.94130,0.05312,0.00324,0.00234
31.40125,0.49750,0.89490,0.10169,0.00122,0.00219
31.50125,0.49750,0.78752,0.20762,0.00046,0.00441
31.60125,0.49750,0.32425,0.67415,0.00012,0.00148
31.70125,0.49750,0.02624,0.97364,0.00000,0.00012
31.80125,0.49750,0.01989,0.97988,0.00000,0.00023
31.90125,0.49750,0.17888,0.82021,0.00003,0.00089
32.00125,0.49750,0.73077,0.26774,0.00009,0.00141
32.10125,0.49750,0.97020,0.02629,0.00016,0.00334
32.20125,0.49750,0.95491,0.03801,0.00548,0.00161
32.30125,0.49750,0.95261,0.04276,0.00035,0.00429
32.40125,0.49750,0.66743,0.32469,0.00054,0.00734
32.50125,0.49750,0.15725,0.84107,0.00007,0.00161
32.60125,0.49750,0.02085,0.97886,0.00000,0.00029
32.70125,0.49750,0.03329,0.96532,0.00000,0.00139
32.80125,0.49750,0.19537,0.80304,0.00002,0.00156
32.90125,0.49750,0.73452,0.26265,0.00003,0.00280
33.00125,0.49750,0.96437,0.03072,0.00012,0.00479
33.10125,0.49750,0.94262,0.05203,0.00298,0.00237
33.20125,0.49750,0.92355,0.07005,0.00024,0.00617
33.30125,0.49750,0.57946,0.41681,0.00043,0.00330
33.40125,0.49750,0.08259,0.91695,0.00001,0.00044
33.50125,0.49750,0.01458,0.98529,0.00000,0.00013
33.60125,0.49750,0.08982,0.90928,0.00000,0.00090
33.70125,0.49750,0.60997,0.38878,0.00011,0.00114
33.80125,0.49750,0.96014,0.03654,0.00006,0.00326
33.90125,0.49750,0.98269,0.01298,0.00106,0.00326
34.00125,0.49750,0.97387,0.02000,0.00483,0.00130
34.10125,0.49750,0.88298,0.10501,0.00126,0.01075
34.20125,0.49750,0.51393,0.47918,0.00147,0.00542
34.30125,0.49750,0.04734,0.95218,0.00002,0.00046
34.40125,0.49750,0.03248,0.96686,0.00000,0.00066
34.50125,0.49750,0.27193,0.72214,0.00001,0.00592
34.60125,0.49750,0.80257,0.19506,0.00007,0.00230
34.70125,0.49750,0.95695,0.04016,0.00007,0.00282
34.80125,0.49750,0.95379,0.04108,0.00306,0.00207
34.90125,0.49750,0.95680,0.03695,0.00023,0.00602
35.00125,0.49750,0.59251,0.40173,0.00054,0.00521
35.10125,0.49750,0.09577,0.90360,0.00002,0.00061
35.20125,0.49750,0.02098,0.97880,0.00000,0.00022
35.30125,0.49750,0.05070,0.94848,0.00001,0.00082
35.40125,0.49750,0.38405,0.61448,0.00026,0.00122
35.50125,0.49750,0.90783,0.08916,0.00017,0.00284
35.60125,0.49750,0.95152,0.04275,0.00350,0.00223
35.70125,0.49750,0.91597,0.08004,0.00244,0.00155
35.80125,0.49750,0.75326,0.24031,0.00054,0.00589
35.90125,0.49750,0.36301,0.63428,0.00022,0.00249
36.00125,0.49750,0.03552,0.96423,0.00001,0.00025
36.10125,0.49750,0.03327,0.96594,0.00000,0.00078
36.20125,0.49750,0.26717,0.72772,0.00002,0.00509
36.30125,0.49750,0.78591,0.21073,0.00009,0.00327
36.40125,0.49750,0.96134,0.03315,0.00015,0.00536
36.50125,0.49750,0.93749,0.05003,0.01054,0.00193
36.60125,0.49750,0.91687,0.07778,0.00150,0.00384
36.70125,0.49750,0.61450,0.37975,0.00123,0.00452
36.80125,0.49750,0.10620,0.89318,0.00004,0.00058
36.90125,0.49750,0.01470,0.98519,0.00000,0.00011
37.00125,0.49750,0.03216,0.96717,0.00000,0.00067
37.10125,0.49750,0.30690,0.69151,0.00006,0.00153
37.20125,0.49750,0.84161,0.15589,0.00007,0.00243
37.30125,0.49750,0.97582,0.02029,0.00072,0.00317
37.40125,0.49750,0.95807,0.03253,0.00799,0.00140
37.50125,0.49750,0.93138,0.06259,0.00067,0.00536
37.60125,0.49750,0.50151,0.49561,0.00099,0.00188
37.70125,0.49750,0.06195,0.93785,0.00003,0.00017
37.80125,0.49750,0.01759,0.98232,0.00001,0.00008
37.90125,0.49750,0.05510,0.94436,0.00001,0.00054
38.00125,0.49750,0.41751,0.58146,0.00030,0.00073
38.10125,0.49750,0.90844,0.08797,0.00034,0.00325
38.20125,0.49750,0.93309,0.05851,0.00623,0.00217
38.30125,0.49750,0.92126,0.07329,0.00178,0.00367
38.40125,0.49750,0.79743,0.19526,0.00121,0.00611
38.50125,0.49750,0.28507,0.71300,0.00035,0.00158
38.60125,0.49750,0.02854,0.97127,0.00003,0.00016
38.70125,0.49750,0.03469,0.96483,0.00001,0.00046
38.80125,0.49750,0.19217,0.80678,0.00020,0.00086
38.90125,0.49750,0.72632,0.27182,0.00032,0.00153
39.00125,0.49750,0.96646,0.02970,0.00050,0.00334
39.10125,0.49750,0.95441,0.03743,0.00637,0.00179
39.20125,0.49750,0.94184,0.05322,0.00081,0.00413
39.30125,0.49750,0.57578,0.41923,0.00165,0.00334
39.40125,0.49750,0.11186,0.88751,0.00009,0.00054
39.50125,0.49750,0.01698,0.98290,0.00002,0.00010
39.60125,0.49750,0.06727,0.93196,0.00002,0.00075
39.70125,0.49750,0.58202,0.41599,0.00040,0.00158
39.80125,0.49750,0.94705,0.05009,0.00025,0.00262
39.90125,0.49750,0.97959,0.01609,0.00249,0.00183
40.00125,0.49750,0.96428,0.03037,0.00453,0.00082
40.10125,0.49750,0.80606,0.18973,0.00050,0.00372
40.20125,0.49750,0.28102,0.71793,0.00018,0.00087
40.30125,0.49750,0.02074,0.97920,0.00000,0.00006
40.40125,0.49750,0.01440,0.98551,0.00000,0.00009
40.50125,0.49750,0.07205,0.92729,0.00001,0.00066
40.60125,0.49750,0.46469,0.53429,0.00017,0.00084
40.70125,0.49750,0.90050,0.09624,0.00042,0.00283
40.80125,0.49750,0.86973,0.11225,0.01670,0.00133
40.90125,0.49750,0.85396,0.14069,0.00246,0.00290
41.00125,0.49750,0.58280,0.41181,0.00107,0.00431
41.10125,0.49750,0.13077,0.86835,0.00018,0.00070
41.20125,0.49750,0.01483,0.98508,0.00001,0.00008
41.30125,0.49750,0.03465,0.96489,0.00000,0.00045
41.40125,0.49750,0.24771,0.75132,0.00020,0.00077
41.50125,0.49750,0.83347,0.16469,0.00034,0.00150
41.60125,0.49750,0.93336,0.06327,0.00113,0.00224
41.70125,0.49750,0.88542,0.11055,0.00059,0.00344
41.80125,0.49750,0.84559,0.14494,0.00020,0.00927
41.90125,0.49750,0.30080,0.69642,0.00002,0.00276
42.00125,0.49750,0.03372,0.96600,0.00000,0.00028
42.10125,0.49750,0.02242,0.97728,0.00000,0.00030
42.20125,0.49750,0.26360,0.73450,0.00005,0.00185
42.30125,0.49750,0.72279,0.27483,0.00013,0.00225
42.40125,0.49750,0.86268,0.13141,0.00296,0.00294
42.50125,0.49750,0.78851,0.20697,0.00070,0.00382
42.60125,0.49750,0.75823,0.23172,0.00017,0.00988
42.70125,0.49750,0.22099,0.77726,0.00008,0.00168
42.80125,0.49750,0.02358,0.97627,0.00000,0.00015
42.90125,0.49750,0.01986,0.97990,0.00000,0.00024
43.00125,0.49750,0.06652,0.93289,0.00011,0.00047
43.10125,0.49750,0.41142,0.58710,0.00062,0.00086
43.20125,0.49750,0.86091,0.13471,0.00119,0.00319
43.30125,0.49750,0.98361,0.01105,0.00172,0.00363
43.40125,0.49750,0.99553,0.00099,0.00039,0.00309
43.50125,0.49750,0.99768,0.00012,0.00012,0.00207
43.60125,0.49750,0.99742,0.00012,0.00012,0.00234
43.70125,0.49750,0.99759,0.00007,0.00008,0.00226
43.80125,0.49750,0.99761,0.00006,0.00007,0.00225
43.90125,0.49750,0.99757,0.00007,0.00008,0.00229
44.00125,0.49750,0.99741,0.00007,0.00009,0.00243
44.10125,0.49750,0.99751,0.00007,0.00009,0.00233
44.20125,0.49750,0.99761,0.00007,0.00008,0.00224
44.30125,0.49750,0.99735,0.00061,0.00071,0.00133
44.40125,0.49750,0.98011,0.01778,0.00082,0.00129
44.50125,0.49750,0.80478,0.19024,0.00084,0.00414
44.60125,0.49750,0.20925,0.78990,0.00010,0.00075
44.70125,0.49750,0.01607,0.98387,0.00000,0.00006
44.80125,0.49750,0.02334,0.97645,0.00000,0.00020
44.90125,0.49750,0.23488,0.76433,0.00005,0.00074
45.00125,0.49750,0.74431,0.25465,0.00010,0.00094
45.10125,0.49750,0.97873,0.01886,0.00033,0.00208
45.20125,0.49750,0.96796,0.02605,0.00520,0.00079
45.30125,0.49750,0.94402,0.05059,0.00013,0.00526
45.40125,0.49750,0.68306,0.30727,0.00064,0.00902
45.50125,0.49750,0.16570,0.83278,0.00002,0.00150
45.60125,0.49750,0.01865,0.98113,0.00000,0.00022
45.70125,0.49750,0.06122,0.93738,0.00000,0.00139
45.80125,0.49750,0.64857,0.34960,0.00020,0.00163
45.90125,0.49750,0.91635,0.08165,0.00006,0.00195
46.00125,0.49750,0.97224,0.02394,0.00115,0.00267
46.10125,0.49750,0.95950,0.03725,0.00131,0.00194
46.20125,0.49750,0.82609,0.16730,0.00015,0.00646
46.30125,0.49750,0.27942,0.71889,0.00016,0.00153
46.40125,0.49750,0.03897,0.96084,0.00001,0.00018
46.50125,0.49750,0.02704,0.97276,0.00001,0.00019
46.60125,0.49750,0.07189,0.92742,0.00008,0.00061
46.70125,0.49750,0.56218,0.43489,0.00164,0.00130
46.80125,0.49750,0.65291,0.34182,0.00338,0.00189
46.90125,0.49750,0.59457,0.39831,0.00513,0.00199
47.00125,0.49750,0.40618,0.58973,0.00051,0.00358
47.10125,0.49750,0.35165,0.64634,0.00023,0.00178
47.20125,0.49750,0.03401,0.96575,0.00002,0.00022
47.30125,0.49750,0.02973,0.96994,0.00002,0.00032
47.40125,0.49750,0.10588,0.89267,0.00017,0.00128
47.50125,0.49750,0.69808,0.29814,0.00146,0.00231
47.60125,0.49750,0.93293,0.06203,0.00138,0.00366
47.70125,0.49750,0.90215,0.08051,0.01533,0.00200
47.80125,0.49750,0.85436,0.13973,0.00124,0.00468
47.90125,0.49750,0.80854,0.18656,0.00084,0.00406
48.00125,0.49750,0.17270,0.82645,0.00006,0.00079
48.10125,0.49750,0.03974,0.95999,0.00003,0.00023
48.20125,0.49750,0.06797,0.93101,0.00003,0.00098
48.30125,0.49750,0.25306,0.74546,0.00072,0.00076
48.40125,0.49750,0.47331,0.52386,0.00168,0.00114
48.50125,0.49750,0.34380,0.60858,0.04720,0.00042
48.60125,0.49750,0.31402,0.68239,0.00124,0.00234
48.70125,0.49750,0.39471,0.59925,0.00251,0.00353
48.80125,0.49750,0.09297,0.90635,0.00007,0.00061
48.90125,0.49750,0.03892,0.96059,0.00003,0.00047
49.00125,0.49750,0.11989,0.87699,0.00005,0.00307
49.10125,0.49750,0.52794,0.46939,0.00135,0.00133
49.20125,0.49750,0.87446,0.12303,0.00046,0.00206
49.30125,0.49750,0.98732,0.00795,0.00206,0.00266
49.40125,0.49750,0.99646,0.00096,0.00059,0.00199
49.50125,0.49750,0.99762,0.00026,0.00019,0.00193
49.60125,0.49750,0.99759,0.00015,0.00013,0.00212
49.70125,0.49750,0.99732,0.00022,0.00017,0.00229
49.80125,0.49750,0.99738,0.00021,0.00017,0.00224
49.90125,0.49750,0.99739,0.00016,0.00015,0.00230
50.00125,0.49750,0.99746,0.00013,0.00013,0.00229
50.10125,0.49750,0.99780,0.00016,0.00015,0.00189
50.20125,0.49750,0.99545,0.00223,0.00127,0.00106
50.30125,0.49750,0.94260,0.05504,0.00051,0.00185
50.40125,0.49750,0.57150,0.42434,0.00024,0.00392
50.50125,0.49750,0.08049,0.91901,0.00015,0.00036
50.60125,0.49750,0.01419,0.98573,0.00001,0.00007
50.70125,0.49750,0.01679,0.98304,0.00000,0.00016
50.80125,0.49750,0.07403,0.92555,0.00016,0.00026
50.90125,0.49750,0.53746,0.46125,0.00074,0.00056
51.00125,0.49750,0.92434,0.07322,0.00055,0.00189
51.10125,0.49750,0.99198,0.00510,0.00055,0.00236
51.20125,0.49750,0.99521,0.00247,0.00119,0.00113
51.30125,0.49750,0.98166,0.01589,0.00147,0.00098
51.40125,0.49750,0.81723,0.17676,0.00023,0.00577
51.50125,0.49750,0.32241,0.67585,0.00039,0.00135
51.60125,0.49750,0.02944,0.97042,0.00003,0.00012
51.70125,0.49750,0.02519,0.97456,0.00001,0.00024
51.80125,0.49750,0.33987,0.65714,0.00007,0.00292
51.90125,0.49750,0.89646,0.10207,0.00059,0.00087
52.00125,0.49750,0.98665,0.01095,0.00019,0.00221
52.10125,0.49750,0.99646,0.00073,0.00027,0.00255
52.20125,0.49750,0.99780,0.00008,0.00009,0.00204
52.30125,0.49750,0.99773,0.00042,0.00028,0.00157
52.40125,0.49750,0.99019,0.00746,0.00063,0.00172
52.50125,0.49750,0.88784,0.10008,0.00008,0.01200
52.60125,0.49750,0.36536,0.62942,0.00023,0.00499
52.70125,0.49750,0.03790,0.96163,0.00001,0.00046
52.80125,0.49750,0.01731,0.98230,0.00000,0.00039
52.90125,0.49750,0.11138,0.88708,0.00001,0.00154
53.00125,0.49750,0.57285,0.42610,0.00030,0.00076
53.10125,0.49750,0.94046,0.05765,0.00009,0.00180
53.20125,0.49750,0.99376,0.00370,0.00021,0.00233
53.30125,0.49750,0.99793,0.00037,0.00029,0.00142
53.40125,0.49750,0.99322,0.00380,0.00179,0.00119
53.50125,0.49750,0.95323,0.04283,0.00026,0.00369
53.60125,0.49750,0.54448,0.45089,0.00030,0.00433
53.70125,0.49750,0.07220,0.92733,0.00006,0.00041
53.80125,0.49750,0.01521,0.98466,0.00001,0.00012
53.90125,0.49750,0.03913,0.96044,0.00001,0.00043
54.00125,0.49750,0.43184,0.56653,0.00065,0.00097
54.10125,0.49750,0.94123,0.05724,0.00041,0.00113
54.20125,0.49750,0.99351,0.00432,0.00037,0.00180
54.30125,0.49750,0.99792,0.00029,0.00022,0.00157
54.40125,0.49750,0.99793,0.00061,0.00034,0.00112
54.50125,0.49750,0.98410,0.01323,0.00024,0.00243
54.60125,0.49750,0.82809,0.15477,0.00017,0.01697
54.70125,0.49750,0.32279,0.67396,0.00023,0.00301
54.80125,0.49750,0.03512,0.96452,0.00001,0.00034
54.90125,0.49750,0.03384,0.96556,0.00001,0.00059
55.00125,0.49750,0.26332,0.73511,0.00021,0.00135
55.10125,0.49750,0.70481,0.29371,0.00090,0.00058
55.20125,0.49750,0.95764,0.03988,0.00054,0.00195
55.30125,0.49750,0.99165,0.00488,0.00126,0.00221
55.40125,0.49750,0.98281,0.01066,0.00575,0.00078
55.50125,0.49750,0.85910,0.13545,0.00408,0.00138
55.60125,0.49750,0.57922,0.41563,0.00064,0.00451
55.70125,0.49750,0.09079,0.90826,0.00055,0.00041
55.80125,0.49750,0.01762,0.98227,0.00002,0.00008
55.90125,0.49750,0.02562,0.97409,0.00000,0.00028
56.00125,0.49750,0.20346,0.79520,0.00008,0.00125
56.10125,0.49750,0.61503,0.38376,0.00047,0.00074
56.20125,0.49750,0.92464,0.07275,0.00028,0.00233
56.30125,0.49750,0.99035,0.00619,0.00067,0.00279
56.40125,0.49750,0.99724,0.00035,0.00029,0.00213
56.50125,0.49750,0.99705,0.00022,0.00020,0.00254
56.60125,0.49750,0.99735,0.00015,0.00014,0.00237
56.70125,0.49750,0.99764,0.00009,0.00009,0.00218
56.80125,0.49750,0.99762,0.00008,0.00008,0.00222
56.90125,0.49750,0.99750,0.00008,0.00009,0.00234
57.00125,0.49750,0.99788,0.00022,0.00020,0.00171
57.10125,0.49750,0.98993,0.00597,0.00334,0.00076
57.20125,0.49750,0.93280,0.06363,0.00043,0.00314
57.30125,0.49750,0.42572,0.57090,0.00044,0.00294
57.40125,0.49750,0.04807,0.95156,0.00009,0.00029
57.50125,0.49750,0.01917,0.98060,0.00001,0.00021
57.60125,0.49750,0.13319,0.86467,0.00001,0.00212
57.70125,0.49750,0.56311,0.43467,0.00064,0.00158
57.80125,0.49750,0.95088,0.04713,0.00052,0.00147
57.90125,0.49750,0.99465,0.00324,0.00034,0.00177
58.00125,0.49750,0.99758,0.00061,0.00042,0.00139
58.10125,0.49750,0.99652,0.00117,0.00076,0.00155
58.20125,0.49750,0.98059,0.01581,0.00185,0.00175
58.30125,0.49750,0.82234,0.17090,0.00042,0.00635
58.40125,0.49750,0.27074,0.72526,0.00093,0.00307
58.50125,0.49750,0.06257,0.93676,0.00011,0.00056
58.60125,0.49750,0.05841,0.94078,0.00007,0.00074
58.70125,0.49750,0.43742,0.55855,0.00024,0.00379
58.80125,0.49750,0.90823,0.08872,0.00145,0.00160
58.90125,0.49750,0.98502,0.01275,0.00042,0.00180
59.00125,0.49750,0.99592,0.00134,0.00053,0.00222
59.10125,0.49750,0.99761,0.00022,0.00019,0.00198
59.20125,0.49750,0.99707,0.00018,0.00017,0.00258
59.30125,0.49750,0.99781,0.00016,0.00014,0.00189
59.40125,0.49750,0.99557,0.00229,0.00098,0.00117
59.50125,0.49750,0.97122,0.02660,0.00078,0.00140
59.60125,0.49750,0.72974,0.26124,0.00047,0.00855
59.70125,0.49750,0.18237,0.81565,0.00048,0.00149
59.80125,0.49750,0.02506,0.97470,0.00001,0.00023
59.90125,0.49750,0.02789,0.97176,0.00000,0.00034
60.00125,0.49750,0.19851,0.80023,0.00008,0.00118
60.10125,0.49750,0.69447,0.30461,0.00029,0.00062
60.20125,0.49750,0.95415,0.04416,0.00020,0.00149
60.30125,0.49750,0.99426,0.00328,0.00082,0.00164
60.40125,0.49750,0.99226,0.00487,0.00208,0.00078
60.50125,0.49750,0.93584,0.06029,0.00295,0.00091
60.60125,0.49750,0.61539,0.37900,0.00034,0.00527
60.70125,0.49750,0.11193,0.88691,0.00045,0.00071
60.80125,0.49750,0.01506,0.98480,0.00002,0.00012
60.90125,0.49750,0.02230,0.97734,0.00001,0.00035
61.00125,0.49750,0.16433,0.83319,0.00012,0.00236
61.10125,0.49750,0.65619,0.34142,0.00148,0.00090
61.20125,0.49750,0.94673,0.05030,0.00054,0.00244
61.30125,0.49750,0.98984,0.00587,0.00135,0.00294
61.40125,0.49750,0.99249,0.00326,0.00125,0.00300
61.50125,0.49750,0.94363,0.05204,0.00065,0.00368
61.60125,0.49750,0.74796,0.23922,0.00011,0.01272
61.70125,0.49750,0.18787,0.80988,0.00009,0.00216
61.80125,0.49750,0.03399,0.96566,0.00001,0.00033
61.90125,0.49750,0.02659,0.97315,0.00001,0.00026
62.00125,0.49750,0.44254,0.55508,0.00015,0.00222
62.10125,0.49750,0.82917,0.16892,0.00087,0.00104
62.20125,0.49750,0.98289,0.01462,0.00043,0.00205
62.30125,0.49750,0.99633,0.00107,0.00035,0.00226
62.40125,0.49750,0.99719,0.00103,0.00069,0.00109
62.50125,0.49750,0.96955,0.02257,0.00683,0.00106
62.60125,0.49750,0.81798,0.17707,0.00020,0.00475
62.70125,0.49750,0.18295,0.81516,0.00024,0.00165
62.80125,0.49750,0.01682,0.98305,0.00001,0.00012
62.90125,0.49750,0.01402,0.98581,0.00000,0.00018
63.00125,0.49750,0.05106,0.94822,0.00000,0.00071
63.10125,0.49750,0.40644,0.59252,0.00019,0.00085
63.20125,0.49750,0.91171,0.08671,0.00009,0.00148
63.30125,0.49750,0.99310,0.00462,0.00025,0.00203
63.40125,0.49750,0.99764,0.00036,0.00025,0.00174
63.50125,0.49750,0.99338,0.00319,0.00253,0.00090
63.60125,0.49750,0.94921,0.04823,0.00133,0.00123
63.70125,0.49751,0.68932,0.30660,0.00047,0.00361
63.80125,0.49750,0.11201,0.88735,0.00011,0.00053
63.90125,0.49750,0.01192,0.98802,0.00000,0.00006
64.00125,0.49750,0.04147,0.95791,0.00000,0.00061
64.10125,0.49750,0.18777,0.81088,0.00004,0.00131
64.20125,0.49751,0.74449,0.25408,0.00013,0.00130
64.30125,0.49751,0.96944,0.02769,0.00023,0.00265
64.40125,0.49750,0.99369,0.00261,0.00125,0.00244
64.50125,0.49750,0.98660,0.00845,0.00394,0.00101
64.60125,0.49750,0.92186,0.07486,0.00213,0.00116
64.70125,0.49751,0.60670,0.38772,0.00090,0.00468
64.80125,0.49751,0.12186,0.87687,0.00051,0.00076
64.90125,0.49750,0.02190,0.97796,0.00001,0.00014
65.00125,0.49750,0.03094,0.96871,0.00000,0.00034
65.10125,0.49750,0.32549,0.67209,0.00006,0.00235
65.20125,0.49751,0.65519,0.34348,0.00027,0.00106
65.30125,0.49751,0.93920,0.05833,0.00024,0.00223
65.40125,0.49750,0.99178,0.00433,0.00089,0.00300
65.50125,0.49750,0.99213,0.00433,0.00220,0.00134
65.60125,0.49750,0.91466,0.08261,0.00082,0.00192
65.70125,0.49751,0.74489,0.24794,0.00028,0.00689
65.80125,0.49751,0.21510,0.78340,0.00033,0.00117
65.90125,0.49750,0.02644,0.97340,0.00002,0.00014
66.00125,0.49750,0.05823,0.94110,0.00002,0.00065
66.10125,0.49750,0.11464,0.88393,0.00085,0.00058
66.20125,0.49751,0.45369,0.54245,0.00333,0.00053
66.30125,0.49751,0.89488,0.10120,0.00215,0.00177
66.40125,0.49750,0.98665,0.00821,0.00288,0.00226
66.50125,0.49750,0.99439,0.00278,0.00127,0.00156
66.60125,0.49750,0.99374,0.00390,0.00090,0.00146
66.70125,0.49751,0.94706,0.04061,0.00003,0.01229
66.80125,0.49751,0.63586,0.35096,0.00014,0.01303
66.90125,0.49750,0.12268,0.87551,0.00002,0.00180
67.00125,0.49750,0.03069,0.96871,0.00000,0.00060
67.10125,0.49750,0.04435,0.95470,0.00001,0.00095
67.20125,0.49751,0.30896,0.68844,0.00174,0.00087
67.30125,0.49751,0.79405,0.20334,0.00081,0.00180
67.40125,0.49750,0.96972,0.02470,0.00227,0.00331
67.50125,0.49750,0.99380,0.00223,0.00117,0.00279
67.60125,0.49750,0.99238,0.00439,0.00200,0.00123
67.70125,0.49751,0.94266,0.05417,0.00048,0.00270
67.80125,0.49751,0.66203,0.32966,0.00015,0.00816
67.90125,0.49750,0.18157,0.81674,0.00009,0.00159
68.00125,0.49750,0.02557,0.97413,0.00001,0.00030
68.10125,0.49750,0.05601,0.94264,0.00001,0.00134
68.20125,0.49751,0.09220,0.90665,0.00045,0.00070
68.30125,0.49751,0.52740,0.46953,0.00229,0.00078
68.40125,0.49750,0.93541,0.06080,0.00168,0.00211
68.50125,0.49750,0.99318,0.00362,0.00126,0.00193
68.60125,0.49750,0.99625,0.00198,0.00069,0.00109
68.70125,0.49751,0.99303,0.00471,0.00166,0.00061
68.80125,0.49751,0.97333,0.02240,0.00030,0.00396
68.90125,0.49750,0.70707,0.28727,0.00059,0.00507
69.00125,0.49750,0.12557,0.87349,0.00019,0.00075
69.10125,0.49750,0.04269,0.95684,0.00002,0.00046
69.20125,0.49751,0.25702,0.73888,0.00002,0.00407
69.30125,0.49751,0.64321,0.35422,0.00054,0.00203
69.40125,0.49750,0.94008,0.05769,0.00031,0.00192
69.50125,0.49750,0.99016,0.00621,0.00038,0.00324
69.60125,0.49750,0.99662,0.00042,0.00037,0.00259
69.70125,0.49751,0.99209,0.00421,0.00231,0.00138
69.80125,0.49751,0.92425,0.07083,0.00367,0.00126
69.90125,0.49750,0.71484,0.27959,0.00074,0.00483
70.00125,0.49750,0.23113,0.76728,0.00093,0.00066
70.10125,0.49750,0.03307,0.96672,0.00011,0.00010
70.20125,0.49751,0.04249,0.95722,0.00004,0.00025
70.30125,0.49751,0.27084,0.72778,0.00035,0.00103
70.40125,0.49750,0.78644,0.21158,0.00145,0.00053
70.50125,0.49750,0.96381,0.03380,0.00064,0.00176
70.60125,0.49750,0.99260,0.00421,0.00082,0.00237
70.70125,0.49751,0.99653,0.00117,0.00070,0.00161
70.80125,0.49751,0.97601,0.01966,0.00307,0.00125
70.90125,0.49750,0.81246,0.18157,0.00014,0.00583
71.00125,0.49750,0.26819,0.72946,0.00023,0.00212
71.10125,0.49750,0.03941,0.96032,0.00007,0.00021
71.20125,0.49751,0.01964,0.98016,0.00002,0.00017
71.30125,0.49751,0.15177,0.84618,0.00007,0.00197
71.40125,0.49750,0.38512,0.60693,0.00693,0.00102
71.50125,0.49750,0.73822,0.25501,0.00489,0.00188
71.60125,0.49750,0.97062,0.02341,0.00265,0.00331
71.70125,0.49751,0.98645,0.00795,0.00307,0.00253
71.80125,0.49751,0.93528,0.05148,0.01138,0.00186
71.90125,0.49750,0.86056,0.13113,0.00029,0.00801
72.00125,0.49750,0.47975,0.51214,0.00027,0.00784
72.10125,0.49750,0.06578,0.93307,0.00003,0.00111
72.20125,0.49751,0.03038,0.96914,0.00002,0.00047
72.30125,0.49751,0.14818,0.84893,0.00003,0.00286
72.40125,0.49750,0.72023,0.27630,0.00140,0.00207
72.50125,0.49750,0.96732,0.03039,0.00063,0.00166
72.60125,0.49750,0.99499,0.00244,0.00079,0.00178
72.70125,0.49751,0.99468,0.00270,0.00159,0.00103
72.80125,0.49751,0.95232,0.03563,0.01141,0.00064
72.90125,0.49750,0.84963,0.14436,0.00382,0.00219
73.00125,0.49750,0.25283,0.74318,0.00251,0.00148
73.10125,0.49750,0.03524,0.96398,0.00056,0.00021
73.20125,0.49751,0.02798,0.97171,0.00005,0.00026
73.30125,0.49751,0.06757,0.93107,0.00005,0.00132
73.40125,0.49750,0.13967,0.85879,0.00071,0.00083
73.50125,0.49750,0.71421,0.28260,0.00125,0.00193
73.60125,0.49750,0.94760,0.04750,0.00145,0.00345
73.70125,0.49751,0.99167,0.00325,0.00154,0.00353
73.80125,0.49751,0.99262,0.00386,0.00200,0.00152
73.90125,0.49750,0.95653,0.04113,0.00066,0.00168
74.00125,0.49750,0.68201,0.31241,0.00025,0.00532
74.10125,0.49750,0.23508,0.76321,0.00028,0.00143
74.20125,0.49751,0.02109,0.97877,0.00001,0.00013
74.30125,0.49751,0.02647,0.97317,0.00001,0.00035
74.40125,0.49750,0.13010,0.86867,0.00032,0.00091
74.50125,0.49750,0.63479,0.36259,0.00172,0.00090
74.60125,0.49750,0.89347,0.10355,0.00132,0.00167
74.70125,0.49751,0.98919,0.00712,0.00189,0.00180
74.80125,0.49751,0.99732,0.00084,0.00050,0.00135
74.90125,0.49750,0.99722,0.00126,0.00064,0.00088
75.00125,0.49750,0.97453,0.02189,0.00278,0.00080
75.10125,0.49750,0.89244,0.10187,0.00033,0.00536
75.20125,0.49751,0.42577,0.56930,0.00186,0.00308
75.30125,0.49751,0.07274,0.92664,0.00011,0.00051
75.40125,0.49750,0.05330,0.94617,0.00007,0.00047
75.50125,0.49750,0.11270,0.88623,0.00018,0.00088
75.60125,0.49750,0.49716,0.49913,0.00341,0.00030
75.70125,0.49751,0.88569,0.11234,0.00121,0.00077
75.80125,0.49751,0.98272,0.01257,0.00355,0.00116
75.90125,0.49750,0.99630,0.00144,0.00088,0.00137
76.00125,0.49750,0.99761,0.00029,0.00025,0.00185
76.10125,0.49750,0.99748,0.00017,0.00017,0.00218
76.20125,0.49751,0.99743,0.00019,0.00015,0.00223
76.30125,0.49751,0.99770,0.00012,0.00011,0.00207
76.40125,0.49750,0.99774,0.00010,0.00010,0.00206
76.50125,0.49750,0.99775,0.00009,0.00009,0.00206
76.60125,0.49750,0.99755,0.00010,0.00010,0.00224
76.70125,0.49751,0.99761,0.00010,0.00010,0.00219
76.80125,0.49751,0.99756,0.00011,0.00010,0.00222
76.90125,0.49750,0.99754,0.00012,0.00011,0.00224
77.00125,0.49750,0.99756,0.00011,0.00011,0.00222
77.10125,0.49750,0.99754,0.00011,0.00011,0.00224
77.20125,0.49751,0.99747,0.00011,0.00011,0.00232
77.30125,0.49751,0.99750,0.00009,0.00010,0.00230
77.40125,0.49750,0.99748,0.00009,0.00010,0.00234
77.50125,0.49750,0.99748,0.00009,0.00010,0.00234
77.60125,0.49750,0.99746,0.00009,0.00010,0.00235
77.70125,0.49751,0.99747,0.00008,0.00009,0.00235
77.80125,0.49751,0.99743,0.00009,0.00010,0.00238
77.90125,0.49750,0.99742,0.00009,0.00010,0.00239
78.00125,0.49750,0.99742,0.00009,0.00010,0.00239
78.10125,0.49750,0.99761,0.00011,0.00011,0.00217
78.20125,0.49751,0.99615,0.00173,0.00086,0.00127
78.30125,0.49751,0.96824,0.02916,0.00045,0.00216
78.40125,0.49750,0.78008,0.21159,0.00029,0.00804
78.50125,0.49750,0.24608,0.75181,0.00025,0.00186
78.60125,0.49750,0.03274,0.96693,0.00001,0.00033
78.70125,0.49751,0.03835,0.96100,0.00001,0.00064
78.80125,0.49751,0.10776,0.89119,0.00013,0.00092
78.90125,0.49750,0.50764,0.48965,0.00097,0.00174
79.00125,0.49750,0.91023,0.08416,0.00095,0.00465
79.10125,0.49750,0.98806,0.00545,0.00192,0.00457
79.20125,0.49751,0.99516,0.00046,0.00044,0.00395
79.30125,0.49751,0.99668,0.00011,0.00017,0.00304
79.40125,0.49750,0.99765,0.00007,0.00008,0.00220
79.50125,0.49750,0.99761,0.00007,0.00008,0.00225
79.60125,0.49750,0.99765,0.00007,0.00007,0.00221
79.70125,0.49751,0.99775,0.00008,0.00009,0.00208
79.80125,0.49751,0.99645,0.00171,0.00095,0.00089
79.90125,0.49750,0.95907,0.03917,0.00046,0.00129
80.00125,0.49750,0.60730,0.38921,0.00029,0.00319
80.10125,0.49750,0.12813,0.87114,0.00022,0.00051
80.20125,0.49751,0.01673,0.98317,0.00002,0.00008
80.30125,0.49751,0.03400,0.96559,0.00001,0.00039
80.40125,0.49750,0.45518,0.54248,0.00064,0.00171
80.50125,0.49750,0.71186,0.28456,0.00252,0.00107
80.60125,0.49750,0.95667,0.04000,0.00122,0.00211
80.70125,0.49751,0.99331,0.00297,0.00115,0.00257
80.80125,0.49751,0.99699,0.00036,0.00040,0.00225
80.90125,0.49750,0.99654,0.00034,0.00033,0.00280
81.00125,0.49750,0.99726,0.00010,0.00011,0.00253
81.10125,0.49750,0.99728,0.00008,0.00010,0.00254
81.20125,0.49751,0.99732,0.00008,0.00009,0.00251
81.30125,0.49751,0.99736,0.00007,0.00009,0.00248
81.40125,0.49750,0.99749,0.00013,0.00012,0.00225
81.50125,0.49750,0.99493,0.00275,0.00119,0.00113
81.60125,0.49750,0.93936,0.05828,0.00093,0.00143
81.70125,0.49751,0.62383,0.36967,0.00022,0.00628
81.80125,0.49751,0.12141,0.87765,0.00025,0.00069
81.90125,0.49750,0.02352,0.97631,0.00002,0.00015
82.00125,0.49750,0.03821,0.96131,0.00001,0.00046
82.10125,0.49750,0.22515,0.77321,0.00029,0.00134
82.20125,0.49751,0.73946,0.25797,0.00169,0.00089
82.30125,0.49751,0.94709,0.04960,0.00090,0.00241
82.40125,0.49750,0.99195,0.00391,0.00126,0.00288
82.50125,0.49750,0.99642,0.00048,0.00048,0.00263
82.60125,0.49750,0.99683,0.00022,0.00026,0.00269
82.70125,0.49751,0.99722,0.00015,0.00016,0.00246
82.80125,0.49751,0.99740,0.00013,0.00013,0.00234
82.90125,0.49750,0.99744,0.00012,0.00011,0.00233
83.00125,0.49750,0.99742,0.00010,0.00010,0.00238
83.10125,0.49750,0.99746,0.00013,0.00012,0.00228
83.20125,0.49751,0.99665,0.00163,0.00083,0.00090
83.30125,0.49751,0.96021,0.03828,0.00052,0.00099
83.40125,0.49750,0.69051,0.30540,0.00011,0.00397
83.50125,0.49750,0.14814,0.85103,0.00011,0.00072
83.60125,0.49750,0.02070,0.97917,0.00001,0.00011
83.70125,0.49751,0.02244,0.97729,0.00000,0.00027
83.80125,0.49751,0.06190,0.93746,0.00015,0.00049
83.90125,0.49750,0.40898,0.58839,0.00212,0.00050
84.00125,0.49750,0.83845,0.15782,0.00225,0.00148
84.10125,0.49750,0.98085,0.01391,0.00351,0.00173
84.20125,0.49751,0.99562,0.00136,0.00095,0.00207
84.30125,0.49751,0.99787,0.00017,0.00019,0.00177
84.40125,0.49750,0.99741,0.00016,0.00016,0.00227
84.50125,0.49750,0.99800,0.00033,0.00024,0.00143
84.60125,0.49750,0.99021,0.00652,0.00245,0.00082
84.70125,0.49751,0.93029,0.06690,0.00041,0.00240
84.80125,0.49751,0.47020,0.52610,0.00039,0.00331
84.90125,0.49750,0.05291,0.94669,0.00013,0.00027
85.00125,0.49750,0.01690,0.98295,0.00002,0.00014
85.10125,0.49750,0.05072,0.94856,0.00002,0.00070
85.20125,0.49751,0.39254,0.60519,0.00108,0.00119
85.30125,0.49751,0.90308,0.09399,0.00153,0.00140
85.40125,0.49750,0.98766,0.00898,0.00094,0.00242
85.50125,0.49750,0.99667,0.00055,0.00051,0.00226
85.60125,0.49750,0.99732,0.00014,0.00017,0.00237
85.70125,0.49751,0.99622,0.00025,0.00029,0.00323
85.80125,0.49751,0.99573,0.00184,0.00089,0.00153
85.90125,0.49750,0.95263,0.04465,0.00029,0.00243
86.00125,0.49750,0.68267,0.30744,0.00010,0.00980
86.10125,0.49750,0.15435,0.84407,0.00011,0.00147
86.20125,0.49751,0.02253,0.97727,0.00001,0.00019
86.30125,0.49751,0.05215,0.94706,0.00001,0.00079
86.40125,0.49750,0.51048,0.48607,0.00042,0.00303
86.50125,0.49750,0.92659,0.07123,0.00094,0.00123
86.60125,0.49750,0.98693,0.01047,0.00040,0.00220
86.70125,0.49751,0.99587,0.00098,0.00051,0.00264
86.80125,0.49751,0.99669,0.00045,0.00039,0.00247
86.90125,0.49750,0.99601,0.00082,0.00058,0.00260
87.00125,0.49750,0.98645,0.00921,0.00238,0.00196
87.10125,0.49750,0.94428,0.05027,0.00107,0.00438
87.20125,0.49751,0.81729,0.17345,0.00084,0.00842
87.30125,0.49751,0.39248,0.60389,0.00134,0.00230
87.40125,0.49750,0.10037,0.89889,0.00010,0.00063
87.50125,0.49750,0.08648,0.91281,0.00005,0.00066
87.60125,0.49750,0.16419,0.83486,0.00053,0.00042
87.70125,0.49751,0.63319,0.36478,0.00124,0.00079
87.80125,0.49751,0.94280,0.05452,0.00056,0.00212
87.90125,0.49750,0.99361,0.00328,0.00077,0.00234
88.00125,0.49750,0.99738,0.00026,0.00025,0.00212
88.10125,0.49750,0.99733,0.00056,0.00045,0.00166
88.20125,0.49751,0.98514,0.01056,0.00346,0.00084
88.30125,0.49751,0.89640,0.09994,0.00036,0.00330
88.40125,0.49750,0.39527,0.60188,0.00058,0.00228
88.50125,0.49750,0.05867,0.94095,0.00016,0.00023
88.60125,0.49750,0.03013,0.96969,0.00002,0.00017
88.70125,0.49751,0.09834,0.90062,0.00002,0.00103
88.80125,0.49751,0.58265,0.41510,0.00103,0.00122
88.90125,0.49750,0.93590,0.06214,0.00048,0.00149
89.00125,0.49750,0.99125,0.00601,0.00031,0.00244
89.10125,0.49750,0.99657,0.00042,0.00027,0.00274
89.20125,0.49751,0.99775,0.00063,0.00044,0.00118
89.30125,0.49751,0.98331,0.01461,0.00074,0.00134
89.40125,0.49750,0.86331,0.13057,0.00008,0.00603
89.50125,0.49750,0.34768,0.65033,0.00022,0.00177
89.60125,0.49750,0.03711,0.96266,0.00002,0.00021
89.70125,0.49751,0.02618,0.97353,0.00000,0.00028
89.80125,0.49751,0.22380,0.77419,0.00005,0.00196
89.90125,0.49750,0.73837,0.25977,0.00094,0.00092
90.00125,0.49750,0.95337,0.04389,0.00035,0.00238
90.10125,0.49750,0.99329,0.00347,0.00060,0.00263
90.20125,0.49751,0.99725,0.00059,0.00043,0.00173
90.30125,0.49751,0.98439,0.00999,0.00459,0.00103
90.40125,0.49750,0.87286,0.12434,0.00082,0.00198
90.50125,0.49750,0.47079,0.52620,0.00041,0.00260
90.60125,0.49750,0.07189,0.92766,0.00023,0.00022
90.70125,0.49751,0.02052,0.97935,0.00004,0.00010
90.80125,0.49751,0.04095,0.95850,0.00003,0.00051
90.90125,0.49750,0.07299,0.92205,0.00451,0.00046
91.00125,0.49750,0.13874,0.83119,0.02927,0.00079
91.10125,0.49750,0.39509,0.43299,0.16123,0.01070
91.20125,0.49751,0.39427,0.03827,0.52737,0.04009
91.30125,0.49751,0.40964,0.00524,0.45113,0.13399
91.40125,0.49750,0.58946,0.00091,0.16022,0.24941
91.50125,0.49750,0.70028,0.00016,0.04536,0.25420
91.60125,0.49750,0.82937,0.00011,0.01401,0.15652
91.70125,0.49751,0.92961,0.00010,0.00405,0.06624
91.80125,0.49751,0.98444,0.00009,0.00096,0.01451
91.90125,0.49750,0.99491,0.00009,0.00029,0.00471
92.00125,0.49750,0.99773,0.00008,0.00014,0.00205
92.10125,0.49750,0.99899,0.00007,0.00008,0.00086
92.20125,0.49751,0.99956,0.00005,0.00005,0.00034
92.30125,0.49751,0.99962,0.00005,0.00005,0.00028
92.40125,0.49750,0.99961,0.00005,0.00005,0.00028
92.50125,0.49750,0.99960,0.00006,0.00006,0.00029
92.60125,0.49750,0.99953,0.00005,0.00006,0.00036
92.70125,0.49751,0.99940,0.00005,0.00006,0.00049
92.80125,0.49751,0.99922,0.00005,0.00006,0.00067
92.90125,0.49750,0.99908,0.00004,0.00006,0.00082
93.00125,0.49750,0.99890,0.00004,0.00007,0.00099
93.10125,0.49750,0.99885,0.00004,0.00007,0.00103
93.20125,0.49751,0.99878,0.00005,0.00008,0.00109
93.30125,0.49751,0.99888,0.00006,0.00009,0.00098
93.40125,0.49750,0.99895,0.00006,0.00010,0.00089
93.50125,0.49750,0.99905,0.00007,0.00010,0.00078
93.60125,0.49750,0.99911,0.00007,0.00011,0.00071
93.70125,0.49751,0.99937,0.00006,0.00009,0.00048
93.80125,0.49751,0.99964,0.00007,0.00009,0.00021
93.90125,0.49750,0.99967,0.00014,0.00012,0.00007
94.00125,0.49750,0.99955,0.00027,0.00015,0.00003
94.10125,0.49750,0.99905,0.00059,0.00032,0.00004
94.20125,0.49751,0.99771,0.00155,0.00069,0.00005
94.30125,0.49751,0.99417,0.00394,0.00185,0.00004
94.40125,0.49750,0.98624,0.00856,0.00511,0.00009
94.50125,0.49750,0.97579,0.01517,0.00889,0.00015
94.60125,0.49750,0.97739,0.01571,0.00681,0.00009
94.70125,0.49751,0.97814,0.01524,0.00641,0.00021
94.80125,0.49751,0.89957,0.08898,0.01100,0.00044
94.90125,0.49750,0.66574,0.33065,0.00028,0.00333
95.00125,0.49750,0.37546,0.62145,0.00022,0.00288
95.10125,0.49750,0.07332,0.92611,0.00001,0.00056
95.20125,0.49751,0.01934,0.98045,0.00000,0.00021
95.30125,0.49751,0.04109,0.95808,0.00001,0.00083
95.40125,0.49750,0.18014,0.81783,0.00069,0.00134
95.50125,0.49750,0.30488,0.68580,0.00310,0.00621
95.60125,0.49750,0.59917,0.26298,0.10418,0.03367
95.70125,0.49751,0.51513,0.06382,0.36175,0.05931
95.80125,0.49751,0.59366,0.02469,0.32485,0.05680
95.90125,0.49750,0.84430,0.00764,0.11205,0.03601
96.00125,0.49750,0.94351,0.00297,0.03550,0.01802
96.10125,0.49750,0.98890,0.00095,0.00422,0.00593
96.20125,0.49751,0.99727,0.00024,0.00049,0.00200
96.30125,0.49751,0.99886,0.00009,0.00013,0.00092
96.40125,0.49750,0.99916,0.00007,0.00008,0.00069
96.50125,0.49750,0.99948,0.00005,0.00005,0.00042
96.60125,0.49750,0.99959,0.00004,0.00004,0.00033
96.70125,0.49751,0.99968,0.00006,0.00004,0.00022
96.80125,0.49751,0.99971,0.00007,0.00005,0.00016
96.90125,0.49750,0.99972,0.00012,0.00005,0.00011
97.00125,0.49750,0.99972,0.00012,0.00005,0.00011
97.10125,0.49750,0.99969,0.00013,0.00006,0.00012
97.20125,0.49751,0.99957,0.00012,0.00008,0.00024
97.30125,0.49751,0.99882,0.00018,0.00011,0.00089
97.40125,0.49750,0.99786,0.00018,0.00013,0.00183
97.50125,0.49750,0.99635,0.00015,0.00012,0.00338
97.60125,0.49750,0.99201,0.00021,0.00018,0.00759
97.70125,0.49751,0.99115,0.00026,0.00019,0.00839
97.80125,0.49751,0.99478,0.00015,0.00013,0.00495
97.90125,0.49750,0.99497,0.00012,0.00010,0.00482
98.00125,0.49750,0.99324,0.00014,0.00012,0.00649
98.10125,0.49750,0.99470,0.00011,0.00010,0.00510
98.20125,0.49751,0.99576,0.00008,0.00007,0.00408
98.30125,0.49751,0.99587,0.00008,0.00007,0.00398
98.40125,0.49750,0.99691,0.00005,0.00005,0.00299
98.50125,0.49750,0.99837,0.00003,0.00003,0.00158
98.60125,0.49750,0.99905,0.00002,0.00002,0.00091
98.70125,0.49751,0.99938,0.00002,0.00002,0.00058
98.80125,0.49751,0.99956,0.00002,0.00001,0.00041
98.90125,0.49750,0.99960,0.00002,0.00002,0.00036
99.00125,0.49750,0.99958,0.00002,0.00002,0.00037
99.10125,0.49750,0.99957,0.00002,0.00002,0.00039
99.20125,0.49751,0.99958,0.00002,0.00002,0.00038
99.30125,0.49751,0.99960,0.00002,0.00002,0.00036
99.40125,0.49750,0.99964,0.00002,0.00001,0.00032
99.50125,0.49750,0.99968,0.00002,0.00001,0.00028
99.60125,0.49750,0.99969,0.00002,0.00001,0.00028
99.70125,0.49751,0.99966,0.00002,0.00001,0.00031
99.80125,0.49751,0.99962,0.00001,0.00001,0.00035
99.90125,0.49750,0.99959,0.00001,0.00001,0.00038
100.00125,0.49750,0.99955,0.00001,0.00001,0.00043
100.10125,0.49750,0.99953,0.00001,0.00001,0.00045
