Time (seconds), Duration (seconds),pred_(unlabeled),pred_Jab_R,pred_Sidehook_R,pred_Uppercut_R
0.00125,0.84000,1.00000,0.00000,0.00000,0.00000
0.12125,0.84000,1.00000,0.00000,0.00000,0.00000
0.24125,0.84000,1.00000,0.00000,0.00000,0.00000
0.36125,0.84000,1.00000,0.00000,0.00000,0.00000
0.48125,0.84000,1.00000,0.00000,0.00000,0.00000
0.60125,0.84000,1.00000,0.00000,0.00000,0.00000
0.72125,0.84000,1.00000,0.00000,0.00000,0.00000
0.84125,0.84000,1.00000,0.00000,0.00000,0.00000
0.96125,0.84000,0.99999,0.00000,0.00001,0.00000
1.08125,0.84000,0.99999,0.00000,0.00001,0.00000
1.20125,0.84000,0.99999,0.00000,0.00001,0.00000
1.32125,0.84000,0.99999,0.00000,0.00001,0.00000
1.44125,0.84000,0.99996,0.00000,0.00003,0.00000
1.56125,0.84000,0.99959,0.00001,0.00039,0.00001
1.68125,0.84000,0.99799,0.00007,0.00190,0.00005
1.80125,0.84000,0.98947,0.00020,0.01026,0.00007
1.92125,0.84000,0.80848,0.00001,0.18930,0.00221
2.04125,0.84000,0.11943,0.00003,0.87639,0.00415
2.16125,0.84000,0.02597,0.00007,0.97328,0.00068
2.28125,0.84000,0.01889,0.00012,0.98085,0.00014
2.40125,0.84000,0.02104,0.00015,0.97878,0.00003
2.52125,0.84000,0.23864,0.00011,0.76113,0.00012
2.64125,0.84000,0.91739,0.00210,0.08050,0.00001
2.76125,0.84000,0.99184,0.00149,0.00668,0.00000
2.88125,0.84000,0.99911,0.00013,0.00076,0.00000
3.00125,0.84000,0.99993,0.00000,0.00006,0.00000
3.12125,0.84000,0.99999,0.00000,0.00000,0.00000
3.24125,0.84000,0.99999,0.00000,0.00001,0.00000
3.36125,0.84000,0.99994,0.00000,0.00006,0.00000
3.48125,0.84000,0.99951,0.00001,0.00045,0.00003
3.60125,0.84000,0.99651,0.00005,0.00338,0.00005
3.72125,0.84000,0.92957,0.00003,0.06981,0.00059
3.84125,0.84000,0.18723,0.00002,0.81050,0.00225
3.96125,0.84000,0.03428,0.00010,0.96506,0.00055
4.08125,0.84000,0.02273,0.00012,0.97705,0.00009
4.20125,0.84000,0.01987,0.00027,0.97985,0.00002
4.32125,0.84000,0.19995,0.00014,0.79988,0.00003
4.44125,0.84000,0.79860,0.00031,0.20106,0.00003
4.56125,0.84000,0.98822,0.00192,0.00986,0.00000
4.68125,0.84000,0.99920,0.00008,0.00072,0.00000
4.80125,0.84000,0.99993,0.00000,0.00006,0.00000
4.92125,0.84000,1.00000,0.00000,0.00000,0.00000
5.04125,0.84000,0.99999,0.00000,0.00001,0.00000
5.16125,0.84000,0.99996,0.00000,0.00004,0.00000
5.28125,0.84000,0.99975,0.00000,0.00021,0.00004
5.40125,0.84000,0.99723,0.00009,0.00258,0.00010
5.52125,0.84000,0.95732,0.00016,0.04234,0.00018
5.64125,0.84000,0.24403,0.00003,0.75477,0.00117
5.76125,0.84000,0.02766,0.00016,0.97195,0.00022
5.88125,0.84000,0.01783,0.00015,0.98199,0.00004
6.00125,0.84000,0.01345,0.00029,0.98626,0.00001
6.12125,0.84000,0.02666,0.00028,0.97306,0.00001
6.24125,0.84000,0.51060,0.00024,0.48910,0.00006
6.36125,0.84000,0.97572,0.00495,0.01932,0.00000
6.48125,0.84000,0.99775,0.00025,0.00200,0.00000
6.60125,0.84000,0.99980,0.00001,0.00019,0.00000
6.72125,0.84000,0.99998,0.00000,0.00002,0.00000
6.84125,0.84000,1.00000,0.00000,0.00000,0.00000
6.96125,0.84000,1.00000,0.00000,0.00000,0.00000
7.08125,0.84000,1.00000,0.00000,0.00000,0.00000
7.20125,0.84000,0.99999,0.00000,0.00001,0.00000
7.32125,0.84000,0.99990,0.00000,0.00007,0.00003
7.44125,0.84000,0.99929,0.00001,0.00051,0.00019
7.56125,0.84000,0.98579,0.00067,0.01339,0.00016
7.68125,0.84000,0.76023,0.00008,0.23744,0.00225
7.80125,0.84000,0.05007,0.00005,0.94756,0.00232
7.92125,0.84000,0.01754,0.00008,0.98210,0.00027
8.04125,0.84000,0.01231,0.00011,0.98753,0.00005
8.16125,0.84000,0.01026,0.00011,0.98961,0.00002
8.28125,0.84000,0.02574,0.00017,0.97404,0.00005
8.40125,0.84000,0.46401,0.00402,0.53193,0.00003
8.52125,0.84000,0.95108,0.01284,0.03608,0.00000
8.64125,0.84000,0.99662,0.00058,0.00280,0.00000
8.76125,0.84000,0.99980,0.00002,0.00017,0.00000
8.88125,0.84000,0.99998,0.00000,0.00002,0.00000
9.00125,0.84000,1.00000,0.00000,0.00000,0.00000
9.12125,0.84000,1.00000,0.00000,0.00000,0.00000
9.24125,0.84000,1.00000,0.00000,0.00000,0.00000
9.36125,0.84000,0.99999,0.00000,0.00001,0.00000
9.48125,0.84000,0.99992,0.00000,0.00007,0.00001
9.60125,0.84000,0.99950,0.00000,0.00043,0.00007
9.72125,0.84000,0.98682,0.00025,0.01280,0.00012
9.84125,0.84000,0.88193,0.00008,0.11642,0.00158
9.96125,0.84000,0.06617,0.00001,0.92711,0.00671
10.08125,0.84000,0.02185,0.00006,0.97699,0.00110
10.20125,0.84000,0.01226,0.00005,0.98751,0.00018
10.32125,0.84000,0.01163,0.00008,0.98822,0.00007
10.44125,0.84000,0.02229,0.00009,0.97748,0.00014
10.56125,0.84000,0.39046,0.00025,0.60914,0.00015
10.68125,0.84000,0.95755,0.00600,0.03644,0.00001
10.80125,0.84000,0.99605,0.00060,0.00335,0.00000
10.92125,0.84000,0.99970,0.00003,0.00027,0.00000
11.04125,0.84000,0.99997,0.00000,0.00003,0.00000
11.16125,0.84000,1.00000,0.00000,0.00000,0.00000
11.28125,0.84000,1.00000,0.00000,0.00000,0.00000
11.40125,0.84000,1.00000,0.00000,0.00000,0.00000
11.52125,0.84000,0.99999,0.00000,0.00000,0.00000
11.64125,0.84000,0.99996,0.00000,0.00003,0.00001
11.76125,0.84000,0.99963,0.00000,0.00024,0.00013
11.88125,0.84000,0.99511,0.00007,0.00453,0.00028
12.00125,0.84000,0.94509,0.00057,0.05374,0.00060
12.12125,0.84000,0.16530,0.00008,0.82771,0.00692
12.24125,0.84000,0.02534,0.00011,0.97361,0.00094
12.36125,0.84000,0.01751,0.00022,0.98219,0.00009
12.48125,0.84000,0.01004,0.00015,0.98979,0.00003
12.60125,0.84000,0.01208,0.00036,0.98754,0.00002
12.72125,0.84000,0.04094,0.00024,0.95870,0.00011
12.84125,0.84000,0.76839,0.05515,0.17645,0.00001
12.96125,0.84000,0.97997,0.00450,0.01553,0.00000
13.08125,0.84000,0.99820,0.00028,0.00152,0.00000
13.20125,0.84000,0.99985,0.00001,0.00014,0.00000
13.32125,0.84000,0.99999,0.00000,0.00001,0.00000
13.44125,0.84000,1.00000,0.00000,0.00000,0.00000
13.56125,0.84000,1.00000,0.00000,0.00000,0.00000
13.68125,0.84000,1.00000,0.00000,0.00000,0.00000
13.80125,0.84000,0.99999,0.00000,0.00001,0.00000
13.92125,0.84000,0.99994,0.00000,0.00005,0.00002
14.04125,0.84000,0.99943,0.00000,0.00038,0.00018
14.16125,0.84000,0.99177,0.00014,0.00748,0.00061
14.28125,0.84000,0.90345,0.00220,0.09316,0.00118
14.40125,0.84000,0.11023,0.00014,0.87766,0.01197
14.52125,0.84000,0.02043,0.00008,0.97850,0.00100
14.64125,0.84000,0.01500,0.00017,0.98467,0.00016
14.76125,0.84000,0.01011,0.00014,0.98971,0.00005
14.88125,0.84000,0.01154,0.00031,0.98811,0.00004
15.00125,0.84000,0.16164,0.00011,0.83804,0.00020
15.12125,0.84000,0.91322,0.00249,0.08427,0.00001
15.24125,0.84000,0.99558,0.00047,0.00394,0.00000
15.36125,0.84000,0.99938,0.00004,0.00058,0.00000
15.48125,0.84000,0.99997,0.00000,0.00003,0.00000
15.60125,0.84000,1.00000,0.00000,0.00000,0.00000
15.72125,0.84000,1.00000,0.00000,0.00000,0.00000
15.84125,0.84000,1.00000,0.00000,0.00000,0.00000
15.96125,0.84000,0.99999,0.00000,0.00001,0.00000
16.08125,0.84000,0.99993,0.00000,0.00006,0.00001
16.20125,0.84000,0.99930,0.00001,0.00051,0.00018
16.32125,0.84000,0.99099,0.00029,0.00833,0.00038
16.44125,0.84000,0.90385,0.00177,0.09255,0.00183
16.56125,0.84000,0.07894,0.00013,0.90830,0.01264
16.68125,0.84000,0.01945,0.00009,0.97891,0.00155
16.80125,0.84000,0.01533,0.00018,0.98414,0.00034
16.92125,0.84000,0.01058,0.00010,0.98917,0.00015
17.04125,0.84000,0.02244,0.00029,0.97702,0.00026
17.16125,0.84000,0.31514,0.00006,0.68374,0.00105
17.28125,0.84000,0.94374,0.00553,0.05072,0.00001
17.40125,0.84000,0.99373,0.00068,0.00559,0.00000
17.52125,0.84000,0.99933,0.00004,0.00063,0.00000
17.64125,0.84000,0.99993,0.00000,0.00007,0.00000
17.76125,0.84000,1.00000,0.00000,0.00000,0.00000
17.88125,0.84000,1.00000,0.00000,0.00000,0.00000
18.00125,0.84000,1.00000,0.00000,0.00000,0.00000
18.12125,0.84000,0.99999,0.00000,0.00001,0.00000
18.24125,0.84000,0.99993,0.00000,0.00006,0.00002
18.36125,0.84000,0.99942,0.00001,0.00050,0.00007
18.48125,0.84000,0.98756,0.00035,0.01198,0.00011
18.60125,0.84000,0.66490,0.00010,0.33302,0.00199
18.72125,0.84000,0.04219,0.00013,0.95704,0.00063
18.84125,0.84000,0.02110,0.00019,0.97864,0.00008
18.96125,0.84000,0.01645,0.00029,0.98322,0.00003
19.08125,0.84000,0.01356,0.00022,0.98621,0.00001
19.20125,0.84000,0.06245,0.00035,0.93713,0.00006
19.32125,0.84000,0.84267,0.00113,0.15618,0.00003
19.44125,0.84000,0.99123,0.00087,0.00789,0.00000
19.56125,0.84000,0.99885,0.00005,0.00110,0.00000
19.68125,0.84000,0.99991,0.00000,0.00008,0.00000
19.80125,0.84000,0.99999,0.00000,0.00001,0.00000
19.92125,0.84000,1.00000,0.00000,0.00000,0.00000
20.04125,0.84000,0.99998,0.00000,0.00002,0.00000
20.16125,0.84000,0.99977,0.00000,0.00019,0.00004
20.28125,0.84000,0.99911,0.00001,0.00071,0.00017
20.40125,0.84000,0.97922,0.00032,0.02017,0.00029
20.52125,0.84000,0.58771,0.00019,0.40938,0.00272
20.64125,0.84000,0.03496,0.00005,0.96309,0.00189
20.76125,0.84000,0.01623,0.00008,0.98350,0.00018
20.88125,0.84000,0.01055,0.00013,0.98929,0.00004
21.00125,0.84000,0.00902,0.00016,0.99080,0.00001
21.12125,0.84000,0.01646,0.00026,0.98325,0.00003
21.24125,0.84000,0.48063,0.00081,0.51848,0.00008
21.36125,0.84000,0.97870,0.00330,0.01800,0.00000
21.48125,0.84000,0.99762,0.00023,0.00215,0.00000
21.60125,0.84000,0.99987,0.00001,0.00013,0.00000
21.72125,0.84000,0.99999,0.00000,0.00001,0.00000
21.84125,0.84000,1.00000,0.00000,0.00000,0.00000
21.96125,0.84000,0.99999,0.00000,0.00001,0.00000
22.08125,0.84000,0.99983,0.00000,0.00014,0.00002
22.20125,0.84000,0.99878,0.00001,0.00099,0.00022
22.32125,0.84000,0.98364,0.00032,0.01559,0.00045
22.44125,0.84000,0.71750,0.00010,0.27528,0.00712
22.56125,0.84000,0.05544,0.00007,0.93627,0.00821
22.68125,0.84000,0.02633,0.00009,0.97217,0.00140
22.80125,0.84000,0.01843,0.00015,0.98116,0.00026
22.92125,0.84000,0.01348,0.00016,0.98628,0.00008
23.04125,0.84000,0.01984,0.00022,0.97982,0.00012
23.16125,0.84000,0.29286,0.00184,0.70513,0.00017
23.28125,0.84000,0.90648,0.01485,0.07865,0.00002
23.40125,0.84000,0.99341,0.00094,0.00564,0.00000
23.52125,0.84000,0.99957,0.00003,0.00039,0.00000
23.64125,0.84000,0.99996,0.00000,0.00004,0.00000
23.76125,0.84000,1.00000,0.00000,0.00000,0.00000
23.88125,0.84000,1.00000,0.00000,0.00000,0.00000
24.00125,0.84000,1.00000,0.00000,0.00000,0.00000
24.12125,0.84000,1.00000,0.00000,0.00000,0.00000
24.24125,0.84000,0.99998,0.00000,0.00002,0.00000
24.36125,0.84000,0.99980,0.00000,0.00018,0.00002
24.48125,0.84000,0.99887,0.00002,0.00100,0.00011
24.60125,0.84000,0.98311,0.00046,0.01618,0.00026
24.72125,0.84000,0.84282,0.00090,0.15429,0.00198
24.84125,0.84000,0.06787,0.00011,0.92092,0.01110
24.96125,0.84000,0.02266,0.00029,0.97583,0.00122
25.08125,0.84000,0.01518,0.00035,0.98425,0.00022
25.20125,0.84000,0.01240,0.00066,0.98687,0.00007
25.32125,0.84000,0.01464,0.00053,0.98474,0.00009
25.44125,0.84000,0.14289,0.00083,0.85599,0.00029
25.56125,0.84000,0.91676,0.01036,0.07285,0.00002
25.68125,0.84000,0.99368,0.00056,0.00576,0.00001
25.80125,0.84000,0.99953,0.00002,0.00045,0.00000
25.92125,0.84000,0.99997,0.00000,0.00003,0.00000
26.04125,0.84000,1.00000,0.00000,0.00000,0.00000
26.16125,0.84000,1.00000,0.00000,0.00000,0.00000
26.28125,0.84000,0.99998,0.00000,0.00001,0.00001
26.40125,0.84000,0.99980,0.00000,0.00011,0.00009
26.52125,0.84000,0.99873,0.00001,0.00079,0.00048
26.64125,0.84000,0.97378,0.00087,0.02449,0.00085
26.76125,0.84000,0.59563,0.00051,0.39038,0.01347
26.88125,0.84000,0.03067,0.00006,0.96209,0.00717
27.00125,0.84000,0.01900,0.00011,0.97994,0.00095
27.12125,0.84000,0.01152,0.00011,0.98819,0.00018
27.24125,0.84000,0.01184,0.00020,0.98789,0.00007
27.36125,0.84000,0.01535,0.00021,0.98427,0.00017
27.48125,0.84000,0.06954,0.00087,0.92937,0.00022
27.60125,0.84000,0.78045,0.04644,0.17308,0.00003
27.72125,0.84000,0.98557,0.00230,0.01212,0.00001
27.84125,0.84000,0.99876,0.00010,0.00114,0.00000
27.96125,0.84000,0.99987,0.00000,0.00012,0.00000
28.08125,0.84000,0.99996,0.00000,0.00004,0.00000
28.20125,0.84000,0.99996,0.00000,0.00004,0.00000
28.32125,0.84000,0.99975,0.00000,0.00021,0.00004
28.44125,0.84000,0.99636,0.00004,0.00347,0.00013
28.56125,0.84000,0.94870,0.00057,0.05046,0.00027
28.68125,0.84000,0.28495,0.00007,0.71147,0.00351
28.80125,0.84000,0.02415,0.00012,0.97512,0.00061
28.92125,0.84000,0.01575,0.00027,0.98393,0.00005
29.04125,0.84000,0.01056,0.00020,0.98922,0.00001
29.16125,0.84000,0.01105,0.00039,0.98855,0.00001
29.28125,0.84000,0.07666,0.00019,0.92296,0.00018
29.40125,0.84000,0.88623,0.02676,0.08701,0.00001
29.52125,0.84000,0.99062,0.00258,0.00680,0.00000
29.64125,0.84000,0.99937,0.00012,0.00051,0.00000
29.76125,0.84000,0.99995,0.00000,0.00004,0.00000
29.88125,0.84000,0.99999,0.00000,0.00001,0.00000
30.00125,0.84000,0.99999,0.00000,0.00001,0.00000
30.12125,0.84000,0.99994,0.00000,0.00005,0.00001
30.24125,0.84000,0.99941,0.00001,0.00045,0.00013
30.36125,0.84000,0.99496,0.00008,0.00429,0.00066
30.48125,0.84000,0.91886,0.00296,0.07673,0.00145
30.60125,0.84000,0.20298,0.00033,0.78388,0.01281
30.72125,0.84000,0.02514,0.00012,0.97104,0.00370
30.84125,0.84000,0.01859,0.00014,0.98083,0.00044
30.96125,0.84000,0.01082,0.00019,0.98891,0.00008
31.08125,0.84000,0.01056,0.00027,0.98914,0.00003
31.20125,0.84000,0.01731,0.00027,0.98226,0.00016
31.32125,0.84000,0.20538,0.00909,0.78544,0.00008
31.44125,0.84000,0.89146,0.02017,0.08836,0.00001
31.56125,0.84000,0.99333,0.00082,0.00585,0.00000
31.68125,0.84000,0.99935,0.00003,0.00061,0.00000
31.80125,0.84000,0.99995,0.00000,0.00005,0.00000
31.92125,0.84000,0.99999,0.00000,0.00000,0.00000
32.04125,0.84000,0.99999,0.00000,0.00001,0.00000
32.16125,0.84000,0.99993,0.00000,0.00005,0.00002
32.28125,0.84000,0.99944,0.00000,0.00039,0.00017
32.40125,0.84000,0.99131,0.00019,0.00836,0.00014
32.52125,0.84000,0.89210,0.00033,0.10708,0.00049
32.64125,0.84000,0.09391,0.00005,0.90238,0.00366
32.76125,0.84000,0.03134,0.00019,0.96792,0.00054
32.88125,0.84000,0.02071,0.00023,0.97898,0.00007
33.00125,0.84000,0.01387,0.00034,0.98577,0.00001
33.12125,0.84000,0.02849,0.00041,0.97107,0.00003
33.24125,0.84000,0.57248,0.00037,0.42694,0.00021
33.36125,0.84000,0.98292,0.00156,0.01551,0.00001
33.48125,0.84000,0.99868,0.00008,0.00123,0.00000
33.60125,0.84000,0.99989,0.00000,0.00011,0.00000
33.72125,0.84000,0.99999,0.00000,0.00001,0.00000
33.84125,0.84000,1.00000,0.00000,0.00000,0.00000
33.96125,0.84000,1.00000,0.00000,0.00000,0.00000
34.08125,0.84000,0.99996,0.00000,0.00002,0.00001
34.20125,0.84000,0.99963,0.00000,0.00021,0.00016
34.32125,0.84000,0.99728,0.00004,0.00200,0.00067
34.44125,0.84000,0.95551,0.00107,0.04297,0.00045
34.56125,0.84000,0.39258,0.00019,0.60177,0.00546
34.68125,0.84000,0.02658,0.00011,0.97172,0.00159
34.80125,0.84000,0.01808,0.00015,0.98156,0.00021
34.92125,0.84000,0.01154,0.00016,0.98827,0.00003
35.04125,0.84000,0.01056,0.00027,0.98916,0.00001
35.16125,0.84000,0.02128,0.00025,0.97843,0.00004
35.28125,0.84000,0.56603,0.00568,0.42825,0.00004
35.40125,0.84000,0.97260,0.00374,0.02366,0.00000
35.52125,0.84000,0.99783,0.00020,0.00197,0.00000
35.64125,0.84000,0.99984,0.00001,0.00016,0.00000
35.76125,0.84000,0.99999,0.00000,0.00001,0.00000
35.88125,0.84000,1.00000,0.00000,0.00000,0.00000
36.00125,0.84000,1.00000,0.00000,0.00000,0.00000
36.12125,0.84000,0.99998,0.00000,0.00001,0.00001
36.24125,0.84000,0.99983,0.00000,0.00009,0.00008
36.36125,0.84000,0.99862,0.00002,0.00085,0.00051
36.48125,0.84000,0.98287,0.00034,0.01650,0.00029
36.60125,0.84000,0.59195,0.00008,0.40257,0.00541
36.72125,0.84000,0.03855,0.00006,0.95911,0.00228
36.84125,0.84000,0.01942,0.00011,0.98019,0.00028
36.96125,0.84000,0.01361,0.00017,0.98619,0.00003
37.08125,0.84000,0.01105,0.00022,0.98872,0.00001
37.20125,0.84000,0.02705,0.00024,0.97268,0.00003
37.32125,0.84000,0.63667,0.00376,0.35954,0.00003
37.44125,0.84000,0.97667,0.00319,0.02014,0.00000
37.56125,0.84000,0.99830,0.00013,0.00156,0.00000
37.68125,0.84000,0.99989,0.00000,0.00011,0.00000
37.80125,0.84000,0.99999,0.00000,0.00001,0.00000
37.92125,0.84000,1.00000,0.00000,0.00000,0.00000
38.04125,0.84000,1.00000,0.00000,0.00000,0.00000
38.16125,0.84000,1.00000,0.00000,0.00000,0.00000
38.28125,0.84000,1.00000,0.00000,0.00000,0.00000
38.40125,0.84000,0.99999,0.00000,0.00001,0.00000
38.52125,0.84000,0.99992,0.00000,0.00005,0.00003
38.64125,0.84000,0.99921,0.00001,0.00060,0.00017
38.76125,0.84000,0.99111,0.00015,0.00846,0.00028
38.88125,0.84000,0.68966,0.00009,0.30026,0.00999
39.00125,0.84000,0.04668,0.00016,0.94913,0.00403
39.12125,0.84000,0.02245,0.00039,0.97667,0.00049
39.24125,0.84000,0.01521,0.00038,0.98434,0.00007
39.36125,0.84000,0.01148,0.00067,0.98784,0.00001
39.48125,0.84000,0.04172,0.00047,0.95775,0.00007
39.60125,0.84000,0.80395,0.00896,0.18708,0.00001
39.72125,0.84000,0.98828,0.00186,0.00985,0.00000
39.84125,0.84000,0.99931,0.00005,0.00064,0.00000
39.96125,0.84000,0.99994,0.00000,0.00005,0.00000
40.08125,0.84000,1.00000,0.00000,0.00000,0.00000
40.20125,0.84000,1.00000,0.00000,0.00000,0.00000
40.32125,0.84000,1.00000,0.00000,0.00000,0.00000
40.44125,0.84000,1.00000,0.00000,0.00000,0.00000
40.56125,0.84000,0.99996,0.00000,0.00002,0.00002
40.68125,0.84000,0.99965,0.00000,0.00021,0.00014
40.80125,0.84000,0.99466,0.00007,0.00508,0.00019
40.92125,0.84000,0.89883,0.00004,0.09872,0.00241
41.04125,0.84000,0.08961,0.00002,0.89972,0.01064
41.16125,0.84000,0.02080,0.00011,0.97808,0.00100
41.28125,0.84000,0.01484,0.00018,0.98480,0.00019
41.40125,0.84000,0.01146,0.00025,0.98823,0.00005
41.52125,0.84000,0.02887,0.00028,0.97072,0.00012
41.64125,0.84000,0.51692,0.00080,0.48215,0.00012
41.76125,0.84000,0.94257,0.00981,0.04762,0.00001
41.88125,0.84000,0.99441,0.00104,0.00454,0.00000
42.00125,0.84000,0.99953,0.00006,0.00041,0.00000
42.12125,0.84000,0.99997,0.00000,0.00003,0.00000
42.24125,0.84000,1.00000,0.00000,0.00000,0.00000
42.36125,0.84000,1.00000,0.00000,0.00000,0.00000
42.48125,0.84000,1.00000,0.00000,0.00000,0.00000
42.60125,0.84000,1.00000,0.00000,0.00000,0.00000
42.72125,0.84000,0.99995,0.00000,0.00004,0.00001
42.84125,0.84000,0.99961,0.00001,0.00030,0.00009
42.96125,0.84000,0.99311,0.00015,0.00655,0.00018
43.08125,0.84000,0.84640,0.00004,0.14985,0.00371
43.20125,0.84000,0.09911,0.00012,0.89765,0.00312
43.32125,0.84000,0.03066,0.00028,0.96830,0.00076
43.44125,0.84000,0.02382,0.00051,0.97548,0.00019
43.56125,0.84000,0.02207,0.00049,0.97731,0.00013
43.68125,0.84000,0.17168,0.00039,0.82701,0.00092
43.80125,0.84000,0.88649,0.00171,0.11170,0.00010
43.92125,0.84000,0.99270,0.00113,0.00615,0.00002
44.04125,0.84000,0.99926,0.00006,0.00067,0.00001
44.16125,0.84000,0.99995,0.00000,0.00004,0.00000
44.28125,0.84000,1.00000,0.00000,0.00000,0.00000
44.40125,0.84000,1.00000,0.00000,0.00000,0.00000
44.52125,0.84000,1.00000,0.00000,0.00000,0.00000
44.64125,0.84000,1.00000,0.00000,0.00000,0.00000
44.76125,0.84000,1.00000,0.00000,0.00000,0.00000
44.88125,0.84000,0.99998,0.00000,0.00001,0.00001
45.00125,0.84000,0.99979,0.00000,0.00013,0.00008
45.12125,0.84000,0.99811,0.00002,0.00149,0.00039
45.24125,0.84000,0.97127,0.00071,0.02770,0.00032
45.36125,0.84000,0.51456,0.00009,0.47959,0.00577
45.48125,0.84000,0.03286,0.00005,0.96407,0.00303
45.60125,0.84000,0.02059,0.00006,0.97889,0.00046
45.72125,0.84000,0.01378,0.00009,0.98607,0.00006
45.84125,0.84000,0.01035,0.00010,0.98954,0.00001
45.96125,0.84000,0.07304,0.00012,0.92675,0.00009
46.08125,0.84000,0.75698,0.00041,0.24257,0.00004
46.20125,0.84000,0.98816,0.00093,0.01091,0.00000
46.32125,0.84000,0.99907,0.00004,0.00089,0.00000
46.44125,0.84000,0.99992,0.00000,0.00008,0.00000
46.56125,0.84000,0.99999,0.00000,0.00001,0.00000
46.68125,0.84000,1.00000,0.00000,0.00000,0.00000
46.80125,0.84000,1.00000,0.00000,0.00000,0.00000
46.92125,0.84000,0.99999,0.00000,0.00001,0.00000
47.04125,0.84000,0.99994,0.00000,0.00004,0.00001
47.16125,0.84000,0.99954,0.00000,0.00035,0.00011
47.28125,0.84000,0.99238,0.00015,0.00731,0.00016
47.40125,0.84000,0.91977,0.00084,0.07843,0.00096
47.52125,0.84000,0.11261,0.00012,0.87783,0.00944
47.64125,0.84000,0.02319,0.00017,0.97479,0.00185
47.76125,0.84000,0.01458,0.00020,0.98498,0.00023
47.88125,0.84000,0.01142,0.00026,0.98826,0.00006
48.00125,0.84000,0.01296,0.00034,0.98663,0.00007
48.12125,0.84000,0.18492,0.00024,0.81466,0.00019
48.24125,0.84000,0.88289,0.00807,0.10904,0.00001
48.36125,0.84000,0.99058,0.00106,0.00836,0.00000
48.48125,0.84000,0.99907,0.00006,0.00087,0.00000
48.60125,0.84000,0.99993,0.00000,0.00007,0.00000
48.72125,0.84000,1.00000,0.00000,0.00000,0.00000
48.84125,0.84000,0.99999,0.00000,0.00001,0.00000
48.96125,0.84000,0.99995,0.00000,0.00004,0.00001
49.08125,0.84000,0.99950,0.00000,0.00030,0.00021
49.20125,0.84000,0.99786,0.00002,0.00136,0.00076
49.32125,0.84000,0.95921,0.00148,0.03823,0.00109
49.44125,0.84000,0.44748,0.00166,0.53761,0.01325
49.56125,0.84000,0.02882,0.00017,0.95955,0.01145
49.68125,0.84000,0.01697,0.00022,0.98173,0.00109
49.80125,0.84000,0.01262,0.00028,0.98691,0.00019
49.92125,0.84000,0.01107,0.00046,0.98842,0.00005
50.04125,0.84000,0.02538,0.00053,0.97390,0.00019
50.16125,0.84000,0.47138,0.00042,0.52806,0.00014
50.28125,0.84000,0.96585,0.00299,0.03115,0.00001
50.40125,0.84000,0.99713,0.00030,0.00258,0.00000
50.52125,0.84000,0.99978,0.00001,0.00021,0.00000
50.64125,0.84000,0.99998,0.00000,0.00002,0.00000
50.76125,0.84000,1.00000,0.00000,0.00000,0.00000
50.88125,0.84000,1.00000,0.00000,0.00000,0.00000
51.00125,0.84000,0.99998,0.00000,0.00001,0.00000
51.12125,0.84000,0.99985,0.00000,0.00009,0.00005
51.24125,0.84000,0.99856,0.00001,0.00109,0.00034
51.36125,0.84000,0.98446,0.00033,0.01502,0.00019
51.48125,0.84000,0.67818,0.00007,0.31806,0.00369
51.60125,0.84000,0.04349,0.00008,0.95401,0.00243
51.72125,0.84000,0.02075,0.00014,0.97880,0.00031
51.84125,0.84000,0.01619,0.00022,0.98351,0.00008
51.96125,0.84000,0.01409,0.00025,0.98563,0.00003
52.08125,0.84000,0.03657,0.00025,0.96298,0.00020
52.20125,0.84000,0.62333,0.00262,0.37398,0.00007
52.32125,0.84000,0.95527,0.00506,0.03966,0.00001
52.44125,0.84000,0.99311,0.00050,0.00639,0.00000
52.56125,0.84000,0.99899,0.00005,0.00096,0.00000
52.68125,0.84000,0.99993,0.00000,0.00007,0.00000
52.80125,0.84000,1.00000,0.00000,0.00000,0.00000
52.92125,0.84000,1.00000,0.00000,0.00000,0.00000
53.04125,0.84000,1.00000,0.00000,0.00000,0.00000
53.16125,0.84000,0.99999,0.00000,0.00001,0.00000
53.28125,0.84000,0.99996,0.00000,0.00003,0.00001
53.40125,0.84000,0.99961,0.00001,0.00031,0.00007
53.52125,0.84000,0.99296,0.00011,0.00685,0.00008
53.64125,0.84000,0.70194,0.00004,0.29550,0.00252
53.76125,0.84000,0.04938,0.00009,0.94860,0.00193
53.88125,0.84000,0.02609,0.00014,0.97350,0.00027
54.00125,0.84000,0.01671,0.00020,0.98303,0.00006
54.12125,0.84000,0.01323,0.00022,0.98654,0.00002
54.24125,0.84000,0.02008,0.00020,0.97964,0.00008
54.36125,0.84000,0.20847,0.01912,0.77238,0.00003
54.48125,0.84000,0.85192,0.03057,0.11750,0.00001
54.60125,0.84000,0.98956,0.00153,0.00890,0.00000
54.72125,0.84000,0.99900,0.00006,0.00094,0.00000
54.84125,0.84000,0.99993,0.00000,0.00006,0.00000
54.96125,0.84000,1.00000,0.00000,0.00000,0.00000
55.08125,0.84000,1.00000,0.00000,0.00000,0.00000
55.20125,0.84000,1.00000,0.00000,0.00000,0.00000
55.32125,0.84000,1.00000,0.00000,0.00000,0.00000
55.44125,0.84000,0.99996,0.00000,0.00003,0.00001
55.56125,0.84000,0.99961,0.00000,0.00027,0.00012
55.68125,0.84000,0.99512,0.00005,0.00470,0.00013
55.80125,0.84000,0.93354,0.00005,0.06546,0.00094
55.92125,0.84000,0.17258,0.00002,0.81860,0.00879
56.04125,0.84000,0.02338,0.00009,0.97531,0.00122
56.16125,0.84000,0.01620,0.00012,0.98345,0.00023
56.28125,0.84000,0.01305,0.00017,0.98673,0.00004
56.40125,0.84000,0.02798,0.00020,0.97174,0.00008
56.52125,0.84000,0.35742,0.00059,0.64186,0.00012
56.64125,0.84000,0.96687,0.00373,0.02940,0.00000
56.76125,0.84000,0.99684,0.00026,0.00290,0.00000
56.88125,0.84000,0.99981,0.00001,0.00018,0.00000
57.00125,0.84000,0.99998,0.00000,0.00002,0.00000
57.12125,0.84000,1.00000,0.00000,0.00000,0.00000
57.24125,0.84000,1.00000,0.00000,0.00000,0.00000
57.36125,0.84000,0.99999,0.00000,0.00001,0.00000
57.48125,0.84000,0.99990,0.00000,0.00007,0.00003
57.60125,0.84000,0.99876,0.00001,0.00104,0.00019
57.72125,0.84000,0.98550,0.00014,0.01422,0.00013
57.84125,0.84000,0.57994,0.00004,0.41634,0.00369
57.96125,0.84000,0.03807,0.00008,0.96058,0.00126
58.08125,0.84000,0.02055,0.00025,0.97908,0.00012
58.20125,0.84000,0.01389,0.00026,0.98582,0.00003
58.32125,0.84000,0.01210,0.00039,0.98750,0.00001
58.44125,0.84000,0.12599,0.00028,0.87360,0.00013
58.56125,0.84000,0.90081,0.00630,0.09287,0.00001
58.68125,0.84000,0.99368,0.00060,0.00572,0.00000
58.80125,0.84000,0.99933,0.00003,0.00064,0.00000
58.92125,0.84000,0.99995,0.00000,0.00005,0.00000
59.04125,0.84000,1.00000,0.00000,0.00000,0.00000
59.16125,0.84000,1.00000,0.00000,0.00000,0.00000
59.28125,0.84000,0.99999,0.00000,0.00001,0.00000
59.40125,0.84000,0.99990,0.00000,0.00007,0.00002
59.52125,0.84000,0.99925,0.00000,0.00049,0.00026
59.64125,0.84000,0.99219,0.00021,0.00702,0.00058
59.76125,0.84000,0.90437,0.00032,0.09065,0.00466
59.88125,0.84000,0.09424,0.00003,0.87339,0.03234
60.00125,0.84000,0.02405,0.00007,0.96943,0.00645
60.12125,0.84000,0.01633,0.00007,0.98259,0.00102
60.24125,0.84000,0.01173,0.00011,0.98795,0.00021
60.36125,0.84000,0.01427,0.00013,0.98541,0.00019
60.48125,0.84000,0.13163,0.00019,0.86798,0.00020
60.60125,0.84000,0.91982,0.00599,0.07417,0.00002
60.72125,0.84000,0.99199,0.00049,0.00752,0.00000
60.84125,0.84000,0.99927,0.00002,0.00071,0.00000
60.96125,0.84000,0.99995,0.00000,0.00005,0.00000
61.08125,0.84000,1.00000,0.00000,0.00000,0.00000
61.20125,0.84000,1.00000,0.00000,0.00000,0.00000
61.32125,0.84000,1.00000,0.00000,0.00000,0.00000
61.44125,0.84000,1.00000,0.00000,0.00000,0.00000
61.56125,0.84000,0.99998,0.00000,0.00001,0.00001
61.68125,0.84000,0.99978,0.00000,0.00010,0.00011
61.80125,0.84000,0.99786,0.00003,0.00181,0.00029
61.92125,0.84000,0.97479,0.00026,0.02423,0.00072
62.04125,0.84000,0.33269,0.00007,0.65862,0.00862
62.16125,0.84000,0.02659,0.00012,0.97126,0.00203
62.28125,0.84000,0.01776,0.00031,0.98170,0.00023
62.40125,0.84000,0.01267,0.00029,0.98697,0.00007
62.52125,0.84000,0.01262,0.00056,0.98679,0.00002
62.64125,0.84000,0.16304,0.00022,0.83650,0.00024
62.76125,0.84000,0.92836,0.00788,0.06375,0.00001
62.88125,0.84000,0.99511,0.00038,0.00451,0.00000
63.00125,0.84000,0.99949,0.00002,0.00048,0.00000
63.12125,0.84000,0.99997,0.00000,0.00003,0.00000
63.24125,0.84000,1.00000,0.00000,0.00000,0.00000
63.36125,0.84000,1.00000,0.00000,0.00000,0.00000
63.48125,0.84000,1.00000,0.00000,0.00000,0.00000
63.60125,0.84000,1.00000,0.00000,0.00000,0.00000
63.72125,0.84000,1.00000,0.00000,0.00000,0.00000
63.84125,0.84000,0.99998,0.00000,0.00001,0.00001
63.96125,0.84000,0.99985,0.00000,0.00009,0.00006
64.08125,0.84000,0.99867,0.00002,0.00097,0.00035
64.20125,0.84000,0.97890,0.00040,0.02042,0.00028
64.32125,0.84000,0.52970,0.00009,0.46479,0.00543
64.44125,0.84000,0.03047,0.00010,0.96712,0.00231
64.56125,0.84000,0.02010,0.00015,0.97934,0.00042
64.68125,0.84000,0.01464,0.00021,0.98508,0.00007
64.80125,0.84000,0.01292,0.00028,0.98678,0.00002
64.92125,0.84000,0.06543,0.00023,0.93422,0.00012
65.04125,0.84000,0.82187,0.00148,0.17662,0.00003
65.16125,0.84000,0.98933,0.00060,0.01006,0.00001
65.28125,0.84000,0.99927,0.00002,0.00071,0.00000
65.40125,0.84000,0.99994,0.00000,0.00006,0.00000
65.52125,0.84000,1.00000,0.00000,0.00000,0.00000
65.64125,0.84000,1.00000,0.00000,0.00000,0.00000
65.76125,0.84000,1.00000,0.00000,0.00000,0.00000
65.88125,0.84000,1.00000,0.00000,0.00000,0.00000
66.00125,0.84000,1.00000,0.00000,0.00000,0.00000
66.12125,0.84000,1.00000,0.00000,0.00000,0.00000
66.24125,0.84000,1.00000,0.00000,0.00000,0.00000
66.36125,0.84000,1.00000,0.00000,0.00000,0.00000
66.48125,0.84000,1.00000,0.00000,0.00000,0.00000
66.60125,0.84000,1.00000,0.00000,0.00000,0.00000
66.72125,0.84000,1.00000,0.00000,0.00000,0.00000
66.84125,0.84000,1.00000,0.00000,0.00000,0.00000
66.96125,0.84000,1.00000,0.00000,0.00000,0.00000
67.08125,0.84000,1.00000,0.00000,0.00000,0.00000
67.20125,0.84000,1.00000,0.00000,0.00000,0.00000
67.32125,0.84000,0.99997,0.00000,0.00002,0.00001
67.44125,0.84000,0.99977,0.00000,0.00013,0.00010
67.56125,0.84000,0.99791,0.00003,0.00187,0.00019
67.68125,0.84000,0.97051,0.00005,0.02889,0.00055
67.80125,0.84000,0.32889,0.00003,0.66561,0.00547
67.92125,0.84000,0.03593,0.00010,0.96215,0.00182
68.04125,0.84000,0.02332,0.00015,0.97629,0.00024
68.16125,0.84000,0.01559,0.00016,0.98420,0.00005
68.28125,0.84000,0.01458,0.00018,0.98520,0.00003
68.40125,0.84000,0.10117,0.00051,0.89807,0.00025
68.52125,0.84000,0.91338,0.01081,0.07579,0.00002
68.64125,0.84000,0.99160,0.00065,0.00774,0.00001
68.76125,0.84000,0.99947,0.00002,0.00050,0.00000
68.88125,0.84000,0.99996,0.00000,0.00004,0.00000
69.00125,0.84000,1.00000,0.00000,0.00000,0.00000
69.12125,0.84000,1.00000,0.00000,0.00000,0.00000
69.24125,0.84000,1.00000,0.00000,0.00000,0.00000
69.36125,0.84000,0.99998,0.00000,0.00001,0.00001
69.48125,0.84000,0.99980,0.00000,0.00012,0.00009
69.60125,0.84000,0.99745,0.00003,0.00239,0.00014
69.72125,0.84000,0.96498,0.00010,0.03449,0.00043
69.84125,0.84000,0.30019,0.00002,0.69501,0.00477
69.96125,0.84000,0.02777,0.00010,0.97093,0.00120
70.08125,0.84000,0.01953,0.00018,0.98002,0.00027
70.20125,0.84000,0.01359,0.00022,0.98613,0.00006
70.32125,0.84000,0.01706,0.00030,0.98260,0.00004
70.44125,0.84000,0.30093,0.00020,0.69862,0.00025
70.56125,0.84000,0.94375,0.00562,0.05062,0.00001
70.68125,0.84000,0.99307,0.00037,0.00656,0.00000
70.80125,0.84000,0.99948,0.00001,0.00051,0.00000
70.92125,0.84000,0.99995,0.00000,0.00004,0.00000
71.04125,0.84000,1.00000,0.00000,0.00000,0.00000
71.16125,0.84000,1.00000,0.00000,0.00000,0.00000
71.28125,0.84000,1.00000,0.00000,0.00000,0.00000
71.40125,0.84000,1.00000,0.00000,0.00000,0.00000
71.52125,0.84000,0.99998,0.00000,0.00001,0.00001
71.64125,0.84000,0.99986,0.00000,0.00008,0.00006
71.76125,0.84000,0.99860,0.00002,0.00099,0.00039
71.88125,0.84000,0.98526,0.00027,0.01416,0.00030
72.00125,0.84000,0.58243,0.00008,0.41054,0.00695
72.12125,0.84000,0.03784,0.00010,0.95943,0.00263
72.24125,0.84000,0.02275,0.00021,0.97666,0.00038
72.36125,0.84000,0.01653,0.00021,0.98315,0.00012
72.48125,0.84000,0.01404,0.00037,0.98556,0.00003
72.60125,0.84000,0.03100,0.00028,0.96856,0.00016
72.72125,0.84000,0.64922,0.01367,0.33707,0.00004
72.84125,0.84000,0.97465,0.00381,0.02153,0.00001
72.96125,0.84000,0.99748,0.00020,0.00232,0.00000
73.08125,0.84000,0.99978,0.00001,0.00021,0.00000
73.20125,0.84000,0.99998,0.00000,0.00002,0.00000
73.32125,0.84000,1.00000,0.00000,0.00000,0.00000
73.44125,0.84000,1.00000,0.00000,0.00000,0.00000
73.56125,0.84000,0.99999,0.00000,0.00001,0.00000
73.68125,0.84000,0.99994,0.00000,0.00004,0.00002
73.80125,0.84000,0.99953,0.00000,0.00032,0.00015
73.92125,0.84000,0.99451,0.00007,0.00533,0.00010
74.04125,0.84000,0.86456,0.00003,0.13385,0.00156
74.16125,0.84000,0.10156,0.00004,0.89536,0.00303
74.28125,0.84000,0.02273,0.00014,0.97672,0.00042
74.40125,0.84000,0.01706,0.00018,0.98267,0.00009
74.52125,0.84000,0.01263,0.00023,0.98712,0.00002
74.64125,0.84000,0.05162,0.00022,0.94806,0.00011
74.76125,0.84000,0.80149,0.00078,0.19768,0.00005
74.88125,0.84000,0.98798,0.00109,0.01093,0.00001
75.00125,0.84000,0.99904,0.00004,0.00091,0.00000
75.12125,0.84000,0.99992,0.00000,0.00008,0.00000
75.24125,0.84000,0.99999,0.00000,0.00001,0.00000
75.36125,0.84000,1.00000,0.00000,0.00000,0.00000
75.48125,0.84000,1.00000,0.00000,0.00000,0.00000
75.60125,0.84000,1.00000,0.00000,0.00000,0.00000
75.72125,0.84000,1.00000,0.00000,0.00000,0.00000
75.84125,0.84000,0.99998,0.00000,0.00001,0.00001
75.96125,0.84000,0.99987,0.00000,0.00008,0.00005
76.08125,0.84000,0.99862,0.00002,0.00117,0.00019
76.20125,0.84000,0.98398,0.00008,0.01550,0.00044
76.32125,0.84000,0.45536,0.00003,0.53569,0.00892
76.44125,0.84000,0.03454,0.00009,0.96202,0.00335
76.56125,0.84000,0.02286,0.00021,0.97642,0.00051
76.68125,0.84000,0.01525,0.00019,0.98446,0.00011
76.80125,0.84000,0.01305,0.00037,0.98656,0.00003
76.92125,0.84000,0.06432,0.00033,0.93511,0.00025
77.04125,0.84000,0.87075,0.01928,0.10995,0.00002
77.16125,0.84000,0.98704,0.00109,0.01186,0.00001
77.28125,0.84000,0.99892,0.00005,0.00104,0.00000
77.40125,0.84000,0.99990,0.00000,0.00009,0.00000
77.52125,0.84000,0.99999,0.00000,0.00001,0.00000
77.64125,0.84000,1.00000,0.00000,0.00000,0.00000
77.76125,0.84000,1.00000,0.00000,0.00000,0.00000
77.88125,0.84000,1.00000,0.00000,0.00000,0.00000
78.00125,0.84000,0.99998,0.00000,0.00001,0.00001
78.12125,0.84000,0.99983,0.00000,0.00011,0.00006
78.24125,0.84000,0.99849,0.00002,0.00119,0.00030
78.36125,0.84000,0.98391,0.00021,0.01558,0.00031
78.48125,0.84000,0.53495,0.00004,0.45793,0.00707
78.60125,0.84000,0.03865,0.00011,0.95818,0.00305
78.72125,0.84000,0.02857,0.00017,0.97064,0.00063
78.84125,0.84000,0.01979,0.00020,0.97982,0.00018
78.96125,0.84000,0.01434,0.00032,0.98531,0.00003
79.08125,0.84000,0.16533,0.00017,0.83421,0.00029
79.20125,0.84000,0.88683,0.00387,0.10928,0.00003
79.32125,0.84000,0.99313,0.00034,0.00653,0.00001
79.44125,0.84000,0.99938,0.00002,0.00061,0.00000
79.56125,0.84000,0.99996,0.00000,0.00004,0.00000
79.68125,0.84000,1.00000,0.00000,0.00000,0.00000
79.80125,0.84000,1.00000,0.00000,0.00000,0.00000
79.92125,0.84000,1.00000,0.00000,0.00000,0.00000
80.04125,0.84000,0.99999,0.00000,0.00001,0.00001
80.16125,0.84000,0.99986,0.00000,0.00007,0.00007
80.28125,0.84000,0.99897,0.00001,0.00067,0.00035
80.40125,0.84000,0.98643,0.00022,0.01284,0.00051
80.52125,0.84000,0.69122,0.00005,0.29918,0.00954
80.64125,0.84000,0.05097,0.00004,0.94052,0.00846
80.76125,0.84000,0.01885,0.00008,0.98001,0.00106
80.88125,0.84000,0.01439,0.00011,0.98526,0.00024
81.00125,0.84000,0.01356,0.00017,0.98620,0.00008
81.12125,0.84000,0.03383,0.00015,0.96582,0.00020
81.24125,0.84000,0.58544,0.00292,0.41154,0.00009
81.36125,0.84000,0.95501,0.00340,0.04157,0.00001
81.48125,0.84000,0.99501,0.00020,0.00479,0.00000
81.60125,0.84000,0.99952,0.00001,0.00047,0.00000
81.72125,0.84000,0.99995,0.00000,0.00005,0.00000
81.84125,0.84000,1.00000,0.00000,0.00000,0.00000
81.96125,0.84000,1.00000,0.00000,0.00000,0.00000
82.08125,0.84000,1.00000,0.00000,0.00000,0.00000
82.20125,0.84000,1.00000,0.00000,0.00000,0.00000
82.32125,0.84000,1.00000,0.00000,0.00000,0.00000
82.44125,0.84000,1.00000,0.00000,0.00000,0.00000
82.56125,0.84000,1.00000,0.00000,0.00000,0.00000
82.68125,0.84000,1.00000,0.00000,0.00000,0.00000
82.80125,0.84000,1.00000,0.00000,0.00000,0.00000
82.92125,0.84000,1.00000,0.00000,0.00000,0.00000
83.04125,0.84000,1.00000,0.00000,0.00000,0.00000
83.16125,0.84000,0.99999,0.00000,0.00000,0.00000
83.28125,0.84000,0.99993,0.00000,0.00005,0.00003
83.40125,0.84000,0.99937,0.00000,0.00047,0.00015
83.52125,0.84000,0.99323,0.00005,0.00648,0.00024
83.64125,0.84000,0.81293,0.00001,0.18289,0.00416
83.76125,0.84000,0.09338,0.00005,0.90037,0.00621
83.88125,0.84000,0.02747,0.00019,0.97147,0.00087
84.00125,0.84000,0.02190,0.00028,0.97756,0.00027
84.12125,0.84000,0.01971,0.00049,0.97967,0.00012
84.24125,0.84000,0.10194,0.00017,0.89723,0.00065
84.36125,0.84000,0.91349,0.00487,0.08160,0.00005
84.48125,0.84000,0.99462,0.00047,0.00489,0.00001
84.60125,0.84000,0.99933,0.00003,0.00064,0.00000
84.72125,0.84000,0.99993,0.00000,0.00007,0.00000
84.84125,0.84000,0.99999,0.00000,0.00001,0.00000
84.96125,0.84000,1.00000,0.00000,0.00000,0.00000
85.08125,0.84000,0.99999,0.00000,0.00001,0.00000
85.20125,0.84000,0.99992,0.00000,0.00007,0.00001
85.32125,0.84000,0.99949,0.00001,0.00041,0.00009
85.44125,0.84000,0.99440,0.00011,0.00541,0.00007
85.56125,0.84000,0.89710,0.00004,0.10127,0.00158
85.68125,0.84000,0.08641,0.00006,0.90847,0.00505
85.80125,0.84000,0.02031,0.00013,0.97914,0.00042
85.92125,0.84000,0.01553,0.00025,0.98413,0.00009
86.04125,0.84000,0.01205,0.00025,0.98766,0.00005
86.16125,0.84000,0.01637,0.00037,0.98318,0.00008
86.28125,0.84000,0.45856,0.00209,0.53925,0.00010
86.40125,0.84000,0.97164,0.00313,0.02523,0.00001
86.52125,0.84000,0.99615,0.00022,0.00363,0.00000
86.64125,0.84000,0.99978,0.00001,0.00021,0.00000
86.76125,0.84000,0.99998,0.00000,0.00002,0.00000
86.88125,0.84000,1.00000,0.00000,0.00000,0.00000
87.00125,0.84000,1.00000,0.00000,0.00000,0.00000
87.12125,0.84000,0.99999,0.00000,0.00001,0.00000
87.24125,0.84000,0.99993,0.00000,0.00005,0.00002
87.36125,0.84000,0.99932,0.00001,0.00048,0.00020
87.48125,0.84000,0.98896,0.00015,0.01070,0.00019
87.60125,0.84000,0.73287,0.00003,0.26313,0.00397
87.72125,0.84000,0.04854,0.00003,0.94757,0.00386
87.84125,0.84000,0.01779,0.00006,0.98178,0.00037
87.96125,0.84000,0.01263,0.00010,0.98720,0.00007
88.08125,0.84000,0.00936,0.00014,0.99049,0.00002
88.20125,0.84000,0.02814,0.00014,0.97166,0.00006
88.32125,0.84000,0.63672,0.00145,0.36179,0.00005
88.44125,0.84000,0.97252,0.00217,0.02530,0.00000
88.56125,0.84000,0.99824,0.00008,0.00169,0.00000
88.68125,0.84000,0.99984,0.00000,0.00015,0.00000
88.80125,0.84000,0.99999,0.00000,0.00001,0.00000
88.92125,0.84000,1.00000,0.00000,0.00000,0.00000
89.04125,0.84000,1.00000,0.00000,0.00000,0.00000
89.16125,0.84000,0.99998,0.00000,0.00001,0.00000
89.28125,0.84000,0.99985,0.00000,0.00009,0.00005
89.40125,0.84000,0.99856,0.00002,0.00118,0.00024
89.52125,0.84000,0.98376,0.00012,0.01593,0.00019
89.64125,0.84000,0.53464,0.00004,0.46278,0.00254
89.76125,0.84000,0.04912,0.00014,0.95021,0.00053
89.88125,0.84000,0.04124,0.00037,0.95826,0.00012
90.00125,0.84000,0.02242,0.00031,0.97725,0.00002
90.12125,0.84000,0.14388,0.00069,0.85543,0.00001
90.24125,0.84000,0.82765,0.00004,0.17228,0.00003
90.36125,0.84000,0.99515,0.00067,0.00418,0.00000
90.48125,0.84000,0.99950,0.00003,0.00046,0.00000
90.60125,0.84000,0.99996,0.00000,0.00004,0.00000
90.72125,0.84000,1.00000,0.00000,0.00000,0.00000
90.84125,0.84000,1.00000,0.00000,0.00000,0.00000
90.96125,0.84000,0.99999,0.00000,0.00001,0.00000
91.08125,0.84000,0.99990,0.00000,0.00007,0.00003
91.20125,0.84000,0.99903,0.00002,0.00077,0.00017
91.32125,0.84000,0.98825,0.00015,0.01149,0.00011
91.44125,0.84000,0.57513,0.00010,0.42338,0.00139
91.56125,0.84000,0.05226,0.00025,0.94674,0.00075
91.68125,0.84000,0.03601,0.00056,0.96330,0.00013
91.80125,0.84000,0.02319,0.00054,0.97625,0.00002
91.92125,0.84000,0.01791,0.00073,0.98135,0.00001
92.04125,0.84000,0.06831,0.00072,0.93093,0.00005
92.16125,0.84000,0.84895,0.02129,0.12974,0.00002
92.28125,0.84000,0.98093,0.00132,0.01774,0.00001
92.40125,0.84000,0.99864,0.00005,0.00131,0.00000
92.52125,0.84000,0.99990,0.00000,0.00010,0.00000
92.64125,0.84000,0.99999,0.00000,0.00001,0.00000
92.76125,0.84000,1.00000,0.00000,0.00000,0.00000
92.88125,0.84000,0.99998,0.00000,0.00001,0.00001
93.00125,0.84000,0.99986,0.00000,0.00008,0.00006
93.12125,0.84000,0.99862,0.00001,0.00109,0.00027
93.24125,0.84000,0.98507,0.00028,0.01435,0.00031
93.36125,0.84000,0.58279,0.00011,0.40878,0.00832
93.48125,0.84000,0.03622,0.00012,0.95951,0.00414
93.60125,0.84000,0.02440,0.00028,0.97494,0.00039
93.72125,0.84000,0.01641,0.00032,0.98321,0.00005
93.84125,0.84000,0.02622,0.00049,0.97327,0.00002
93.96125,0.84000,0.46952,0.00009,0.53021,0.00018
94.08125,0.84000,0.96960,0.00017,0.03022,0.00001
94.20125,0.84000,0.99849,0.00006,0.00145,0.00000
94.32125,0.84000,0.99986,0.00000,0.00013,0.00000
94.44125,0.84000,0.99999,0.00000,0.00001,0.00000
94.56125,0.84000,1.00000,0.00000,0.00000,0.00000
94.68125,0.84000,0.99999,0.00000,0.00001,0.00000
94.80125,0.84000,0.99993,0.00000,0.00004,0.00003
94.92125,0.84000,0.99948,0.00000,0.00033,0.00019
95.04125,0.84000,0.99351,0.00009,0.00630,0.00010
95.16125,0.84000,0.89088,0.00013,0.10830,0.00069
95.28125,0.84000,0.09451,0.00010,0.90197,0.00342
95.40125,0.84000,0.02891,0.00035,0.97050,0.00023
95.52125,0.84000,0.02074,0.00041,0.97881,0.00004
95.64125,0.84000,0.01397,0.00071,0.98532,0.00000
95.76125,0.84000,0.10282,0.00051,0.89665,0.00002
95.88125,0.84000,0.77819,0.00023,0.22152,0.00005
96.00125,0.84000,0.98906,0.00049,0.01045,0.00000
96.12125,0.84000,0.99920,0.00003,0.00078,0.00000
96.24125,0.84000,0.99993,0.00000,0.00007,0.00000
96.36125,0.84000,0.99999,0.00000,0.00001,0.00000
96.48125,0.84000,1.00000,0.00000,0.00000,0.00000
96.60125,0.84000,1.00000,0.00000,0.00000,0.00000
96.72125,0.84000,0.99998,0.00000,0.00001,0.00001
96.84125,0.84000,0.99984,0.00000,0.00009,0.00006
96.96125,0.84000,0.99854,0.00002,0.00100,0.00044
97.08125,0.84000,0.98120,0.00039,0.01823,0.00018
97.20125,0.84000,0.56080,0.00007,0.43602,0.00311
97.32125,0.84000,0.03675,0.00006,0.96162,0.00157
97.44125,0.84000,0.02310,0.00007,0.97648,0.00034
97.56125,0.84000,0.01571,0.00010,0.98413,0.00006
97.68125,0.84000,0.01173,0.00015,0.98811,0.00001
97.80125,0.84000,0.08386,0.00016,0.91592,0.00006
97.92125,0.84000,0.81566,0.00133,0.18297,0.00003
98.04125,0.84000,0.98915,0.00109,0.00976,0.00000
98.16125,0.84000,0.99917,0.00005,0.00078,0.00000
98.28125,0.84000,0.99994,0.00000,0.00006,0.00000
98.40125,0.84000,1.00000,0.00000,0.00000,0.00000
98.52125,0.84000,1.00000,0.00000,0.00000,0.00000
98.64125,0.84000,1.00000,0.00000,0.00000,0.00000
98.76125,0.84000,1.00000,0.00000,0.00000,0.00000
98.88125,0.84000,1.00000,0.00000,0.00000,0.00000
99.00125,0.84000,1.00000,0.00000,0.00000,0.00000
99.12125,0.84000,1.00000,0.00000,0.00000,0.00000
99.24125,0.84000,1.00000,0.00000,0.00000,0.00000
99.36125,0.84000,1.00000,0.00000,0.00000,0.00000
99.48125,0.84000,1.00000,0.00000,0.00000,0.00000
99.60125,0.84000,1.00000,0.00000,0.00000,0.00000
99.72125,0.84000,1.00000,0.00000,0.00000,0.00000
99.84125,0.84000,1.00000,0.00000,0.00000,0.00000
99.96125,0.84000,1.00000,0.00000,0.00000,0.00000
100.08125,0.84000,1.00000,0.00000,0.00000,0.00000
100.20125,0.84000,1.00000,0.00000,0.00000,0.00000
100.32125,0.84000,1.00000,0.00000,0.00000,0.00000
100.44125,0.84000,0.99999,0.00000,0.00001,0.00001
100.56125,0.84000,0.99986,0.00000,0.00007,0.00007
100.68125,0.84000,0.99872,0.00001,0.00078,0.00049
100.80125,0.84000,0.98308,0.00025,0.01637,0.00031
100.92125,0.84000,0.67663,0.00009,0.31775,0.00553
101.04125,0.84000,0.05738,0.00011,0.93831,0.00420
101.16125,0.84000,0.02991,0.00026,0.96894,0.00090
101.28125,0.84000,0.02306,0.00044,0.97631,0.00019
101.40125,0.84000,0.01857,0.00060,0.98077,0.00005
101.52125,0.84000,0.16898,0.00036,0.83025,0.00041
101.64125,0.84000,0.83514,0.00164,0.16314,0.00009
101.76125,0.84000,0.98369,0.00103,0.01527,0.00001
101.88125,0.84000,0.99697,0.00012,0.00291,0.00000
102.00125,0.84000,0.99972,0.00000,0.00028,0.00000
102.12125,0.84000,0.99998,0.00000,0.00002,0.00000
102.24125,0.84000,1.00000,0.00000,0.00000,0.00000
102.36125,0.84000,1.00000,0.00000,0.00000,0.00000
102.48125,0.84000,0.99998,0.00000,0.00001,0.00000
102.60125,0.84000,0.99993,0.00000,0.00006,0.00002
102.72125,0.84000,0.99952,0.00001,0.00037,0.00011
102.84125,0.84000,0.99360,0.00012,0.00619,0.00009
102.96125,0.84000,0.81556,0.00005,0.18240,0.00200
103.08125,0.84000,0.06257,0.00006,0.93522,0.00216
103.20125,0.84000,0.02284,0.00012,0.97683,0.00022
103.32125,0.84000,0.01777,0.00016,0.98204,0.00003
103.44125,0.84000,0.01429,0.00023,0.98548,0.00001
103.56125,0.84000,0.27529,0.00008,0.72455,0.00007
103.68125,0.84000,0.94137,0.00019,0.05843,0.00001
103.80125,0.84000,0.99674,0.00019,0.00307,0.00000
103.92125,0.84000,0.99975,0.00001,0.00024,0.00000
104.04125,0.84000,0.99996,0.00000,0.00004,0.00000
104.16125,0.84000,1.00000,0.00000,0.00000,0.00000
104.28125,0.84000,1.00000,0.00000,0.00000,0.00000
104.40125,0.84000,1.00000,0.00000,0.00000,0.00000
104.52125,0.84000,1.00000,0.00000,0.00000,0.00000
104.64125,0.84000,0.99997,0.00000,0.00002,0.00001
104.76125,0.84000,0.99975,0.00000,0.00015,0.00010
104.88125,0.84000,0.99732,0.00005,0.00240,0.00023
105.00125,0.84000,0.95777,0.00008,0.04169,0.00046
105.12125,0.84000,0.24572,0.00003,0.75143,0.00283
105.24125,0.84000,0.03905,0.00013,0.96003,0.00078
105.36125,0.84000,0.02606,0.00018,0.97369,0.00007
105.48125,0.84000,0.01810,0.00030,0.98158,0.00002
105.60125,0.84000,0.10270,0.00025,0.89704,0.00001
105.72125,0.84000,0.76184,0.00008,0.23800,0.00008
105.84125,0.84000,0.99283,0.00035,0.00682,0.00000
105.96125,0.84000,0.99910,0.00002,0.00088,0.00000
106.08125,0.84000,0.99993,0.00000,0.00006,0.00000
106.20125,0.84000,0.99999,0.00000,0.00001,0.00000
106.32125,0.84000,1.00000,0.00000,0.00000,0.00000
106.44125,0.84000,1.00000,0.00000,0.00000,0.00000
106.56125,0.84000,0.99998,0.00000,0.00001,0.00000
106.68125,0.84000,0.99987,0.00000,0.00008,0.00005
106.80125,0.84000,0.99897,0.00001,0.00072,0.00030
106.92125,0.84000,0.98474,0.00018,0.01491,0.00017
107.04125,0.84000,0.66216,0.00005,0.33575,0.00204
107.16125,0.84000,0.05540,0.00007,0.94378,0.00075
107.28125,0.84000,0.02783,0.00016,0.97185,0.00016
107.40125,0.84000,0.01874,0.00019,0.98104,0.00003
107.52125,0.84000,0.01588,0.00039,0.98372,0.00001
107.64125,0.84000,0.16426,0.00016,0.83555,0.00003
107.76125,0.84000,0.90183,0.00136,0.09680,0.00001
107.88125,0.84000,0.99525,0.00043,0.00432,0.00000
108.00125,0.84000,0.99959,0.00002,0.00039,0.00000
108.12125,0.84000,0.99997,0.00000,0.00003,0.00000
108.24125,0.84000,1.00000,0.00000,0.00000,0.00000
108.36125,0.84000,1.00000,0.00000,0.00000,0.00000
108.48125,0.84000,1.00000,0.00000,0.00000,0.00000
108.60125,0.84000,1.00000,0.00000,0.00000,0.00000
108.72125,0.84000,0.99996,0.00000,0.00003,0.00002
108.84125,0.84000,0.99960,0.00000,0.00021,0.00019
108.96125,0.84000,0.99610,0.00005,0.00328,0.00056
109.08125,0.84000,0.94483,0.00081,0.05350,0.00086
109.20125,0.84000,0.24534,0.00012,0.74831,0.00623
109.32125,0.84000,0.03407,0.00012,0.96431,0.00150
109.44125,0.84000,0.02437,0.00028,0.97521,0.00014
109.56125,0.84000,0.01517,0.00027,0.98453,0.00004
109.68125,0.84000,0.02770,0.00074,0.97155,0.00001
109.80125,0.84000,0.41718,0.00016,0.58254,0.00011
109.92125,0.84000,0.97019,0.00094,0.02886,0.00001
110.04125,0.84000,0.99740,0.00010,0.00251,0.00000
110.16125,0.84000,0.99978,0.00000,0.00021,0.00000
110.28125,0.84000,0.99998,0.00000,0.00002,0.00000
110.40125,0.84000,1.00000,0.00000,0.00000,0.00000
110.52125,0.84000,1.00000,0.00000,0.00000,0.00000
110.64125,0.84000,0.99999,0.00000,0.00000,0.00000
110.76125,0.84000,0.99994,0.00000,0.00003,0.00002
110.88125,0.84000,0.99957,0.00000,0.00022,0.00020
111.00125,0.84000,0.99457,0.00007,0.00513,0.00023
111.12125,0.84000,0.91747,0.00026,0.08153,0.00075
111.24125,0.84000,0.11117,0.00004,0.88245,0.00634
111.36125,0.84000,0.02241,0.00012,0.97702,0.00045
111.48125,0.84000,0.01695,0.00016,0.98285,0.00004
111.60125,0.84000,0.01235,0.00020,0.98744,0.00001
111.72125,0.84000,0.06243,0.00031,0.93725,0.00001
111.84125,0.84000,0.73294,0.00010,0.26691,0.00005
111.96125,0.84000,0.99409,0.00046,0.00545,0.00000
112.08125,0.84000,0.99961,0.00002,0.00037,0.00000
112.20125,0.84000,0.99997,0.00000,0.00003,0.00000
112.32125,0.84000,1.00000,0.00000,0.00000,0.00000
112.44125,0.84000,1.00000,0.00000,0.00000,0.00000
112.56125,0.84000,1.00000,0.00000,0.00000,0.00000
112.68125,0.84000,1.00000,0.00000,0.00000,0.00000
112.80125,0.84000,1.00000,0.00000,0.00000,0.00000
112.92125,0.84000,1.00000,0.00000,0.00000,0.00000
113.04125,0.84000,1.00000,0.00000,0.00000,0.00000
113.16125,0.84000,1.00000,0.00000,0.00000,0.00000
113.28125,0.84000,1.00000,0.00000,0.00000,0.00000
113.40125,0.84000,1.00000,0.00000,0.00000,0.00000
113.52125,0.84000,1.00000,0.00000,0.00000,0.00000
113.64125,0.84000,1.00000,0.00000,0.00000,0.00000
113.76125,0.84000,1.00000,0.00000,0.00000,0.00000
113.88125,0.84000,1.00000,0.00000,0.00000,0.00000
114.00125,0.84000,1.00000,0.00000,0.00000,0.00000
114.12125,0.84000,1.00000,0.00000,0.00000,0.00000
114.24125,0.84000,0.99998,0.00000,0.00001,0.00001
114.36125,0.84000,0.99980,0.00000,0.00011,0.00009
114.48125,0.84000,0.99795,0.00001,0.00178,0.00026
114.60125,0.84000,0.97685,0.00033,0.02259,0.00024
114.72125,0.84000,0.51092,0.00007,0.48519,0.00382
114.84125,0.84000,0.03369,0.00007,0.96402,0.00222
114.96125,0.84000,0.01963,0.00014,0.97982,0.00041
115.08125,0.84000,0.01353,0.00019,0.98616,0.00013
115.20125,0.84000,0.01350,0.00028,0.98617,0.00005
115.32125,0.84000,0.18552,0.00015,0.81371,0.00062
115.44125,0.84000,0.90772,0.00047,0.09172,0.00008
115.56125,0.84000,0.99521,0.00022,0.00456,0.00001
115.68125,0.84000,0.99956,0.00001,0.00043,0.00000
115.80125,0.84000,0.99996,0.00000,0.00004,0.00000
115.92125,0.84000,1.00000,0.00000,0.00000,0.00000
116.04125,0.84000,1.00000,0.00000,0.00000,0.00000
116.16125,0.84000,1.00000,0.00000,0.00000,0.00000
116.28125,0.84000,1.00000,0.00000,0.00000,0.00000
116.40125,0.84000,1.00000,0.00000,0.00000,0.00000
116.52125,0.84000,1.00000,0.00000,0.00000,0.00000
116.64125,0.84000,1.00000,0.00000,0.00000,0.00000
116.76125,0.84000,0.99997,0.00000,0.00002,0.00001
116.88125,0.84000,0.99966,0.00000,0.00021,0.00013
117.00125,0.84000,0.99492,0.00008,0.00485,0.00014
117.12125,0.84000,0.91697,0.00014,0.08153,0.00136
117.24125,0.84000,0.10813,0.00004,0.88452,0.00731
117.36125,0.84000,0.02522,0.00022,0.97360,0.00096
117.48125,0.84000,0.01770,0.00024,0.98187,0.00019
117.60125,0.84000,0.01263,0.00036,0.98697,0.00004
117.72125,0.84000,0.03792,0.00044,0.96154,0.00010
117.84125,0.84000,0.69334,0.00015,0.30635,0.00016
117.96125,0.84000,0.98401,0.00100,0.01499,0.00001
118.08125,0.84000,0.99906,0.00003,0.00091,0.00000
118.20125,0.84000,0.99990,0.00000,0.00010,0.00000
118.32125,0.84000,0.99999,0.00000,0.00001,0.00000
118.44125,0.84000,1.00000,0.00000,0.00000,0.00000
118.56125,0.84000,1.00000,0.00000,0.00000,0.00000
118.68125,0.84000,1.00000,0.00000,0.00000,0.00000
118.80125,0.84000,0.99999,0.00000,0.00000,0.00000
118.92125,0.84000,0.99994,0.00000,0.00004,0.00002
119.04125,0.84000,0.99953,0.00000,0.00032,0.00014
119.16125,0.84000,0.99357,0.00011,0.00623,0.00009
119.28125,0.84000,0.87340,0.00008,0.12567,0.00085
119.40125,0.84000,0.11085,0.00009,0.88737,0.00169
119.52125,0.84000,0.03330,0.00029,0.96597,0.00043
119.64125,0.84000,0.02505,0.00037,0.97450,0.00008
119.76125,0.84000,0.01924,0.00058,0.98015,0.00003
119.88125,0.84000,0.15599,0.00030,0.84361,0.00009
120.00125,0.84000,0.83278,0.00026,0.16685,0.00012
120.12125,0.84000,0.99263,0.00044,0.00692,0.00001
120.24125,0.84000,0.99929,0.00002,0.00068,0.00000
120.36125,0.84000,0.99994,0.00000,0.00006,0.00000
120.48125,0.84000,1.00000,0.00000,0.00000,0.00000
120.60125,0.84000,1.00000,0.00000,0.00000,0.00000
120.72125,0.84000,1.00000,0.00000,0.00000,0.00000
120.84125,0.84000,1.00000,0.00000,0.00000,0.00000
120.96125,0.84000,1.00000,0.00000,0.00000,0.00000
121.08125,0.84000,1.00000,0.00000,0.00000,0.00000
121.20125,0.84000,1.00000,0.00000,0.00000,0.00000
121.32125,0.84000,1.00000,0.00000,0.00000,0.00000
121.44125,0.84000,1.00000,0.00000,0.00000,0.00000
121.56125,0.84000,1.00000,0.00000,0.00000,0.00000
121.68125,0.84000,1.00000,0.00000,0.00000,0.00000
121.80125,0.84000,1.00000,0.00000,0.00000,0.00000
121.92125,0.84000,1.00000,0.00000,0.00000,0.00000
122.04125,0.84000,1.00000,0.00000,0.00000,0.00000
122.16125,0.84000,1.00000,0.00000,0.00000,0.00000
122.28125,0.84000,0.99999,0.00000,0.00000,0.00000
122.40125,0.84000,0.99995,0.00000,0.00003,0.00003
122.52125,0.84000,0.99949,0.00000,0.00024,0.00027
122.64125,0.84000,0.99499,0.00007,0.00477,0.00017
122.76125,0.84000,0.90986,0.00004,0.08861,0.00149
122.88125,0.84000,0.11635,0.00004,0.88041,0.00320
123.00125,0.84000,0.02247,0.00015,0.97696,0.00042
123.12125,0.84000,0.01840,0.00020,0.98132,0.00008
123.24125,0.84000,0.01399,0.00024,0.98575,0.00002
123.36125,0.84000,0.07253,0.00026,0.92715,0.00005
123.48125,0.84000,0.78180,0.00018,0.21793,0.00009
123.60125,0.84000,0.99322,0.00058,0.00619,0.00000
123.72125,0.84000,0.99945,0.00002,0.00053,0.00000
123.84125,0.84000,0.99996,0.00000,0.00004,0.00000
123.96125,0.84000,1.00000,0.00000,0.00000,0.00000
124.08125,0.84000,1.00000,0.00000,0.00000,0.00000
124.20125,0.84000,1.00000,0.00000,0.00000,0.00000
124.32125,0.84000,1.00000,0.00000,0.00000,0.00000
124.44125,0.84000,0.99996,0.00000,0.00002,0.00002
124.56125,0.84000,0.99955,0.00000,0.00017,0.00028
124.68125,0.84000,0.99666,0.00003,0.00244,0.00087
124.80125,0.84000,0.95226,0.00087,0.04632,0.00055
124.92125,0.84000,0.26159,0.00012,0.73203,0.00626
125.04125,0.84000,0.03092,0.00009,0.96796,0.00103
125.16125,0.84000,0.02023,0.00010,0.97952,0.00014
125.28125,0.84000,0.01407,0.00020,0.98570,0.00003
125.40125,0.84000,0.01641,0.00020,0.98337,0.00002
125.52125,0.84000,0.20902,0.00017,0.79051,0.00030
125.64125,0.84000,0.94094,0.00058,0.05846,0.00002
125.76125,0.84000,0.99772,0.00024,0.00203,0.00000
125.88125,0.84000,0.99980,0.00001,0.00019,0.00000
126.00125,0.84000,0.99998,0.00000,0.00002,0.00000
126.12125,0.84000,1.00000,0.00000,0.00000,0.00000
126.24125,0.84000,1.00000,0.00000,0.00000,0.00000
126.36125,0.84000,1.00000,0.00000,0.00000,0.00000
126.48125,0.84000,1.00000,0.00000,0.00000,0.00000
126.60125,0.84000,0.99999,0.00000,0.00001,0.00000
126.72125,0.84000,0.99994,0.00000,0.00004,0.00001
126.84125,0.84000,0.99912,0.00001,0.00081,0.00006
126.96125,0.84000,0.98851,0.00009,0.01131,0.00009
127.08125,0.84000,0.70033,0.00002,0.29721,0.00244
127.20125,0.84000,0.04588,0.00002,0.94973,0.00436
127.32125,0.84000,0.01980,0.00007,0.97906,0.00107
127.44125,0.84000,0.01436,0.00008,0.98520,0.00036
127.56125,0.84000,0.01257,0.00013,0.98721,0.00009
127.68125,0.84000,0.13715,0.00006,0.86172,0.00108
127.80125,0.84000,0.91594,0.00061,0.08335,0.00010
127.92125,0.84000,0.99481,0.00021,0.00497,0.00001
128.04124,0.84001,0.99934,0.00002,0.00064,0.00000
128.16125,0.84000,0.99994,0.00000,0.00006,0.00000
128.28125,0.84000,1.00000,0.00000,0.00000,0.00000
128.40125,0.84001,1.00000,0.00000,0.00000,0.00000
128.52126,0.84000,1.00000,0.00000,0.00000,0.00000
128.64125,0.84000,1.00000,0.00000,0.00000,0.00000
128.76125,0.84001,1.00000,0.00000,0.00000,0.00000
128.88126,0.84000,0.99998,0.00000,0.00001,0.00001
129.00125,0.84000,0.99980,0.00000,0.00010,0.00010
129.12125,0.84000,0.99772,0.00002,0.00206,0.00020
129.24126,0.84000,0.96779,0.00009,0.03148,0.00064
129.36125,0.84000,0.28582,0.00002,0.70649,0.00767
129.48125,0.84000,0.02908,0.00007,0.96887,0.00198
129.60126,0.84000,0.01695,0.00013,0.98269,0.00023
129.72125,0.84000,0.01359,0.00027,0.98608,0.00006
129.84125,0.84000,0.01458,0.00035,0.98504,0.00004
129.96124,0.84001,0.31689,0.00025,0.68258,0.00028
130.08125,0.84000,0.97019,0.00274,0.02706,0.00001
130.20125,0.84000,0.99705,0.00012,0.00283,0.00000
130.32124,0.84001,0.99978,0.00000,0.00022,0.00000
130.44125,0.84000,0.99998,0.00000,0.00002,0.00000
130.56125,0.84000,1.00000,0.00000,0.00000,0.00000
130.68124,0.84001,1.00000,0.00000,0.00000,0.00000
130.80125,0.84000,1.00000,0.00000,0.00000,0.00000
130.92125,0.84000,1.00000,0.00000,0.00000,0.00000
131.04124,0.84001,0.99997,0.00000,0.00002,0.00001
131.16125,0.84000,0.99972,0.00000,0.00015,0.00012
131.28125,0.84000,0.99709,0.00003,0.00273,0.00015
131.40125,0.84001,0.95364,0.00020,0.04571,0.00046
131.52126,0.84000,0.22496,0.00009,0.76984,0.00512
131.64125,0.84000,0.03470,0.00019,0.96326,0.00185
131.76125,0.84001,0.02649,0.00023,0.97266,0.00062
131.88126,0.84000,0.01826,0.00035,0.98119,0.00020
132.00125,0.84000,0.01910,0.00045,0.98030,0.00014
132.12125,0.84000,0.06973,0.00069,0.92878,0.00080
132.24126,0.84000,0.85919,0.01189,0.12887,0.00005
132.36125,0.84000,0.98308,0.00102,0.01588,0.00002
132.48125,0.84000,0.99825,0.00007,0.00169,0.00000
132.60126,0.84000,0.99984,0.00000,0.00015,0.00000
132.72125,0.84000,0.99999,0.00000,0.00001,0.00000
132.84125,0.84000,1.00000,0.00000,0.00000,0.00000
132.96124,0.84001,1.00000,0.00000,0.00000,0.00000
133.08125,0.84000,1.00000,0.00000,0.00000,0.00000
133.20125,0.84000,0.99999,0.00000,0.00001,0.00000
133.32124,0.84001,0.99994,0.00000,0.00004,0.00002
133.44125,0.84000,0.99947,0.00000,0.00035,0.00017
133.56125,0.84000,0.99043,0.00016,0.00931,0.00011
133.68124,0.84001,0.80265,0.00015,0.19643,0.00077
133.80125,0.84000,0.04778,0.00006,0.95131,0.00085
133.92125,0.84000,0.02469,0.00020,0.97504,0.00008
134.04124,0.84001,0.01645,0.00024,0.98330,0.00001
134.16125,0.84000,0.01343,0.00040,0.98617,0.00000
134.28125,0.84000,0.03314,0.00039,0.96645,0.00002
134.40125,0.84001,0.44066,0.00115,0.55813,0.00006
134.52126,0.84000,0.95959,0.00745,0.03296,0.00000
134.64125,0.84000,0.99566,0.00042,0.00391,0.00000
134.76125,0.84001,0.99926,0.00003,0.00071,0.00000
134.88126,0.84000,0.99995,0.00000,0.00005,0.00000
135.00125,0.84000,1.00000,0.00000,0.00000,0.00000
135.12125,0.84000,1.00000,0.00000,0.00000,0.00000
135.24126,0.84000,1.00000,0.00000,0.00000,0.00000
135.36125,0.84000,1.00000,0.00000,0.00000,0.00000
135.48125,0.84000,0.99999,0.00000,0.00000,0.00000
135.60126,0.84000,0.99995,0.00000,0.00003,0.00002
135.72125,0.84000,0.99938,0.00000,0.00030,0.00032
135.84125,0.84000,0.99386,0.00006,0.00555,0.00052
135.96124,0.84001,0.90707,0.00079,0.09161,0.00054
136.08125,0.84000,0.13493,0.00006,0.86167,0.00334
136.20125,0.84000,0.02210,0.00005,0.97726,0.00059
136.32124,0.84001,0.01629,0.00013,0.98346,0.00012
136.44125,0.84000,0.01057,0.00014,0.98926,0.00003
136.56125,0.84000,0.01198,0.00026,0.98774,0.00002
136.68124,0.84001,0.05932,0.00021,0.94026,0.00021
136.80125,0.84000,0.77225,0.00844,0.21927,0.00004
136.92125,0.84000,0.97318,0.00176,0.02505,0.00001
137.04124,0.84001,0.99705,0.00009,0.00286,0.00000
137.16125,0.84000,0.99965,0.00000,0.00034,0.00000
137.28125,0.84000,0.99998,0.00000,0.00002,0.00000
137.40125,0.84001,1.00000,0.00000,0.00000,0.00000
137.52126,0.84000,1.00000,0.00000,0.00000,0.00000
137.64125,0.84000,1.00000,0.00000,0.00000,0.00000
137.76125,0.84001,1.00000,0.00000,0.00000,0.00000
137.88126,0.84000,1.00000,0.00000,0.00000,0.00000
138.00125,0.84000,1.00000,0.00000,0.00000,0.00000
138.12125,0.84000,1.00000,0.00000,0.00000,0.00000
138.24126,0.84000,1.00000,0.00000,0.00000,0.00000
138.36125,0.84000,1.00000,0.00000,0.00000,0.00000
138.48125,0.84000,1.00000,0.00000,0.00000,0.00000
138.60126,0.84000,1.00000,0.00000,0.00000,0.00000
138.72125,0.84000,1.00000,0.00000,0.00000,0.00000
138.84125,0.84000,0.99999,0.00000,0.00001,0.00000
138.96124,0.84001,0.99995,0.00000,0.00005,0.00000
139.08125,0.84000,0.99986,0.00001,0.00013,0.00000
139.20125,0.84000,0.99976,0.00002,0.00022,0.00000
139.32124,0.84001,0.99988,0.00001,0.00011,0.00000
139.44125,0.84000,0.99996,0.00000,0.00004,0.00000
139.56125,0.84000,0.99998,0.00000,0.00002,0.00000
139.68124,0.84001,0.99995,0.00000,0.00004,0.00000
139.80125,0.84000,0.99988,0.00000,0.00010,0.00003
139.92125,0.84000,0.99919,0.00001,0.00046,0.00034
140.04124,0.84001,0.99279,0.00030,0.00657,0.00034
140.16125,0.84000,0.88331,0.00111,0.11414,0.00145
140.28125,0.84000,0.07153,0.00012,0.92421,0.00413
140.40125,0.84001,0.03074,0.00025,0.96848,0.00054
140.52126,0.84000,0.01932,0.00028,0.98029,0.00012
140.64125,0.84000,0.01393,0.00044,0.98560,0.00003
140.76125,0.84001,0.01598,0.00044,0.98355,0.00003
140.88126,0.84000,0.32296,0.00041,0.67636,0.00027
141.00125,0.84000,0.97207,0.00420,0.02372,0.00001
141.12125,0.84000,0.99750,0.00019,0.00231,0.00000
141.24126,0.84000,0.99977,0.00001,0.00022,0.00000
141.36125,0.84000,0.99998,0.00000,0.00002,0.00000
141.48125,0.84000,1.00000,0.00000,0.00000,0.00000
141.60126,0.84000,1.00000,0.00000,0.00000,0.00000
141.72125,0.84000,1.00000,0.00000,0.00000,0.00000
141.84125,0.84000,0.99999,0.00000,0.00000,0.00000
141.96124,0.84001,0.99996,0.00000,0.00002,0.00002
142.08125,0.84000,0.99965,0.00000,0.00019,0.00016
142.20125,0.84000,0.99600,0.00005,0.00379,0.00016
142.32124,0.84001,0.94406,0.00007,0.05529,0.00058
142.44125,0.84000,0.15512,0.00002,0.83853,0.00633
142.56125,0.84000,0.03114,0.00011,0.96776,0.00099
142.68124,0.84001,0.02154,0.00018,0.97802,0.00026
142.80125,0.84000,0.01565,0.00035,0.98391,0.00010
142.92125,0.84000,0.02704,0.00034,0.97251,0.00011
143.04124,0.84001,0.48191,0.00029,0.51738,0.00042
143.16125,0.84000,0.97186,0.00244,0.02567,0.00002
143.28125,0.84000,0.99630,0.00014,0.00355,0.00001
143.40125,0.84001,0.99973,0.00000,0.00027,0.00000
143.52126,0.84000,0.99998,0.00000,0.00002,0.00000
143.64125,0.84000,1.00000,0.00000,0.00000,0.00000
143.76125,0.84001,1.00000,0.00000,0.00000,0.00000
143.88126,0.84000,1.00000,0.00000,0.00000,0.00000
144.00125,0.84000,1.00000,0.00000,0.00000,0.00000
144.12125,0.84000,1.00000,0.00000,0.00000,0.00000
144.24126,0.84000,0.99998,0.00000,0.00002,0.00001
144.36125,0.84000,0.99978,0.00000,0.00015,0.00007
144.48125,0.84000,0.99697,0.00002,0.00296,0.00006
144.60126,0.84000,0.96011,0.00007,0.03965,0.00017
144.72125,0.84000,0.23678,0.00002,0.76086,0.00235
144.84125,0.84000,0.03164,0.00009,0.96763,0.00064
144.96124,0.84001,0.02096,0.00023,0.97866,0.00015
145.08125,0.84000,0.01460,0.00048,0.98488,0.00004
145.20125,0.84000,0.02400,0.00056,0.97541,0.00004
145.32124,0.84001,0.31948,0.00064,0.67967,0.00022
145.44125,0.84000,0.95285,0.01261,0.03453,0.00001
145.56125,0.84000,0.99599,0.00043,0.00358,0.00000
145.68124,0.84001,0.99963,0.00002,0.00036,0.00000
145.80125,0.84000,0.99997,0.00000,0.00003,0.00000
145.92125,0.84000,1.00000,0.00000,0.00000,0.00000
146.04124,0.84001,1.00000,0.00000,0.00000,0.00000
146.16125,0.84000,1.00000,0.00000,0.00000,0.00000
146.28125,0.84000,1.00000,0.00000,0.00000,0.00000
146.40125,0.84001,1.00000,0.00000,0.00000,0.00000
146.52126,0.84000,1.00000,0.00000,0.00000,0.00000
146.64125,0.84000,1.00000,0.00000,0.00000,0.00000
146.76125,0.84001,1.00000,0.00000,0.00000,0.00000
146.88126,0.84000,1.00000,0.00000,0.00000,0.00000
147.00125,0.84000,0.99999,0.00000,0.00001,0.00000
147.12125,0.84000,0.99993,0.00000,0.00005,0.00002
147.24126,0.84000,0.99946,0.00000,0.00041,0.00012
147.36125,0.84000,0.99164,0.00011,0.00813,0.00013
147.48125,0.84000,0.88236,0.00006,0.11638,0.00119
147.60126,0.84000,0.08917,0.00002,0.90463,0.00617
147.72125,0.84000,0.03409,0.00009,0.96465,0.00116
147.84125,0.84000,0.02136,0.00010,0.97839,0.00015
147.96124,0.84001,0.01425,0.00025,0.98547,0.00003
148.08125,0.84000,0.03379,0.00017,0.96598,0.00006
148.20125,0.84000,0.57095,0.00032,0.42851,0.00023
148.32124,0.84001,0.97557,0.00205,0.02237,0.00001
148.44125,0.84000,0.99819,0.00010,0.00171,0.00000
148.56125,0.84000,0.99988,0.00000,0.00012,0.00000
148.68124,0.84001,0.99999,0.00000,0.00001,0.00000
148.80125,0.84000,1.00000,0.00000,0.00000,0.00000
148.92125,0.84000,1.00000,0.00000,0.00000,0.00000
149.04124,0.84001,1.00000,0.00000,0.00000,0.00000
149.16125,0.84000,1.00000,0.00000,0.00000,0.00000
149.28125,0.84000,1.00000,0.00000,0.00000,0.00000
149.40125,0.84001,1.00000,0.00000,0.00000,0.00000
149.52126,0.84000,1.00000,0.00000,0.00000,0.00000
149.64125,0.84000,1.00000,0.00000,0.00000,0.00000
149.76125,0.84001,1.00000,0.00000,0.00000,0.00000
149.88126,0.84000,1.00000,0.00000,0.00000,0.00000
150.00125,0.84000,1.00000,0.00000,0.00000,0.00000
150.12125,0.84000,1.00000,0.00000,0.00000,0.00000
150.24126,0.84000,1.00000,0.00000,0.00000,0.00000
150.36125,0.84000,1.00000,0.00000,0.00000,0.00000
150.48125,0.84000,1.00000,0.00000,0.00000,0.00000
150.60126,0.84000,0.99996,0.00000,0.00004,0.00000
150.72125,0.84000,0.99965,0.00000,0.00028,0.00007
150.84125,0.84000,0.99729,0.00007,0.00238,0.00026
150.96124,0.84001,0.97054,0.00034,0.02831,0.00080
151.08125,0.84000,0.39471,0.00011,0.59978,0.00541
151.20125,0.84000,0.07087,0.00016,0.92485,0.00412
151.32124,0.84001,0.02915,0.00027,0.96952,0.00106
151.44125,0.84000,0.02264,0.00034,0.97674,0.00028
151.56125,0.84000,0.02143,0.00062,0.97782,0.00013
151.68124,0.84001,0.08169,0.00034,0.91751,0.00046
151.80125,0.84000,0.88421,0.01220,0.10354,0.00005
151.92125,0.84000,0.98499,0.00067,0.01432,0.00003
152.04124,0.84001,0.99855,0.00004,0.00141,0.00000
152.16125,0.84000,0.99986,0.00000,0.00014,0.00000
152.28125,0.84000,0.99999,0.00000,0.00001,0.00000
152.40125,0.84001,1.00000,0.00000,0.00000,0.00000
152.52126,0.84000,1.00000,0.00000,0.00000,0.00000
152.64125,0.84000,1.00000,0.00000,0.00000,0.00000
152.76125,0.84001,1.00000,0.00000,0.00000,0.00000
152.88126,0.84000,0.99999,0.00000,0.00001,0.00000
153.00125,0.84000,0.99986,0.00000,0.00008,0.00006
153.12125,0.84000,0.99861,0.00003,0.00100,0.00036
153.24126,0.84000,0.98117,0.00033,0.01819,0.00031
153.36125,0.84000,0.51137,0.00007,0.48187,0.00668
153.48125,0.84000,0.03262,0.00006,0.96472,0.00260
153.60126,0.84000,0.02218,0.00013,0.97714,0.00055
153.72125,0.84000,0.01538,0.00012,0.98439,0.00010
153.84125,0.84000,0.01397,0.00027,0.98572,0.00003
153.96124,0.84001,0.08290,0.00015,0.91683,0.00012
154.08125,0.84000,0.87378,0.00114,0.12506,0.00003
154.20125,0.84000,0.99220,0.00062,0.00718,0.00000
154.32124,0.84001,0.99919,0.00003,0.00077,0.00000
154.44125,0.84000,0.99993,0.00000,0.00007,0.00000
154.56125,0.84000,0.99999,0.00000,0.00001,0.00000
154.68124,0.84001,1.00000,0.00000,0.00000,0.00000
154.80125,0.84000,1.00000,0.00000,0.00000,0.00000
154.92125,0.84000,1.00000,0.00000,0.00000,0.00000
155.04124,0.84001,1.00000,0.00000,0.00000,0.00000
155.16125,0.84000,1.00000,0.00000,0.00000,0.00000
155.28125,0.84000,1.00000,0.00000,0.00000,0.00000
155.40125,0.84001,0.99997,0.00000,0.00002,0.00001
155.52126,0.84000,0.99973,0.00000,0.00016,0.00011
155.64125,0.84000,0.99690,0.00004,0.00295,0.00011
155.76125,0.84001,0.93022,0.00002,0.06906,0.00069
155.88126,0.84000,0.16540,0.00003,0.83062,0.00395
156.00125,0.84000,0.02441,0.00009,0.97507,0.00043
156.12125,0.84000,0.02150,0.00019,0.97824,0.00007
156.24126,0.84000,0.01381,0.00019,0.98599,0.00001
156.36125,0.84000,0.03330,0.00032,0.96636,0.00002
156.48125,0.84000,0.64663,0.00052,0.35277,0.00008
156.60126,0.84000,0.97954,0.00186,0.01860,0.00001
156.72125,0.84000,0.99847,0.00007,0.00146,0.00000
156.84125,0.84000,0.99987,0.00000,0.00012,0.00000
156.96124,0.84001,0.99999,0.00000,0.00001,0.00000
157.08125,0.84000,1.00000,0.00000,0.00000,0.00000
157.20125,0.84000,1.00000,0.00000,0.00000,0.00000
157.32124,0.84001,1.00000,0.00000,0.00000,0.00000
157.44125,0.84000,1.00000,0.00000,0.00000,0.00000
157.56125,0.84000,1.00000,0.00000,0.00000,0.00000
157.68124,0.84001,1.00000,0.00000,0.00000,0.00000
157.80125,0.84000,1.00000,0.00000,0.00000,0.00000
157.92125,0.84000,0.99999,0.00000,0.00001,0.00000
158.04124,0.84001,0.99991,0.00000,0.00006,0.00004
158.16125,0.84000,0.99904,0.00001,0.00076,0.00019
158.28125,0.84000,0.98505,0.00014,0.01473,0.00007
158.40125,0.84001,0.63943,0.00001,0.35950,0.00106
158.52126,0.84000,0.04267,0.00002,0.95620,0.00110
158.64125,0.84000,0.01972,0.00004,0.98011,0.00013
158.76125,0.84001,0.01487,0.00005,0.98504,0.00004
158.88126,0.84000,0.01095,0.00006,0.98897,0.00001
159.00125,0.84000,0.09220,0.00005,0.90751,0.00024
159.12125,0.84000,0.81011,0.00078,0.18901,0.00010
159.24126,0.84000,0.98102,0.00117,0.01780,0.00001
159.36125,0.84000,0.99803,0.00006,0.00190,0.00000
159.48125,0.84000,0.99977,0.00000,0.00023,0.00000
159.60126,0.84000,0.99997,0.00000,0.00003,0.00000
159.72125,0.84000,1.00000,0.00000,0.00000,0.00000
159.84125,0.84000,1.00000,0.00000,0.00000,0.00000
159.96124,0.84001,0.99998,0.00000,0.00001,0.00000
160.08125,0.84000,0.99990,0.00000,0.00008,0.00002
160.20125,0.84000,0.99934,0.00000,0.00056,0.00010
160.32124,0.84001,0.99034,0.00018,0.00943,0.00005
160.44125,0.84000,0.87863,0.00010,0.12056,0.00072
160.56125,0.84000,0.08599,0.00004,0.91226,0.00172
160.68124,0.84001,0.02358,0.00017,0.97610,0.00015
160.80125,0.84000,0.01556,0.00020,0.98421,0.00003
160.92125,0.84000,0.01170,0.00039,0.98790,0.00001
161.04124,0.84001,0.11981,0.00020,0.87993,0.00006
161.16125,0.84000,0.79476,0.00020,0.20501,0.00004
161.28125,0.84000,0.99382,0.00050,0.00568,0.00000
161.40125,0.84001,0.99922,0.00004,0.00074,0.00000
161.52126,0.84000,0.99994,0.00000,0.00006,0.00000
161.64125,0.84000,1.00000,0.00000,0.00000,0.00000
161.76125,0.84001,1.00000,0.00000,0.00000,0.00000
161.88126,0.84000,1.00000,0.00000,0.00000,0.00000
162.00125,0.84000,1.00000,0.00000,0.00000,0.00000
162.12125,0.84000,0.99998,0.00000,0.00001,0.00001
162.24126,0.84000,0.99987,0.00000,0.00008,0.00005
162.36125,0.84000,0.99852,0.00002,0.00122,0.00025
162.48125,0.84000,0.97908,0.00034,0.02043,0.00016
162.60126,0.84000,0.50283,0.00005,0.49405,0.00307
162.72125,0.84000,0.04338,0.00008,0.95507,0.00147
162.84125,0.84000,0.02690,0.00011,0.97275,0.00024
162.96124,0.84001,0.01841,0.00021,0.98133,0.00005
163.08125,0.84000,0.02520,0.00025,0.97453,0.00002
163.20125,0.84000,0.39828,0.00010,0.60136,0.00026
163.32124,0.84001,0.94044,0.00029,0.05924,0.00002
163.44125,0.84000,0.99622,0.00012,0.00366,0.00000
163.56125,0.84000,0.99962,0.00001,0.00037,0.00000
163.68124,0.84001,0.99997,0.00000,0.00003,0.00000
163.80125,0.84000,1.00000,0.00000,0.00000,0.00000
163.92125,0.84000,1.00000,0.00000,0.00000,0.00000
164.04124,0.84001,1.00000,0.00000,0.00000,0.00000
164.16125,0.84000,1.00000,0.00000,0.00000,0.00000
164.28125,0.84000,1.00000,0.00000,0.00000,0.00000
164.40125,0.84001,1.00000,0.00000,0.00000,0.00000
164.52126,0.84000,1.00000,0.00000,0.00000,0.00000
164.64125,0.84000,1.00000,0.00000,0.00000,0.00000
164.76125,0.84001,1.00000,0.00000,0.00000,0.00000
164.88126,0.84000,1.00000,0.00000,0.00000,0.00000
165.00125,0.84000,1.00000,0.00000,0.00000,0.00000
165.12125,0.84000,1.00000,0.00000,0.00000,0.00000
165.24126,0.84000,1.00000,0.00000,0.00000,0.00000
165.36125,0.84000,1.00000,0.00000,0.00000,0.00000
165.48125,0.84000,1.00000,0.00000,0.00000,0.00000
165.60126,0.84000,1.00000,0.00000,0.00000,0.00000
165.72125,0.84000,1.00000,0.00000,0.00000,0.00000
165.84125,0.84000,1.00000,0.00000,0.00000,0.00000
165.96124,0.84001,1.00000,0.00000,0.00000,0.00000
166.08125,0.84000,1.00000,0.00000,0.00000,0.00000
166.20125,0.84000,1.00000,0.00000,0.00000,0.00000
166.32124,0.84001,1.00000,0.00000,0.00000,0.00000
166.44125,0.84000,1.00000,0.00000,0.00000,0.00000
166.56125,0.84000,1.00000,0.00000,0.00000,0.00000
166.68124,0.84001,1.00000,0.00000,0.00000,0.00000
166.80125,0.84000,1.00000,0.00000,0.00000,0.00000
166.92125,0.84000,1.00000,0.00000,0.00000,0.00000
167.04124,0.84001,0.99996,0.00000,0.00003,0.00001
167.16125,0.84000,0.99967,0.00000,0.00025,0.00007
167.28125,0.84000,0.99376,0.00015,0.00600,0.00009
167.40125,0.84001,0.90317,0.00020,0.09541,0.00122
167.52126,0.84000,0.12378,0.00014,0.87140,0.00467
167.64125,0.84000,0.02973,0.00061,0.96897,0.00069
167.76125,0.84001,0.02491,0.00077,0.97407,0.00025
167.88126,0.84000,0.01864,0.00073,0.98053,0.00010
168.00125,0.84000,0.03915,0.00094,0.95968,0.00023
168.12125,0.84000,0.64542,0.00055,0.35378,0.00025
168.24126,0.84000,0.98429,0.00120,0.01449,0.00002
168.36125,0.84000,0.99803,0.00006,0.00190,0.00001
168.48125,0.84000,0.99986,0.00000,0.00014,0.00000
168.60126,0.84000,0.99998,0.00000,0.00001,0.00000
168.72125,0.84000,1.00000,0.00000,0.00000,0.00000
168.84125,0.84000,1.00000,0.00000,0.00000,0.00000
168.96124,0.84001,1.00000,0.00000,0.00000,0.00000
169.08125,0.84000,1.00000,0.00000,0.00000,0.00000
169.20125,0.84000,1.00000,0.00000,0.00000,0.00000
169.32124,0.84001,1.00000,0.00000,0.00000,0.00000
169.44125,0.84000,1.00000,0.00000,0.00000,0.00000
169.56125,0.84000,1.00000,0.00000,0.00000,0.00000
169.68124,0.84001,1.00000,0.00000,0.00000,0.00000
169.80125,0.84000,0.99998,0.00000,0.00002,0.00000
169.92125,0.84000,0.99983,0.00000,0.00010,0.00006
170.04124,0.84001,0.99791,0.00003,0.00184,0.00021
170.16125,0.84000,0.97407,0.00021,0.02531,0.00041
170.28125,0.84000,0.28782,0.00005,0.70318,0.00896
170.40125,0.84001,0.03322,0.00011,0.96450,0.00217
170.52126,0.84000,0.02471,0.00023,0.97460,0.00045
170.64125,0.84000,0.01547,0.00025,0.98418,0.00011
170.76125,0.84001,0.01344,0.00043,0.98608,0.00005
170.88126,0.84000,0.27192,0.00022,0.72727,0.00059
171.00125,0.84000,0.96328,0.00223,0.03446,0.00003
171.12125,0.84000,0.99590,0.00018,0.00391,0.00001
171.24126,0.84000,0.99963,0.00001,0.00036,0.00000
171.36125,0.84000,0.99997,0.00000,0.00003,0.00000
171.48125,0.84000,1.00000,0.00000,0.00000,0.00000
171.60126,0.84000,1.00000,0.00000,0.00000,0.00000
171.72125,0.84000,1.00000,0.00000,0.00000,0.00000
171.84125,0.84000,1.00000,0.00000,0.00000,0.00000
171.96124,0.84001,1.00000,0.00000,0.00000,0.00000
172.08125,0.84000,1.00000,0.00000,0.00000,0.00000
172.20125,0.84000,1.00000,0.00000,0.00000,0.00000
172.32124,0.84001,1.00000,0.00000,0.00000,0.00000
172.44125,0.84000,1.00000,0.00000,0.00000,0.00000
172.56125,0.84000,0.99998,0.00000,0.00002,0.00001
172.68124,0.84001,0.99977,0.00000,0.00017,0.00007
172.80125,0.84000,0.99712,0.00005,0.00277,0.00006
172.92125,0.84000,0.92061,0.00002,0.07802,0.00135
173.04124,0.84001,0.13293,0.00003,0.85969,0.00735
173.16125,0.84000,0.02428,0.00011,0.97473,0.00088
173.28125,0.84000,0.01839,0.00018,0.98122,0.00022
173.40125,0.84001,0.01358,0.00023,0.98609,0.00009
173.52126,0.84000,0.06117,0.00023,0.93831,0.00029
173.64125,0.84000,0.67241,0.00092,0.32648,0.00019
173.76125,0.84001,0.98289,0.00245,0.01465,0.00001
173.88126,0.84000,0.99824,0.00014,0.00162,0.00000
174.00125,0.84000,0.99981,0.00001,0.00018,0.00000
174.12125,0.84000,0.99999,0.00000,0.00001,0.00000
174.24126,0.84000,1.00000,0.00000,0.00000,0.00000
174.36125,0.84000,1.00000,0.00000,0.00000,0.00000
174.48125,0.84000,1.00000,0.00000,0.00000,0.00000
174.60126,0.84000,1.00000,0.00000,0.00000,0.00000
174.72125,0.84000,0.99998,0.00000,0.00001,0.00000
174.84125,0.84000,0.99983,0.00000,0.00011,0.00007
174.96124,0.84001,0.99799,0.00003,0.00185,0.00014
175.08125,0.84000,0.96938,0.00010,0.03032,0.00020
175.20125,0.84000,0.38039,0.00002,0.61789,0.00170
175.32124,0.84001,0.03792,0.00008,0.96127,0.00073
175.44125,0.84000,0.02612,0.00016,0.97362,0.00010
175.56125,0.84000,0.01640,0.00021,0.98336,0.00003
175.68124,0.84001,0.01533,0.00028,0.98437,0.00001
175.80125,0.84000,0.20953,0.00025,0.79009,0.00014
175.92125,0.84000,0.93789,0.00531,0.05679,0.00002
176.04124,0.84001,0.99406,0.00036,0.00558,0.00001
176.16125,0.84000,0.99946,0.00002,0.00052,0.00000
176.28125,0.84000,0.99997,0.00000,0.00003,0.00000
176.40125,0.84001,1.00000,0.00000,0.00000,0.00000
176.52126,0.84000,1.00000,0.00000,0.00000,0.00000
176.64125,0.84000,1.00000,0.00000,0.00000,0.00000
176.76125,0.84001,1.00000,0.00000,0.00000,0.00000
176.88126,0.84000,1.00000,0.00000,0.00000,0.00000
177.00125,0.84000,1.00000,0.00000,0.00000,0.00000
177.12125,0.84000,0.99999,0.00000,0.00000,0.00000
177.24126,0.84000,0.99993,0.00000,0.00004,0.00003
177.36125,0.84000,0.99934,0.00001,0.00047,0.00018
177.48125,0.84000,0.99071,0.00013,0.00905,0.00012
177.60126,0.84000,0.73672,0.00003,0.26088,0.00237
177.72125,0.84000,0.05089,0.00003,0.94766,0.00142
177.84125,0.84000,0.02572,0.00012,0.97371,0.00045
177.96124,0.84001,0.01652,0.00010,0.98331,0.00006
178.08125,0.84000,0.01260,0.00024,0.98715,0.00002
178.20125,0.84000,0.04590,0.00014,0.95388,0.00007
178.32124,0.84001,0.68724,0.00708,0.30565,0.00003
178.44125,0.84000,0.98237,0.00290,0.01473,0.00000
178.56125,0.84000,0.99867,0.00011,0.00121,0.00000
178.68124,0.84001,0.99986,0.00000,0.00013,0.00000
178.80125,0.84000,0.99999,0.00000,0.00001,0.00000
178.92125,0.84000,1.00000,0.00000,0.00000,0.00000
179.04124,0.84001,1.00000,0.00000,0.00000,0.00000
179.16125,0.84000,1.00000,0.00000,0.00000,0.00000
179.28125,0.84000,1.00000,0.00000,0.00000,0.00000
179.40125,0.84001,1.00000,0.00000,0.00000,0.00000
179.52126,0.84000,1.00000,0.00000,0.00000,0.00000
179.64125,0.84000,1.00000,0.00000,0.00000,0.00000
179.76125,0.84001,1.00000,0.00000,0.00000,0.00000
179.88126,0.84000,0.99998,0.00000,0.00002,0.00001
180.00125,0.84000,0.99979,0.00000,0.00013,0.00008
180.12125,0.84000,0.99752,0.00003,0.00220,0.00025
180.24126,0.84000,0.96853,0.00020,0.03093,0.00034
180.36125,0.84000,0.40194,0.00007,0.59277,0.00522
180.48125,0.84000,0.03871,0.00020,0.95787,0.00323
180.60126,0.84000,0.03064,0.00031,0.96816,0.00089
180.72125,0.84000,0.01978,0.00035,0.97964,0.00023
180.84125,0.84000,0.01707,0.00056,0.98229,0.00008
180.96124,0.84001,0.28326,0.00031,0.71526,0.00118
181.08125,0.84000,0.93686,0.00233,0.06074,0.00007
181.20125,0.84000,0.99458,0.00020,0.00522,0.00001
181.32124,0.84001,0.99902,0.00002,0.00096,0.00000
181.44125,0.84000,0.99993,0.00000,0.00007,0.00000
181.56125,0.84000,1.00000,0.00000,0.00000,0.00000
181.68124,0.84001,1.00000,0.00000,0.00000,0.00000
181.80125,0.84000,1.00000,0.00000,0.00000,0.00000
181.92125,0.84000,1.00000,0.00000,0.00000,0.00000
182.04124,0.84001,1.00000,0.00000,0.00000,0.00000
182.16125,0.84000,0.99999,0.00000,0.00001,0.00001
182.28125,0.84000,0.99988,0.00000,0.00007,0.00005
182.40125,0.84001,0.99876,0.00001,0.00089,0.00034
182.52126,0.84000,0.98438,0.00030,0.01499,0.00033
182.64125,0.84000,0.54623,0.00012,0.44516,0.00849
182.76125,0.84001,0.03474,0.00017,0.96290,0.00218
182.88126,0.84000,0.02556,0.00042,0.97346,0.00056
183.00125,0.84000,0.01626,0.00035,0.98322,0.00017
183.12125,0.84000,0.01402,0.00082,0.98509,0.00007
183.24126,0.84000,0.04146,0.00050,0.95777,0.00027
183.36125,0.84000,0.80650,0.00554,0.18790,0.00007
183.48125,0.84000,0.98422,0.00132,0.01444,0.00002
183.60126,0.84000,0.99845,0.00006,0.00149,0.00000
183.72125,0.84000,0.99981,0.00000,0.00019,0.00000
183.84125,0.84000,0.99999,0.00000,0.00001,0.00000
183.96124,0.84001,1.00000,0.00000,0.00000,0.00000
184.08125,0.84000,1.00000,0.00000,0.00000,0.00000
184.20125,0.84000,1.00000,0.00000,0.00000,0.00000
184.32124,0.84001,1.00000,0.00000,0.00000,0.00000
184.44125,0.84000,1.00000,0.00000,0.00000,0.00000
184.56125,0.84000,1.00000,0.00000,0.00000,0.00000
184.68124,0.84001,0.99999,0.00000,0.00000,0.00000
184.80125,0.84000,0.99994,0.00000,0.00004,0.00002
184.92125,0.84000,0.99944,0.00000,0.00035,0.00020
185.04124,0.84001,0.99354,0.00016,0.00591,0.00039
185.16125,0.84000,0.89413,0.00024,0.10491,0.00072
185.28125,0.84000,0.13961,0.00007,0.85917,0.00115
185.40125,0.84001,0.03755,0.00020,0.96204,0.00021
185.52126,0.84000,0.02668,0.00031,0.97298,0.00003
185.64125,0.84000,0.01749,0.00039,0.98211,0.00001
185.76125,0.84001,0.01802,0.00046,0.98152,0.00000
185.88126,0.84000,0.37670,0.00053,0.62271,0.00006
186.00125,0.84000,0.96967,0.00410,0.02623,0.00000
186.12125,0.84000,0.99686,0.00022,0.00292,0.00000
186.24126,0.84000,0.99978,0.00001,0.00021,0.00000
186.36125,0.84000,0.99998,0.00000,0.00002,0.00000
186.48125,0.84000,1.00000,0.00000,0.00000,0.00000
186.60126,0.84000,1.00000,0.00000,0.00000,0.00000
186.72125,0.84000,1.00000,0.00000,0.00000,0.00000
186.84125,0.84000,1.00000,0.00000,0.00000,0.00000
186.96124,0.84001,1.00000,0.00000,0.00000,0.00000
187.08125,0.84000,1.00000,0.00000,0.00000,0.00000
187.20125,0.84000,1.00000,0.00000,0.00000,0.00000
187.32124,0.84001,1.00000,0.00000,0.00000,0.00000
187.44125,0.84000,1.00000,0.00000,0.00000,0.00000
187.56125,0.84000,1.00000,0.00000,0.00000,0.00000
187.68124,0.84001,1.00000,0.00000,0.00000,0.00000
187.80125,0.84000,1.00000,0.00000,0.00000,0.00000
187.92125,0.84000,1.00000,0.00000,0.00000,0.00000
188.04124,0.84001,1.00000,0.00000,0.00000,0.00000
188.16125,0.84000,1.00000,0.00000,0.00000,0.00000
188.28125,0.84000,1.00000,0.00000,0.00000,0.00000
188.40125,0.84001,1.00000,0.00000,0.00000,0.00000
188.52126,0.84000,1.00000,0.00000,0.00000,0.00000
188.64125,0.84000,1.00000,0.00000,0.00000,0.00000
188.76125,0.84001,1.00000,0.00000,0.00000,0.00000
188.88126,0.84000,1.00000,0.00000,0.00000,0.00000
189.00125,0.84000,1.00000,0.00000,0.00000,0.00000
189.12125,0.84000,1.00000,0.00000,0.00000,0.00000
189.24126,0.84000,1.00000,0.00000,0.00000,0.00000
189.36125,0.84000,1.00000,0.00000,0.00000,0.00000
189.48125,0.84000,1.00000,0.00000,0.00000,0.00000
189.60126,0.84000,1.00000,0.00000,0.00000,0.00000
189.72125,0.84000,1.00000,0.00000,0.00000,0.00000
189.84125,0.84000,1.00000,0.00000,0.00000,0.00000
189.96124,0.84001,1.00000,0.00000,0.00000,0.00000
190.08125,0.84000,1.00000,0.00000,0.00000,0.00000
190.20125,0.84000,1.00000,0.00000,0.00000,0.00000
190.32124,0.84001,1.00000,0.00000,0.00000,0.00000
190.44125,0.84000,1.00000,0.00000,0.00000,0.00000
190.56125,0.84000,1.00000,0.00000,0.00000,0.00000
190.68124,0.84001,1.00000,0.00000,0.00000,0.00000
190.80125,0.84000,1.00000,0.00000,0.00000,0.00000
190.92125,0.84000,1.00000,0.00000,0.00000,0.00000
191.04124,0.84001,1.00000,0.00000,0.00000,0.00000
191.16125,0.84000,1.00000,0.00000,0.00000,0.00000
191.28125,0.84000,1.00000,0.00000,0.00000,0.00000
191.40125,0.84001,1.00000,0.00000,0.00000,0.00000
191.52126,0.84000,1.00000,0.00000,0.00000,0.00000
191.64125,0.84000,1.00000,0.00000,0.00000,0.00000
191.76125,0.84001,1.00000,0.00000,0.00000,0.00000
191.88126,0.84000,1.00000,0.00000,0.00000,0.00000
192.00125,0.84000,1.00000,0.00000,0.00000,0.00000
192.12125,0.84000,1.00000,0.00000,0.00000,0.00000
192.24126,0.84000,1.00000,0.00000,0.00000,0.00000
192.36125,0.84000,1.00000,0.00000,0.00000,0.00000
192.48125,0.84000,1.00000,0.00000,0.00000,0.00000
192.60126,0.84000,1.00000,0.00000,0.00000,0.00000
192.72125,0.84000,1.00000,0.00000,0.00000,0.00000
192.84125,0.84000,1.00000,0.00000,0.00000,0.00000
192.96124,0.84001,1.00000,0.00000,0.00000,0.00000
193.08125,0.84000,1.00000,0.00000,0.00000,0.00000
193.20125,0.84000,1.00000,0.00000,0.00000,0.00000
193.32124,0.84001,1.00000,0.00000,0.00000,0.00000
193.44125,0.84000,1.00000,0.00000,0.00000,0.00000
193.56125,0.84000,1.00000,0.00000,0.00000,0.00000
193.68124,0.84001,1.00000,0.00000,0.00000,0.00000
193.80125,0.84000,1.00000,0.00000,0.00000,0.00000
193.92125,0.84000,1.00000,0.00000,0.00000,0.00000
194.04124,0.84001,1.00000,0.00000,0.00000,0.00000
194.16125,0.84000,0.99997,0.00000,0.00002,0.00001
194.28125,0.84000,0.99969,0.00000,0.00021,0.00010
194.40125,0.84001,0.99704,0.00004,0.00245,0.00047
194.52126,0.84000,0.96809,0.00058,0.02984,0.00149
194.64125,0.84000,0.36224,0.00013,0.62037,0.01727
194.76125,0.84001,0.03130,0.00014,0.96351,0.00505
194.88126,0.84000,0.02056,0.00025,0.97832,0.00086
195.00125,0.84000,0.01702,0.00026,0.98242,0.00029
195.12125,0.84000,0.01632,0.00052,0.98304,0.00011
195.24126,0.84000,0.23397,0.00014,0.76562,0.00027
195.36125,0.84000,0.93370,0.00107,0.06521,0.00001
195.48125,0.84000,0.99752,0.00026,0.00222,0.00000
195.60126,0.84000,0.99982,0.00001,0.00017,0.00000
195.72125,0.84000,0.99999,0.00000,0.00001,0.00000
195.84125,0.84000,1.00000,0.00000,0.00000,0.00000
195.96124,0.84001,1.00000,0.00000,0.00000,0.00000
196.08125,0.84000,1.00000,0.00000,0.00000,0.00000
196.20125,0.84000,1.00000,0.00000,0.00000,0.00000
196.32124,0.84001,1.00000,0.00000,0.00000,0.00000
196.44125,0.84000,1.00000,0.00000,0.00000,0.00000
196.56125,0.84000,1.00000,0.00000,0.00000,0.00000
196.68124,0.84001,0.99999,0.00000,0.00000,0.00000
196.80125,0.84000,0.99994,0.00000,0.00004,0.00002
196.92125,0.84000,0.99952,0.00000,0.00030,0.00017
197.04124,0.84001,0.99113,0.00014,0.00841,0.00033
197.16125,0.84000,0.83563,0.00008,0.15978,0.00451
197.28125,0.84000,0.08359,0.00006,0.91022,0.00612
197.40125,0.84001,0.02212,0.00016,0.97655,0.00117
197.52126,0.84000,0.01679,0.00026,0.98264,0.00032
197.64125,0.84000,0.01357,0.00032,0.98600,0.00011
197.76125,0.84001,0.03599,0.00040,0.96343,0.00018
197.88126,0.84000,0.76274,0.00028,0.23686,0.00012
198.00125,0.84000,0.99050,0.00094,0.00856,0.00001
198.12125,0.84000,0.99925,0.00003,0.00071,0.00000
198.24126,0.84000,0.99992,0.00000,0.00008,0.00000
198.36125,0.84000,0.99999,0.00000,0.00001,0.00000
198.48125,0.84000,1.00000,0.00000,0.00000,0.00000
198.60126,0.84000,1.00000,0.00000,0.00000,0.00000
198.72125,0.84000,1.00000,0.00000,0.00000,0.00000
198.84125,0.84000,1.00000,0.00000,0.00000,0.00000
198.96124,0.84001,1.00000,0.00000,0.00000,0.00000
199.08125,0.84000,0.99999,0.00000,0.00000,0.00000
199.20125,0.84000,0.99993,0.00000,0.00004,0.00002
199.32124,0.84001,0.99963,0.00000,0.00025,0.00012
199.44125,0.84000,0.99044,0.00019,0.00918,0.00019
199.56125,0.84000,0.79914,0.00009,0.19764,0.00313
199.68124,0.84001,0.06609,0.00007,0.93012,0.00372
199.80125,0.84000,0.02156,0.00017,0.97747,0.00080
199.92125,0.84000,0.01585,0.00026,0.98370,0.00019
200.04124,0.84001,0.01405,0.00033,0.98555,0.00007
200.16125,0.84000,0.06778,0.00033,0.93172,0.00017
200.28125,0.84000,0.79084,0.00024,0.20879,0.00013
200.40125,0.84001,0.98520,0.00115,0.01363,0.00001
200.52126,0.84000,0.99887,0.00004,0.00109,0.00000
200.64125,0.84000,0.99989,0.00000,0.00011,0.00000
200.76125,0.84001,0.99999,0.00000,0.00001,0.00000
200.88126,0.84000,1.00000,0.00000,0.00000,0.00000
201.00125,0.84000,1.00000,0.00000,0.00000,0.00000
201.12125,0.84000,1.00000,0.00000,0.00000,0.00000
201.24126,0.84000,0.99999,0.00000,0.00001,0.00000
201.36125,0.84000,0.99990,0.00000,0.00007,0.00002
201.48125,0.84000,0.99915,0.00001,0.00061,0.00024
201.60126,0.84000,0.98973,0.00019,0.00973,0.00035
201.72125,0.84000,0.80287,0.00006,0.19473,0.00234
201.84125,0.84000,0.10020,0.00005,0.89566,0.00409
201.96124,0.84001,0.02767,0.00008,0.97148,0.00077
202.08125,0.84000,0.02298,0.00019,0.97666,0.00018
202.20125,0.84000,0.01438,0.00016,0.98542,0.00004
202.32124,0.84001,0.06818,0.00030,0.93149,0.00003
202.44125,0.84000,0.80672,0.00022,0.19301,0.00005
202.56125,0.84000,0.99229,0.00076,0.00695,0.00000
202.68124,0.84001,0.99931,0.00003,0.00065,0.00000
202.80125,0.84000,0.99994,0.00000,0.00006,0.00000
202.92125,0.84000,1.00000,0.00000,0.00000,0.00000
203.04124,0.84001,1.00000,0.00000,0.00000,0.00000
203.16125,0.84000,1.00000,0.00000,0.00000,0.00000
203.28125,0.84000,0.99999,0.00000,0.00000,0.00000
203.40125,0.84001,0.99995,0.00000,0.00003,0.00002
203.52126,0.84000,0.99952,0.00000,0.00031,0.00017
203.64125,0.84000,0.99380,0.00015,0.00583,0.00022
203.76125,0.84001,0.88013,0.00012,0.11893,0.00082
203.88126,0.84000,0.13566,0.00008,0.86226,0.00201
204.00125,0.84000,0.02751,0.00027,0.97186,0.00036
204.12125,0.84000,0.01998,0.00030,0.97965,0.00006
204.24126,0.84000,0.01497,0.00036,0.98465,0.00002
204.36125,0.84000,0.09250,0.00033,0.90714,0.00003
204.48125,0.84000,0.82719,0.00015,0.17258,0.00007
204.60126,0.84000,0.99395,0.00044,0.00561,0.00000
204.72125,0.84000,0.99942,0.00002,0.00056,0.00000
204.84125,0.84000,0.99995,0.00000,0.00005,0.00000
204.96124,0.84001,1.00000,0.00000,0.00000,0.00000
205.08125,0.84000,1.00000,0.00000,0.00000,0.00000
205.20125,0.84000,0.99999,0.00000,0.00001,0.00000
205.32124,0.84001,0.99990,0.00000,0.00007,0.00002
205.44125,0.84000,0.99943,0.00000,0.00041,0.00015
205.56125,0.84000,0.98881,0.00022,0.01071,0.00026
205.68124,0.84001,0.83476,0.00010,0.16252,0.00261
205.80125,0.84000,0.07584,0.00005,0.91395,0.01017
205.92125,0.84000,0.01940,0.00007,0.97957,0.00095
206.04124,0.84001,0.01623,0.00015,0.98342,0.00020
206.16125,0.84000,0.01245,0.00017,0.98732,0.00006
206.28125,0.84000,0.08198,0.00021,0.91761,0.00020
206.40125,0.84001,0.78068,0.00009,0.21876,0.00047
206.52126,0.84000,0.98968,0.00039,0.00990,0.00003
206.64125,0.84000,0.99930,0.00002,0.00067,0.00001
206.76125,0.84001,0.99994,0.00000,0.00006,0.00000
206.88126,0.84000,0.99999,0.00000,0.00001,0.00000
207.00125,0.84000,1.00000,0.00000,0.00000,0.00000
