Time (seconds), Duration (seconds),pred_(unlabeled),pred_Jab_R,pred_Sidehook_R,pred_Uppercut_R
0.00125,0.99750,0.99998,0.00000,0.00000,0.00002
0.10125,0.99750,0.99998,0.00000,0.00000,0.00002
0.20125,0.99750,0.99998,0.00000,0.00000,0.00002
0.30125,0.99750,0.99999,0.00000,0.00000,0.00001
0.40125,0.99750,0.99999,0.00000,0.00000,0.00001
0.50125,0.99750,0.99999,0.00000,0.00000,0.00001
0.60125,0.99750,0.99999,0.00000,0.00000,0.00001
0.70125,0.99750,0.99999,0.00000,0.00000,0.00001
0.80125,0.99750,0.99999,0.00000,0.00000,0.00000
0.90125,0.99750,0.99995,0.00004,0.00000,0.00000
1.00125,0.99750,0.99954,0.00046,0.00000,0.00001
1.10125,0.99750,0.99511,0.00486,0.00000,0.00002
1.20125,0.99750,0.95112,0.04871,0.00008,0.00009
1.30125,0.99750,0.90022,0.09948,0.00016,0.00014
1.40125,0.99750,0.90786,0.09187,0.00015,0.00012
1.50125,0.99750,0.98937,0.01057,0.00001,0.00005
1.60125,0.99750,0.99948,0.00046,0.00000,0.00006
1.70125,0.99750,0.99993,0.00004,0.00000,0.00004
1.80125,0.99750,0.99993,0.00000,0.00000,0.00007
1.90125,0.99750,0.99996,0.00000,0.00000,0.00004
2.00125,0.99750,0.99999,0.00000,0.00000,0.00001
2.10125,0.99750,1.00000,0.00000,0.00000,0.00000
2.20125,0.99750,1.00000,0.00000,0.00000,0.00000
2.30125,0.99750,1.00000,0.00000,0.00000,0.00000
2.40125,0.99750,1.00000,0.00000,0.00000,0.00000
2.50125,0.99750,0.99999,0.00000,0.00000,0.00000
2.60125,0.99750,0.99995,0.00005,0.00000,0.00000
2.70125,0.99750,0.99918,0.00081,0.00000,0.00001
2.80125,0.99750,0.98865,0.01129,0.00003,0.00003
2.90125,0.99750,0.91498,0.08463,0.00028,0.00011
3.00125,0.99750,0.85018,0.14923,0.00045,0.00014
3.10125,0.99750,0.95562,0.04420,0.00011,0.00007
3.20125,0.99750,0.99708,0.00286,0.00001,0.00005
3.30125,0.99750,0.99977,0.00016,0.00000,0.00007
3.40125,0.99750,0.99990,0.00003,0.00000,0.00008
3.50125,0.99750,0.99991,0.00000,0.00000,0.00009
3.60125,0.99750,0.99995,0.00000,0.00000,0.00005
3.70125,0.99750,0.99997,0.00000,0.00000,0.00003
3.80125,0.99750,0.99999,0.00000,0.00000,0.00001
3.90125,0.99750,1.00000,0.00000,0.00000,0.00000
4.00125,0.99750,1.00000,0.00000,0.00000,0.00000
4.10125,0.99750,0.99998,0.00002,0.00000,0.00000
4.20125,0.99750,0.99973,0.00027,0.00000,0.00000
4.30125,0.99750,0.99730,0.00267,0.00002,0.00001
4.40125,0.99750,0.96688,0.03276,0.00032,0.00005
4.50125,0.99750,0.74551,0.25120,0.00314,0.00015
4.60125,0.99750,0.60000,0.39519,0.00462,0.00018
4.70125,0.99750,0.89991,0.09916,0.00083,0.00011
4.80125,0.99750,0.99441,0.00547,0.00003,0.00009
4.90125,0.99750,0.99959,0.00022,0.00000,0.00019
5.00125,0.99750,0.99971,0.00004,0.00000,0.00025
5.10125,0.99750,0.99974,0.00001,0.00000,0.00026
5.20125,0.99750,0.99981,0.00001,0.00000,0.00019
5.30125,0.99750,0.99994,0.00001,0.00000,0.00005
5.40125,0.99750,0.99996,0.00001,0.00000,0.00002
5.50125,0.99750,0.99999,0.00001,0.00000,0.00001
5.60125,0.99750,0.99995,0.00005,0.00000,0.00001
5.70125,0.99750,0.99932,0.00066,0.00000,0.00002
5.80125,0.99750,0.98820,0.01168,0.00008,0.00004
5.90125,0.99750,0.87838,0.12037,0.00112,0.00014
6.00125,0.99750,0.68272,0.31379,0.00326,0.00024
6.10125,0.99750,0.87869,0.12012,0.00104,0.00015
6.20125,0.99750,0.99187,0.00802,0.00004,0.00008
6.30125,0.99750,0.99957,0.00035,0.00000,0.00007
6.40125,0.99750,0.99994,0.00002,0.00000,0.00004
6.50125,0.99750,0.99994,0.00001,0.00000,0.00005
6.60125,0.99750,0.99996,0.00000,0.00000,0.00004
6.70125,0.99750,0.99999,0.00000,0.00000,0.00001
6.80125,0.99750,0.99998,0.00000,0.00000,0.00002
6.90125,0.99750,0.99999,0.00000,0.00000,0.00001
7.00125,0.99750,1.00000,0.00000,0.00000,0.00000
7.10125,0.99750,1.00000,0.00000,0.00000,0.00000
7.20125,0.99750,0.99996,0.00004,0.00000,0.00000
7.30125,0.99750,0.99945,0.00055,0.00000,0.00000
7.40125,0.99750,0.99243,0.00754,0.00002,0.00001
7.50125,0.99750,0.92459,0.07508,0.00030,0.00003
7.60125,0.99750,0.80891,0.19026,0.00078,0.00005
7.70125,0.99750,0.75470,0.24403,0.00123,0.00005
7.80125,0.99750,0.94039,0.05937,0.00020,0.00004
7.90125,0.99750,0.99247,0.00746,0.00001,0.00006
8.00125,0.99750,0.99892,0.00092,0.00000,0.00016
8.10125,0.99750,0.99929,0.00037,0.00000,0.00034
8.20125,0.99750,0.99960,0.00003,0.00000,0.00037
8.30125,0.99750,0.99984,0.00000,0.00000,0.00016
8.40125,0.99750,0.99994,0.00000,0.00000,0.00006
8.50125,0.99750,0.99996,0.00000,0.00000,0.00004
8.60125,0.99750,0.99999,0.00000,0.00000,0.00001
8.70125,0.99750,0.99999,0.00000,0.00000,0.00001
8.80125,0.99750,0.99998,0.00001,0.00000,0.00000
8.90125,0.99750,0.99992,0.00007,0.00000,0.00000
9.00125,0.99750,0.99963,0.00037,0.00000,0.00000
9.10125,0.99750,0.99602,0.00397,0.00000,0.00001
9.20125,0.99750,0.94876,0.05119,0.00001,0.00004
9.30125,0.99750,0.74982,0.25002,0.00008,0.00009
9.40125,0.99750,0.67456,0.32524,0.00009,0.00010
9.50125,0.99750,0.93196,0.06797,0.00002,0.00005
9.60125,0.99750,0.99702,0.00285,0.00000,0.00013
9.70125,0.99750,0.99980,0.00014,0.00000,0.00007
9.80125,0.99750,0.99990,0.00002,0.00000,0.00008
9.90125,0.99750,0.99992,0.00000,0.00000,0.00008
10.00125,0.99750,0.99998,0.00000,0.00000,0.00002
10.10125,0.99750,0.99999,0.00000,0.00000,0.00001
10.20125,0.99750,0.99999,0.00000,0.00000,0.00001
10.30125,0.99750,1.00000,0.00000,0.00000,0.00000
10.40125,0.99750,1.00000,0.00000,0.00000,0.00000
10.50125,0.99750,0.99998,0.00002,0.00000,0.00000
10.60125,0.99750,0.99975,0.00025,0.00000,0.00001
10.70125,0.99750,0.99701,0.00297,0.00000,0.00002
10.80125,0.99750,0.96014,0.03971,0.00008,0.00006
10.90125,0.99750,0.67701,0.32182,0.00099,0.00018
11.00125,0.99750,0.63484,0.36372,0.00126,0.00018
11.10125,0.99750,0.93864,0.06111,0.00015,0.00010
11.20125,0.99750,0.99734,0.00258,0.00001,0.00007
11.30125,0.99750,0.99983,0.00012,0.00000,0.00005
11.40125,0.99750,0.99991,0.00002,0.00000,0.00007
11.50125,0.99750,0.99991,0.00000,0.00000,0.00009
11.60125,0.99750,0.99992,0.00000,0.00000,0.00008
11.70125,0.99750,0.99996,0.00000,0.00000,0.00004
11.80125,0.99750,0.99998,0.00001,0.00000,0.00001
11.90125,0.99750,0.99999,0.00001,0.00000,0.00001
12.00125,0.99750,0.99996,0.00004,0.00000,0.00000
12.10125,0.99750,0.99935,0.00064,0.00000,0.00001
12.20125,0.99750,0.98978,0.01010,0.00008,0.00004
12.30125,0.99750,0.87682,0.12162,0.00146,0.00011
12.40125,0.99750,0.38551,0.60315,0.01117,0.00017
12.50125,0.99750,0.26508,0.72207,0.01267,0.00018
12.60125,0.99750,0.82951,0.16861,0.00163,0.00024
12.70125,0.99750,0.98902,0.01071,0.00009,0.00018
12.80125,0.99750,0.99936,0.00047,0.00000,0.00017
12.90125,0.99750,0.99974,0.00008,0.00000,0.00017
13.00125,0.99750,0.99983,0.00001,0.00000,0.00016
13.10125,0.99750,0.99992,0.00000,0.00000,0.00008
13.20125,0.99750,0.99994,0.00000,0.00000,0.00006
13.30125,0.99750,0.99999,0.00000,0.00000,0.00001
13.40125,0.99750,0.99999,0.00000,0.00000,0.00001
13.50125,0.99750,0.99999,0.00001,0.00000,0.00000
13.60125,0.99750,0.99989,0.00010,0.00000,0.00000
13.70125,0.99750,0.99854,0.00144,0.00000,0.00001
13.80125,0.99750,0.98012,0.01980,0.00003,0.00005
13.90125,0.99750,0.80783,0.19158,0.00044,0.00015
14.00125,0.99750,0.52867,0.47004,0.00106,0.00023
14.10125,0.99750,0.82807,0.17145,0.00034,0.00014
14.20125,0.99750,0.98774,0.01216,0.00002,0.00008
14.30125,0.99750,0.99935,0.00051,0.00000,0.00014
14.40125,0.99750,0.99989,0.00005,0.00000,0.00006
14.50125,0.99750,0.99987,0.00000,0.00000,0.00012
14.60125,0.99750,0.99994,0.00000,0.00000,0.00006
14.70125,0.99750,0.99998,0.00000,0.00000,0.00002
14.80125,0.99750,1.00000,0.00000,0.00000,0.00000
14.90125,0.99750,1.00000,0.00000,0.00000,0.00000
15.00125,0.99750,1.00000,0.00000,0.00000,0.00000
15.10125,0.99750,1.00000,0.00000,0.00000,0.00000
15.20125,0.99750,0.99999,0.00000,0.00000,0.00000
15.30125,0.99750,0.99996,0.00004,0.00000,0.00000
15.40125,0.99750,0.99948,0.00052,0.00000,0.00000
15.50125,0.99750,0.99300,0.00698,0.00000,0.00002
15.60125,0.99750,0.92379,0.07609,0.00006,0.00006
15.70125,0.99750,0.56834,0.43107,0.00045,0.00014
15.80125,0.99750,0.37427,0.62489,0.00067,0.00016
15.90125,0.99750,0.85528,0.14450,0.00011,0.00011
16.00125,0.99750,0.99072,0.00919,0.00000,0.00008
16.10125,0.99750,0.99949,0.00035,0.00000,0.00015
16.20125,0.99750,0.99983,0.00005,0.00000,0.00012
16.30125,0.99750,0.99984,0.00001,0.00000,0.00015
16.40125,0.99750,0.99981,0.00000,0.00000,0.00019
16.50125,0.99750,0.99988,0.00000,0.00000,0.00011
16.60125,0.99750,0.99997,0.00001,0.00000,0.00003
16.70125,0.99750,0.99997,0.00001,0.00000,0.00002
16.80125,0.99750,0.99996,0.00003,0.00000,0.00001
16.90125,0.99750,0.99960,0.00039,0.00000,0.00001
17.00125,0.99750,0.99417,0.00579,0.00001,0.00002
17.10125,0.99750,0.93113,0.06863,0.00015,0.00009
17.20125,0.99750,0.51694,0.48102,0.00184,0.00020
17.30125,0.99750,0.33708,0.66021,0.00245,0.00025
17.40125,0.99750,0.84952,0.14993,0.00037,0.00018
17.50125,0.99750,0.98917,0.01071,0.00002,0.00010
17.60125,0.99750,0.99938,0.00051,0.00000,0.00010
17.70125,0.99750,0.99991,0.00005,0.00000,0.00005
17.80125,0.99750,0.99991,0.00001,0.00000,0.00009
17.90125,0.99750,0.99991,0.00000,0.00000,0.00009
18.00125,0.99750,0.99993,0.00000,0.00000,0.00007
18.10125,0.99750,0.99998,0.00000,0.00000,0.00002
18.20125,0.99750,0.99999,0.00000,0.00000,0.00001
18.30125,0.99750,0.99999,0.00001,0.00000,0.00000
18.40125,0.99750,0.99989,0.00010,0.00000,0.00001
18.50125,0.99750,0.99848,0.00150,0.00000,0.00002
18.60125,0.99750,0.97983,0.02012,0.00002,0.00004
18.70125,0.99750,0.79619,0.20336,0.00034,0.00011
18.80125,0.99750,0.38463,0.61396,0.00125,0.00017
18.90125,0.99750,0.74930,0.25013,0.00042,0.00014
19.00125,0.99750,0.97596,0.02391,0.00002,0.00011
19.10125,0.99750,0.99863,0.00126,0.00000,0.00011
19.20125,0.99750,0.99987,0.00008,0.00000,0.00004
19.30125,0.99750,0.99991,0.00001,0.00000,0.00008
19.40125,0.99750,0.99994,0.00000,0.00000,0.00006
19.50125,0.99750,0.99995,0.00000,0.00000,0.00005
19.60125,0.99750,0.99996,0.00000,0.00000,0.00004
19.70125,0.99750,0.99999,0.00000,0.00000,0.00001
19.80125,0.99750,0.99999,0.00000,0.00000,0.00001
19.90125,0.99750,0.99997,0.00003,0.00000,0.00001
20.00125,0.99750,0.99966,0.00033,0.00000,0.00001
20.10125,0.99750,0.99570,0.00425,0.00002,0.00003
20.20125,0.99750,0.94353,0.05602,0.00036,0.00008
20.30125,0.99750,0.59698,0.39922,0.00360,0.00021
20.40125,0.99750,0.44359,0.55052,0.00572,0.00017
20.50125,0.99750,0.79634,0.20227,0.00121,0.00018
20.60125,0.99750,0.98346,0.01633,0.00007,0.00014
20.70125,0.99750,0.99913,0.00075,0.00000,0.00012
20.80125,0.99750,0.99971,0.00015,0.00000,0.00014
20.90125,0.99750,0.99982,0.00002,0.00000,0.00016
21.00125,0.99750,0.99991,0.00000,0.00000,0.00009
21.10125,0.99750,0.99993,0.00000,0.00000,0.00006
21.20125,0.99750,0.99997,0.00000,0.00000,0.00002
21.30125,0.99750,0.99998,0.00000,0.00000,0.00001
21.40125,0.99750,0.99999,0.00001,0.00000,0.00000
21.50125,0.99750,0.99992,0.00008,0.00000,0.00000
21.60125,0.99750,0.99882,0.00117,0.00000,0.00001
21.70125,0.99750,0.98549,0.01447,0.00001,0.00002
21.80125,0.99750,0.85477,0.14505,0.00013,0.00004
21.90125,0.99750,0.52801,0.47146,0.00045,0.00008
22.00125,0.99750,0.71828,0.28141,0.00024,0.00007
22.10125,0.99750,0.97855,0.02139,0.00001,0.00004
22.20125,0.99750,0.99876,0.00119,0.00000,0.00004
22.30125,0.99750,0.99980,0.00017,0.00000,0.00004
22.40125,0.99750,0.99993,0.00001,0.00000,0.00006
22.50125,0.99750,0.99997,0.00000,0.00000,0.00003
22.60125,0.99750,0.99997,0.00000,0.00000,0.00003
22.70125,0.99750,0.99995,0.00000,0.00000,0.00005
22.80125,0.99750,0.99996,0.00000,0.00000,0.00004
22.90125,0.99750,0.99996,0.00001,0.00000,0.00003
23.00125,0.99750,0.99995,0.00003,0.00000,0.00002
23.10125,0.99750,0.99936,0.00061,0.00000,0.00003
23.20125,0.99750,0.99251,0.00743,0.00001,0.00006
23.30125,0.99750,0.90501,0.09471,0.00013,0.00015
23.40125,0.99750,0.45283,0.54586,0.00102,0.00029
23.50125,0.99750,0.24117,0.75700,0.00158,0.00025
23.60125,0.99750,0.53633,0.46272,0.00064,0.00031
23.70125,0.99750,0.89374,0.10593,0.00011,0.00022
23.80125,0.99750,0.98718,0.01265,0.00001,0.00016
23.90125,0.99750,0.99840,0.00145,0.00001,0.00014
24.00125,0.99750,0.99953,0.00017,0.00001,0.00029
24.10125,0.99750,0.99975,0.00002,0.00000,0.00023
24.20125,0.99750,0.99980,0.00000,0.00000,0.00020
24.30125,0.99750,0.99981,0.00000,0.00000,0.00018
24.40125,0.99750,0.99990,0.00001,0.00000,0.00010
24.50125,0.99750,0.99989,0.00003,0.00000,0.00007
24.60125,0.99750,0.99985,0.00012,0.00000,0.00003
24.70125,0.99750,0.99914,0.00084,0.00000,0.00003
24.80125,0.99750,0.99444,0.00551,0.00000,0.00004
24.90125,0.99750,0.95106,0.04879,0.00004,0.00011
25.00125,0.99750,0.59965,0.39968,0.00043,0.00024
25.10125,0.99750,0.25561,0.74350,0.00075,0.00014
25.20125,0.99750,0.46718,0.53218,0.00048,0.00015
25.30125,0.99750,0.91357,0.08628,0.00004,0.00011
25.40125,0.99750,0.99437,0.00556,0.00000,0.00006
25.50125,0.99750,0.99967,0.00028,0.00000,0.00005
25.60125,0.99750,0.99989,0.00004,0.00000,0.00006
25.70125,0.99750,0.99993,0.00000,0.00000,0.00007
25.80125,0.99750,0.99996,0.00000,0.00000,0.00004
25.90125,0.99750,0.99997,0.00000,0.00000,0.00003
26.00125,0.99750,0.99998,0.00000,0.00000,0.00001
26.10125,0.99750,0.99999,0.00000,0.00000,0.00000
26.20125,0.99750,0.99999,0.00001,0.00000,0.00000
26.30125,0.99750,0.99987,0.00013,0.00000,0.00000
26.40125,0.99750,0.99833,0.00166,0.00000,0.00001
26.50125,0.99750,0.97866,0.02131,0.00001,0.00002
26.60125,0.99750,0.77168,0.22814,0.00013,0.00006
26.70125,0.99750,0.22480,0.77443,0.00070,0.00006
26.80125,0.99750,0.07328,0.92523,0.00147,0.00002
26.90125,0.99750,0.26889,0.73034,0.00071,0.00006
27.00125,0.99750,0.83658,0.16305,0.00016,0.00021
27.10125,0.99750,0.99241,0.00714,0.00001,0.00044
27.20125,0.99750,0.99807,0.00135,0.00006,0.00052
27.30125,0.99750,0.99923,0.00015,0.00002,0.00060
27.40125,0.99750,0.99946,0.00005,0.00001,0.00048
27.50125,0.99750,0.99955,0.00006,0.00001,0.00038
27.60125,0.99750,0.99978,0.00009,0.00001,0.00012
27.70125,0.99750,0.99981,0.00014,0.00000,0.00005
27.80125,0.99750,0.99989,0.00009,0.00000,0.00001
27.90125,0.99750,0.99933,0.00067,0.00000,0.00001
28.00125,0.99750,0.99143,0.00854,0.00001,0.00002
28.10125,0.99750,0.89364,0.10618,0.00015,0.00004
28.20125,0.99750,0.46678,0.53197,0.00120,0.00005
28.30125,0.99750,0.11393,0.88351,0.00253,0.00003
28.40125,0.99750,0.22853,0.76968,0.00175,0.00004
28.50125,0.99750,0.80917,0.19051,0.00025,0.00007
28.60125,0.99750,0.98856,0.01133,0.00001,0.00010
28.70125,0.99750,0.99934,0.00061,0.00000,0.00005
28.80125,0.99750,0.99975,0.00010,0.00000,0.00015
28.90125,0.99750,0.99967,0.00004,0.00001,0.00029
29.00125,0.99750,0.99980,0.00006,0.00001,0.00013
29.10125,0.99750,0.99986,0.00008,0.00000,0.00006
29.20125,0.99750,0.99992,0.00004,0.00000,0.00003
29.30125,0.99750,0.99998,0.00001,0.00000,0.00001
29.40125,0.99750,0.99985,0.00014,0.00000,0.00001
29.50125,0.99750,0.99812,0.00182,0.00004,0.00002
29.60125,0.99750,0.97309,0.02588,0.00099,0.00004
29.70125,0.99750,0.72301,0.25941,0.01747,0.00010
29.80125,0.99750,0.26006,0.67749,0.06232,0.00012
29.90125,0.99750,0.77630,0.20984,0.01373,0.00014
30.00125,0.99750,0.97410,0.02450,0.00124,0.00016
30.10125,0.99750,0.99784,0.00188,0.00011,0.00016
30.20125,0.99750,0.99924,0.00046,0.00014,0.00016
30.30125,0.99750,0.99901,0.00048,0.00011,0.00040
30.40125,0.99750,0.99881,0.00052,0.00011,0.00056
30.50125,0.99750,0.99883,0.00059,0.00006,0.00052
30.60125,0.99750,0.99875,0.00085,0.00002,0.00038
30.70125,0.99750,0.99972,0.00022,0.00000,0.00006
30.80125,0.99750,0.99932,0.00065,0.00000,0.00003
30.90125,0.99750,0.99272,0.00720,0.00001,0.00008
31.00125,0.99750,0.94883,0.05085,0.00016,0.00016
31.10125,0.99750,0.64897,0.34892,0.00186,0.00024
31.20125,0.99750,0.23561,0.75768,0.00651,0.00020
31.30125,0.99750,0.33989,0.65595,0.00392,0.00024
31.40125,0.99750,0.87199,0.12716,0.00055,0.00030
31.50125,0.99750,0.99200,0.00782,0.00004,0.00014
31.60125,0.99750,0.99951,0.00041,0.00001,0.00007
31.70125,0.99750,0.99941,0.00034,0.00003,0.00022
31.80125,0.99750,0.99917,0.00015,0.00004,0.00064
31.90125,0.99750,0.99941,0.00022,0.00004,0.00033
32.00125,0.99750,0.99947,0.00033,0.00002,0.00017
32.10125,0.99750,0.99943,0.00037,0.00000,0.00020
32.20125,0.99750,0.99976,0.00022,0.00000,0.00002
32.30125,0.99750,0.99833,0.00164,0.00000,0.00002
32.40125,0.99750,0.98145,0.01845,0.00003,0.00007
32.50125,0.99750,0.79222,0.20703,0.00052,0.00023
32.60125,0.99750,0.33780,0.65962,0.00228,0.00030
32.70125,0.99750,0.22751,0.76973,0.00245,0.00031
32.80125,0.99750,0.67233,0.32665,0.00068,0.00034
32.90125,0.99750,0.97433,0.02533,0.00004,0.00029
33.00125,0.99750,0.99852,0.00129,0.00000,0.00019
33.10125,0.99750,0.99981,0.00011,0.00000,0.00007
33.20125,0.99750,0.99975,0.00002,0.00000,0.00023
33.30125,0.99750,0.99970,0.00001,0.00000,0.00029
33.40125,0.99750,0.99978,0.00001,0.00000,0.00021
33.50125,0.99750,0.99994,0.00002,0.00000,0.00004
33.60125,0.99750,0.99996,0.00002,0.00000,0.00002
33.70125,0.99750,0.99993,0.00007,0.00000,0.00001
33.80125,0.99750,0.99911,0.00088,0.00000,0.00001
33.90125,0.99750,0.98725,0.01272,0.00001,0.00002
34.00125,0.99750,0.85360,0.14613,0.00021,0.00005
34.10125,0.99750,0.31057,0.68800,0.00135,0.00007
34.20125,0.99750,0.18604,0.81197,0.00192,0.00007
34.30125,0.99750,0.68831,0.31117,0.00041,0.00011
34.40125,0.99750,0.97025,0.02965,0.00003,0.00007
34.50125,0.99750,0.99862,0.00129,0.00000,0.00009
34.60125,0.99750,0.99976,0.00017,0.00000,0.00006
34.70125,0.99750,0.99986,0.00002,0.00000,0.00012
34.80125,0.99750,0.99986,0.00000,0.00000,0.00014
34.90125,0.99750,0.99988,0.00000,0.00000,0.00011
35.00125,0.99750,0.99997,0.00001,0.00000,0.00002
35.10125,0.99750,0.99998,0.00001,0.00000,0.00001
35.20125,0.99750,0.99998,0.00002,0.00000,0.00000
35.30125,0.99750,0.99978,0.00022,0.00000,0.00000
35.40125,0.99750,0.99729,0.00270,0.00000,0.00001
35.50125,0.99750,0.96292,0.03702,0.00002,0.00004
35.60125,0.99750,0.79519,0.20457,0.00014,0.00011
35.70125,0.99750,0.55509,0.44443,0.00033,0.00016
35.80125,0.99750,0.82428,0.17548,0.00011,0.00012
35.90125,0.99750,0.98664,0.01329,0.00001,0.00006
36.00125,0.99750,0.99933,0.00057,0.00000,0.00011
36.10125,0.99750,0.99984,0.00010,0.00000,0.00006
36.20125,0.99750,0.99970,0.00005,0.00000,0.00025
36.30125,0.99750,0.99943,0.00003,0.00000,0.00054
36.40125,0.99750,0.99971,0.00004,0.00000,0.00025
36.50125,0.99750,0.99981,0.00006,0.00000,0.00012
36.60125,0.99750,0.99988,0.00008,0.00000,0.00003
36.70125,0.99750,0.99961,0.00037,0.00000,0.00002
36.80125,0.99750,0.99583,0.00412,0.00000,0.00004
36.90125,0.99750,0.94487,0.05496,0.00007,0.00010
37.00125,0.99750,0.60209,0.39689,0.00080,0.00021
37.10125,0.99750,0.27670,0.72160,0.00147,0.00023
37.20125,0.99750,0.51248,0.48647,0.00079,0.00026
37.30125,0.99750,0.92160,0.07817,0.00009,0.00015
37.40125,0.99750,0.99603,0.00385,0.00000,0.00012
37.50125,0.99750,0.99975,0.00018,0.00000,0.00007
37.60125,0.99750,0.99987,0.00003,0.00000,0.00010
37.70125,0.99750,0.99977,0.00002,0.00000,0.00021
37.80125,0.99750,0.99985,0.00003,0.00000,0.00012
37.90125,0.99750,0.99990,0.00005,0.00000,0.00006
38.00125,0.99750,0.99998,0.00001,0.00000,0.00001
38.10125,0.99750,0.99996,0.00003,0.00000,0.00001
38.20125,0.99750,0.99964,0.00034,0.00000,0.00002
38.30125,0.99750,0.99484,0.00507,0.00004,0.00006
38.40125,0.99750,0.93872,0.06044,0.00064,0.00019
38.50125,0.99750,0.62149,0.37269,0.00533,0.00049
38.60125,0.99750,0.66685,0.32833,0.00435,0.00047
38.70125,0.99750,0.96621,0.03329,0.00026,0.00024
38.80125,0.99750,0.99799,0.00184,0.00001,0.00016
38.90125,0.99750,0.99978,0.00009,0.00000,0.00013
39.00125,0.99750,0.99984,0.00002,0.00000,0.00014
39.10125,0.99750,0.99987,0.00000,0.00000,0.00012
39.20125,0.99750,0.99990,0.00000,0.00000,0.00010
39.30125,0.99750,0.99996,0.00001,0.00000,0.00003
39.40125,0.99750,0.99997,0.00001,0.00000,0.00002
39.50125,0.99750,0.99999,0.00001,0.00000,0.00000
39.60125,0.99750,0.99993,0.00006,0.00000,0.00000
39.70125,0.99750,0.99906,0.00093,0.00000,0.00001
39.80125,0.99750,0.98800,0.01194,0.00003,0.00003
39.90125,0.99750,0.86488,0.13449,0.00052,0.00011
40.00125,0.99750,0.39934,0.59757,0.00287,0.00021
40.10125,0.99750,0.60560,0.39263,0.00156,0.00021
40.20125,0.99750,0.95953,0.04021,0.00011,0.00015
40.30125,0.99750,0.99789,0.00196,0.00001,0.00014
40.40125,0.99750,0.99984,0.00010,0.00000,0.00007
40.50125,0.99750,0.99987,0.00002,0.00000,0.00011
40.60125,0.99750,0.99971,0.00002,0.00000,0.00027
40.70125,0.99750,0.99988,0.00002,0.00000,0.00010
40.80125,0.99750,0.99992,0.00004,0.00000,0.00004
40.90125,0.99750,0.99998,0.00001,0.00000,0.00001
41.00125,0.99750,0.99997,0.00003,0.00000,0.00000
41.10125,0.99750,0.99960,0.00039,0.00000,0.00001
41.20125,0.99750,0.99501,0.00496,0.00001,0.00002
41.30125,0.99750,0.94688,0.05295,0.00009,0.00008
41.40125,0.99750,0.66988,0.32934,0.00056,0.00022
41.50125,0.99750,0.72576,0.27362,0.00041,0.00020
41.60125,0.99750,0.97488,0.02501,0.00002,0.00008
41.70125,0.99750,0.99875,0.00116,0.00000,0.00009
41.80125,0.99750,0.99990,0.00005,0.00000,0.00005
41.90125,0.99750,0.99990,0.00001,0.00000,0.00009
42.00125,0.99750,0.99970,0.00001,0.00000,0.00029
42.10125,0.99750,0.99989,0.00001,0.00000,0.00010
42.20125,0.99750,0.99996,0.00002,0.00000,0.00002
42.30125,0.99750,0.99998,0.00001,0.00000,0.00001
42.40125,0.99750,0.99995,0.00005,0.00000,0.00000
42.50125,0.99750,0.99934,0.00065,0.00000,0.00000
42.60125,0.99750,0.99040,0.00958,0.00001,0.00002
42.70125,0.99750,0.89611,0.10376,0.00007,0.00007
42.80125,0.99750,0.59944,0.40016,0.00025,0.00014
42.90125,0.99750,0.51193,0.48765,0.00027,0.00015
43.00125,0.99750,0.91086,0.08901,0.00003,0.00009
43.10125,0.99750,0.99496,0.00493,0.00000,0.00011
43.20125,0.99750,0.99964,0.00022,0.00000,0.00014
43.30125,0.99750,0.99983,0.00003,0.00000,0.00014
43.40125,0.99750,0.99965,0.00002,0.00000,0.00032
43.50125,0.99750,0.99979,0.00003,0.00000,0.00017
43.60125,0.99750,0.99986,0.00004,0.00000,0.00009
43.70125,0.99750,0.99996,0.00002,0.00000,0.00002
43.80125,0.99750,0.99990,0.00009,0.00000,0.00001
43.90125,0.99750,0.99921,0.00078,0.00000,0.00001
44.00125,0.99750,0.99005,0.00989,0.00002,0.00004
44.10125,0.99750,0.89196,0.10765,0.00028,0.00011
44.20125,0.99750,0.44688,0.55167,0.00121,0.00024
44.30125,0.99750,0.52629,0.47245,0.00102,0.00023
44.40125,0.99750,0.94089,0.05885,0.00008,0.00017
44.50125,0.99750,0.99695,0.00294,0.00000,0.00011
44.60125,0.99750,0.99980,0.00014,0.00000,0.00006
44.70125,0.99750,0.99964,0.00016,0.00000,0.00019
44.80125,0.99750,0.99945,0.00022,0.00002,0.00030
44.90125,0.99750,0.99953,0.00030,0.00002,0.00015
45.00125,0.99750,0.99953,0.00041,0.00001,0.00005
45.10125,0.99750,0.99983,0.00016,0.00000,0.00001
45.20125,0.99750,0.99961,0.00039,0.00000,0.00000
45.30125,0.99750,0.99422,0.00576,0.00001,0.00000
45.40125,0.99750,0.92665,0.07315,0.00019,0.00001
45.50125,0.99750,0.47072,0.52710,0.00216,0.00002
45.60125,0.99750,0.16131,0.83467,0.00401,0.00002
45.70125,0.99750,0.58860,0.41022,0.00115,0.00003
45.80125,0.99750,0.96289,0.03702,0.00006,0.00003
45.90125,0.99750,0.99820,0.00177,0.00000,0.00002
46.00125,0.99750,0.99989,0.00009,0.00000,0.00002
46.10125,0.99750,0.99988,0.00005,0.00000,0.00006
46.20125,0.99750,0.99965,0.00007,0.00001,0.00027
46.30125,0.99750,0.99976,0.00010,0.00001,0.00014
46.40125,0.99750,0.99979,0.00014,0.00000,0.00006
46.50125,0.99750,0.99995,0.00005,0.00000,0.00000
46.60125,0.99750,0.99989,0.00011,0.00000,0.00000
46.70125,0.99750,0.99851,0.00149,0.00000,0.00000
46.80125,0.99750,0.97997,0.01995,0.00008,0.00001
46.90125,0.99750,0.77264,0.22622,0.00112,0.00002
47.00125,0.99750,0.37340,0.62355,0.00302,0.00002
47.10125,0.99750,0.56158,0.43727,0.00112,0.00003
47.20125,0.99750,0.94735,0.05255,0.00008,0.00003
47.30125,0.99750,0.99725,0.00272,0.00000,0.00002
47.40125,0.99750,0.99984,0.00015,0.00000,0.00001
47.50125,0.99750,0.99985,0.00008,0.00000,0.00007
47.60125,0.99750,0.99930,0.00014,0.00001,0.00055
47.70125,0.99750,0.99935,0.00017,0.00001,0.00048
47.80125,0.99750,0.99962,0.00028,0.00001,0.00009
47.90125,0.99750,0.99985,0.00012,0.00000,0.00003
48.00125,0.99750,0.99963,0.00036,0.00000,0.00001
48.10125,0.99750,0.99776,0.00223,0.00000,0.00001
48.20125,0.99750,0.96960,0.03034,0.00002,0.00003
48.30125,0.99750,0.70843,0.29104,0.00046,0.00007
48.40125,0.99750,0.17346,0.82527,0.00119,0.00007
48.50125,0.99750,0.30244,0.69678,0.00067,0.00011
48.60125,0.99750,0.79938,0.20038,0.00012,0.00012
48.70125,0.99750,0.98630,0.01361,0.00001,0.00008
48.80125,0.99750,0.99935,0.00052,0.00000,0.00013
48.90125,0.99750,0.99974,0.00012,0.00000,0.00014
49.00125,0.99750,0.99951,0.00005,0.00000,0.00043
49.10125,0.99750,0.99952,0.00007,0.00000,0.00041
49.20125,0.99750,0.99977,0.00010,0.00000,0.00013
49.30125,0.99750,0.99977,0.00015,0.00000,0.00008
49.40125,0.99750,0.99987,0.00012,0.00000,0.00001
49.50125,0.99750,0.99904,0.00095,0.00000,0.00001
49.60125,0.99750,0.98922,0.01075,0.00001,0.00002
49.70125,0.99750,0.87019,0.12948,0.00026,0.00007
49.80125,0.99750,0.31920,0.67869,0.00201,0.00010
49.90125,0.99750,0.11125,0.88543,0.00325,0.00008
50.00125,0.99750,0.20757,0.79088,0.00143,0.00012
50.10125,0.99750,0.72263,0.27671,0.00038,0.00028
50.20125,0.99750,0.98122,0.01833,0.00003,0.00042
50.30125,0.99750,0.99869,0.00108,0.00002,0.00020
50.40125,0.99750,0.99937,0.00011,0.00001,0.00051
50.50125,0.99750,0.99961,0.00002,0.00000,0.00038
50.60125,0.99750,0.99972,0.00002,0.00000,0.00026
50.70125,0.99750,0.99992,0.00003,0.00000,0.00005
50.80125,0.99750,0.99989,0.00005,0.00000,0.00006
50.90125,0.99750,0.99993,0.00006,0.00000,0.00001
51.00125,0.99750,0.99973,0.00026,0.00000,0.00001
51.10125,0.99750,0.99710,0.00288,0.00000,0.00002
51.20125,0.99750,0.96436,0.03557,0.00002,0.00005
51.30125,0.99750,0.65920,0.34043,0.00021,0.00016
51.40125,0.99750,0.15484,0.84414,0.00092,0.00010
51.50125,0.99750,0.21202,0.78727,0.00057,0.00014
51.60125,0.99750,0.69240,0.30705,0.00016,0.00039
51.70125,0.99750,0.97754,0.02159,0.00001,0.00086
51.80125,0.99750,0.99863,0.00115,0.00003,0.00020
51.90125,0.99750,0.99890,0.00025,0.00002,0.00083
52.00125,0.99750,0.99888,0.00037,0.00004,0.00071
52.10125,0.99750,0.99914,0.00057,0.00003,0.00026
52.20125,0.99750,0.99935,0.00044,0.00000,0.00021
52.30125,0.99750,0.99962,0.00036,0.00000,0.00002
52.40125,0.99750,0.99931,0.00067,0.00000,0.00002
52.50125,0.99750,0.99680,0.00316,0.00000,0.00003
52.60125,0.99750,0.97249,0.02737,0.00005,0.00010
52.70125,0.99750,0.73271,0.26614,0.00088,0.00026
52.80125,0.99750,0.35970,0.63759,0.00236,0.00034
52.90125,0.99750,0.69241,0.30630,0.00101,0.00029
53.00125,0.99750,0.97570,0.02392,0.00005,0.00034
53.10125,0.99750,0.99858,0.00114,0.00000,0.00028
53.20125,0.99750,0.99973,0.00013,0.00000,0.00013
53.30125,0.99750,0.99971,0.00001,0.00000,0.00028
53.40125,0.99750,0.99976,0.00001,0.00000,0.00023
53.50125,0.99750,0.99988,0.00002,0.00000,0.00010
53.60125,0.99750,0.99990,0.00003,0.00000,0.00007
53.70125,0.99750,0.99999,0.00001,0.00000,0.00001
53.80125,0.99750,0.99995,0.00004,0.00000,0.00000
53.90125,0.99750,0.99938,0.00061,0.00000,0.00001
54.00125,0.99750,0.99220,0.00777,0.00001,0.00003
54.10125,0.99750,0.92758,0.07221,0.00011,0.00010
54.20125,0.99750,0.72912,0.27026,0.00041,0.00020
54.30125,0.99750,0.87716,0.12256,0.00014,0.00015
54.40125,0.99750,0.99240,0.00752,0.00001,0.00007
54.50125,0.99750,0.99954,0.00042,0.00000,0.00004
54.60125,0.99750,0.99995,0.00003,0.00000,0.00002
54.70125,0.99750,0.99993,0.00001,0.00000,0.00006
54.80125,0.99750,0.99980,0.00001,0.00000,0.00019
54.90125,0.99750,0.99990,0.00002,0.00000,0.00008
55.00125,0.99750,0.99992,0.00003,0.00000,0.00005
55.10125,0.99750,0.99997,0.00002,0.00000,0.00001
55.20125,0.99750,0.99987,0.00012,0.00000,0.00001
55.30125,0.99750,0.99823,0.00176,0.00000,0.00001
55.40125,0.99750,0.97550,0.02441,0.00004,0.00004
55.50125,0.99750,0.84122,0.15840,0.00026,0.00012
55.60125,0.99750,0.50588,0.49301,0.00090,0.00020
55.70125,0.99750,0.47367,0.52526,0.00086,0.00022
55.80125,0.99750,0.92316,0.07657,0.00010,0.00017
55.90125,0.99750,0.99421,0.00560,0.00001,0.00018
56.00125,0.99750,0.99966,0.00026,0.00000,0.00008
56.10125,0.99750,0.99951,0.00012,0.00001,0.00036
56.20125,0.99750,0.99939,0.00016,0.00001,0.00043
56.30125,0.99750,0.99956,0.00021,0.00001,0.00023
56.40125,0.99750,0.99956,0.00029,0.00000,0.00014
56.50125,0.99750,0.99979,0.00019,0.00000,0.00002
56.60125,0.99750,0.99951,0.00048,0.00000,0.00001
56.70125,0.99750,0.99661,0.00337,0.00000,0.00002
56.80125,0.99750,0.96964,0.03028,0.00003,0.00006
56.90125,0.99750,0.77472,0.22505,0.00015,0.00008
57.00125,0.99750,0.33511,0.66428,0.00048,0.00013
57.10125,0.99750,0.67459,0.32513,0.00016,0.00012
57.20125,0.99750,0.96781,0.03206,0.00001,0.00012
57.30125,0.99750,0.99796,0.00195,0.00000,0.00009
57.40125,0.99750,0.99983,0.00013,0.00000,0.00004
57.50125,0.99750,0.99985,0.00003,0.00000,0.00012
57.60125,0.99750,0.99974,0.00003,0.00000,0.00022
57.70125,0.99750,0.99984,0.00004,0.00000,0.00012
57.80125,0.99750,0.99990,0.00006,0.00000,0.00004
57.90125,0.99750,0.99991,0.00005,0.00000,0.00004
58.00125,0.99750,0.99984,0.00015,0.00000,0.00001
58.10125,0.99750,0.99810,0.00189,0.00000,0.00001
58.20125,0.99750,0.98181,0.01813,0.00003,0.00003
58.30125,0.99750,0.82406,0.17540,0.00044,0.00009
58.40125,0.99750,0.31163,0.68599,0.00226,0.00012
58.50125,0.99750,0.22446,0.77302,0.00240,0.00012
58.60125,0.99750,0.81626,0.18318,0.00035,0.00020
58.70125,0.99750,0.98669,0.01316,0.00002,0.00013
58.80125,0.99750,0.99922,0.00065,0.00000,0.00013
58.90125,0.99750,0.99979,0.00009,0.00000,0.00011
59.00125,0.99750,0.99981,0.00001,0.00000,0.00018
59.10125,0.99750,0.99982,0.00000,0.00000,0.00018
59.20125,0.99750,0.99993,0.00000,0.00000,0.00007
59.30125,0.99750,0.99997,0.00001,0.00000,0.00002
59.40125,0.99750,0.99998,0.00001,0.00000,0.00001
59.50125,0.99750,0.99994,0.00005,0.00000,0.00000
59.60125,0.99750,0.99922,0.00077,0.00000,0.00001
59.70125,0.99750,0.98976,0.01022,0.00000,0.00002
59.80125,0.99750,0.88826,0.11163,0.00006,0.00005
59.90125,0.99750,0.36304,0.63640,0.00046,0.00009
60.00125,0.99750,0.13570,0.86355,0.00068,0.00007
60.10125,0.99750,0.39012,0.60948,0.00026,0.00014
60.20125,0.99750,0.91944,0.08028,0.00003,0.00025
60.30125,0.99750,0.99665,0.00309,0.00000,0.00026
60.40125,0.99750,0.99932,0.00048,0.00001,0.00019
60.50125,0.99750,0.99856,0.00035,0.00003,0.00106
60.60125,0.99750,0.99854,0.00045,0.00004,0.00097
60.70125,0.99750,0.99898,0.00063,0.00003,0.00036
60.80125,0.99750,0.99956,0.00025,0.00000,0.00019
60.90125,0.99750,0.99977,0.00020,0.00000,0.00003
61.00125,0.99750,0.99922,0.00074,0.00000,0.00004
61.10125,0.99750,0.99480,0.00509,0.00002,0.00009
61.20125,0.99750,0.94038,0.05899,0.00041,0.00022
61.30125,0.99750,0.57346,0.42125,0.00480,0.00049
61.40125,0.99750,0.47424,0.51984,0.00533,0.00059
61.50125,0.99750,0.88243,0.11650,0.00059,0.00048
61.60125,0.99750,0.98630,0.01326,0.00004,0.00039
61.70125,0.99750,0.99849,0.00111,0.00000,0.00040
61.80125,0.99750,0.99664,0.00235,0.00005,0.00096
61.90125,0.99750,0.99421,0.00361,0.00030,0.00188
62.00125,0.99750,0.99268,0.00625,0.00043,0.00064
62.10125,0.99750,0.99671,0.00291,0.00002,0.00036
62.20125,0.99750,0.99750,0.00243,0.00000,0.00008
62.30125,0.99750,0.99608,0.00387,0.00000,0.00005
62.40125,0.99750,0.97548,0.02442,0.00003,0.00007
62.50125,0.99750,0.84512,0.15443,0.00030,0.00014
62.60125,0.99750,0.49029,0.50818,0.00127,0.00026
62.70125,0.99750,0.37380,0.62450,0.00141,0.00030
62.80125,0.99750,0.84095,0.15855,0.00024,0.00025
62.90125,0.99750,0.98883,0.01100,0.00002,0.00015
63.00125,0.99750,0.99917,0.00065,0.00000,0.00018
63.10125,0.99750,0.99869,0.00097,0.00001,0.00033
63.20125,0.99751,0.99780,0.00120,0.00014,0.00085
63.30125,0.99750,0.99752,0.00198,0.00019,0.00030
63.40125,0.99750,0.99679,0.00293,0.00002,0.00026
63.50125,0.99750,0.99805,0.00192,0.00000,0.00004
63.60125,0.99750,0.99671,0.00328,0.00000,0.00001
63.70125,0.99751,0.98271,0.01727,0.00001,0.00001
63.80125,0.99750,0.83290,0.16694,0.00013,0.00003
63.90125,0.99750,0.28025,0.71891,0.00079,0.00004
64.00125,0.99750,0.08615,0.91282,0.00100,0.00003
64.10125,0.99750,0.42489,0.57466,0.00039,0.00007
64.20125,0.99751,0.92673,0.07317,0.00003,0.00007
64.30125,0.99751,0.99662,0.00328,0.00000,0.00010
64.40125,0.99750,0.99979,0.00018,0.00000,0.00004
64.50125,0.99750,0.99983,0.00005,0.00000,0.00012
64.60125,0.99750,0.99953,0.00006,0.00001,0.00040
64.70125,0.99751,0.99982,0.00010,0.00000,0.00008
64.80125,0.99751,0.99977,0.00015,0.00000,0.00008
64.90125,0.99750,0.99992,0.00007,0.00000,0.00001
65.00125,0.99750,0.99978,0.00022,0.00000,0.00000
65.10125,0.99750,0.99710,0.00289,0.00000,0.00001
65.20125,0.99751,0.96333,0.03662,0.00002,0.00003
65.30125,0.99751,0.75392,0.24587,0.00013,0.00008
65.40125,0.99750,0.32471,0.67490,0.00026,0.00013
65.50125,0.99750,0.49581,0.50388,0.00016,0.00014
65.60125,0.99750,0.92534,0.07451,0.00002,0.00013
65.70125,0.99751,0.99602,0.00376,0.00000,0.00022
65.80125,0.99751,0.99976,0.00018,0.00000,0.00006
65.90125,0.99750,0.99962,0.00005,0.00000,0.00032
66.00125,0.99750,0.99932,0.00007,0.00000,0.00061
66.10125,0.99750,0.99967,0.00010,0.00000,0.00023
66.20125,0.99751,0.99973,0.00017,0.00000,0.00010
66.30125,0.99751,0.99981,0.00017,0.00000,0.00003
66.40125,0.99750,0.99958,0.00041,0.00000,0.00001
66.50125,0.99750,0.99628,0.00370,0.00000,0.00002
66.60125,0.99750,0.95624,0.04368,0.00003,0.00005
66.70125,0.99751,0.63501,0.36450,0.00036,0.00013
66.80125,0.99751,0.16951,0.82933,0.00103,0.00013
66.90125,0.99750,0.29818,0.70095,0.00072,0.00015
67.00125,0.99750,0.86835,0.13132,0.00008,0.00025
67.10125,0.99750,0.99269,0.00708,0.00000,0.00023
67.20125,0.99751,0.99939,0.00046,0.00000,0.00015
67.30125,0.99751,0.99879,0.00074,0.00005,0.00042
67.40125,0.99750,0.99810,0.00092,0.00016,0.00082
67.50125,0.99750,0.99814,0.00117,0.00010,0.00058
67.60125,0.99750,0.99872,0.00092,0.00001,0.00035
67.70125,0.99751,0.99934,0.00062,0.00000,0.00003
67.80125,0.99751,0.99884,0.00115,0.00000,0.00001
67.90125,0.99750,0.98803,0.01194,0.00001,0.00001
68.00125,0.99750,0.85157,0.14811,0.00028,0.00004
68.10125,0.99750,0.33100,0.66737,0.00158,0.00006
68.20125,0.99751,0.17000,0.82777,0.00218,0.00005
68.30125,0.99751,0.65922,0.34017,0.00050,0.00011
68.40125,0.99750,0.97130,0.02860,0.00003,0.00007
68.50125,0.99750,0.99859,0.00137,0.00000,0.00004
68.60125,0.99750,0.99980,0.00017,0.00000,0.00002
68.70125,0.99751,0.99986,0.00005,0.00000,0.00008
68.80125,0.99751,0.99962,0.00008,0.00001,0.00029
68.90125,0.99750,0.99963,0.00010,0.00001,0.00026
69.00125,0.99750,0.99972,0.00012,0.00000,0.00016
69.10125,0.99750,0.99994,0.00005,0.00000,0.00001
69.20125,0.99751,0.99989,0.00010,0.00000,0.00000
69.30125,0.99751,0.99846,0.00152,0.00000,0.00001
69.40125,0.99750,0.97925,0.02067,0.00005,0.00003
69.50125,0.99750,0.77053,0.22860,0.00079,0.00008
69.60125,0.99750,0.23753,0.75797,0.00442,0.00008
69.70125,0.99751,0.52959,0.46826,0.00204,0.00010
69.80125,0.99751,0.94603,0.05375,0.00014,0.00008
69.90125,0.99750,0.99641,0.00353,0.00001,0.00005
70.00125,0.99750,0.99972,0.00026,0.00000,0.00002
70.10125,0.99750,0.99933,0.00048,0.00004,0.00015
70.20125,0.99751,0.99853,0.00101,0.00019,0.00027
70.30125,0.99751,0.99847,0.00124,0.00010,0.00019
70.40125,0.99750,0.99938,0.00054,0.00000,0.00007
70.50125,0.99750,0.99956,0.00043,0.00000,0.00001
70.60125,0.99750,0.99932,0.00068,0.00000,0.00001
70.70125,0.99751,0.98936,0.01061,0.00002,0.00001
70.80125,0.99751,0.89561,0.10401,0.00034,0.00004
70.90125,0.99750,0.46204,0.53558,0.00231,0.00007
71.00125,0.99750,0.45325,0.54447,0.00221,0.00007
71.10125,0.99750,0.90300,0.09669,0.00024,0.00007
71.20125,0.99751,0.99515,0.00478,0.00001,0.00005
71.30125,0.99751,0.99970,0.00028,0.00000,0.00002
71.40125,0.99750,0.99924,0.00066,0.00002,0.00008
71.50125,0.99750,0.99842,0.00121,0.00018,0.00019
71.60125,0.99750,0.99807,0.00168,0.00018,0.00008
71.70125,0.99751,0.99859,0.00125,0.00000,0.00015
71.80125,0.99751,0.99913,0.00086,0.00000,0.00002
71.90125,0.99750,0.99815,0.00184,0.00000,0.00001
72.00125,0.99750,0.98620,0.01377,0.00001,0.00002
72.10125,0.99750,0.83599,0.16383,0.00011,0.00007
72.20125,0.99751,0.26339,0.73579,0.00073,0.00009
72.30125,0.99751,0.13265,0.86627,0.00100,0.00007
72.40125,0.99750,0.60843,0.39112,0.00026,0.00018
72.50125,0.99750,0.96837,0.03142,0.00002,0.00019
72.60125,0.99750,0.99847,0.00131,0.00000,0.00022
72.70125,0.99751,0.99912,0.00071,0.00001,0.00016
72.80125,0.99751,0.99803,0.00081,0.00010,0.00106
72.90125,0.99750,0.99767,0.00102,0.00016,0.00116
73.00125,0.99750,0.99804,0.00146,0.00012,0.00038
73.10125,0.99750,0.99786,0.00174,0.00000,0.00039
73.20125,0.99751,0.99914,0.00083,0.00000,0.00003
73.30125,0.99751,0.99619,0.00379,0.00000,0.00001
73.40125,0.99750,0.95135,0.04860,0.00002,0.00003
73.50125,0.99750,0.57753,0.42209,0.00033,0.00006
73.60125,0.99750,0.16485,0.83434,0.00076,0.00006
73.70125,0.99751,0.45924,0.54039,0.00029,0.00008
73.80125,0.99751,0.87649,0.12341,0.00004,0.00006
73.90125,0.99750,0.99162,0.00834,0.00000,0.00004
74.00125,0.99750,0.99955,0.00042,0.00000,0.00003
74.10125,0.99750,0.99996,0.00003,0.00000,0.00001
74.20125,0.99751,0.99990,0.00002,0.00000,0.00008
74.30125,0.99751,0.99978,0.00003,0.00000,0.00019
74.40125,0.99750,0.99982,0.00003,0.00000,0.00014
74.50125,0.99750,0.99983,0.00004,0.00000,0.00013
74.60125,0.99750,0.99992,0.00006,0.00000,0.00002
74.70125,0.99751,0.99951,0.00047,0.00000,0.00002
74.80125,0.99751,0.99530,0.00465,0.00000,0.00004
74.90125,0.99750,0.95001,0.04988,0.00002,0.00009
75.00125,0.99750,0.71533,0.28429,0.00012,0.00026
75.10125,0.99750,0.58096,0.41856,0.00017,0.00031
75.20125,0.99751,0.91868,0.08113,0.00002,0.00017
75.30125,0.99751,0.99511,0.00481,0.00000,0.00009
75.40125,0.99750,0.99970,0.00026,0.00000,0.00004
75.50125,0.99750,0.99974,0.00021,0.00000,0.00005
75.60125,0.99750,0.99951,0.00033,0.00001,0.00014
75.70125,0.99751,0.99924,0.00061,0.00003,0.00013
75.80125,0.99751,0.99917,0.00070,0.00000,0.00012
75.90125,0.99750,0.99951,0.00047,0.00000,0.00003
76.00125,0.99750,0.99860,0.00138,0.00000,0.00002
76.10125,0.99750,0.98854,0.01140,0.00002,0.00004
76.20125,0.99751,0.87737,0.12211,0.00038,0.00015
76.30125,0.99751,0.49615,0.50164,0.00193,0.00029
76.40125,0.99750,0.35519,0.64253,0.00198,0.00031
76.50125,0.99750,0.80967,0.18968,0.00035,0.00030
76.60125,0.99750,0.98411,0.01563,0.00002,0.00024
76.70125,0.99751,0.99376,0.00572,0.00001,0.00051
76.80125,0.99751,0.99217,0.00740,0.00018,0.00025
76.90125,0.99750,0.98139,0.01637,0.00151,0.00074
77.00125,0.99750,0.98136,0.01744,0.00066,0.00054
77.10125,0.99750,0.99315,0.00674,0.00002,0.00009
77.20125,0.99751,0.99516,0.00482,0.00001,0.00002
77.30125,0.99751,0.98381,0.01613,0.00004,0.00002
77.40125,0.99750,0.92104,0.07847,0.00047,0.00002
77.50125,0.99750,0.50039,0.49443,0.00515,0.00003
77.60125,0.99750,0.11814,0.86562,0.01623,0.00001
77.70125,0.99751,0.36842,0.62287,0.00868,0.00003
77.80125,0.99751,0.80994,0.18777,0.00222,0.00006
77.90125,0.99750,0.92309,0.07603,0.00076,0.00012
78.00125,0.99750,0.91422,0.08265,0.00296,0.00017
78.10125,0.99750,0.73775,0.21503,0.04688,0.00035
78.20125,0.99751,0.57092,0.39874,0.02944,0.00090
78.30125,0.99751,0.81494,0.18407,0.00076,0.00023
78.40125,0.99750,0.84528,0.15459,0.00009,0.00004
78.50125,0.99750,0.82509,0.17477,0.00012,0.00002
78.60125,0.99750,0.80892,0.19093,0.00013,0.00002
78.70125,0.99751,0.34591,0.65335,0.00072,0.00002
78.80125,0.99751,0.11912,0.87969,0.00117,0.00001
78.90125,0.99750,0.26829,0.73098,0.00070,0.00002
79.00125,0.99750,0.85327,0.14657,0.00012,0.00003
79.10125,0.99750,0.99220,0.00776,0.00001,0.00003
79.20125,0.99751,0.99945,0.00054,0.00000,0.00001
79.30125,0.99751,0.99977,0.00018,0.00001,0.00004
79.40125,0.99750,0.99950,0.00016,0.00003,0.00031
79.50125,0.99750,0.99958,0.00023,0.00003,0.00016
79.60125,0.99750,0.99947,0.00042,0.00000,0.00011
79.70125,0.99751,0.99979,0.00020,0.00000,0.00001
79.80125,0.99751,0.99974,0.00026,0.00000,0.00000
79.90125,0.99750,0.99779,0.00221,0.00000,0.00001
80.00125,0.99750,0.96932,0.03064,0.00002,0.00002
80.10125,0.99750,0.74723,0.25252,0.00017,0.00007
80.20125,0.99751,0.25840,0.74100,0.00051,0.00010
80.30125,0.99751,0.27816,0.72133,0.00041,0.00010
80.40125,0.99750,0.84722,0.15263,0.00005,0.00010
80.50125,0.99750,0.99186,0.00799,0.00000,0.00015
80.60125,0.99750,0.99963,0.00029,0.00000,0.00008
80.70125,0.99751,0.99968,0.00006,0.00000,0.00026
80.80125,0.99751,0.99968,0.00001,0.00000,0.00032
80.90125,0.99750,0.99978,0.00001,0.00000,0.00021
81.00125,0.99750,0.99994,0.00002,0.00000,0.00004
81.10125,0.99750,0.99995,0.00003,0.00000,0.00002
81.20125,0.99751,0.99997,0.00003,0.00000,0.00001
81.30125,0.99751,0.99969,0.00030,0.00000,0.00000
81.40125,0.99750,0.99506,0.00492,0.00000,0.00001
81.50125,0.99750,0.93266,0.06726,0.00005,0.00004
81.60125,0.99750,0.51328,0.48617,0.00047,0.00008
81.70125,0.99751,0.11024,0.88866,0.00104,0.00007
81.80125,0.99751,0.15889,0.84017,0.00085,0.00008
81.90125,0.99750,0.71811,0.28146,0.00018,0.00026
82.00125,0.99750,0.98160,0.01792,0.00001,0.00046
82.10125,0.99750,0.99902,0.00082,0.00001,0.00016
82.20125,0.99751,0.99963,0.00011,0.00001,0.00026
82.30125,0.99751,0.99963,0.00002,0.00000,0.00035
82.40125,0.99750,0.99959,0.00003,0.00000,0.00038
82.50125,0.99750,0.99977,0.00004,0.00000,0.00019
82.60125,0.99750,0.99984,0.00006,0.00000,0.00010
82.70125,0.99751,0.99995,0.00004,0.00000,0.00001
82.80125,0.99751,0.99973,0.00027,0.00000,0.00000
82.90125,0.99750,0.99666,0.00332,0.00000,0.00001
83.00125,0.99750,0.96017,0.03973,0.00007,0.00004
83.10125,0.99750,0.66970,0.32944,0.00075,0.00011
83.20125,0.99751,0.22933,0.76880,0.00174,0.00013
83.30125,0.99751,0.39707,0.60190,0.00086,0.00017
83.40125,0.99750,0.90410,0.09567,0.00008,0.00015
83.50125,0.99750,0.99451,0.00538,0.00000,0.00010
83.60125,0.99750,0.99966,0.00028,0.00000,0.00005
83.70125,0.99751,0.99982,0.00005,0.00000,0.00013
83.80125,0.99751,0.99977,0.00000,0.00000,0.00022
83.90125,0.99750,0.99992,0.00000,0.00000,0.00008
84.00125,0.99750,0.99998,0.00000,0.00000,0.00002
84.10125,0.99750,0.99999,0.00000,0.00000,0.00001
84.20125,0.99751,0.99999,0.00000,0.00000,0.00001
84.30125,0.99751,0.99999,0.00000,0.00000,0.00000
84.40125,0.99750,0.99998,0.00001,0.00000,0.00002
84.50125,0.99750,0.99996,0.00003,0.00000,0.00000
84.60125,0.99750,0.99947,0.00053,0.00000,0.00001
84.70125,0.99751,0.99179,0.00818,0.00001,0.00002
84.80125,0.99751,0.90100,0.09880,0.00012,0.00007
84.90125,0.99750,0.47513,0.52391,0.00080,0.00016
85.00125,0.99750,0.17233,0.82619,0.00131,0.00016
85.10125,0.99750,0.64981,0.34961,0.00036,0.00022
85.20125,0.99751,0.96933,0.03048,0.00002,0.00017
85.30125,0.99751,0.99847,0.00135,0.00000,0.00018
85.40125,0.99750,0.99984,0.00010,0.00000,0.00006
85.50125,0.99750,0.99982,0.00001,0.00000,0.00017
85.60125,0.99750,0.99988,0.00000,0.00000,0.00012
85.70125,0.99751,0.99996,0.00000,0.00000,0.00004
85.80125,0.99751,0.99999,0.00000,0.00000,0.00001
85.90125,0.99750,1.00000,0.00000,0.00000,0.00000
86.00125,0.99750,1.00000,0.00000,0.00000,0.00000
86.10125,0.99750,1.00000,0.00000,0.00000,0.00000
86.20125,0.99751,0.99999,0.00000,0.00000,0.00001
86.30125,0.99751,0.99999,0.00000,0.00000,0.00001
86.40125,0.99750,0.99997,0.00001,0.00000,0.00002
86.50125,0.99750,0.99994,0.00005,0.00000,0.00001
86.60125,0.99750,0.99928,0.00071,0.00000,0.00001
86.70125,0.99751,0.98890,0.01104,0.00003,0.00004
86.80125,0.99751,0.86806,0.13125,0.00055,0.00014
86.90125,0.99750,0.33162,0.66402,0.00413,0.00022
87.00125,0.99750,0.11802,0.87751,0.00430,0.00017
87.10125,0.99750,0.20364,0.79375,0.00228,0.00033
87.20125,0.99751,0.79400,0.20500,0.00044,0.00056
87.30125,0.99751,0.98636,0.01312,0.00003,0.00050
87.40125,0.99750,0.99898,0.00071,0.00000,0.00031
87.50125,0.99750,0.99945,0.00015,0.00000,0.00040
87.60125,0.99750,0.99964,0.00001,0.00000,0.00035
87.70125,0.99751,0.99988,0.00000,0.00000,0.00012
87.80125,0.99751,0.99997,0.00000,0.00000,0.00003
87.90125,0.99750,0.99999,0.00000,0.00000,0.00001
88.00125,0.99750,1.00000,0.00000,0.00000,0.00000
88.10125,0.99750,1.00000,0.00000,0.00000,0.00000
88.20125,0.99751,1.00000,0.00000,0.00000,0.00000
88.30125,0.99751,1.00000,0.00000,0.00000,0.00000
88.40125,0.99750,0.99999,0.00000,0.00000,0.00000
88.50125,0.99750,0.99996,0.00003,0.00000,0.00000
88.60125,0.99750,0.99949,0.00050,0.00000,0.00000
88.70125,0.99751,0.99238,0.00761,0.00000,0.00001
88.80125,0.99751,0.89847,0.10144,0.00004,0.00004
88.90125,0.99750,0.64717,0.35257,0.00018,0.00008
89.00125,0.99750,0.57824,0.42149,0.00019,0.00009
89.10125,0.99750,0.77954,0.22030,0.00008,0.00008
89.20125,0.99751,0.97494,0.02498,0.00001,0.00008
89.30125,0.99751,0.99872,0.00102,0.00000,0.00026
89.40125,0.99750,0.99977,0.00012,0.00000,0.00011
89.50125,0.99750,0.99981,0.00001,0.00000,0.00018
89.60125,0.99750,0.99990,0.00000,0.00000,0.00010
89.70125,0.99751,0.99994,0.00000,0.00000,0.00006
89.80125,0.99751,0.99997,0.00000,0.00000,0.00003
89.90125,0.99750,0.99996,0.00000,0.00000,0.00004
90.00125,0.99750,0.99997,0.00000,0.00000,0.00003
90.10125,0.99750,0.99997,0.00001,0.00000,0.00002
90.20125,0.99751,0.99994,0.00005,0.00000,0.00001
90.30125,0.99751,0.99932,0.00067,0.00000,0.00001
90.40125,0.99750,0.99075,0.00921,0.00002,0.00003
90.50125,0.99750,0.89785,0.10174,0.00033,0.00008
90.60125,0.99750,0.43610,0.56148,0.00229,0.00013
90.70125,0.99751,0.16641,0.82971,0.00377,0.00010
90.80125,0.99751,0.35067,0.64737,0.00182,0.00015
90.90125,0.99750,0.76739,0.23207,0.00032,0.00022
91.00125,0.99750,0.97871,0.02101,0.00002,0.00026
91.10125,0.99750,0.99884,0.00093,0.00000,0.00022
91.20125,0.99751,0.99951,0.00015,0.00000,0.00034
91.30125,0.99751,0.99968,0.00001,0.00000,0.00031
91.40125,0.99750,0.99985,0.00000,0.00000,0.00015
91.50125,0.99750,0.99986,0.00000,0.00000,0.00013
91.60125,0.99750,0.99994,0.00000,0.00000,0.00006
91.70125,0.99751,0.99997,0.00001,0.00000,0.00002
91.80125,0.99751,0.99996,0.00002,0.00000,0.00002
91.90125,0.99750,0.99985,0.00015,0.00000,0.00001
92.00125,0.99750,0.99816,0.00182,0.00000,0.00002
92.10125,0.99750,0.97359,0.02632,0.00004,0.00004
92.20125,0.99751,0.71734,0.28191,0.00064,0.00011
92.30125,0.99751,0.19664,0.80124,0.00200,0.00012
92.40125,0.99750,0.24485,0.75349,0.00152,0.00014
92.50125,0.99750,0.77666,0.22287,0.00030,0.00017
92.60125,0.99750,0.98188,0.01794,0.00002,0.00016
92.70125,0.99751,0.99877,0.00103,0.00000,0.00020
92.80125,0.99751,0.99969,0.00016,0.00000,0.00015
92.90125,0.99750,0.99980,0.00001,0.00000,0.00019
93.00125,0.99750,0.99991,0.00000,0.00000,0.00009
93.10125,0.99750,0.99990,0.00000,0.00000,0.00010
93.20125,0.99751,0.99993,0.00000,0.00000,0.00007
93.30125,0.99751,0.99996,0.00000,0.00000,0.00004
93.40125,0.99750,0.99995,0.00003,0.00000,0.00003
93.50125,0.99750,0.99986,0.00011,0.00000,0.00003
93.60125,0.99750,0.99889,0.00109,0.00000,0.00002
93.70125,0.99751,0.98641,0.01349,0.00004,0.00006
93.80125,0.99751,0.83920,0.15991,0.00072,0.00017
93.90125,0.99750,0.27458,0.72010,0.00515,0.00017
94.00125,0.99750,0.09410,0.89631,0.00949,0.00010
94.10125,0.99750,0.10332,0.89013,0.00639,0.00017
94.20125,0.99751,0.35589,0.64043,0.00318,0.00049
94.30125,0.99751,0.89917,0.09974,0.00047,0.00062
94.40125,0.99750,0.99444,0.00490,0.00002,0.00063
94.50125,0.99750,0.99870,0.00073,0.00004,0.00053
94.60125,0.99750,0.99939,0.00006,0.00001,0.00055
94.70125,0.99751,0.99982,0.00000,0.00000,0.00018
94.80125,0.99751,0.99994,0.00000,0.00000,0.00006
94.90125,0.99750,0.99998,0.00000,0.00000,0.00002
95.00125,0.99750,1.00000,0.00000,0.00000,0.00000
95.10125,0.99750,1.00000,0.00000,0.00000,0.00000
95.20125,0.99751,1.00000,0.00000,0.00000,0.00000
95.30125,0.99751,1.00000,0.00000,0.00000,0.00000
95.40125,0.99750,1.00000,0.00000,0.00000,0.00000
95.50125,0.99750,1.00000,0.00000,0.00000,0.00000
95.60125,0.99750,1.00000,0.00000,0.00000,0.00000
95.70125,0.99751,1.00000,0.00000,0.00000,0.00000
95.80125,0.99751,1.00000,0.00000,0.00000,0.00000
95.90125,0.99750,0.99999,0.00000,0.00000,0.00001
96.00125,0.99750,0.99999,0.00000,0.00000,0.00000
96.10125,0.99750,0.99993,0.00006,0.00000,0.00000
96.20125,0.99751,0.99906,0.00093,0.00000,0.00001
96.30125,0.99751,0.98772,0.01216,0.00008,0.00003
96.40125,0.99750,0.84636,0.15225,0.00127,0.00013
96.50125,0.99750,0.27618,0.71638,0.00726,0.00019
96.60125,0.99750,0.19125,0.80054,0.00802,0.00019
96.70125,0.99751,0.74494,0.25286,0.00171,0.00049
96.80125,0.99751,0.97757,0.02182,0.00019,0.00041
96.90125,0.99750,0.99862,0.00118,0.00002,0.00018
97.00125,0.99750,0.99906,0.00026,0.00002,0.00067
97.10125,0.99750,0.99941,0.00002,0.00000,0.00057
97.20125,0.99751,0.99969,0.00000,0.00000,0.00031
97.30125,0.99751,0.99978,0.00000,0.00000,0.00021
97.40125,0.99750,0.99989,0.00000,0.00000,0.00010
97.50125,0.99750,0.99998,0.00001,0.00000,0.00001
97.60125,0.99750,0.99996,0.00003,0.00000,0.00001
97.70125,0.99751,0.99966,0.00033,0.00000,0.00000
97.80125,0.99751,0.99574,0.00425,0.00000,0.00001
97.90125,0.99750,0.93775,0.06216,0.00007,0.00002
98.00125,0.99750,0.55311,0.44631,0.00052,0.00006
98.10125,0.99750,0.16356,0.83521,0.00117,0.00006
98.20125,0.99751,0.16654,0.83252,0.00087,0.00006
98.30125,0.99751,0.65571,0.34397,0.00020,0.00012
98.40125,0.99750,0.97010,0.02979,0.00001,0.00010
98.50125,0.99750,0.99870,0.00115,0.00000,0.00015
98.60125,0.99750,0.99976,0.00012,0.00000,0.00012
98.70125,0.99751,0.99965,0.00002,0.00000,0.00033
98.80125,0.99751,0.99975,0.00000,0.00000,0.00025
98.90125,0.99750,0.99986,0.00000,0.00000,0.00013
99.00125,0.99750,0.99997,0.00001,0.00000,0.00002
99.10125,0.99750,0.99998,0.00001,0.00000,0.00001
99.20125,0.99751,0.99994,0.00006,0.00000,0.00000
99.30125,0.99751,0.99932,0.00068,0.00000,0.00001
99.40125,0.99750,0.99031,0.00966,0.00001,0.00002
99.50125,0.99750,0.88274,0.11700,0.00018,0.00008
99.60125,0.99750,0.38499,0.61367,0.00120,0.00014
99.70125,0.99751,0.24480,0.75369,0.00135,0.00016
99.80125,0.99751,0.54787,0.45144,0.00050,0.00019
99.90125,0.99750,0.94434,0.05537,0.00005,0.00024
100.00125,0.99750,0.99725,0.00238,0.00000,0.00037
100.10125,0.99750,0.99958,0.00021,0.00000,0.00020
100.20125,0.99751,0.99967,0.00001,0.00000,0.00031
100.30125,0.99751,0.99980,0.00000,0.00000,0.00020
100.40125,0.99750,0.99987,0.00000,0.00000,0.00013
100.50125,0.99750,0.99994,0.00000,0.00000,0.00006
100.60125,0.99750,0.99998,0.00001,0.00000,0.00001
100.70125,0.99751,0.99997,0.00002,0.00000,0.00001
100.80125,0.99751,0.99982,0.00018,0.00000,0.00001
100.90125,0.99750,0.99761,0.00237,0.00000,0.00002
101.00125,0.99750,0.96928,0.03062,0.00005,0.00005
101.10125,0.99750,0.71860,0.28048,0.00079,0.00013
101.20125,0.99751,0.22432,0.77281,0.00272,0.00016
101.30125,0.99751,0.30085,0.69693,0.00202,0.00019
101.40125,0.99750,0.86174,0.13773,0.00024,0.00029
101.50125,0.99750,0.99091,0.00884,0.00001,0.00023
101.60125,0.99750,0.99933,0.00043,0.00000,0.00025
101.70125,0.99751,0.99967,0.00007,0.00000,0.00026
101.80125,0.99751,0.99977,0.00000,0.00000,0.00023
101.90125,0.99750,0.99992,0.00000,0.00000,0.00008
102.00125,0.99750,0.99995,0.00000,0.00000,0.00005
102.10125,0.99750,0.99998,0.00000,0.00000,0.00002
102.20125,0.99751,0.99999,0.00000,0.00000,0.00001
102.30125,0.99751,0.99998,0.00000,0.00000,0.00002
102.40125,0.99750,0.99997,0.00003,0.00000,0.00000
102.50125,0.99750,0.99962,0.00038,0.00000,0.00001
102.60125,0.99750,0.99414,0.00584,0.00000,0.00002
102.70125,0.99751,0.92405,0.07586,0.00004,0.00005
102.80125,0.99751,0.46673,0.53275,0.00041,0.00011
102.90125,0.99750,0.12424,0.87497,0.00069,0.00009
103.00125,0.99750,0.38344,0.61608,0.00034,0.00014
103.10125,0.99750,0.91838,0.08140,0.00003,0.00019
103.20125,0.99751,0.99622,0.00359,0.00000,0.00019
103.30125,0.99751,0.99968,0.00026,0.00000,0.00007
103.40125,0.99750,0.99976,0.00003,0.00000,0.00021
103.50125,0.99750,0.99984,0.00000,0.00000,0.00016
103.60125,0.99750,0.99986,0.00000,0.00000,0.00014
103.70125,0.99751,0.99995,0.00000,0.00000,0.00005
103.80125,0.99751,0.99999,0.00000,0.00000,0.00001
103.90125,0.99750,0.99999,0.00001,0.00000,0.00001
104.00125,0.99750,0.99994,0.00005,0.00000,0.00000
104.10125,0.99750,0.99920,0.00079,0.00000,0.00000
104.20125,0.99751,0.98850,0.01148,0.00001,0.00001
104.30125,0.99751,0.86336,0.13648,0.00013,0.00003
104.40125,0.99750,0.47765,0.52175,0.00054,0.00006
104.50125,0.99750,0.52564,0.47392,0.00038,0.00006
104.60125,0.99750,0.90689,0.09303,0.00004,0.00004
104.70125,0.99751,0.99434,0.00562,0.00000,0.00004
104.80125,0.99751,0.99969,0.00026,0.00000,0.00005
104.90125,0.99750,0.99993,0.00003,0.00000,0.00004
105.00125,0.99750,0.99992,0.00000,0.00000,0.00008
105.10125,0.99750,0.99995,0.00000,0.00000,0.00005
105.20125,0.99751,0.99997,0.00000,0.00000,0.00003
105.30125,0.99751,0.99999,0.00000,0.00000,0.00001
105.40125,0.99750,0.99999,0.00000,0.00000,0.00001
105.50125,0.99750,0.99999,0.00000,0.00000,0.00000
105.60125,0.99750,0.99993,0.00007,0.00000,0.00000
105.70125,0.99751,0.99912,0.00087,0.00000,0.00001
105.80125,0.99751,0.98896,0.01099,0.00002,0.00003
105.90125,0.99750,0.86307,0.13658,0.00023,0.00012
106.00125,0.99750,0.33971,0.65888,0.00119,0.00022
106.10125,0.99750,0.31917,0.67954,0.00107,0.00023
106.20125,0.99751,0.84234,0.15724,0.00015,0.00027
106.30125,0.99751,0.99025,0.00943,0.00001,0.00030
106.40125,0.99750,0.99919,0.00064,0.00000,0.00016
106.50125,0.99750,0.99909,0.00024,0.00001,0.00066
106.60125,0.99750,0.99895,0.00009,0.00001,0.00096
106.70125,0.99751,0.99954,0.00012,0.00001,0.00033
106.80125,0.99751,0.99972,0.00020,0.00001,0.00007
106.90125,0.99750,0.99986,0.00011,0.00000,0.00002
107.00125,0.99750,0.99980,0.00020,0.00000,0.00000
107.10125,0.99750,0.99830,0.00169,0.00000,0.00000
107.20125,0.99751,0.98082,0.01914,0.00003,0.00001
107.30125,0.99751,0.79298,0.20660,0.00038,0.00003
107.40125,0.99750,0.43460,0.56429,0.00105,0.00005
107.50125,0.99750,0.26985,0.72898,0.00111,0.00006
107.60125,0.99750,0.72621,0.27347,0.00026,0.00006
107.70125,0.99751,0.98280,0.01711,0.00001,0.00008
107.80125,0.99751,0.99920,0.00070,0.00000,0.00009
107.90125,0.99750,0.99981,0.00009,0.00000,0.00009
108.00125,0.99750,0.99984,0.00001,0.00000,0.00015
108.10125,0.99750,0.99987,0.00000,0.00000,0.00012
108.20125,0.99751,0.99988,0.00000,0.00000,0.00012
108.30125,0.99751,0.99995,0.00000,0.00000,0.00005
108.40125,0.99750,0.99999,0.00000,0.00000,0.00001
108.50125,0.99750,0.99997,0.00002,0.00000,0.00001
108.60125,0.99750,0.99973,0.00027,0.00000,0.00000
108.70125,0.99751,0.99594,0.00404,0.00000,0.00001
108.80125,0.99751,0.94437,0.05549,0.00009,0.00005
108.90125,0.99750,0.54451,0.45479,0.00058,0.00012
109.00125,0.99750,0.11883,0.87990,0.00117,0.00010
109.10125,0.99750,0.25665,0.74248,0.00073,0.00013
109.20125,0.99751,0.81473,0.18500,0.00011,0.00016
109.30125,0.99751,0.98768,0.01219,0.00001,0.00012
109.40125,0.99750,0.99929,0.00051,0.00000,0.00020
109.50125,0.99750,0.99983,0.00004,0.00000,0.00013
109.60125,0.99750,0.99983,0.00000,0.00000,0.00017
109.70125,0.99751,0.99989,0.00000,0.00000,0.00011
109.80125,0.99751,0.99991,0.00000,0.00000,0.00009
109.90125,0.99750,0.99998,0.00000,0.00000,0.00002
110.00125,0.99750,0.99998,0.00001,0.00000,0.00002
110.10125,0.99750,0.99997,0.00003,0.00000,0.00000
110.20125,0.99751,0.99958,0.00041,0.00000,0.00001
110.30125,0.99751,0.99448,0.00549,0.00000,0.00002
110.40125,0.99750,0.93463,0.06519,0.00009,0.00009
110.50125,0.99750,0.50849,0.49021,0.00108,0.00022
110.60125,0.99750,0.15928,0.83828,0.00225,0.00020
110.70125,0.99751,0.59687,0.40220,0.00065,0.00028
110.80125,0.99751,0.95260,0.04718,0.00005,0.00018
110.90125,0.99750,0.99757,0.00221,0.00000,0.00022
111.00125,0.99750,0.99976,0.00015,0.00000,0.00009
111.10125,0.99750,0.99966,0.00001,0.00000,0.00032
111.20125,0.99751,0.99985,0.00000,0.00000,0.00015
111.30125,0.99751,0.99994,0.00000,0.00000,0.00006
111.40125,0.99750,0.99996,0.00000,0.00000,0.00004
111.50125,0.99750,0.99999,0.00000,0.00000,0.00001
111.60125,0.99750,0.99999,0.00000,0.00000,0.00001
111.70125,0.99751,0.99999,0.00001,0.00000,0.00000
111.80125,0.99751,0.99983,0.00016,0.00000,0.00000
111.90125,0.99750,0.99784,0.00214,0.00000,0.00001
112.00125,0.99750,0.97108,0.02878,0.00009,0.00005
112.10125,0.99750,0.70679,0.29198,0.00106,0.00017
112.20125,0.99751,0.22858,0.76781,0.00340,0.00020
112.30125,0.99751,0.41868,0.57907,0.00201,0.00024
112.40125,0.99750,0.91558,0.08404,0.00020,0.00018
112.50125,0.99750,0.99578,0.00405,0.00001,0.00016
112.60125,0.99750,0.99970,0.00018,0.00000,0.00012
112.70125,0.99751,0.99973,0.00003,0.00000,0.00024
112.80125,0.99751,0.99982,0.00000,0.00000,0.00017
112.90125,0.99750,0.99990,0.00000,0.00000,0.00010
113.00125,0.99750,0.99996,0.00000,0.00000,0.00004
113.10125,0.99750,0.99999,0.00000,0.00000,0.00001
113.20125,0.99751,0.99999,0.00000,0.00000,0.00001
113.30125,0.99751,0.99997,0.00002,0.00000,0.00000
113.40125,0.99750,0.99956,0.00043,0.00000,0.00001
113.50125,0.99750,0.99349,0.00648,0.00001,0.00002
113.60125,0.99750,0.91952,0.08029,0.00010,0.00010
113.70125,0.99751,0.48905,0.50984,0.00089,0.00022
113.80125,0.99751,0.20505,0.79324,0.00149,0.00022
113.90125,0.99750,0.70315,0.29619,0.00038,0.00028
114.00125,0.99750,0.97739,0.02237,0.00002,0.00022
114.10125,0.99750,0.99888,0.00096,0.00000,0.00016
114.20125,0.99751,0.99979,0.00011,0.00000,0.00011
114.30125,0.99751,0.99980,0.00001,0.00000,0.00019
114.40125,0.99750,0.99992,0.00000,0.00000,0.00008
114.50125,0.99750,0.99996,0.00000,0.00000,0.00004
114.60125,0.99750,0.99998,0.00000,0.00000,0.00002
114.70125,0.99751,1.00000,0.00000,0.00000,0.00000
114.80125,0.99751,1.00000,0.00000,0.00000,0.00000
114.90125,0.99750,0.99999,0.00001,0.00000,0.00000
115.00125,0.99750,0.99979,0.00021,0.00000,0.00000
115.10125,0.99750,0.99703,0.00296,0.00000,0.00001
115.20125,0.99751,0.95972,0.04023,0.00002,0.00003
115.30125,0.99751,0.66981,0.32982,0.00028,0.00009
115.40125,0.99750,0.13326,0.86597,0.00069,0.00008
115.50125,0.99750,0.15695,0.84248,0.00048,0.00009
115.60125,0.99750,0.71294,0.28670,0.00011,0.00025
115.70125,0.99751,0.98472,0.01468,0.00001,0.00059
115.80125,0.99751,0.99895,0.00069,0.00000,0.00035
115.90125,0.99750,0.99923,0.00012,0.00001,0.00064
116.00125,0.99750,0.99945,0.00002,0.00000,0.00053
116.10125,0.99750,0.99953,0.00003,0.00000,0.00044
116.20125,0.99751,0.99987,0.00005,0.00000,0.00008
116.30125,0.99751,0.99986,0.00007,0.00000,0.00007
116.40125,0.99750,0.99995,0.00004,0.00000,0.00001
116.50125,0.99750,0.99966,0.00033,0.00000,0.00001
116.60125,0.99750,0.99539,0.00457,0.00001,0.00003
116.70125,0.99751,0.93517,0.06460,0.00011,0.00012
116.80125,0.99751,0.58441,0.41438,0.00094,0.00027
116.90125,0.99750,0.24079,0.75712,0.00181,0.00029
117.00125,0.99750,0.61429,0.38478,0.00062,0.00031
117.10125,0.99750,0.96327,0.03648,0.00004,0.00021
117.20125,0.99751,0.99822,0.00148,0.00000,0.00030
117.30125,0.99751,0.99983,0.00008,0.00000,0.00009
117.40125,0.99750,0.99974,0.00002,0.00000,0.00023
117.50125,0.99750,0.99961,0.00002,0.00000,0.00036
117.60125,0.99750,0.99980,0.00003,0.00000,0.00017
117.70125,0.99751,0.99990,0.00004,0.00000,0.00005
117.80125,0.99751,0.99994,0.00003,0.00000,0.00003
117.90125,0.99750,0.99989,0.00011,0.00000,0.00001
118.00125,0.99750,0.99846,0.00153,0.00000,0.00001
118.10125,0.99750,0.97946,0.02046,0.00004,0.00005
118.20125,0.99751,0.77024,0.22893,0.00070,0.00013
118.30125,0.99751,0.25351,0.74405,0.00227,0.00017
118.40125,0.99750,0.20949,0.78820,0.00214,0.00017
118.50125,0.99750,0.71755,0.28169,0.00047,0.00030
118.60125,0.99750,0.97991,0.01981,0.00003,0.00025
118.70125,0.99751,0.99873,0.00106,0.00000,0.00022
118.80125,0.99751,0.99970,0.00015,0.00000,0.00014
118.90125,0.99750,0.99956,0.00004,0.00000,0.00041
119.00125,0.99750,0.99939,0.00004,0.00000,0.00056
119.10125,0.99750,0.99975,0.00006,0.00000,0.00018
119.20125,0.99751,0.99983,0.00011,0.00000,0.00005
119.30125,0.99751,0.99991,0.00008,0.00000,0.00001
119.40125,0.99750,0.99957,0.00042,0.00000,0.00001
119.50125,0.99750,0.99423,0.00574,0.00000,0.00003
119.60125,0.99750,0.92949,0.07038,0.00004,0.00009
119.70125,0.99751,0.56094,0.43848,0.00037,0.00021
119.80125,0.99751,0.31411,0.68519,0.00048,0.00023
119.90125,0.99750,0.59784,0.40172,0.00019,0.00025
120.00125,0.99750,0.94576,0.05405,0.00002,0.00018
120.10125,0.99750,0.99714,0.00267,0.00000,0.00019
120.20125,0.99751,0.99977,0.00010,0.00000,0.00013
120.30125,0.99751,0.99983,0.00001,0.00000,0.00015
120.40125,0.99750,0.99982,0.00000,0.00000,0.00018
120.50125,0.99750,0.99985,0.00000,0.00000,0.00015
120.60125,0.99750,0.99995,0.00000,0.00000,0.00004
120.70125,0.99751,0.99998,0.00001,0.00000,0.00002
120.80125,0.99751,0.99997,0.00002,0.00000,0.00001
120.90125,0.99750,0.99979,0.00021,0.00000,0.00001
121.00125,0.99750,0.99747,0.00251,0.00000,0.00002
121.10125,0.99750,0.96595,0.03396,0.00002,0.00007
121.20125,0.99751,0.68176,0.31776,0.00025,0.00022
121.30125,0.99751,0.22898,0.77010,0.00064,0.00027
121.40125,0.99750,0.15306,0.84597,0.00070,0.00027
121.50125,0.99750,0.70104,0.29837,0.00015,0.00044
121.60125,0.99750,0.97948,0.02004,0.00001,0.00047
121.70125,0.99751,0.99855,0.00098,0.00000,0.00047
121.80125,0.99751,0.99939,0.00010,0.00000,0.00050
121.90125,0.99750,0.99953,0.00001,0.00000,0.00046
122.00125,0.99750,0.99965,0.00000,0.00000,0.00035
122.10125,0.99750,0.99982,0.00001,0.00000,0.00017
122.20125,0.99751,0.99997,0.00001,0.00000,0.00001
122.30125,0.99751,0.99997,0.00001,0.00000,0.00001
122.40125,0.99750,0.99995,0.00005,0.00000,0.00000
122.50125,0.99750,0.99924,0.00075,0.00000,0.00001
122.60125,0.99750,0.98987,0.01011,0.00000,0.00002
122.70125,0.99751,0.89837,0.10152,0.00003,0.00008
122.80125,0.99751,0.49694,0.50272,0.00017,0.00017
122.90125,0.99750,0.13747,0.86218,0.00022,0.00013
123.00125,0.99750,0.42908,0.57062,0.00008,0.00022
123.10125,0.99750,0.88749,0.11214,0.00001,0.00035
123.20125,0.99751,0.99433,0.00468,0.00000,0.00099
123.30125,0.99751,0.99901,0.00054,0.00001,0.00045
123.40125,0.99750,0.99791,0.00033,0.00001,0.00174
123.50125,0.99750,0.99835,0.00042,0.00002,0.00121
123.60125,0.99750,0.99892,0.00056,0.00001,0.00051
123.70125,0.99751,0.99891,0.00073,0.00000,0.00036
123.80125,0.99751,0.99957,0.00041,0.00000,0.00002
123.90125,0.99750,0.99911,0.00087,0.00000,0.00002
124.00125,0.99750,0.99228,0.00767,0.00001,0.00004
124.10125,0.99750,0.93209,0.06773,0.00007,0.00010
124.20125,0.99751,0.50560,0.49370,0.00044,0.00026
124.30125,0.99751,0.30280,0.69652,0.00048,0.00020
124.40125,0.99750,0.77976,0.21987,0.00010,0.00026
124.50125,0.99750,0.98315,0.01667,0.00001,0.00017
124.60125,0.99750,0.99899,0.00088,0.00000,0.00014
124.70125,0.99751,0.99989,0.00007,0.00000,0.00005
124.80125,0.99751,0.99985,0.00001,0.00000,0.00014
124.90125,0.99750,0.99991,0.00000,0.00000,0.00009
125.00125,0.99750,0.99992,0.00000,0.00000,0.00008
125.10125,0.99750,0.99996,0.00000,0.00000,0.00004
125.20125,0.99751,0.99999,0.00000,0.00000,0.00001
125.30125,0.99751,0.99998,0.00001,0.00000,0.00001
125.40125,0.99750,0.99987,0.00013,0.00000,0.00000
125.50125,0.99750,0.99803,0.00197,0.00000,0.00001
125.60125,0.99750,0.97532,0.02464,0.00002,0.00002
125.70125,0.99751,0.73740,0.26226,0.00027,0.00007
125.80125,0.99751,0.21561,0.78326,0.00105,0.00008
125.90125,0.99750,0.09983,0.89894,0.00116,0.00007
126.00125,0.99750,0.40445,0.59490,0.00045,0.00020
126.10125,0.99750,0.89007,0.10959,0.00006,0.00027
126.20125,0.99751,0.99408,0.00558,0.00001,0.00034
126.30125,0.99751,0.99869,0.00075,0.00004,0.00052
126.40125,0.99750,0.99809,0.00028,0.00004,0.00159
126.50125,0.99750,0.99750,0.00030,0.00004,0.00216
126.60125,0.99750,0.99854,0.00041,0.00004,0.00100
126.70125,0.99751,0.99910,0.00069,0.00004,0.00017
126.80125,0.99751,0.99925,0.00068,0.00000,0.00007
126.90125,0.99750,0.99844,0.00154,0.00000,0.00002
127.00125,0.99750,0.98595,0.01401,0.00001,0.00004
127.10125,0.99751,0.87963,0.12013,0.00014,0.00010
127.20125,0.99750,0.35542,0.64363,0.00083,0.00013
127.30125,0.99751,0.07087,0.92777,0.00130,0.00006
127.40125,0.99749,0.13613,0.86280,0.00097,0.00010
127.50125,0.99750,0.64901,0.35058,0.00023,0.00017
127.60125,0.99751,0.96781,0.03198,0.00002,0.00020
127.70125,0.99750,0.99824,0.00149,0.00000,0.00027
127.80125,0.99751,0.99931,0.00036,0.00001,0.00031
127.90125,0.99749,0.99838,0.00035,0.00004,0.00123
128.00125,0.99750,0.99861,0.00039,0.00004,0.00096
128.10126,0.99750,0.99913,0.00061,0.00005,0.00022
128.20125,0.99750,0.99896,0.00079,0.00001,0.00024
128.30125,0.99750,0.99947,0.00049,0.00000,0.00004
128.40125,0.99750,0.99657,0.00338,0.00000,0.00005
128.50125,0.99750,0.95718,0.04260,0.00007,0.00015
128.60126,0.99750,0.66403,0.33473,0.00091,0.00033
128.70125,0.99750,0.14786,0.84958,0.00230,0.00026
128.80125,0.99750,0.08373,0.91403,0.00202,0.00022
128.90125,0.99750,0.31281,0.68591,0.00081,0.00047
129.00125,0.99750,0.87757,0.12173,0.00008,0.00062
129.10126,0.99750,0.99301,0.00622,0.00000,0.00077
129.20125,0.99750,0.99949,0.00033,0.00000,0.00018
129.30125,0.99750,0.99951,0.00005,0.00000,0.00043
129.40125,0.99750,0.99951,0.00002,0.00000,0.00047
129.50125,0.99750,0.99973,0.00003,0.00000,0.00024
129.60126,0.99750,0.99991,0.00005,0.00000,0.00004
129.70125,0.99750,0.99990,0.00006,0.00000,0.00004
129.80125,0.99750,0.99993,0.00006,0.00000,0.00000
129.90125,0.99750,0.99926,0.00074,0.00000,0.00001
130.00125,0.99750,0.98972,0.01025,0.00001,0.00002
130.10126,0.99750,0.88083,0.11890,0.00020,0.00007
130.20125,0.99750,0.37227,0.62680,0.00080,0.00013
130.30125,0.99750,0.12471,0.87422,0.00096,0.00010
130.40125,0.99750,0.30326,0.69605,0.00057,0.00013
130.50125,0.99750,0.85123,0.14838,0.00008,0.00032
130.60126,0.99750,0.99209,0.00735,0.00000,0.00055
130.70125,0.99750,0.99932,0.00051,0.00001,0.00017
130.80125,0.99750,0.99948,0.00007,0.00000,0.00045
130.90125,0.99750,0.99924,0.00005,0.00000,0.00070
131.00125,0.99750,0.99927,0.00005,0.00000,0.00067
131.10126,0.99750,0.99974,0.00008,0.00000,0.00018
131.20125,0.99750,0.99981,0.00016,0.00000,0.00003
131.30125,0.99750,0.99977,0.00022,0.00000,0.00001
131.40125,0.99750,0.99830,0.00169,0.00000,0.00001
131.50125,0.99750,0.97988,0.02009,0.00001,0.00003
131.60126,0.99750,0.76630,0.23351,0.00011,0.00007
131.70125,0.99750,0.17708,0.82229,0.00057,0.00006
131.80125,0.99750,0.05414,0.94511,0.00070,0.00004
131.90125,0.99750,0.08434,0.91517,0.00042,0.00007
132.00125,0.99750,0.40486,0.59475,0.00021,0.00018
132.10126,0.99750,0.93551,0.06409,0.00002,0.00038
132.20125,0.99750,0.99656,0.00304,0.00001,0.00040
132.30125,0.99750,0.99914,0.00041,0.00002,0.00042
132.40125,0.99750,0.99947,0.00004,0.00000,0.00048
132.50125,0.99750,0.99961,0.00006,0.00000,0.00033
132.60126,0.99750,0.99976,0.00008,0.00000,0.00016
132.70125,0.99750,0.99982,0.00011,0.00000,0.00006
132.80125,0.99750,0.99986,0.00010,0.00000,0.00005
132.90125,0.99750,0.99976,0.00024,0.00000,0.00001
133.00125,0.99750,0.99698,0.00301,0.00000,0.00001
133.10126,0.99750,0.95793,0.04199,0.00004,0.00005
133.20125,0.99750,0.67027,0.32926,0.00037,0.00010
133.30125,0.99750,0.14358,0.85536,0.00097,0.00010
133.40125,0.99750,0.11552,0.88371,0.00066,0.00012
133.50125,0.99750,0.61186,0.38754,0.00017,0.00043
133.60126,0.99750,0.96280,0.03672,0.00001,0.00046
133.70125,0.99750,0.99777,0.00188,0.00000,0.00035
133.80125,0.99750,0.99958,0.00023,0.00000,0.00019
133.90125,0.99750,0.99939,0.00003,0.00000,0.00057
134.00125,0.99750,0.99953,0.00003,0.00000,0.00044
134.10126,0.99750,0.99988,0.00004,0.00000,0.00008
134.20125,0.99750,0.99990,0.00006,0.00000,0.00004
134.30125,0.99750,0.99996,0.00003,0.00000,0.00001
134.40125,0.99750,0.99984,0.00015,0.00000,0.00000
134.50125,0.99750,0.99822,0.00177,0.00000,0.00001
134.60126,0.99750,0.97689,0.02306,0.00002,0.00003
134.70125,0.99750,0.78227,0.21744,0.00020,0.00009
134.80125,0.99750,0.39413,0.60526,0.00047,0.00014
134.90125,0.99750,0.25662,0.74269,0.00055,0.00014
135.00125,0.99750,0.64028,0.35926,0.00015,0.00030
135.10126,0.99750,0.95631,0.04257,0.00001,0.00111
135.20125,0.99750,0.99696,0.00238,0.00000,0.00066
135.30125,0.99750,0.99883,0.00037,0.00000,0.00080
135.40125,0.99750,0.99859,0.00006,0.00000,0.00135
135.50125,0.99750,0.99924,0.00001,0.00000,0.00074
135.60126,0.99750,0.99961,0.00001,0.00000,0.00037
135.70125,0.99750,0.99994,0.00003,0.00000,0.00003
135.80125,0.99750,0.99993,0.00005,0.00000,0.00002
135.90125,0.99750,0.99982,0.00018,0.00000,0.00000
136.00125,0.99750,0.99892,0.00107,0.00000,0.00001
136.10126,0.99750,0.98967,0.01031,0.00001,0.00002
136.20125,0.99750,0.88011,0.11973,0.00010,0.00005
136.30125,0.99750,0.43036,0.56895,0.00059,0.00009
136.40125,0.99750,0.19087,0.80823,0.00080,0.00010
136.50125,0.99750,0.45182,0.54767,0.00040,0.00012
136.60126,0.99750,0.92930,0.07049,0.00003,0.00018
136.70125,0.99750,0.99655,0.00287,0.00000,0.00058
136.80125,0.99750,0.99928,0.00032,0.00001,0.00039
136.90125,0.99750,0.99905,0.00007,0.00000,0.00087
137.00125,0.99750,0.99905,0.00007,0.00001,0.00088
137.10126,0.99750,0.99976,0.00012,0.00001,0.00011
137.20125,0.99750,0.99973,0.00021,0.00000,0.00006
137.30125,0.99750,0.99984,0.00015,0.00000,0.00001
137.40125,0.99750,0.99935,0.00064,0.00000,0.00001
137.50125,0.99750,0.99273,0.00724,0.00000,0.00002
137.60126,0.99750,0.91820,0.08171,0.00002,0.00007
137.70125,0.99750,0.48068,0.51898,0.00022,0.00012
137.80125,0.99750,0.09695,0.90251,0.00046,0.00008
137.90125,0.99750,0.17210,0.82746,0.00032,0.00012
138.00125,0.99750,0.73902,0.26070,0.00006,0.00022
138.10126,0.99750,0.98423,0.01496,0.00000,0.00081
138.20125,0.99750,0.99905,0.00063,0.00000,0.00032
138.30125,0.99750,0.99949,0.00008,0.00000,0.00043
138.40125,0.99750,0.99954,0.00001,0.00000,0.00044
138.50125,0.99750,0.99961,0.00001,0.00000,0.00038
138.60126,0.99750,0.99985,0.00002,0.00000,0.00014
138.70125,0.99750,0.99995,0.00003,0.00000,0.00002
138.80125,0.99750,0.99996,0.00003,0.00000,0.00001
138.90125,0.99750,0.99973,0.00027,0.00000,0.00000
139.00125,0.99750,0.99621,0.00378,0.00000,0.00001
139.10126,0.99750,0.95341,0.04652,0.00003,0.00003
139.20125,0.99750,0.66529,0.33428,0.00035,0.00008
139.30125,0.99750,0.24465,0.75448,0.00078,0.00009
139.40125,0.99750,0.17561,0.82351,0.00078,0.00009
139.50125,0.99750,0.54731,0.45227,0.00023,0.00019
139.60126,0.99750,0.94969,0.04997,0.00002,0.00032
139.70125,0.99750,0.99762,0.00178,0.00000,0.00060
139.80125,0.99750,0.99938,0.00019,0.00000,0.00043
139.90125,0.99750,0.99911,0.00003,0.00000,0.00087
140.00125,0.99750,0.99916,0.00002,0.00000,0.00082
140.10126,0.99750,0.99965,0.00002,0.00000,0.00033
140.20125,0.99750,0.99990,0.00006,0.00000,0.00004
140.30125,0.99750,0.99991,0.00007,0.00000,0.00002
140.40125,0.99750,0.99979,0.00021,0.00000,0.00000
140.50125,0.99750,0.99820,0.00179,0.00000,0.00001
140.60126,0.99750,0.97739,0.02252,0.00007,0.00002
140.70125,0.99750,0.73466,0.26400,0.00129,0.00006
140.80125,0.99750,0.19905,0.79642,0.00447,0.00006
140.90125,0.99750,0.10859,0.88708,0.00426,0.00006
141.00125,0.99750,0.43877,0.55955,0.00156,0.00012
141.10126,0.99750,0.93736,0.06233,0.00014,0.00016
141.20125,0.99750,0.99683,0.00274,0.00001,0.00042
141.30125,0.99750,0.99941,0.00033,0.00001,0.00025
141.40125,0.99750,0.99839,0.00025,0.00002,0.00135
141.50125,0.99750,0.99841,0.00025,0.00002,0.00132
141.60126,0.99750,0.99908,0.00034,0.00002,0.00057
141.70125,0.99750,0.99924,0.00052,0.00001,0.00023
141.80125,0.99750,0.99954,0.00042,0.00000,0.00005
141.90125,0.99750,0.99845,0.00152,0.00000,0.00003
142.00125,0.99750,0.98290,0.01699,0.00004,0.00007
142.10126,0.99750,0.81109,0.18808,0.00062,0.00021
142.20125,0.99750,0.26941,0.72698,0.00335,0.00026
142.30125,0.99750,0.09592,0.90040,0.00347,0.00021
142.40125,0.99750,0.29222,0.70559,0.00172,0.00047
142.50125,0.99750,0.83592,0.16322,0.00023,0.00062
142.60126,0.99750,0.98921,0.01032,0.00001,0.00045
142.70125,0.99750,0.99924,0.00047,0.00000,0.00029
142.80125,0.99750,0.99957,0.00005,0.00000,0.00038
142.90125,0.99750,0.99971,0.00000,0.00000,0.00028
143.00125,0.99750,0.99978,0.00000,0.00000,0.00022
143.10126,0.99750,0.99990,0.00001,0.00000,0.00010
143.20125,0.99750,0.99996,0.00001,0.00000,0.00003
143.30125,0.99750,0.99998,0.00001,0.00000,0.00001
143.40125,0.99750,0.99991,0.00008,0.00000,0.00001
143.50125,0.99750,0.99893,0.00105,0.00000,0.00002
143.60126,0.99750,0.98543,0.01448,0.00002,0.00007
143.70125,0.99750,0.83514,0.16441,0.00020,0.00025
143.80125,0.99750,0.29896,0.69962,0.00102,0.00040
143.90125,0.99750,0.26249,0.73615,0.00093,0.00044
144.00125,0.99750,0.83694,0.16239,0.00013,0.00054
144.10126,0.99750,0.98900,0.01059,0.00001,0.00040
144.20125,0.99750,0.99925,0.00043,0.00000,0.00032
144.30125,0.99750,0.99958,0.00007,0.00000,0.00035
144.40125,0.99750,0.99961,0.00001,0.00000,0.00037
144.50125,0.99750,0.99979,0.00001,0.00000,0.00020
144.60126,0.99750,0.99992,0.00002,0.00000,0.00006
144.70125,0.99750,0.99994,0.00002,0.00000,0.00004
144.80125,0.99750,0.99997,0.00002,0.00000,0.00000
144.90125,0.99750,0.99979,0.00020,0.00000,0.00001
145.00125,0.99750,0.99744,0.00254,0.00000,0.00002
145.10126,0.99750,0.96719,0.03270,0.00004,0.00007
145.20125,0.99750,0.68722,0.31194,0.00063,0.00022
145.30125,0.99750,0.45819,0.54059,0.00096,0.00026
145.40125,0.99750,0.82589,0.17365,0.00026,0.00019
145.50125,0.99750,0.98919,0.01065,0.00001,0.00015
145.60126,0.99750,0.99937,0.00050,0.00000,0.00013
145.70125,0.99750,0.99988,0.00006,0.00000,0.00006
145.80125,0.99750,0.99987,0.00000,0.00000,0.00013
145.90125,0.99750,0.99988,0.00000,0.00000,0.00012
146.00125,0.99750,0.99995,0.00000,0.00000,0.00004
146.10126,0.99750,0.99997,0.00001,0.00000,0.00002
146.20125,0.99750,0.99999,0.00000,0.00000,0.00000
146.30125,0.99750,0.99995,0.00004,0.00000,0.00000
146.40125,0.99750,0.99933,0.00067,0.00000,0.00001
146.50125,0.99750,0.99065,0.00931,0.00002,0.00002
146.60126,0.99750,0.88924,0.11040,0.00031,0.00006
146.70125,0.99750,0.41106,0.58715,0.00168,0.00012
146.80125,0.99750,0.41164,0.58685,0.00139,0.00012
146.90125,0.99750,0.92288,0.07692,0.00011,0.00009
147.00125,0.99750,0.99559,0.00432,0.00001,0.00008
147.10126,0.99750,0.99973,0.00020,0.00000,0.00007
147.20125,0.99750,0.99987,0.00003,0.00000,0.00010
147.30125,0.99750,0.99983,0.00001,0.00000,0.00017
147.40125,0.99750,0.99988,0.00001,0.00000,0.00011
147.50125,0.99750,0.99997,0.00002,0.00000,0.00001
147.60126,0.99750,0.99997,0.00002,0.00000,0.00001
147.70125,0.99750,0.99997,0.00003,0.00000,0.00000
147.80125,0.99750,0.99967,0.00033,0.00000,0.00000
147.90125,0.99750,0.99449,0.00550,0.00000,0.00001
148.00125,0.99750,0.93945,0.06050,0.00002,0.00003
148.10126,0.99750,0.53797,0.46175,0.00021,0.00006
148.20125,0.99750,0.20420,0.79532,0.00043,0.00006
148.30125,0.99750,0.61597,0.38380,0.00016,0.00007
148.40125,0.99750,0.96705,0.03287,0.00001,0.00007
148.50125,0.99750,0.99847,0.00128,0.00000,0.00026
148.60126,0.99750,0.99974,0.00015,0.00000,0.00011
148.70125,0.99750,0.99938,0.00008,0.00001,0.00053
148.80125,0.99750,0.99959,0.00011,0.00001,0.00029
148.90125,0.99750,0.99973,0.00016,0.00001,0.00010
149.00125,0.99750,0.99982,0.00010,0.00000,0.00008
149.10126,0.99750,0.99993,0.00006,0.00000,0.00001
149.20125,0.99750,0.99948,0.00051,0.00000,0.00001
149.30125,0.99750,0.99433,0.00562,0.00001,0.00004
149.40125,0.99750,0.92689,0.07281,0.00019,0.00011
149.50125,0.99750,0.48285,0.51485,0.00209,0.00021
149.60126,0.99750,0.17853,0.81707,0.00422,0.00018
149.70125,0.99750,0.72909,0.26985,0.00080,0.00026
149.80125,0.99750,0.97875,0.02098,0.00005,0.00021
149.90125,0.99750,0.99896,0.00087,0.00000,0.00016
150.00125,0.99750,0.99980,0.00013,0.00000,0.00007
150.10126,0.99750,0.99967,0.00005,0.00001,0.00027
150.20125,0.99750,0.99963,0.00006,0.00001,0.00031
150.30125,0.99750,0.99978,0.00007,0.00001,0.00015
150.40125,0.99750,0.99984,0.00012,0.00000,0.00004
150.50125,0.99750,0.99993,0.00006,0.00000,0.00001
150.60126,0.99750,0.99973,0.00026,0.00000,0.00001
150.70125,0.99750,0.99641,0.00357,0.00000,0.00002
150.80125,0.99750,0.95134,0.04854,0.00006,0.00006
150.90125,0.99750,0.58328,0.41582,0.00075,0.00014
151.00125,0.99750,0.12879,0.86884,0.00226,0.00012
151.10126,0.99750,0.17148,0.82683,0.00154,0.00015
151.20125,0.99750,0.69687,0.30248,0.00034,0.00031
151.30125,0.99750,0.97545,0.02416,0.00003,0.00036
151.40125,0.99750,0.99873,0.00091,0.00000,0.00036
151.50125,0.99750,0.99958,0.00013,0.00000,0.00029
151.60126,0.99750,0.99944,0.00002,0.00000,0.00054
151.70125,0.99750,0.99962,0.00003,0.00000,0.00034
151.80125,0.99750,0.99988,0.00005,0.00000,0.00007
151.90125,0.99750,0.99987,0.00007,0.00000,0.00006
152.00125,0.99750,0.99995,0.00005,0.00000,0.00001
152.10126,0.99750,0.99974,0.00025,0.00000,0.00001
152.20125,0.99750,0.99697,0.00300,0.00000,0.00002
152.30125,0.99750,0.95940,0.04047,0.00007,0.00006
152.40125,0.99750,0.63389,0.36514,0.00079,0.00018
152.50125,0.99750,0.15505,0.84195,0.00285,0.00015
152.60126,0.99750,0.32766,0.67045,0.00168,0.00022
152.70125,0.99750,0.89933,0.10012,0.00017,0.00037
152.80125,0.99750,0.99220,0.00718,0.00001,0.00061
152.90125,0.99750,0.99928,0.00050,0.00002,0.00020
153.00125,0.99750,0.99857,0.00031,0.00003,0.00109
153.10126,0.99750,0.99875,0.00039,0.00004,0.00081
153.20125,0.99750,0.99919,0.00058,0.00004,0.00019
153.30125,0.99750,0.99899,0.00084,0.00000,0.00016
153.40125,0.99750,0.99950,0.00049,0.00000,0.00001
153.50125,0.99750,0.99873,0.00126,0.00000,0.00001
153.60126,0.99750,0.99016,0.00981,0.00001,0.00002
153.70125,0.99750,0.87801,0.12179,0.00012,0.00008
153.80125,0.99750,0.41243,0.58671,0.00074,0.00012
153.90125,0.99750,0.07293,0.92549,0.00150,0.00008
154.00125,0.99750,0.29948,0.69955,0.00081,0.00016
154.10126,0.99750,0.85541,0.14414,0.00014,0.00031
154.20125,0.99750,0.98777,0.01155,0.00001,0.00066
154.30125,0.99750,0.99514,0.00425,0.00020,0.00041
154.40125,0.99750,0.98550,0.00870,0.00148,0.00431
154.50125,0.99750,0.98441,0.01017,0.00094,0.00448
154.60126,0.99750,0.98124,0.01690,0.00051,0.00136
154.70125,0.99750,0.99082,0.00888,0.00001,0.00029
154.80125,0.99750,0.98963,0.01025,0.00000,0.00012
154.90125,0.99750,0.98108,0.01879,0.00001,0.00011
155.00125,0.99750,0.83005,0.16940,0.00023,0.00031
155.10126,0.99750,0.53399,0.46471,0.00076,0.00054
155.20125,0.99750,0.24393,0.75419,0.00133,0.00054
155.30125,0.99750,0.23692,0.76178,0.00063,0.00068
155.40125,0.99750,0.48221,0.51632,0.00038,0.00109
155.50125,0.99750,0.77860,0.21845,0.00040,0.00255
155.60126,0.99750,0.93589,0.05678,0.00033,0.00700
155.70125,0.99750,0.84749,0.12301,0.01361,0.01589
155.80125,0.99750,0.79487,0.17247,0.02535,0.00731
155.90125,0.99750,0.78172,0.20992,0.00184,0.00651
156.00125,0.99750,0.86833,0.13032,0.00016,0.00119
156.10126,0.99750,0.68542,0.31366,0.00018,0.00073
156.20125,0.99750,0.63573,0.36354,0.00027,0.00046
156.30125,0.99750,0.56918,0.42968,0.00082,0.00032
156.40125,0.99750,0.35556,0.64263,0.00143,0.00038
156.50125,0.99750,0.22814,0.77011,0.00140,0.00035
156.60126,0.99750,0.59641,0.40271,0.00052,0.00037
156.70125,0.99750,0.95906,0.04058,0.00003,0.00033
156.80125,0.99750,0.99742,0.00215,0.00000,0.00043
156.90125,0.99750,0.99972,0.00014,0.00000,0.00015
157.00125,0.99750,0.99974,0.00002,0.00000,0.00025
157.10126,0.99750,0.99988,0.00000,0.00000,0.00012
157.20125,0.99750,0.99997,0.00000,0.00000,0.00003
157.30125,0.99750,0.99999,0.00000,0.00000,0.00001
157.40125,0.99750,1.00000,0.00000,0.00000,0.00000
157.50125,0.99750,1.00000,0.00000,0.00000,0.00000
157.60126,0.99750,1.00000,0.00000,0.00000,0.00000
157.70125,0.99750,1.00000,0.00000,0.00000,0.00000
157.80125,0.99750,1.00000,0.00000,0.00000,0.00000
157.90125,0.99750,1.00000,0.00000,0.00000,0.00000
158.00125,0.99750,1.00000,0.00000,0.00000,0.00000
158.10126,0.99750,1.00000,0.00000,0.00000,0.00000
158.20125,0.99750,1.00000,0.00000,0.00000,0.00000
158.30125,0.99750,1.00000,0.00000,0.00000,0.00000
158.40125,0.99750,1.00000,0.00000,0.00000,0.00000
158.50125,0.99750,0.99998,0.00001,0.00000,0.00001
158.60126,0.99750,0.99993,0.00006,0.00000,0.00001
158.70125,0.99750,0.99910,0.00088,0.00000,0.00002
158.80125,0.99750,0.98791,0.01204,0.00001,0.00004
158.90125,0.99750,0.85389,0.14582,0.00014,0.00015
159.00125,0.99750,0.31676,0.68228,0.00072,0.00025
159.10126,0.99750,0.25751,0.74152,0.00071,0.00026
159.20125,0.99750,0.84805,0.15155,0.00008,0.00032
159.30125,0.99750,0.99115,0.00862,0.00000,0.00023
159.40125,0.99750,0.99920,0.00049,0.00000,0.00031
159.50125,0.99750,0.99977,0.00006,0.00000,0.00016
159.60126,0.99750,0.99983,0.00000,0.00000,0.00017
159.70125,0.99750,0.99994,0.00000,0.00000,0.00006
159.80125,0.99750,0.99996,0.00000,0.00000,0.00004
159.90125,0.99750,0.99998,0.00000,0.00000,0.00002
160.00125,0.99750,0.99999,0.00000,0.00000,0.00000
160.10126,0.99750,0.99998,0.00000,0.00000,0.00001
160.20125,0.99750,0.99996,0.00003,0.00000,0.00001
160.30125,0.99750,0.99955,0.00044,0.00000,0.00001
160.40125,0.99750,0.99389,0.00608,0.00000,0.00003
160.50125,0.99750,0.92551,0.07436,0.00003,0.00010
160.60126,0.99750,0.53471,0.46479,0.00024,0.00026
160.70125,0.99750,0.15767,0.84163,0.00046,0.00024
160.80125,0.99750,0.43925,0.56021,0.00019,0.00035
160.90125,0.99750,0.91617,0.08341,0.00002,0.00040
161.00125,0.99750,0.99308,0.00628,0.00000,0.00064
161.10126,0.99750,0.99921,0.00056,0.00001,0.00022
161.20125,0.99750,0.99941,0.00005,0.00000,0.00053
161.30125,0.99750,0.99954,0.00001,0.00000,0.00045
161.40125,0.99750,0.99953,0.00001,0.00000,0.00047
161.50125,0.99750,0.99970,0.00001,0.00000,0.00029
161.60126,0.99750,0.99993,0.00002,0.00000,0.00005
161.70125,0.99750,0.99990,0.00004,0.00000,0.00005
161.80125,0.99750,0.99958,0.00040,0.00000,0.00002
161.90125,0.99750,0.99509,0.00486,0.00000,0.00004
162.00125,0.99750,0.96468,0.03519,0.00002,0.00011
162.10126,0.99750,0.68811,0.31132,0.00025,0.00033
162.20125,0.99750,0.21470,0.78414,0.00083,0.00034
162.30125,0.99750,0.19769,0.80133,0.00061,0.00038
162.40125,0.99750,0.42018,0.57901,0.00028,0.00053
162.50125,0.99750,0.87668,0.12253,0.00005,0.00074
162.60126,0.99750,0.99156,0.00719,0.00000,0.00124
162.70125,0.99750,0.99748,0.00170,0.00002,0.00080
162.80125,0.99750,0.99475,0.00126,0.00010,0.00388
162.90125,0.99750,0.99427,0.00140,0.00012,0.00421
163.00125,0.99750,0.99629,0.00221,0.00009,0.00141
163.10126,0.99750,0.99620,0.00263,0.00001,0.00117
163.20125,0.99750,0.99743,0.00244,0.00000,0.00013
163.30125,0.99750,0.99183,0.00803,0.00001,0.00013
163.40125,0.99750,0.96842,0.03128,0.00005,0.00026
163.50125,0.99750,0.72329,0.27556,0.00045,0.00069
163.60126,0.99750,0.22798,0.77004,0.00129,0.00070
163.70125,0.99750,0.21228,0.78570,0.00121,0.00081
163.80125,0.99750,0.69990,0.29883,0.00026,0.00102
163.90125,0.99750,0.97150,0.02786,0.00001,0.00062
164.00125,0.99750,0.99830,0.00122,0.00000,0.00048
164.10126,0.99750,0.99980,0.00008,0.00000,0.00013
164.20125,0.99750,0.99970,0.00001,0.00000,0.00029
164.30125,0.99750,0.99984,0.00000,0.00000,0.00016
164.40125,0.99750,0.99991,0.00000,0.00000,0.00009
164.50125,0.99750,0.99998,0.00000,0.00000,0.00001
164.60126,0.99750,0.99999,0.00000,0.00000,0.00001
164.70125,0.99750,0.99999,0.00001,0.00000,0.00000
164.80125,0.99750,0.99989,0.00010,0.00000,0.00000
164.90125,0.99750,0.99845,0.00154,0.00000,0.00001
165.00125,0.99750,0.97684,0.02310,0.00003,0.00003
165.10126,0.99750,0.75464,0.24492,0.00034,0.00011
165.20125,0.99750,0.20932,0.78939,0.00117,0.00012
165.30125,0.99750,0.12845,0.87027,0.00116,0.00012
165.40125,0.99750,0.43595,0.56313,0.00054,0.00039
165.50125,0.99750,0.93688,0.06155,0.00004,0.00153
165.60126,0.99750,0.99423,0.00490,0.00002,0.00086
165.70125,0.99750,0.99545,0.00209,0.00005,0.00241
165.80125,0.99750,0.99724,0.00026,0.00001,0.00249
165.90125,0.99750,0.99703,0.00024,0.00001,0.00271
166.00125,0.99750,0.99826,0.00029,0.00001,0.00144
166.10126,0.99750,0.99930,0.00049,0.00002,0.00019
166.20125,0.99750,0.99919,0.00073,0.00001,0.00007
166.30125,0.99750,0.99936,0.00062,0.00000,0.00002
166.40125,0.99750,0.99505,0.00493,0.00000,0.00001
166.50125,0.99750,0.94209,0.05782,0.00005,0.00004
166.60126,0.99750,0.69020,0.30933,0.00039,0.00008
166.70125,0.99750,0.18663,0.81206,0.00123,0.00008
166.80125,0.99750,0.13571,0.86324,0.00097,0.00008
166.90125,0.99750,0.51731,0.48220,0.00033,0.00016
167.00125,0.99750,0.94005,0.05974,0.00003,0.00018
167.10126,0.99750,0.99619,0.00343,0.00000,0.00038
167.20125,0.99750,0.99956,0.00023,0.00000,0.00021
167.30125,0.99750,0.99973,0.00004,0.00000,0.00023
167.40125,0.99750,0.99977,0.00000,0.00000,0.00023
167.50125,0.99750,0.99993,0.00000,0.00000,0.00007
167.60126,0.99750,0.99998,0.00000,0.00000,0.00002
167.70125,0.99750,1.00000,0.00000,0.00000,0.00000
167.80125,0.99750,1.00000,0.00000,0.00000,0.00000
167.90125,0.99750,1.00000,0.00000,0.00000,0.00000
168.00125,0.99750,1.00000,0.00000,0.00000,0.00000
168.10126,0.99750,1.00000,0.00000,0.00000,0.00000
168.20125,0.99750,0.99998,0.00001,0.00000,0.00001
168.30125,0.99750,0.99994,0.00005,0.00000,0.00001
168.40125,0.99750,0.99925,0.00074,0.00000,0.00002
168.50125,0.99750,0.99045,0.00950,0.00000,0.00005
168.60126,0.99750,0.89447,0.10530,0.00008,0.00015
168.70125,0.99750,0.39489,0.60426,0.00067,0.00018
168.80125,0.99750,0.11521,0.88339,0.00126,0.00014
168.90125,0.99750,0.57013,0.42927,0.00033,0.00026
169.00125,0.99750,0.96432,0.03516,0.00002,0.00050
169.10126,0.99750,0.99753,0.00205,0.00000,0.00042
169.20125,0.99750,0.99976,0.00013,0.00000,0.00011
169.30125,0.99750,0.99980,0.00002,0.00000,0.00019
169.40125,0.99750,0.99989,0.00000,0.00000,0.00011
169.50125,0.99750,0.99996,0.00000,0.00000,0.00004
169.60126,0.99750,0.99998,0.00000,0.00000,0.00002
169.70125,0.99750,0.99999,0.00000,0.00000,0.00001
169.80125,0.99750,1.00000,0.00000,0.00000,0.00000
169.90125,0.99750,0.99999,0.00000,0.00000,0.00001
170.00125,0.99750,0.99999,0.00000,0.00000,0.00001
170.10126,0.99750,0.99999,0.00000,0.00000,0.00001
170.20125,0.99750,0.99997,0.00002,0.00000,0.00000
170.30125,0.99750,0.99975,0.00024,0.00000,0.00001
170.40125,0.99750,0.99857,0.00142,0.00000,0.00001
170.50125,0.99750,0.98750,0.01246,0.00001,0.00003
170.60126,0.99750,0.90344,0.09641,0.00006,0.00010
170.70125,0.99750,0.71091,0.28876,0.00015,0.00019
170.80125,0.99750,0.71271,0.28701,0.00011,0.00018
170.90125,0.99750,0.96666,0.03325,0.00001,0.00008
171.00125,0.99750,0.99841,0.00144,0.00000,0.00015
171.10126,0.99750,0.99985,0.00007,0.00000,0.00008
171.20125,0.99750,0.99980,0.00001,0.00000,0.00019
171.30125,0.99750,0.99989,0.00000,0.00000,0.00011
171.40125,0.99750,0.99996,0.00000,0.00000,0.00004
171.50125,0.99750,0.99997,0.00000,0.00000,0.00003
171.60126,0.99750,0.99999,0.00000,0.00000,0.00001
171.70125,0.99750,1.00000,0.00000,0.00000,0.00000
171.80125,0.99750,0.99998,0.00001,0.00000,0.00000
171.90125,0.99750,0.99982,0.00018,0.00000,0.00000
172.00125,0.99750,0.99730,0.00269,0.00000,0.00001
172.10126,0.99750,0.97062,0.02934,0.00002,0.00002
172.20125,0.99750,0.72336,0.27632,0.00027,0.00005
172.30125,0.99750,0.18421,0.81494,0.00080,0.00005
172.40125,0.99750,0.15011,0.84909,0.00074,0.00005
172.50125,0.99750,0.67409,0.32566,0.00015,0.00010
172.60126,0.99750,0.97531,0.02457,0.00001,0.00011
172.70125,0.99750,0.99886,0.00086,0.00000,0.00028
172.80125,0.99750,0.99973,0.00009,0.00000,0.00018
172.90125,0.99750,0.99973,0.00001,0.00000,0.00027
173.00125,0.99750,0.99977,0.00000,0.00000,0.00023
173.10126,0.99750,0.99978,0.00000,0.00000,0.00022
173.20125,0.99750,0.99984,0.00000,0.00000,0.00016
173.30125,0.99750,0.99997,0.00001,0.00000,0.00002
173.40125,0.99750,0.99988,0.00008,0.00000,0.00003
173.50125,0.99750,0.99934,0.00065,0.00000,0.00001
173.60126,0.99750,0.98994,0.01003,0.00001,0.00003
173.70125,0.99750,0.87746,0.12235,0.00010,0.00009
173.80125,0.99750,0.36407,0.63508,0.00074,0.00011
173.90125,0.99750,0.08964,0.90927,0.00102,0.00007
174.00125,0.99750,0.09333,0.90558,0.00099,0.00011
174.10126,0.99750,0.39973,0.59957,0.00047,0.00023
174.20125,0.99750,0.91898,0.08077,0.00006,0.00018
174.30125,0.99750,0.99467,0.00471,0.00000,0.00062
174.40125,0.99750,0.99933,0.00043,0.00001,0.00023
174.50125,0.99750,0.99941,0.00004,0.00000,0.00055
174.60126,0.99750,0.99976,0.00000,0.00000,0.00023
174.70125,0.99750,0.99983,0.00000,0.00000,0.00017
174.80125,0.99750,0.99983,0.00000,0.00000,0.00016
174.90125,0.99750,0.99995,0.00000,0.00000,0.00004
175.00125,0.99750,0.99998,0.00001,0.00000,0.00001
175.10126,0.99750,0.99991,0.00008,0.00000,0.00001
175.20125,0.99750,0.99884,0.00115,0.00000,0.00001
175.30125,0.99750,0.98780,0.01215,0.00003,0.00002
175.40125,0.99750,0.86520,0.13422,0.00051,0.00006
175.50125,0.99750,0.36521,0.63203,0.00264,0.00011
175.60126,0.99750,0.09616,0.89984,0.00391,0.00009
175.70125,0.99750,0.12102,0.87630,0.00253,0.00015
175.80125,0.99750,0.51111,0.48766,0.00094,0.00030
175.90125,0.99750,0.92014,0.07879,0.00014,0.00092
176.00125,0.99750,0.99424,0.00443,0.00001,0.00132
176.10126,0.99750,0.99774,0.00063,0.00003,0.00160
176.20125,0.99750,0.99589,0.00019,0.00002,0.00391
176.30125,0.99750,0.99627,0.00021,0.00001,0.00351
176.40125,0.99750,0.99830,0.00029,0.00002,0.00140
176.50125,0.99750,0.99916,0.00057,0.00003,0.00024
176.60126,0.99750,0.99940,0.00051,0.00000,0.00009
176.70125,0.99750,0.99857,0.00141,0.00000,0.00002
176.80125,0.99750,0.98691,0.01307,0.00001,0.00002
176.90125,0.99750,0.89942,0.10040,0.00014,0.00003
177.00125,0.99750,0.45645,0.54259,0.00089,0.00006
177.10126,0.99750,0.23233,0.76662,0.00098,0.00007
177.20125,0.99750,0.67717,0.32247,0.00028,0.00007
177.30125,0.99750,0.96922,0.03074,0.00001,0.00003
177.40125,0.99750,0.99726,0.00271,0.00000,0.00003
177.50125,0.99750,0.99984,0.00012,0.00000,0.00004
177.60126,0.99750,0.99996,0.00001,0.00000,0.00002
177.70125,0.99750,0.99992,0.00000,0.00000,0.00008
177.80125,0.99750,0.99982,0.00000,0.00000,0.00018
177.90125,0.99750,0.99981,0.00000,0.00000,0.00018
178.00125,0.99750,0.99999,0.00001,0.00000,0.00001
178.10126,0.99750,0.99992,0.00006,0.00000,0.00002
178.20125,0.99750,0.99958,0.00041,0.00000,0.00000
178.30125,0.99750,0.99460,0.00539,0.00000,0.00001
178.40125,0.99750,0.95243,0.04753,0.00002,0.00002
178.50125,0.99750,0.60727,0.39241,0.00027,0.00005
178.60126,0.99750,0.15818,0.84107,0.00070,0.00005
178.70125,0.99750,0.14881,0.85047,0.00066,0.00006
178.80125,0.99750,0.65555,0.34411,0.00025,0.00008
178.90125,0.99750,0.96244,0.03748,0.00003,0.00005
179.00125,0.99750,0.99834,0.00145,0.00000,0.00021
179.10126,0.99750,0.99980,0.00012,0.00001,0.00007
179.20125,0.99750,0.99953,0.00002,0.00000,0.00044
179.30125,0.99750,0.99945,0.00002,0.00000,0.00052
179.40125,0.99750,0.99987,0.00004,0.00000,0.00009
179.50125,0.99750,0.99990,0.00006,0.00000,0.00003
179.60126,0.99750,0.99996,0.00004,0.00000,0.00001
179.70125,0.99750,0.99977,0.00022,0.00000,0.00000
179.80125,0.99750,0.99732,0.00266,0.00000,0.00001
179.90125,0.99750,0.96771,0.03222,0.00002,0.00005
180.00125,0.99750,0.88337,0.11645,0.00008,0.00011
180.10126,0.99750,0.87820,0.12163,0.00006,0.00012
180.20125,0.99750,0.97226,0.02768,0.00001,0.00005
180.30125,0.99750,0.99795,0.00203,0.00000,0.00002
180.40125,0.99750,0.99983,0.00012,0.00000,0.00005
180.50125,0.99750,0.99996,0.00001,0.00000,0.00003
180.60126,0.99750,0.99994,0.00000,0.00000,0.00006
180.70125,0.99750,0.99995,0.00000,0.00000,0.00005
180.80125,0.99750,0.99999,0.00000,0.00000,0.00001
180.90125,0.99750,1.00000,0.00000,0.00000,0.00000
181.00125,0.99750,1.00000,0.00000,0.00000,0.00000
181.10126,0.99750,1.00000,0.00000,0.00000,0.00000
