Time (seconds), Duration (seconds),pred_(unlabeled),pred_Jab_R,pred_Sidehook_R,pred_Uppercut_R
0.00125,0.99750,0.99991,0.00000,0.00000,0.00009
0.10125,0.99750,0.99991,0.00000,0.00000,0.00009
0.20125,0.99750,0.99991,0.00000,0.00000,0.00009
0.30125,0.99750,0.99992,0.00000,0.00000,0.00008
0.40125,0.99750,0.99992,0.00000,0.00000,0.00008
0.50125,0.99750,0.99991,0.00000,0.00000,0.00009
0.60125,0.99750,0.99992,0.00000,0.00000,0.00008
0.70125,0.99750,0.99991,0.00000,0.00000,0.00009
0.80125,0.99750,0.99992,0.00000,0.00000,0.00008
0.90125,0.99750,0.99991,0.00000,0.00000,0.00009
1.00125,0.99750,0.99991,0.00000,0.00000,0.00009
1.10125,0.99750,0.99991,0.00000,0.00000,0.00009
1.20125,0.99750,0.99992,0.00000,0.00000,0.00008
1.30125,0.99750,0.99992,0.00000,0.00000,0.00008
1.40125,0.99750,0.99991,0.00000,0.00000,0.00009
1.50125,0.99750,0.99992,0.00000,0.00000,0.00008
1.60125,0.99750,0.99991,0.00000,0.00000,0.00009
1.70125,0.99750,0.99991,0.00000,0.00000,0.00009
1.80125,0.99750,0.99991,0.00000,0.00000,0.00009
1.90125,0.99750,0.99991,0.00000,0.00000,0.00009
2.00125,0.99750,0.99991,0.00000,0.00000,0.00009
2.10125,0.99750,0.99991,0.00000,0.00000,0.00009
2.20125,0.99750,0.99991,0.00000,0.00000,0.00009
2.30125,0.99750,0.99991,0.00000,0.00000,0.00009
2.40125,0.99750,0.99991,0.00000,0.00000,0.00009
2.50125,0.99750,0.99991,0.00000,0.00000,0.00009
2.60125,0.99750,0.99991,0.00000,0.00000,0.00009
2.70125,0.99750,0.99991,0.00000,0.00000,0.00009
2.80125,0.99750,0.99991,0.00000,0.00000,0.00009
2.90125,0.99750,0.99991,0.00000,0.00000,0.00009
3.00125,0.99750,0.99991,0.00000,0.00000,0.00009
3.10125,0.99750,0.99987,0.00000,0.00000,0.00013
3.20125,0.99750,0.99976,0.00000,0.00000,0.00024
3.30125,0.99750,0.99999,0.00000,0.00000,0.00001
3.40125,0.99750,0.99993,0.00000,0.00000,0.00007
3.50125,0.99750,0.99984,0.00000,0.00000,0.00016
3.60125,0.99750,0.99994,0.00000,0.00000,0.00006
3.70125,0.99750,0.99999,0.00000,0.00000,0.00001
3.80125,0.99750,0.99999,0.00000,0.00000,0.00001
3.90125,0.99750,0.99997,0.00000,0.00000,0.00003
4.00125,0.99750,0.99997,0.00000,0.00000,0.00003
4.10125,0.99750,0.99997,0.00000,0.00000,0.00003
4.20125,0.99750,0.99994,0.00000,0.00000,0.00006
4.30125,0.99750,1.00000,0.00000,0.00000,0.00000
4.40125,0.99750,0.99999,0.00000,0.00000,0.00001
4.50125,0.99750,0.99988,0.00000,0.00000,0.00012
4.60125,0.99750,0.99950,0.00000,0.00000,0.00050
4.70125,0.99750,0.99989,0.00000,0.00000,0.00011
4.80125,0.99750,0.99990,0.00000,0.00000,0.00010
4.90125,0.99750,0.99956,0.00000,0.00000,0.00044
5.00125,0.99750,0.99954,0.00000,0.00000,0.00046
5.10125,0.99750,0.99977,0.00000,0.00000,0.00023
5.20125,0.99750,0.99985,0.00000,0.00000,0.00015
5.30125,0.99750,0.99970,0.00000,0.00000,0.00030
5.40125,0.99750,0.99959,0.00000,0.00000,0.00041
5.50125,0.99750,0.99979,0.00000,0.00000,0.00021
5.60125,0.99750,0.99970,0.00000,0.00000,0.00030
5.70125,0.99750,0.99970,0.00000,0.00000,0.00030
5.80125,0.99750,0.99979,0.00000,0.00000,0.00021
5.90125,0.99750,0.99985,0.00000,0.00000,0.00015
6.00125,0.99750,0.99990,0.00000,0.00000,0.00010
6.10125,0.99750,0.99983,0.00000,0.00000,0.00017
6.20125,0.99750,0.99988,0.00000,0.00000,0.00012
6.30125,0.99750,0.99990,0.00000,0.00000,0.00010
6.40125,0.99750,0.99990,0.00000,0.00000,0.00010
6.50125,0.99750,0.99990,0.00000,0.00000,0.00010
6.60125,0.99750,0.99990,0.00000,0.00000,0.00010
6.70125,0.99750,0.99990,0.00000,0.00000,0.00010
6.80125,0.99750,0.99990,0.00000,0.00000,0.00010
6.90125,0.99750,0.99990,0.00000,0.00000,0.00010
7.00125,0.99750,0.99990,0.00000,0.00000,0.00010
7.10125,0.99750,0.99991,0.00000,0.00000,0.00009
7.20125,0.99750,0.99991,0.00000,0.00000,0.00009
7.30125,0.99750,0.99991,0.00000,0.00000,0.00009
7.40125,0.99750,0.99991,0.00000,0.00000,0.00009
7.50125,0.99750,0.99991,0.00000,0.00000,0.00009
7.60125,0.99750,0.99992,0.00000,0.00000,0.00008
7.70125,0.99750,0.99991,0.00000,0.00000,0.00009
7.80125,0.99750,0.99991,0.00000,0.00000,0.00009
7.90125,0.99750,0.99991,0.00000,0.00000,0.00009
8.00125,0.99750,0.99992,0.00000,0.00000,0.00009
8.10125,0.99750,0.99991,0.00000,0.00000,0.00009
8.20125,0.99750,0.99991,0.00000,0.00000,0.00009
8.30125,0.99750,0.99991,0.00000,0.00000,0.00009
8.40125,0.99750,0.99991,0.00000,0.00000,0.00009
8.50125,0.99750,0.99991,0.00000,0.00000,0.00009
8.60125,0.99750,0.99991,0.00000,0.00000,0.00009
8.70125,0.99750,0.99991,0.00000,0.00000,0.00009
8.80125,0.99750,0.99991,0.00000,0.00000,0.00009
8.90125,0.99750,0.99991,0.00000,0.00000,0.00009
9.00125,0.99750,0.99992,0.00000,0.00000,0.00008
9.10125,0.99750,0.99991,0.00000,0.00000,0.00009
9.20125,0.99750,0.99992,0.00000,0.00000,0.00008
9.30125,0.99750,0.99991,0.00000,0.00000,0.00009
9.40125,0.99750,0.99991,0.00000,0.00000,0.00009
9.50125,0.99750,0.99991,0.00000,0.00000,0.00009
9.60125,0.99750,0.99991,0.00000,0.00000,0.00009
9.70125,0.99750,0.99991,0.00000,0.00000,0.00009
9.80125,0.99750,0.99991,0.00000,0.00000,0.00009
9.90125,0.99750,0.99991,0.00000,0.00000,0.00009
10.00125,0.99750,0.99991,0.00000,0.00000,0.00009
10.10125,0.99750,0.99991,0.00000,0.00000,0.00009
10.20125,0.99750,0.99991,0.00000,0.00000,0.00009
10.30125,0.99750,0.99991,0.00000,0.00000,0.00009
10.40125,0.99750,0.99991,0.00000,0.00000,0.00009
10.50125,0.99750,0.99991,0.00000,0.00000,0.00009
10.60125,0.99750,0.99991,0.00000,0.00000,0.00009
10.70125,0.99750,0.99991,0.00000,0.00000,0.00009
10.80125,0.99750,0.99991,0.00000,0.00000,0.00009
10.90125,0.99750,0.99992,0.00000,0.00000,0.00008
11.00125,0.99750,0.99991,0.00000,0.00000,0.00009
11.10125,0.99750,0.99992,0.00000,0.00000,0.00009
11.20125,0.99750,0.99991,0.00000,0.00000,0.00009
11.30125,0.99750,0.99991,0.00000,0.00000,0.00009
11.40125,0.99750,0.99991,0.00000,0.00000,0.00009
11.50125,0.99750,0.99991,0.00000,0.00000,0.00009
11.60125,0.99750,0.99991,0.00000,0.00000,0.00009
11.70125,0.99750,0.99991,0.00000,0.00000,0.00009
11.80125,0.99750,0.99991,0.00000,0.00000,0.00009
11.90125,0.99750,0.99991,0.00000,0.00000,0.00009
12.00125,0.99750,0.99992,0.00000,0.00000,0.00008
12.10125,0.99750,0.99991,0.00000,0.00000,0.00009
12.20125,0.99750,0.99991,0.00000,0.00000,0.00009
12.30125,0.99750,0.99991,0.00000,0.00000,0.00009
12.40125,0.99750,0.99991,0.00000,0.00000,0.00009
12.50125,0.99750,0.99991,0.00000,0.00000,0.00009
12.60125,0.99750,0.99991,0.00000,0.00000,0.00009
12.70125,0.99750,0.99991,0.00000,0.00000,0.00009
12.80125,0.99750,0.99991,0.00000,0.00000,0.00009
12.90125,0.99750,0.99991,0.00000,0.00000,0.00009
13.00125,0.99750,0.99991,0.00000,0.00000,0.00009
13.10125,0.99750,0.99991,0.00000,0.00000,0.00009
13.20125,0.99750,0.99991,0.00000,0.00000,0.00009
13.30125,0.99750,0.99991,0.00000,0.00000,0.00009
13.40125,0.99750,0.99991,0.00000,0.00000,0.00009
13.50125,0.99750,0.99991,0.00000,0.00000,0.00009
13.60125,0.99750,0.99991,0.00000,0.00000,0.00009
13.70125,0.99750,0.99991,0.00000,0.00000,0.00009
13.80125,0.99750,0.99991,0.00000,0.00000,0.00009
13.90125,0.99750,0.99991,0.00000,0.00000,0.00009
14.00125,0.99750,0.99991,0.00000,0.00000,0.00009
14.10125,0.99750,0.99992,0.00000,0.00000,0.00008
14.20125,0.99750,0.99991,0.00000,0.00000,0.00009
14.30125,0.99750,0.99991,0.00000,0.00000,0.00009
14.40125,0.99750,0.99992,0.00000,0.00000,0.00008
14.50125,0.99750,0.99992,0.00000,0.00000,0.00008
14.60125,0.99750,0.99991,0.00000,0.00000,0.00009
14.70125,0.99750,0.99991,0.00000,0.00000,0.00009
14.80125,0.99750,0.99991,0.00000,0.00000,0.00009
14.90125,0.99750,0.99992,0.00000,0.00000,0.00009
15.00125,0.99750,0.99991,0.00000,0.00000,0.00009
15.10125,0.99750,0.99991,0.00000,0.00000,0.00009
15.20125,0.99750,0.99991,0.00000,0.00000,0.00009
15.30125,0.99750,0.99991,0.00000,0.00000,0.00009
15.40125,0.99750,0.99991,0.00000,0.00000,0.00009
15.50125,0.99750,0.99991,0.00000,0.00000,0.00009
15.60125,0.99750,0.99991,0.00000,0.00000,0.00009
15.70125,0.99750,0.99991,0.00000,0.00000,0.00009
15.80125,0.99750,0.99991,0.00000,0.00000,0.00009
15.90125,0.99750,0.99991,0.00000,0.00000,0.00009
16.00125,0.99750,0.99991,0.00000,0.00000,0.00009
16.10125,0.99750,0.99991,0.00000,0.00000,0.00009
16.20125,0.99750,0.99991,0.00000,0.00000,0.00009
16.30125,0.99750,0.99991,0.00000,0.00000,0.00009
16.40125,0.99750,0.99991,0.00000,0.00000,0.00009
16.50125,0.99750,0.99991,0.00000,0.00000,0.00009
16.60125,0.99750,0.99991,0.00000,0.00000,0.00009
16.70125,0.99750,0.99991,0.00000,0.00000,0.00009
16.80125,0.99750,0.99991,0.00000,0.00000,0.00009
16.90125,0.99750,0.99992,0.00000,0.00000,0.00008
17.00125,0.99750,0.99991,0.00000,0.00000,0.00009
17.10125,0.99750,0.99991,0.00000,0.00000,0.00009
17.20125,0.99750,0.99991,0.00000,0.00000,0.00009
17.30125,0.99750,0.99992,0.00000,0.00000,0.00008
17.40125,0.99750,0.99991,0.00000,0.00000,0.00009
17.50125,0.99750,0.99991,0.00000,0.00000,0.00009
17.60125,0.99750,0.99992,0.00000,0.00000,0.00008
17.70125,0.99750,0.99991,0.00000,0.00000,0.00009
17.80125,0.99750,0.99991,0.00000,0.00000,0.00009
17.90125,0.99750,0.99992,0.00000,0.00000,0.00008
18.00125,0.99750,0.99992,0.00000,0.00000,0.00008
18.10125,0.99750,0.99991,0.00000,0.00000,0.00009
18.20125,0.99750,0.99991,0.00000,0.00000,0.00009
18.30125,0.99750,0.99991,0.00000,0.00000,0.00009
18.40125,0.99750,0.99991,0.00000,0.00000,0.00009
18.50125,0.99750,0.99992,0.00000,0.00000,0.00008
18.60125,0.99750,0.99991,0.00000,0.00000,0.00009
18.70125,0.99750,0.99991,0.00000,0.00000,0.00009
18.80125,0.99750,0.99991,0.00000,0.00000,0.00009
18.90125,0.99750,0.99992,0.00000,0.00000,0.00008
19.00125,0.99750,0.99992,0.00000,0.00000,0.00008
19.10125,0.99750,0.99991,0.00000,0.00000,0.00009
19.20125,0.99750,0.99992,0.00000,0.00000,0.00008
19.30125,0.99750,0.99991,0.00000,0.00000,0.00009
19.40125,0.99750,0.99991,0.00000,0.00000,0.00009
19.50125,0.99750,0.99991,0.00000,0.00000,0.00009
19.60125,0.99750,0.99991,0.00000,0.00000,0.00009
19.70125,0.99750,0.99991,0.00000,0.00000,0.00009
19.80125,0.99750,0.99991,0.00000,0.00000,0.00009
19.90125,0.99750,0.99992,0.00000,0.00000,0.00008
20.00125,0.99750,0.99991,0.00000,0.00000,0.00009
20.10125,0.99750,0.99992,0.00000,0.00000,0.00008
20.20125,0.99750,0.99991,0.00000,0.00000,0.00009
20.30125,0.99750,0.99992,0.00000,0.00000,0.00009
20.40125,0.99750,0.99992,0.00000,0.00000,0.00008
20.50125,0.99750,0.99992,0.00000,0.00000,0.00008
20.60125,0.99750,0.99991,0.00000,0.00000,0.00009
20.70125,0.99750,0.99992,0.00000,0.00000,0.00008
20.80125,0.99750,0.99992,0.00000,0.00000,0.00008
20.90125,0.99750,0.99991,0.00000,0.00000,0.00009
21.00125,0.99750,0.99991,0.00000,0.00000,0.00009
21.10125,0.99750,0.99991,0.00000,0.00000,0.00009
21.20125,0.99750,0.99991,0.00000,0.00000,0.00009
21.30125,0.99750,0.99991,0.00000,0.00000,0.00009
21.40125,0.99750,0.99991,0.00000,0.00000,0.00009
21.50125,0.99750,0.99992,0.00000,0.00000,0.00008
21.60125,0.99750,0.99992,0.00000,0.00000,0.00008
21.70125,0.99750,0.99992,0.00000,0.00000,0.00008
21.80125,0.99750,0.99991,0.00000,0.00000,0.00009
21.90125,0.99750,0.99992,0.00000,0.00000,0.00008
22.00125,0.99750,0.99991,0.00000,0.00000,0.00009
22.10125,0.99750,0.99991,0.00000,0.00000,0.00009
22.20125,0.99750,0.99992,0.00000,0.00000,0.00008
22.30125,0.99750,0.99991,0.00000,0.00000,0.00009
22.40125,0.99750,0.99991,0.00000,0.00000,0.00009
22.50125,0.99750,0.99991,0.00000,0.00000,0.00009
22.60125,0.99750,0.99991,0.00000,0.00000,0.00009
22.70125,0.99750,0.99991,0.00000,0.00000,0.00009
22.80125,0.99750,0.99991,0.00000,0.00000,0.00009
22.90125,0.99750,0.99991,0.00000,0.00000,0.00009
23.00125,0.99750,0.99991,0.00000,0.00000,0.00009
23.10125,0.99750,0.99991,0.00000,0.00000,0.00009
23.20125,0.99750,0.99991,0.00000,0.00000,0.00009
23.30125,0.99750,0.99991,0.00000,0.00000,0.00009
23.40125,0.99750,0.99991,0.00000,0.00000,0.00009
23.50125,0.99750,0.99991,0.00000,0.00000,0.00009
23.60125,0.99750,0.99991,0.00000,0.00000,0.00009
23.70125,0.99750,0.99992,0.00000,0.00000,0.00009
23.80125,0.99750,0.99991,0.00000,0.00000,0.00009
23.90125,0.99750,0.99991,0.00000,0.00000,0.00009
24.00125,0.99750,0.99991,0.00000,0.00000,0.00009
24.10125,0.99750,0.99991,0.00000,0.00000,0.00009
24.20125,0.99750,0.99991,0.00000,0.00000,0.00009
24.30125,0.99750,0.99991,0.00000,0.00000,0.00009
24.40125,0.99750,0.99991,0.00000,0.00000,0.00009
24.50125,0.99750,0.99991,0.00000,0.00000,0.00009
24.60125,0.99750,0.99991,0.00000,0.00000,0.00009
24.70125,0.99750,0.99991,0.00000,0.00000,0.00009
24.80125,0.99750,0.99991,0.00000,0.00000,0.00009
24.90125,0.99750,0.99991,0.00000,0.00000,0.00009
25.00125,0.99750,0.99991,0.00000,0.00000,0.00009
25.10125,0.99750,0.99991,0.00000,0.00000,0.00009
25.20125,0.99750,0.99991,0.00000,0.00000,0.00009
25.30125,0.99750,0.99991,0.00000,0.00000,0.00009
25.40125,0.99750,0.99992,0.00000,0.00000,0.00008
25.50125,0.99750,0.99992,0.00000,0.00000,0.00008
25.60125,0.99750,0.99991,0.00000,0.00000,0.00009
25.70125,0.99750,0.99991,0.00000,0.00000,0.00009
25.80125,0.99750,0.99991,0.00000,0.00000,0.00009
25.90125,0.99750,0.99991,0.00000,0.00000,0.00009
26.00125,0.99750,0.99991,0.00000,0.00000,0.00009
26.10125,0.99750,0.99991,0.00000,0.00000,0.00009
26.20125,0.99750,0.99991,0.00000,0.00000,0.00009
26.30125,0.99750,0.99991,0.00000,0.00000,0.00009
26.40125,0.99750,0.99991,0.00000,0.00000,0.00009
26.50125,0.99750,0.99991,0.00000,0.00000,0.00009
26.60125,0.99750,0.99991,0.00000,0.00000,0.00009
26.70125,0.99750,0.99991,0.00000,0.00000,0.00009
26.80125,0.99750,0.99991,0.00000,0.00000,0.00009
26.90125,0.99750,0.99991,0.00000,0.00000,0.00009
27.00125,0.99750,0.99991,0.00000,0.00000,0.00009
27.10125,0.99750,0.99991,0.00000,0.00000,0.00009
27.20125,0.99750,0.99991,0.00000,0.00000,0.00009
27.30125,0.99750,0.99991,0.00000,0.00000,0.00009
27.40125,0.99750,0.99991,0.00000,0.00000,0.00009
27.50125,0.99750,0.99991,0.00000,0.00000,0.00009
27.60125,0.99750,0.99991,0.00000,0.00000,0.00009
27.70125,0.99750,0.99992,0.00000,0.00000,0.00009
27.80125,0.99750,0.99992,0.00000,0.00000,0.00009
27.90125,0.99750,0.99991,0.00000,0.00000,0.00009
28.00125,0.99750,0.99991,0.00000,0.00000,0.00009
28.10125,0.99750,0.99991,0.00000,0.00000,0.00009
28.20125,0.99750,0.99991,0.00000,0.00000,0.00009
28.30125,0.99750,0.99991,0.00000,0.00000,0.00009
28.40125,0.99750,0.99991,0.00000,0.00000,0.00009
28.50125,0.99750,0.99991,0.00000,0.00000,0.00009
28.60125,0.99750,0.99991,0.00000,0.00000,0.00009
28.70125,0.99750,0.99991,0.00000,0.00000,0.00009
28.80125,0.99750,0.99991,0.00000,0.00000,0.00009
28.90125,0.99750,0.99991,0.00000,0.00000,0.00009
29.00125,0.99750,0.99991,0.00000,0.00000,0.00009
29.10125,0.99750,0.99991,0.00000,0.00000,0.00009
29.20125,0.99750,0.99991,0.00000,0.00000,0.00009
29.30125,0.99750,0.99991,0.00000,0.00000,0.00009
29.40125,0.99750,0.99991,0.00000,0.00000,0.00009
29.50125,0.99750,0.99991,0.00000,0.00000,0.00009
29.60125,0.99750,0.99991,0.00000,0.00000,0.00009
29.70125,0.99750,0.99991,0.00000,0.00000,0.00009
29.80125,0.99750,0.99992,0.00000,0.00000,0.00008
29.90125,0.99750,0.99991,0.00000,0.00000,0.00009
30.00125,0.99750,0.99991,0.00000,0.00000,0.00009
30.10125,0.99750,0.99991,0.00000,0.00000,0.00009
30.20125,0.99750,0.99991,0.00000,0.00000,0.00009
30.30125,0.99750,0.99991,0.00000,0.00000,0.00009
30.40125,0.99750,0.99992,0.00000,0.00000,0.00008
30.50125,0.99750,0.99991,0.00000,0.00000,0.00009
30.60125,0.99750,0.99991,0.00000,0.00000,0.00009
30.70125,0.99750,0.99991,0.00000,0.00000,0.00009
30.80125,0.99750,0.99991,0.00000,0.00000,0.00009
30.90125,0.99750,0.99991,0.00000,0.00000,0.00009
31.00125,0.99750,0.99991,0.00000,0.00000,0.00009
31.10125,0.99750,0.99991,0.00000,0.00000,0.00009
31.20125,0.99750,0.99991,0.00000,0.00000,0.00009
31.30125,0.99750,0.99991,0.00000,0.00000,0.00009
31.40125,0.99750,0.99991,0.00000,0.00000,0.00009
31.50125,0.99750,0.99991,0.00000,0.00000,0.00009
31.60125,0.99750,0.99991,0.00000,0.00000,0.00009
31.70125,0.99750,0.99991,0.00000,0.00000,0.00009
31.80125,0.99750,0.99991,0.00000,0.00000,0.00009
31.90125,0.99750,0.99991,0.00000,0.00000,0.00009
32.00125,0.99750,0.99992,0.00000,0.00000,0.00008
32.10125,0.99750,0.99991,0.00000,0.00000,0.00009
32.20125,0.99750,0.99991,0.00000,0.00000,0.00009
32.30125,0.99750,0.99991,0.00000,0.00000,0.00009
32.40125,0.99750,0.99991,0.00000,0.00000,0.00009
32.50125,0.99750,0.99991,0.00000,0.00000,0.00009
32.60125,0.99750,0.99991,0.00000,0.00000,0.00009
32.70125,0.99750,0.99991,0.00000,0.00000,0.00009
32.80125,0.99750,0.99991,0.00000,0.00000,0.00009
32.90125,0.99750,0.99991,0.00000,0.00000,0.00009
33.00125,0.99750,0.99991,0.00000,0.00000,0.00009
33.10125,0.99750,0.99991,0.00000,0.00000,0.00009
33.20125,0.99750,0.99991,0.00000,0.00000,0.00009
33.30125,0.99750,0.99991,0.00000,0.00000,0.00009
33.40125,0.99750,0.99991,0.00000,0.00000,0.00009
33.50125,0.99750,0.99991,0.00000,0.00000,0.00009
33.60125,0.99750,0.99992,0.00000,0.00000,0.00009
33.70125,0.99750,0.99991,0.00000,0.00000,0.00009
33.80125,0.99750,0.99991,0.00000,0.00000,0.00009
33.90125,0.99750,0.99991,0.00000,0.00000,0.00009
34.00125,0.99750,0.99991,0.00000,0.00000,0.00009
34.10125,0.99750,0.99991,0.00000,0.00000,0.00009
34.20125,0.99750,0.99991,0.00000,0.00000,0.00009
34.30125,0.99750,0.99991,0.00000,0.00000,0.00009
34.40125,0.99750,0.99992,0.00000,0.00000,0.00009
34.50125,0.99750,0.99991,0.00000,0.00000,0.00009
34.60125,0.99750,0.99992,0.00000,0.00000,0.00008
34.70125,0.99750,0.99991,0.00000,0.00000,0.00009
34.80125,0.99750,0.99991,0.00000,0.00000,0.00009
34.90125,0.99750,0.99991,0.00000,0.00000,0.00009
35.00125,0.99750,0.99991,0.00000,0.00000,0.00009
35.10125,0.99750,0.99991,0.00000,0.00000,0.00009
35.20125,0.99750,0.99992,0.00000,0.00000,0.00008
35.30125,0.99750,0.99991,0.00000,0.00000,0.00009
35.40125,0.99750,0.99992,0.00000,0.00000,0.00008
35.50125,0.99750,0.99991,0.00000,0.00000,0.00009
35.60125,0.99750,0.99991,0.00000,0.00000,0.00009
35.70125,0.99750,0.99991,0.00000,0.00000,0.00009
35.80125,0.99750,0.99991,0.00000,0.00000,0.00009
35.90125,0.99750,0.99991,0.00000,0.00000,0.00009
36.00125,0.99750,0.99991,0.00000,0.00000,0.00009
36.10125,0.99750,0.99991,0.00000,0.00000,0.00009
36.20125,0.99750,0.99991,0.00000,0.00000,0.00009
36.30125,0.99750,0.99991,0.00000,0.00000,0.00009
36.40125,0.99750,0.99992,0.00000,0.00000,0.00009
36.50125,0.99750,0.99991,0.00000,0.00000,0.00009
36.60125,0.99750,0.99991,0.00000,0.00000,0.00009
36.70125,0.99750,0.99992,0.00000,0.00000,0.00009
36.80125,0.99750,0.99991,0.00000,0.00000,0.00009
36.90125,0.99750,0.99991,0.00000,0.00000,0.00009
37.00125,0.99750,0.99991,0.00000,0.00000,0.00009
37.10125,0.99750,0.99991,0.00000,0.00000,0.00009
37.20125,0.99750,0.99991,0.00000,0.00000,0.00009
37.30125,0.99750,0.99991,0.00000,0.00000,0.00009
37.40125,0.99750,0.99991,0.00000,0.00000,0.00009
37.50125,0.99750,0.99991,0.00000,0.00000,0.00009
37.60125,0.99750,0.99991,0.00000,0.00000,0.00009
37.70125,0.99750,0.99991,0.00000,0.00000,0.00009
37.80125,0.99750,0.99991,0.00000,0.00000,0.00009
37.90125,0.99750,0.99991,0.00000,0.00000,0.00009
38.00125,0.99750,0.99992,0.00000,0.00000,0.00008
38.10125,0.99750,0.99992,0.00000,0.00000,0.00008
38.20125,0.99750,0.99991,0.00000,0.00000,0.00009
38.30125,0.99750,0.99991,0.00000,0.00000,0.00009
38.40125,0.99750,0.99991,0.00000,0.00000,0.00009
38.50125,0.99750,0.99991,0.00000,0.00000,0.00009
38.60125,0.99750,0.99991,0.00000,0.00000,0.00009
38.70125,0.99750,0.99991,0.00000,0.00000,0.00009
38.80125,0.99750,0.99991,0.00000,0.00000,0.00009
38.90125,0.99750,0.99992,0.00000,0.00000,0.00008
39.00125,0.99750,0.99991,0.00000,0.00000,0.00009
39.10125,0.99750,0.99991,0.00000,0.00000,0.00009
39.20125,0.99750,0.99991,0.00000,0.00000,0.00009
39.30125,0.99750,0.99991,0.00000,0.00000,0.00009
39.40125,0.99750,0.99991,0.00000,0.00000,0.00009
39.50125,0.99750,0.99992,0.00000,0.00000,0.00009
39.60125,0.99750,0.99991,0.00000,0.00000,0.00009
39.70125,0.99750,0.99991,0.00000,0.00000,0.00009
39.80125,0.99750,0.99991,0.00000,0.00000,0.00009
39.90125,0.99750,0.99991,0.00000,0.00000,0.00009
40.00125,0.99750,0.99991,0.00000,0.00000,0.00009
40.10125,0.99750,0.99991,0.00000,0.00000,0.00009
40.20125,0.99750,0.99992,0.00000,0.00000,0.00008
40.30125,0.99750,0.99991,0.00000,0.00000,0.00009
40.40125,0.99750,0.99992,0.00000,0.00000,0.00008
40.50125,0.99750,0.99992,0.00000,0.00000,0.00008
40.60125,0.99750,0.99991,0.00000,0.00000,0.00009
40.70125,0.99750,0.99991,0.00000,0.00000,0.00009
40.80125,0.99750,0.99992,0.00000,0.00000,0.00008
40.90125,0.99750,0.99992,0.00000,0.00000,0.00008
41.00125,0.99750,0.99991,0.00000,0.00000,0.00009
41.10125,0.99750,0.99991,0.00000,0.00000,0.00009
41.20125,0.99750,0.99991,0.00000,0.00000,0.00009
41.30125,0.99750,0.99991,0.00000,0.00000,0.00009
41.40125,0.99750,0.99991,0.00000,0.00000,0.00009
41.50125,0.99750,0.99991,0.00000,0.00000,0.00009
41.60125,0.99750,0.99991,0.00000,0.00000,0.00009
41.70125,0.99750,0.99991,0.00000,0.00000,0.00009
41.80125,0.99750,0.99991,0.00000,0.00000,0.00009
41.90125,0.99750,0.99991,0.00000,0.00000,0.00009
42.00125,0.99750,0.99991,0.00000,0.00000,0.00009
42.10125,0.99750,0.99992,0.00000,0.00000,0.00008
42.20125,0.99750,0.99991,0.00000,0.00000,0.00009
42.30125,0.99750,0.99991,0.00000,0.00000,0.00009
42.40125,0.99750,0.99991,0.00000,0.00000,0.00009
42.50125,0.99750,0.99991,0.00000,0.00000,0.00009
42.60125,0.99750,0.99991,0.00000,0.00000,0.00009
42.70125,0.99750,0.99992,0.00000,0.00000,0.00008
42.80125,0.99750,0.99991,0.00000,0.00000,0.00009
42.90125,0.99750,0.99991,0.00000,0.00000,0.00009
43.00125,0.99750,0.99991,0.00000,0.00000,0.00009
43.10125,0.99750,0.99992,0.00000,0.00000,0.00008
43.20125,0.99750,0.99991,0.00000,0.00000,0.00009
43.30125,0.99750,0.99991,0.00000,0.00000,0.00009
43.40125,0.99750,0.99991,0.00000,0.00000,0.00009
43.50125,0.99750,0.99991,0.00000,0.00000,0.00009
43.60125,0.99750,0.99991,0.00000,0.00000,0.00009
43.70125,0.99750,0.99991,0.00000,0.00000,0.00009
43.80125,0.99750,0.99991,0.00000,0.00000,0.00009
43.90125,0.99750,0.99991,0.00000,0.00000,0.00009
44.00125,0.99750,0.99991,0.00000,0.00000,0.00009
44.10125,0.99750,0.99991,0.00000,0.00000,0.00009
44.20125,0.99750,0.99991,0.00000,0.00000,0.00009
44.30125,0.99750,0.99991,0.00000,0.00000,0.00009
44.40125,0.99750,0.99991,0.00000,0.00000,0.00009
44.50125,0.99750,0.99991,0.00000,0.00000,0.00009
44.60125,0.99750,0.99991,0.00000,0.00000,0.00009
44.70125,0.99750,0.99991,0.00000,0.00000,0.00009
44.80125,0.99750,0.99992,0.00000,0.00000,0.00008
44.90125,0.99750,0.99991,0.00000,0.00000,0.00009
45.00125,0.99750,0.99991,0.00000,0.00000,0.00009
45.10125,0.99750,0.99991,0.00000,0.00000,0.00009
45.20125,0.99750,0.99991,0.00000,0.00000,0.00009
45.30125,0.99750,0.99991,0.00000,0.00000,0.00009
45.40125,0.99750,0.99992,0.00000,0.00000,0.00008
45.50125,0.99750,0.99991,0.00000,0.00000,0.00009
45.60125,0.99750,0.99991,0.00000,0.00000,0.00009
45.70125,0.99750,0.99991,0.00000,0.00000,0.00009
45.80125,0.99750,0.99991,0.00000,0.00000,0.00009
45.90125,0.99750,0.99991,0.00000,0.00000,0.00009
46.00125,0.99750,0.99991,0.00000,0.00000,0.00009
46.10125,0.99750,0.99991,0.00000,0.00000,0.00009
46.20125,0.99750,0.99991,0.00000,0.00000,0.00009
46.30125,0.99750,0.99991,0.00000,0.00000,0.00009
46.40125,0.99750,0.99992,0.00000,0.00000,0.00009
46.50125,0.99750,0.99991,0.00000,0.00000,0.00009
46.60125,0.99750,0.99991,0.00000,0.00000,0.00009
46.70125,0.99750,0.99991,0.00000,0.00000,0.00009
46.80125,0.99750,0.99991,0.00000,0.00000,0.00009
46.90125,0.99750,0.99991,0.00000,0.00000,0.00009
47.00125,0.99750,0.99991,0.00000,0.00000,0.00009
47.10125,0.99750,0.99991,0.00000,0.00000,0.00009
47.20125,0.99750,0.99991,0.00000,0.00000,0.00009
47.30125,0.99750,0.99991,0.00000,0.00000,0.00009
47.40125,0.99750,0.99992,0.00000,0.00000,0.00008
47.50125,0.99750,0.99991,0.00000,0.00000,0.00009
47.60125,0.99750,0.99992,0.00000,0.00000,0.00008
47.70125,0.99750,0.99991,0.00000,0.00000,0.00009
47.80125,0.99750,0.99992,0.00000,0.00000,0.00008
47.90125,0.99750,0.99991,0.00000,0.00000,0.00009
48.00125,0.99750,0.99991,0.00000,0.00000,0.00009
48.10125,0.99750,0.99991,0.00000,0.00000,0.00009
48.20125,0.99750,0.99991,0.00000,0.00000,0.00009
48.30125,0.99750,0.99992,0.00000,0.00000,0.00008
48.40125,0.99750,0.99991,0.00000,0.00000,0.00009
48.50125,0.99750,0.99991,0.00000,0.00000,0.00009
48.60125,0.99750,0.99991,0.00000,0.00000,0.00009
48.70125,0.99750,0.99991,0.00000,0.00000,0.00009
48.80125,0.99750,0.99991,0.00000,0.00000,0.00009
48.90125,0.99750,0.99991,0.00000,0.00000,0.00009
49.00125,0.99750,0.99991,0.00000,0.00000,0.00009
49.10125,0.99750,0.99991,0.00000,0.00000,0.00009
49.20125,0.99750,0.99991,0.00000,0.00000,0.00009
49.30125,0.99750,0.99991,0.00000,0.00000,0.00009
49.40125,0.99750,0.99991,0.00000,0.00000,0.00009
49.50125,0.99750,0.99992,0.00000,0.00000,0.00009
49.60125,0.99750,0.99991,0.00000,0.00000,0.00009
49.70125,0.99750,0.99991,0.00000,0.00000,0.00009
49.80125,0.99750,0.99991,0.00000,0.00000,0.00009
49.90125,0.99750,0.99991,0.00000,0.00000,0.00009
50.00125,0.99750,0.99991,0.00000,0.00000,0.00009
50.10125,0.99750,0.99991,0.00000,0.00000,0.00009
50.20125,0.99750,0.99991,0.00000,0.00000,0.00009
50.30125,0.99750,0.99992,0.00000,0.00000,0.00008
50.40125,0.99750,0.99991,0.00000,0.00000,0.00009
50.50125,0.99750,0.99991,0.00000,0.00000,0.00009
50.60125,0.99750,0.99992,0.00000,0.00000,0.00008
50.70125,0.99750,0.99992,0.00000,0.00000,0.00008
50.80125,0.99750,0.99991,0.00000,0.00000,0.00009
50.90125,0.99750,0.99991,0.00000,0.00000,0.00009
51.00125,0.99750,0.99991,0.00000,0.00000,0.00009
51.10125,0.99750,0.99992,0.00000,0.00000,0.00008
51.20125,0.99750,0.99991,0.00000,0.00000,0.00009
51.30125,0.99750,0.99991,0.00000,0.00000,0.00009
51.40125,0.99750,0.99991,0.00000,0.00000,0.00009
51.50125,0.99750,0.99991,0.00000,0.00000,0.00009
51.60125,0.99750,0.99991,0.00000,0.00000,0.00009
51.70125,0.99750,0.99992,0.00000,0.00000,0.00009
51.80125,0.99750,0.99991,0.00000,0.00000,0.00009
51.90125,0.99750,0.99991,0.00000,0.00000,0.00009
52.00125,0.99750,0.99991,0.00000,0.00000,0.00009
52.10125,0.99750,0.99991,0.00000,0.00000,0.00009
52.20125,0.99750,0.99991,0.00000,0.00000,0.00009
52.30125,0.99750,0.99992,0.00000,0.00000,0.00008
52.40125,0.99750,0.99992,0.00000,0.00000,0.00009
52.50125,0.99750,0.99992,0.00000,0.00000,0.00008
52.60125,0.99750,0.99992,0.00000,0.00000,0.00008
52.70125,0.99750,0.99992,0.00000,0.00000,0.00008
52.80125,0.99750,0.99992,0.00000,0.00000,0.00008
52.90125,0.99750,0.99991,0.00000,0.00000,0.00009
53.00125,0.99750,0.99992,0.00000,0.00000,0.00009
53.10125,0.99750,0.99991,0.00000,0.00000,0.00009
53.20125,0.99750,0.99991,0.00000,0.00000,0.00009
53.30125,0.99750,0.99991,0.00000,0.00000,0.00009
53.40125,0.99750,0.99991,0.00000,0.00000,0.00009
53.50125,0.99750,0.99991,0.00000,0.00000,0.00009
53.60125,0.99750,0.99991,0.00000,0.00000,0.00009
53.70125,0.99750,0.99991,0.00000,0.00000,0.00009
53.80125,0.99750,0.99991,0.00000,0.00000,0.00009
53.90125,0.99750,0.99992,0.00000,0.00000,0.00008
54.00125,0.99750,0.99992,0.00000,0.00000,0.00008
54.10125,0.99750,0.99991,0.00000,0.00000,0.00009
54.20125,0.99750,0.99992,0.00000,0.00000,0.00008
54.30125,0.99750,0.99991,0.00000,0.00000,0.00009
54.40125,0.99750,0.99992,0.00000,0.00000,0.00008
54.50125,0.99750,0.99991,0.00000,0.00000,0.00009
54.60125,0.99750,0.99992,0.00000,0.00000,0.00008
54.70125,0.99750,0.99991,0.00000,0.00000,0.00009
54.80125,0.99750,0.99991,0.00000,0.00000,0.00009
54.90125,0.99750,0.99991,0.00000,0.00000,0.00009
55.00125,0.99750,0.99992,0.00000,0.00000,0.00008
55.10125,0.99750,0.99991,0.00000,0.00000,0.00009
55.20125,0.99750,0.99991,0.00000,0.00000,0.00009
55.30125,0.99750,0.99991,0.00000,0.00000,0.00009
55.40125,0.99750,0.99991,0.00000,0.00000,0.00009
55.50125,0.99750,0.99991,0.00000,0.00000,0.00009
55.60125,0.99750,0.99992,0.00000,0.00000,0.00009
55.70125,0.99750,0.99992,0.00000,0.00000,0.00009
55.80125,0.99750,0.99991,0.00000,0.00000,0.00009
55.90125,0.99750,0.99992,0.00000,0.00000,0.00008
56.00125,0.99750,0.99991,0.00000,0.00000,0.00009
56.10125,0.99750,0.99992,0.00000,0.00000,0.00008
56.20125,0.99750,0.99992,0.00000,0.00000,0.00008
56.30125,0.99750,0.99992,0.00000,0.00000,0.00008
56.40125,0.99750,0.99991,0.00000,0.00000,0.00009
56.50125,0.99750,0.99991,0.00000,0.00000,0.00009
56.60125,0.99750,0.99992,0.00000,0.00000,0.00008
56.70125,0.99750,0.99992,0.00000,0.00000,0.00008
56.80125,0.99750,0.99992,0.00000,0.00000,0.00008
56.90125,0.99750,0.99991,0.00000,0.00000,0.00009
57.00125,0.99750,0.99992,0.00000,0.00000,0.00008
57.10125,0.99750,0.99991,0.00000,0.00000,0.00009
57.20125,0.99750,0.99992,0.00000,0.00000,0.00008
57.30125,0.99750,0.99991,0.00000,0.00000,0.00009
57.40125,0.99750,0.99991,0.00000,0.00000,0.00009
57.50125,0.99750,0.99991,0.00000,0.00000,0.00009
57.60125,0.99750,0.99992,0.00000,0.00000,0.00008
57.70125,0.99750,0.99991,0.00000,0.00000,0.00009
57.80125,0.99750,0.99992,0.00000,0.00000,0.00008
57.90125,0.99750,0.99992,0.00000,0.00000,0.00008
58.00125,0.99750,0.99991,0.00000,0.00000,0.00009
58.10125,0.99750,0.99992,0.00000,0.00000,0.00008
58.20125,0.99750,0.99991,0.00000,0.00000,0.00009
58.30125,0.99750,0.99991,0.00000,0.00000,0.00009
58.40125,0.99750,0.99992,0.00000,0.00000,0.00009
58.50125,0.99750,0.99991,0.00000,0.00000,0.00009
58.60125,0.99750,0.99991,0.00000,0.00000,0.00009
58.70125,0.99750,0.99991,0.00000,0.00000,0.00009
58.80125,0.99750,0.99992,0.00000,0.00000,0.00009
58.90125,0.99750,0.99991,0.00000,0.00000,0.00009
59.00125,0.99750,0.99991,0.00000,0.00000,0.00009
59.10125,0.99750,0.99992,0.00000,0.00000,0.00008
59.20125,0.99750,0.99992,0.00000,0.00000,0.00008
59.30125,0.99750,0.99992,0.00000,0.00000,0.00008
59.40125,0.99750,0.99991,0.00000,0.00000,0.00009
59.50125,0.99750,0.99991,0.00000,0.00000,0.00009
59.60125,0.99750,0.99992,0.00000,0.00000,0.00008
59.70125,0.99750,0.99991,0.00000,0.00000,0.00009
59.80125,0.99750,0.99991,0.00000,0.00000,0.00009
59.90125,0.99750,0.99991,0.00000,0.00000,0.00009
60.00125,0.99750,0.99991,0.00000,0.00000,0.00009
60.10125,0.99750,0.99991,0.00000,0.00000,0.00009
60.20125,0.99750,0.99991,0.00000,0.00000,0.00009
60.30125,0.99750,0.99991,0.00000,0.00000,0.00009
60.40125,0.99750,0.99991,0.00000,0.00000,0.00009
60.50125,0.99750,0.99991,0.00000,0.00000,0.00009
60.60125,0.99750,0.99991,0.00000,0.00000,0.00009
60.70125,0.99750,0.99991,0.00000,0.00000,0.00009
60.80125,0.99750,0.99991,0.00000,0.00000,0.00009
60.90125,0.99750,0.99991,0.00000,0.00000,0.00009
61.00125,0.99750,0.99992,0.00000,0.00000,0.00008
61.10125,0.99750,0.99992,0.00000,0.00000,0.00008
61.20125,0.99750,0.99991,0.00000,0.00000,0.00009
61.30125,0.99750,0.99991,0.00000,0.00000,0.00009
61.40125,0.99750,0.99992,0.00000,0.00000,0.00008
61.50125,0.99750,0.99991,0.00000,0.00000,0.00009
61.60125,0.99750,0.99991,0.00000,0.00000,0.00009
61.70125,0.99750,0.99991,0.00000,0.00000,0.00009
61.80125,0.99750,0.99991,0.00000,0.00000,0.00009
61.90125,0.99750,0.99991,0.00000,0.00000,0.00009
62.00125,0.99750,0.99992,0.00000,0.00000,0.00009
62.10125,0.99750,0.99992,0.00000,0.00000,0.00008
62.20125,0.99750,0.99992,0.00000,0.00000,0.00008
62.30125,0.99750,0.99992,0.00000,0.00000,0.00008
62.40125,0.99750,0.99992,0.00000,0.00000,0.00008
62.50125,0.99750,0.99991,0.00000,0.00000,0.00009
62.60125,0.99750,0.99992,0.00000,0.00000,0.00008
62.70125,0.99750,0.99992,0.00000,0.00000,0.00008
62.80125,0.99750,0.99992,0.00000,0.00000,0.00008
62.90125,0.99750,0.99991,0.00000,0.00000,0.00009
63.00125,0.99750,0.99991,0.00000,0.00000,0.00009
63.10125,0.99750,0.99992,0.00000,0.00000,0.00008
63.20125,0.99751,0.99991,0.00000,0.00000,0.00009
63.30125,0.99750,0.99992,0.00000,0.00000,0.00008
63.40125,0.99750,0.99992,0.00000,0.00000,0.00008
63.50125,0.99750,0.99992,0.00000,0.00000,0.00008
63.60125,0.99750,0.99992,0.00000,0.00000,0.00008
63.70125,0.99751,0.99992,0.00000,0.00000,0.00008
63.80125,0.99750,0.99991,0.00000,0.00000,0.00009
63.90125,0.99750,0.99991,0.00000,0.00000,0.00009
64.00125,0.99750,0.99991,0.00000,0.00000,0.00009
64.10125,0.99750,0.99991,0.00000,0.00000,0.00009
64.20125,0.99751,0.99991,0.00000,0.00000,0.00009
64.30125,0.99751,0.99992,0.00000,0.00000,0.00008
64.40125,0.99750,0.99991,0.00000,0.00000,0.00009
64.50125,0.99750,0.99992,0.00000,0.00000,0.00008
64.60125,0.99750,0.99991,0.00000,0.00000,0.00009
64.70125,0.99751,0.99992,0.00000,0.00000,0.00008
64.80125,0.99751,0.99992,0.00000,0.00000,0.00008
64.90125,0.99750,0.99991,0.00000,0.00000,0.00009
65.00125,0.99750,0.99991,0.00000,0.00000,0.00009
65.10125,0.99750,0.99991,0.00000,0.00000,0.00009
65.20125,0.99751,0.99991,0.00000,0.00000,0.00009
65.30125,0.99751,0.99991,0.00000,0.00000,0.00009
65.40125,0.99750,0.99991,0.00000,0.00000,0.00009
65.50125,0.99750,0.99991,0.00000,0.00000,0.00009
65.60125,0.99750,0.99991,0.00000,0.00000,0.00009
65.70125,0.99751,0.99991,0.00000,0.00000,0.00009
65.80125,0.99751,0.99991,0.00000,0.00000,0.00009
65.90125,0.99750,0.99991,0.00000,0.00000,0.00009
66.00125,0.99750,0.99991,0.00000,0.00000,0.00009
66.10125,0.99750,0.99991,0.00000,0.00000,0.00009
66.20125,0.99751,0.99992,0.00000,0.00000,0.00008
66.30125,0.99751,0.99991,0.00000,0.00000,0.00009
66.40125,0.99750,0.99991,0.00000,0.00000,0.00009
66.50125,0.99750,0.99991,0.00000,0.00000,0.00009
66.60125,0.99750,0.99991,0.00000,0.00000,0.00009
66.70125,0.99751,0.99991,0.00000,0.00000,0.00009
66.80125,0.99751,0.99991,0.00000,0.00000,0.00009
66.90125,0.99750,0.99991,0.00000,0.00000,0.00009
67.00125,0.99750,0.99991,0.00000,0.00000,0.00009
67.10125,0.99750,0.99991,0.00000,0.00000,0.00009
67.20125,0.99751,0.99991,0.00000,0.00000,0.00009
67.30125,0.99751,0.99991,0.00000,0.00000,0.00009
67.40125,0.99750,0.99991,0.00000,0.00000,0.00009
67.50125,0.99750,0.99991,0.00000,0.00000,0.00009
67.60125,0.99750,0.99991,0.00000,0.00000,0.00009
67.70125,0.99751,0.99991,0.00000,0.00000,0.00009
67.80125,0.99751,0.99991,0.00000,0.00000,0.00009
67.90125,0.99750,0.99991,0.00000,0.00000,0.00009
68.00125,0.99750,0.99991,0.00000,0.00000,0.00009
68.10125,0.99750,0.99991,0.00000,0.00000,0.00009
68.20125,0.99751,0.99991,0.00000,0.00000,0.00009
68.30125,0.99751,0.99991,0.00000,0.00000,0.00009
68.40125,0.99750,0.99991,0.00000,0.00000,0.00009
68.50125,0.99750,0.99991,0.00000,0.00000,0.00009
68.60125,0.99750,0.99991,0.00000,0.00000,0.00009
68.70125,0.99751,0.99991,0.00000,0.00000,0.00009
68.80125,0.99751,0.99992,0.00000,0.00000,0.00008
68.90125,0.99750,0.99991,0.00000,0.00000,0.00009
69.00125,0.99750,0.99992,0.00000,0.00000,0.00008
69.10125,0.99750,0.99991,0.00000,0.00000,0.00009
69.20125,0.99751,0.99991,0.00000,0.00000,0.00009
69.30125,0.99751,0.99991,0.00000,0.00000,0.00009
69.40125,0.99750,0.99991,0.00000,0.00000,0.00009
69.50125,0.99750,0.99992,0.00000,0.00000,0.00008
69.60125,0.99750,0.99992,0.00000,0.00000,0.00008
69.70125,0.99751,0.99991,0.00000,0.00000,0.00009
69.80125,0.99751,0.99991,0.00000,0.00000,0.00009
69.90125,0.99750,0.99991,0.00000,0.00000,0.00009
70.00125,0.99750,0.99991,0.00000,0.00000,0.00009
70.10125,0.99750,0.99991,0.00000,0.00000,0.00009
70.20125,0.99751,0.99991,0.00000,0.00000,0.00009
70.30125,0.99751,0.99991,0.00000,0.00000,0.00009
70.40125,0.99750,0.99991,0.00000,0.00000,0.00009
70.50125,0.99750,0.99991,0.00000,0.00000,0.00009
70.60125,0.99750,0.99991,0.00000,0.00000,0.00009
70.70125,0.99751,0.99991,0.00000,0.00000,0.00009
70.80125,0.99751,0.99991,0.00000,0.00000,0.00009
70.90125,0.99750,0.99992,0.00000,0.00000,0.00008
71.00125,0.99750,0.99992,0.00000,0.00000,0.00008
71.10125,0.99750,0.99991,0.00000,0.00000,0.00009
71.20125,0.99751,0.99991,0.00000,0.00000,0.00009
71.30125,0.99751,0.99991,0.00000,0.00000,0.00009
71.40125,0.99750,0.99991,0.00000,0.00000,0.00009
71.50125,0.99750,0.99992,0.00000,0.00000,0.00008
71.60125,0.99750,0.99991,0.00000,0.00000,0.00009
71.70125,0.99751,0.99991,0.00000,0.00000,0.00009
71.80125,0.99751,0.99991,0.00000,0.00000,0.00009
71.90125,0.99750,0.99991,0.00000,0.00000,0.00009
72.00125,0.99750,0.99992,0.00000,0.00000,0.00008
72.10125,0.99750,0.99991,0.00000,0.00000,0.00009
72.20125,0.99751,0.99991,0.00000,0.00000,0.00009
72.30125,0.99751,0.99991,0.00000,0.00000,0.00009
72.40125,0.99750,0.99991,0.00000,0.00000,0.00009
72.50125,0.99750,0.99991,0.00000,0.00000,0.00009
72.60125,0.99750,0.99991,0.00000,0.00000,0.00009
72.70125,0.99751,0.99991,0.00000,0.00000,0.00009
72.80125,0.99751,0.99991,0.00000,0.00000,0.00009
72.90125,0.99750,0.99991,0.00000,0.00000,0.00009
73.00125,0.99750,0.99991,0.00000,0.00000,0.00009
73.10125,0.99750,0.99991,0.00000,0.00000,0.00009
73.20125,0.99751,0.99991,0.00000,0.00000,0.00009
73.30125,0.99751,0.99991,0.00000,0.00000,0.00009
73.40125,0.99750,0.99991,0.00000,0.00000,0.00009
73.50125,0.99750,0.99991,0.00000,0.00000,0.00009
73.60125,0.99750,0.99991,0.00000,0.00000,0.00009
73.70125,0.99751,0.99991,0.00000,0.00000,0.00009
73.80125,0.99751,0.99991,0.00000,0.00000,0.00009
73.90125,0.99750,0.99991,0.00000,0.00000,0.00009
74.00125,0.99750,0.99991,0.00000,0.00000,0.00009
74.10125,0.99750,0.99991,0.00000,0.00000,0.00009
74.20125,0.99751,0.99991,0.00000,0.00000,0.00009
74.30125,0.99751,0.99991,0.00000,0.00000,0.00009
74.40125,0.99750,0.99991,0.00000,0.00000,0.00009
74.50125,0.99750,0.99991,0.00000,0.00000,0.00009
74.60125,0.99750,0.99991,0.00000,0.00000,0.00009
74.70125,0.99751,0.99991,0.00000,0.00000,0.00009
74.80125,0.99751,0.99991,0.00000,0.00000,0.00009
74.90125,0.99750,0.99991,0.00000,0.00000,0.00009
75.00125,0.99750,0.99991,0.00000,0.00000,0.00009
75.10125,0.99750,0.99991,0.00000,0.00000,0.00009
75.20125,0.99751,0.99991,0.00000,0.00000,0.00009
75.30125,0.99751,0.99991,0.00000,0.00000,0.00009
75.40125,0.99750,0.99991,0.00000,0.00000,0.00009
75.50125,0.99750,0.99991,0.00000,0.00000,0.00009
75.60125,0.99750,0.99991,0.00000,0.00000,0.00009
75.70125,0.99751,0.99991,0.00000,0.00000,0.00009
75.80125,0.99751,0.99991,0.00000,0.00000,0.00009
75.90125,0.99750,0.99991,0.00000,0.00000,0.00009
76.00125,0.99750,0.99991,0.00000,0.00000,0.00009
76.10125,0.99750,0.99991,0.00000,0.00000,0.00009
76.20125,0.99751,0.99991,0.00000,0.00000,0.00009
76.30125,0.99751,0.99991,0.00000,0.00000,0.00009
76.40125,0.99750,0.99991,0.00000,0.00000,0.00009
76.50125,0.99750,0.99991,0.00000,0.00000,0.00009
76.60125,0.99750,0.99991,0.00000,0.00000,0.00009
76.70125,0.99751,0.99991,0.00000,0.00000,0.00009
76.80125,0.99751,0.99991,0.00000,0.00000,0.00009
76.90125,0.99750,0.99991,0.00000,0.00000,0.00009
77.00125,0.99750,0.99991,0.00000,0.00000,0.00009
77.10125,0.99750,0.99991,0.00000,0.00000,0.00009
77.20125,0.99751,0.99991,0.00000,0.00000,0.00009
77.30125,0.99751,0.99991,0.00000,0.00000,0.00009
77.40125,0.99750,0.99991,0.00000,0.00000,0.00009
77.50125,0.99750,0.99991,0.00000,0.00000,0.00009
77.60125,0.99750,0.99991,0.00000,0.00000,0.00009
77.70125,0.99751,0.99991,0.00000,0.00000,0.00009
77.80125,0.99751,0.99991,0.00000,0.00000,0.00009
77.90125,0.99750,0.99991,0.00000,0.00000,0.00009
78.00125,0.99750,0.99991,0.00000,0.00000,0.00009
78.10125,0.99750,0.99991,0.00000,0.00000,0.00009
78.20125,0.99751,0.99992,0.00000,0.00000,0.00008
78.30125,0.99751,0.99991,0.00000,0.00000,0.00009
78.40125,0.99750,0.99992,0.00000,0.00000,0.00008
78.50125,0.99750,0.99991,0.00000,0.00000,0.00009
78.60125,0.99750,0.99991,0.00000,0.00000,0.00009
78.70125,0.99751,0.99991,0.00000,0.00000,0.00009
78.80125,0.99751,0.99991,0.00000,0.00000,0.00009
78.90125,0.99750,0.99991,0.00000,0.00000,0.00009
79.00125,0.99750,0.99991,0.00000,0.00000,0.00009
79.10125,0.99750,0.99991,0.00000,0.00000,0.00009
79.20125,0.99751,0.99991,0.00000,0.00000,0.00009
79.30125,0.99751,0.99991,0.00000,0.00000,0.00009
79.40125,0.99750,0.99991,0.00000,0.00000,0.00009
79.50125,0.99750,0.99991,0.00000,0.00000,0.00009
79.60125,0.99750,0.99991,0.00000,0.00000,0.00009
79.70125,0.99751,0.99991,0.00000,0.00000,0.00009
79.80125,0.99751,0.99991,0.00000,0.00000,0.00009
79.90125,0.99750,0.99991,0.00000,0.00000,0.00009
80.00125,0.99750,0.99991,0.00000,0.00000,0.00009
80.10125,0.99750,0.99991,0.00000,0.00000,0.00009
80.20125,0.99751,0.99991,0.00000,0.00000,0.00009
80.30125,0.99751,0.99992,0.00000,0.00000,0.00008
80.40125,0.99750,0.99991,0.00000,0.00000,0.00009
80.50125,0.99750,0.99991,0.00000,0.00000,0.00009
80.60125,0.99750,0.99991,0.00000,0.00000,0.00009
80.70125,0.99751,0.99991,0.00000,0.00000,0.00009
80.80125,0.99751,0.99991,0.00000,0.00000,0.00009
80.90125,0.99750,0.99991,0.00000,0.00000,0.00009
81.00125,0.99750,0.99991,0.00000,0.00000,0.00009
81.10125,0.99750,0.99991,0.00000,0.00000,0.00009
81.20125,0.99751,0.99991,0.00000,0.00000,0.00009
81.30125,0.99751,0.99992,0.00000,0.00000,0.00008
81.40125,0.99750,0.99991,0.00000,0.00000,0.00009
81.50125,0.99750,0.99992,0.00000,0.00000,0.00008
81.60125,0.99750,0.99991,0.00000,0.00000,0.00009
81.70125,0.99751,0.99991,0.00000,0.00000,0.00009
81.80125,0.99751,0.99991,0.00000,0.00000,0.00009
81.90125,0.99750,0.99991,0.00000,0.00000,0.00009
82.00125,0.99750,0.99991,0.00000,0.00000,0.00009
82.10125,0.99750,0.99991,0.00000,0.00000,0.00009
82.20125,0.99751,0.99991,0.00000,0.00000,0.00009
82.30125,0.99751,0.99992,0.00000,0.00000,0.00008
82.40125,0.99750,0.99991,0.00000,0.00000,0.00009
82.50125,0.99750,0.99991,0.00000,0.00000,0.00009
82.60125,0.99750,0.99992,0.00000,0.00000,0.00009
82.70125,0.99751,0.99991,0.00000,0.00000,0.00009
82.80125,0.99751,0.99991,0.00000,0.00000,0.00009
82.90125,0.99750,0.99992,0.00000,0.00000,0.00008
83.00125,0.99750,0.99992,0.00000,0.00000,0.00008
83.10125,0.99750,0.99992,0.00000,0.00000,0.00008
83.20125,0.99751,0.99991,0.00000,0.00000,0.00009
83.30125,0.99751,0.99991,0.00000,0.00000,0.00009
83.40125,0.99750,0.99991,0.00000,0.00000,0.00009
83.50125,0.99750,0.99991,0.00000,0.00000,0.00009
83.60125,0.99750,0.99991,0.00000,0.00000,0.00009
83.70125,0.99751,0.99992,0.00000,0.00000,0.00008
83.80125,0.99751,0.99991,0.00000,0.00000,0.00009
83.90125,0.99750,0.99992,0.00000,0.00000,0.00008
84.00125,0.99750,0.99991,0.00000,0.00000,0.00009
84.10125,0.99750,0.99992,0.00000,0.00000,0.00009
84.20125,0.99751,0.99992,0.00000,0.00000,0.00008
84.30125,0.99751,0.99992,0.00000,0.00000,0.00008
84.40125,0.99750,0.99991,0.00000,0.00000,0.00009
84.50125,0.99750,0.99991,0.00000,0.00000,0.00009
84.60125,0.99750,0.99992,0.00000,0.00000,0.00008
84.70125,0.99751,0.99991,0.00000,0.00000,0.00009
84.80125,0.99751,0.99991,0.00000,0.00000,0.00009
84.90125,0.99750,0.99991,0.00000,0.00000,0.00009
85.00125,0.99750,0.99991,0.00000,0.00000,0.00009
85.10125,0.99750,0.99991,0.00000,0.00000,0.00009
85.20125,0.99751,0.99991,0.00000,0.00000,0.00009
85.30125,0.99751,0.99991,0.00000,0.00000,0.00009
85.40125,0.99750,0.99991,0.00000,0.00000,0.00009
85.50125,0.99750,0.99991,0.00000,0.00000,0.00009
85.60125,0.99750,0.99992,0.00000,0.00000,0.00008
85.70125,0.99751,0.99991,0.00000,0.00000,0.00009
85.80125,0.99751,0.99992,0.00000,0.00000,0.00009
85.90125,0.99750,0.99991,0.00000,0.00000,0.00009
86.00125,0.99750,0.99991,0.00000,0.00000,0.00009
86.10125,0.99750,0.99991,0.00000,0.00000,0.00009
86.20125,0.99751,0.99991,0.00000,0.00000,0.00009
86.30125,0.99751,0.99992,0.00000,0.00000,0.00008
86.40125,0.99750,0.99991,0.00000,0.00000,0.00009
86.50125,0.99750,0.99991,0.00000,0.00000,0.00009
86.60125,0.99750,0.99991,0.00000,0.00000,0.00009
86.70125,0.99751,0.99991,0.00000,0.00000,0.00009
86.80125,0.99751,0.99992,0.00000,0.00000,0.00008
86.90125,0.99750,0.99992,0.00000,0.00000,0.00008
87.00125,0.99750,0.99991,0.00000,0.00000,0.00009
87.10125,0.99750,0.99992,0.00000,0.00000,0.00008
87.20125,0.99751,0.99992,0.00000,0.00000,0.00008
87.30125,0.99751,0.99991,0.00000,0.00000,0.00009
87.40125,0.99750,0.99992,0.00000,0.00000,0.00008
87.50125,0.99750,0.99991,0.00000,0.00000,0.00009
87.60125,0.99750,0.99991,0.00000,0.00000,0.00009
87.70125,0.99751,0.99992,0.00000,0.00000,0.00008
87.80125,0.99751,0.99992,0.00000,0.00000,0.00008
87.90125,0.99750,0.99992,0.00000,0.00000,0.00008
88.00125,0.99750,0.99991,0.00000,0.00000,0.00009
88.10125,0.99750,0.99992,0.00000,0.00000,0.00009
88.20125,0.99751,0.99991,0.00000,0.00000,0.00009
88.30125,0.99751,0.99991,0.00000,0.00000,0.00009
88.40125,0.99750,0.99991,0.00000,0.00000,0.00009
88.50125,0.99750,0.99992,0.00000,0.00000,0.00008
88.60125,0.99750,0.99991,0.00000,0.00000,0.00009
88.70125,0.99751,0.99991,0.00000,0.00000,0.00009
88.80125,0.99751,0.99991,0.00000,0.00000,0.00009
88.90125,0.99750,0.99991,0.00000,0.00000,0.00009
89.00125,0.99750,0.99991,0.00000,0.00000,0.00009
89.10125,0.99750,0.99991,0.00000,0.00000,0.00009
89.20125,0.99751,0.99991,0.00000,0.00000,0.00009
89.30125,0.99751,0.99991,0.00000,0.00000,0.00009
89.40125,0.99750,0.99991,0.00000,0.00000,0.00009
89.50125,0.99750,0.99991,0.00000,0.00000,0.00009
89.60125,0.99750,0.99991,0.00000,0.00000,0.00009
89.70125,0.99751,0.99991,0.00000,0.00000,0.00009
89.80125,0.99751,0.99991,0.00000,0.00000,0.00009
89.90125,0.99750,0.99991,0.00000,0.00000,0.00009
90.00125,0.99750,0.99991,0.00000,0.00000,0.00009
90.10125,0.99750,0.99991,0.00000,0.00000,0.00009
90.20125,0.99751,0.99991,0.00000,0.00000,0.00009
90.30125,0.99751,0.99991,0.00000,0.00000,0.00009
90.40125,0.99750,0.99991,0.00000,0.00000,0.00009
90.50125,0.99750,0.99992,0.00000,0.00000,0.00008
90.60125,0.99750,0.99991,0.00000,0.00000,0.00009
90.70125,0.99751,0.99991,0.00000,0.00000,0.00009
90.80125,0.99751,0.99991,0.00000,0.00000,0.00009
90.90125,0.99750,0.99991,0.00000,0.00000,0.00009
91.00125,0.99750,0.99991,0.00000,0.00000,0.00009
91.10125,0.99750,0.99991,0.00000,0.00000,0.00009
91.20125,0.99751,0.99991,0.00000,0.00000,0.00009
91.30125,0.99751,0.99991,0.00000,0.00000,0.00009
91.40125,0.99750,0.99991,0.00000,0.00000,0.00009
91.50125,0.99750,0.99991,0.00000,0.00000,0.00009
91.60125,0.99750,0.99991,0.00000,0.00000,0.00009
91.70125,0.99751,0.99991,0.00000,0.00000,0.00009
91.80125,0.99751,0.99991,0.00000,0.00000,0.00009
91.90125,0.99750,0.99991,0.00000,0.00000,0.00009
92.00125,0.99750,0.99992,0.00000,0.00000,0.00008
92.10125,0.99750,0.99992,0.00000,0.00000,0.00008
92.20125,0.99751,0.99992,0.00000,0.00000,0.00008
92.30125,0.99751,0.99992,0.00000,0.00000,0.00008
92.40125,0.99750,0.99991,0.00000,0.00000,0.00009
92.50125,0.99750,0.99991,0.00000,0.00000,0.00009
92.60125,0.99750,0.99991,0.00000,0.00000,0.00009
92.70125,0.99751,0.99991,0.00000,0.00000,0.00009
92.80125,0.99751,0.99991,0.00000,0.00000,0.00009
92.90125,0.99750,0.99992,0.00000,0.00000,0.00008
93.00125,0.99750,0.99991,0.00000,0.00000,0.00009
93.10125,0.99750,0.99992,0.00000,0.00000,0.00008
93.20125,0.99751,0.99991,0.00000,0.00000,0.00009
93.30125,0.99751,0.99991,0.00000,0.00000,0.00009
93.40125,0.99750,0.99992,0.00000,0.00000,0.00008
93.50125,0.99750,0.99991,0.00000,0.00000,0.00009
93.60125,0.99750,0.99991,0.00000,0.00000,0.00009
93.70125,0.99751,0.99991,0.00000,0.00000,0.00009
93.80125,0.99751,0.99991,0.00000,0.00000,0.00009
93.90125,0.99750,0.99991,0.00000,0.00000,0.00009
94.00125,0.99750,0.99992,0.00000,0.00000,0.00008
94.10125,0.99750,0.99991,0.00000,0.00000,0.00009
94.20125,0.99751,0.99991,0.00000,0.00000,0.00009
94.30125,0.99751,0.99991,0.00000,0.00000,0.00009
94.40125,0.99750,0.99991,0.00000,0.00000,0.00009
94.50125,0.99750,0.99991,0.00000,0.00000,0.00009
94.60125,0.99750,0.99991,0.00000,0.00000,0.00009
94.70125,0.99751,0.99991,0.00000,0.00000,0.00009
94.80125,0.99751,0.99991,0.00000,0.00000,0.00009
94.90125,0.99750,0.99991,0.00000,0.00000,0.00009
95.00125,0.99750,0.99991,0.00000,0.00000,0.00009
95.10125,0.99750,0.99991,0.00000,0.00000,0.00009
95.20125,0.99751,0.99992,0.00000,0.00000,0.00008
95.30125,0.99751,0.99991,0.00000,0.00000,0.00009
95.40125,0.99750,0.99992,0.00000,0.00000,0.00009
95.50125,0.99750,0.99991,0.00000,0.00000,0.00009
95.60125,0.99750,0.99991,0.00000,0.00000,0.00009
95.70125,0.99751,0.99991,0.00000,0.00000,0.00009
95.80125,0.99751,0.99991,0.00000,0.00000,0.00009
95.90125,0.99750,0.99991,0.00000,0.00000,0.00009
96.00125,0.99750,0.99991,0.00000,0.00000,0.00009
96.10125,0.99750,0.99991,0.00000,0.00000,0.00009
96.20125,0.99751,0.99991,0.00000,0.00000,0.00009
96.30125,0.99751,0.99991,0.00000,0.00000,0.00009
96.40125,0.99750,0.99992,0.00000,0.00000,0.00008
96.50125,0.99750,0.99991,0.00000,0.00000,0.00009
96.60125,0.99750,0.99991,0.00000,0.00000,0.00009
96.70125,0.99751,0.99991,0.00000,0.00000,0.00009
96.80125,0.99751,0.99991,0.00000,0.00000,0.00009
96.90125,0.99750,0.99991,0.00000,0.00000,0.00009
97.00125,0.99750,0.99991,0.00000,0.00000,0.00009
97.10125,0.99750,0.99991,0.00000,0.00000,0.00009
97.20125,0.99751,0.99991,0.00000,0.00000,0.00009
97.30125,0.99751,0.99991,0.00000,0.00000,0.00009
97.40125,0.99750,0.99991,0.00000,0.00000,0.00009
97.50125,0.99750,0.99991,0.00000,0.00000,0.00009
97.60125,0.99750,0.99991,0.00000,0.00000,0.00009
97.70125,0.99751,0.99991,0.00000,0.00000,0.00009
97.80125,0.99751,0.99991,0.00000,0.00000,0.00009
97.90125,0.99750,0.99992,0.00000,0.00000,0.00008
98.00125,0.99750,0.99992,0.00000,0.00000,0.00008
98.10125,0.99750,0.99992,0.00000,0.00000,0.00008
98.20125,0.99751,0.99992,0.00000,0.00000,0.00008
98.30125,0.99751,0.99991,0.00000,0.00000,0.00009
98.40125,0.99750,0.99991,0.00000,0.00000,0.00009
98.50125,0.99750,0.99991,0.00000,0.00000,0.00009
98.60125,0.99750,0.99991,0.00000,0.00000,0.00009
98.70125,0.99751,0.99991,0.00000,0.00000,0.00009
98.80125,0.99751,0.99991,0.00000,0.00000,0.00009
98.90125,0.99750,0.99991,0.00000,0.00000,0.00009
99.00125,0.99750,0.99991,0.00000,0.00000,0.00009
99.10125,0.99750,0.99991,0.00000,0.00000,0.00009
99.20125,0.99751,0.99991,0.00000,0.00000,0.00009
99.30125,0.99751,0.99991,0.00000,0.00000,0.00009
99.40125,0.99750,0.99991,0.00000,0.00000,0.00009
99.50125,0.99750,0.99991,0.00000,0.00000,0.00009
99.60125,0.99750,0.99991,0.00000,0.00000,0.00009
99.70125,0.99751,0.99992,0.00000,0.00000,0.00008
99.80125,0.99751,0.99992,0.00000,0.00000,0.00008
99.90125,0.99750,0.99991,0.00000,0.00000,0.00009
100.00125,0.99750,0.99992,0.00000,0.00000,0.00008
100.10125,0.99750,0.99991,0.00000,0.00000,0.00009
100.20125,0.99751,0.99992,0.00000,0.00000,0.00008
100.30125,0.99751,0.99991,0.00000,0.00000,0.00009
100.40125,0.99750,0.99991,0.00000,0.00000,0.00009
100.50125,0.99750,0.99991,0.00000,0.00000,0.00009
100.60125,0.99750,0.99991,0.00000,0.00000,0.00009
100.70125,0.99751,0.99991,0.00000,0.00000,0.00009
100.80125,0.99751,0.99991,0.00000,0.00000,0.00009
100.90125,0.99750,0.99991,0.00000,0.00000,0.00009
101.00125,0.99750,0.99991,0.00000,0.00000,0.00009
101.10125,0.99750,0.99991,0.00000,0.00000,0.00009
101.20125,0.99751,0.99991,0.00000,0.00000,0.00009
101.30125,0.99751,0.99991,0.00000,0.00000,0.00009
101.40125,0.99750,0.99991,0.00000,0.00000,0.00009
101.50125,0.99750,0.99992,0.00000,0.00000,0.00008
101.60125,0.99750,0.99991,0.00000,0.00000,0.00009
101.70125,0.99751,0.99991,0.00000,0.00000,0.00009
101.80125,0.99751,0.99991,0.00000,0.00000,0.00009
101.90125,0.99750,0.99992,0.00000,0.00000,0.00009
102.00125,0.99750,0.99991,0.00000,0.00000,0.00009
102.10125,0.99750,0.99991,0.00000,0.00000,0.00009
102.20125,0.99751,0.99991,0.00000,0.00000,0.00009
102.30125,0.99751,0.99991,0.00000,0.00000,0.00009
102.40125,0.99750,0.99992,0.00000,0.00000,0.00008
102.50125,0.99750,0.99992,0.00000,0.00000,0.00008
102.60125,0.99750,0.99991,0.00000,0.00000,0.00009
102.70125,0.99751,0.99991,0.00000,0.00000,0.00009
102.80125,0.99751,0.99991,0.00000,0.00000,0.00009
102.90125,0.99750,0.99991,0.00000,0.00000,0.00009
103.00125,0.99750,0.99992,0.00000,0.00000,0.00008
103.10125,0.99750,0.99991,0.00000,0.00000,0.00009
103.20125,0.99751,0.99991,0.00000,0.00000,0.00009
103.30125,0.99751,0.99991,0.00000,0.00000,0.00009
103.40125,0.99750,0.99991,0.00000,0.00000,0.00009
103.50125,0.99750,0.99991,0.00000,0.00000,0.00009
103.60125,0.99750,0.99991,0.00000,0.00000,0.00009
103.70125,0.99751,0.99991,0.00000,0.00000,0.00009
103.80125,0.99751,0.99991,0.00000,0.00000,0.00009
103.90125,0.99750,0.99991,0.00000,0.00000,0.00009
104.00125,0.99750,0.99991,0.00000,0.00000,0.00009
104.10125,0.99750,0.99991,0.00000,0.00000,0.00009
104.20125,0.99751,0.99991,0.00000,0.00000,0.00009
104.30125,0.99751,0.99991,0.00000,0.00000,0.00009
104.40125,0.99750,0.99991,0.00000,0.00000,0.00009
104.50125,0.99750,0.99991,0.00000,0.00000,0.00009
104.60125,0.99750,0.99991,0.00000,0.00000,0.00009
104.70125,0.99751,0.99991,0.00000,0.00000,0.00009
104.80125,0.99751,0.99991,0.00000,0.00000,0.00009
104.90125,0.99750,0.99991,0.00000,0.00000,0.00009
105.00125,0.99750,0.99991,0.00000,0.00000,0.00009
105.10125,0.99750,0.99991,0.00000,0.00000,0.00009
105.20125,0.99751,0.99991,0.00000,0.00000,0.00009
105.30125,0.99751,0.99991,0.00000,0.00000,0.00009
105.40125,0.99750,0.99991,0.00000,0.00000,0.00009
105.50125,0.99750,0.99991,0.00000,0.00000,0.00009
105.60125,0.99750,0.99991,0.00000,0.00000,0.00009
105.70125,0.99751,0.99991,0.00000,0.00000,0.00009
105.80125,0.99751,0.99991,0.00000,0.00000,0.00009
105.90125,0.99750,0.99991,0.00000,0.00000,0.00009
106.00125,0.99750,0.99991,0.00000,0.00000,0.00009
106.10125,0.99750,0.99992,0.00000,0.00000,0.00008
106.20125,0.99751,0.99991,0.00000,0.00000,0.00009
106.30125,0.99751,0.99991,0.00000,0.00000,0.00009
106.40125,0.99750,0.99992,0.00000,0.00000,0.00008
106.50125,0.99750,0.99991,0.00000,0.00000,0.00009
106.60125,0.99750,0.99991,0.00000,0.00000,0.00009
106.70125,0.99751,0.99992,0.00000,0.00000,0.00008
106.80125,0.99751,0.99991,0.00000,0.00000,0.00009
106.90125,0.99750,0.99991,0.00000,0.00000,0.00009
107.00125,0.99750,0.99992,0.00000,0.00000,0.00008
107.10125,0.99750,0.99991,0.00000,0.00000,0.00009
107.20125,0.99751,0.99991,0.00000,0.00000,0.00009
107.30125,0.99751,0.99992,0.00000,0.00000,0.00008
107.40125,0.99750,0.99991,0.00000,0.00000,0.00009
107.50125,0.99750,0.99991,0.00000,0.00000,0.00009
107.60125,0.99750,0.99991,0.00000,0.00000,0.00009
107.70125,0.99751,0.99992,0.00000,0.00000,0.00008
107.80125,0.99751,0.99991,0.00000,0.00000,0.00009
107.90125,0.99750,0.99991,0.00000,0.00000,0.00009
108.00125,0.99750,0.99992,0.00000,0.00000,0.00008
108.10125,0.99750,0.99992,0.00000,0.00000,0.00008
108.20125,0.99751,0.99991,0.00000,0.00000,0.00009
108.30125,0.99751,0.99991,0.00000,0.00000,0.00009
108.40125,0.99750,0.99991,0.00000,0.00000,0.00009
108.50125,0.99750,0.99991,0.00000,0.00000,0.00009
108.60125,0.99750,0.99992,0.00000,0.00000,0.00008
108.70125,0.99751,0.99992,0.00000,0.00000,0.00008
108.80125,0.99751,0.99992,0.00000,0.00000,0.00009
108.90125,0.99750,0.99991,0.00000,0.00000,0.00009
109.00125,0.99750,0.99991,0.00000,0.00000,0.00009
109.10125,0.99750,0.99991,0.00000,0.00000,0.00009
109.20125,0.99751,0.99992,0.00000,0.00000,0.00008
109.30125,0.99751,0.99991,0.00000,0.00000,0.00009
109.40125,0.99750,0.99992,0.00000,0.00000,0.00008
109.50125,0.99750,0.99991,0.00000,0.00000,0.00009
109.60125,0.99750,0.99991,0.00000,0.00000,0.00009
109.70125,0.99751,0.99991,0.00000,0.00000,0.00009
109.80125,0.99751,0.99991,0.00000,0.00000,0.00009
109.90125,0.99750,0.99991,0.00000,0.00000,0.00009
110.00125,0.99750,0.99991,0.00000,0.00000,0.00009
110.10125,0.99750,0.99991,0.00000,0.00000,0.00009
110.20125,0.99751,0.99991,0.00000,0.00000,0.00009
110.30125,0.99751,0.99991,0.00000,0.00000,0.00009
110.40125,0.99750,0.99991,0.00000,0.00000,0.00009
110.50125,0.99750,0.99991,0.00000,0.00000,0.00009
110.60125,0.99750,0.99991,0.00000,0.00000,0.00009
110.70125,0.99751,0.99991,0.00000,0.00000,0.00009
110.80125,0.99751,0.99991,0.00000,0.00000,0.00009
110.90125,0.99750,0.99991,0.00000,0.00000,0.00009
111.00125,0.99750,0.99992,0.00000,0.00000,0.00008
111.10125,0.99750,0.99992,0.00000,0.00000,0.00008
111.20125,0.99751,0.99992,0.00000,0.00000,0.00009
111.30125,0.99751,0.99992,0.00000,0.00000,0.00008
111.40125,0.99750,0.99992,0.00000,0.00000,0.00008
111.50125,0.99750,0.99992,0.00000,0.00000,0.00008
111.60125,0.99750,0.99992,0.00000,0.00000,0.00008
111.70125,0.99751,0.99991,0.00000,0.00000,0.00009
111.80125,0.99751,0.99992,0.00000,0.00000,0.00008
111.90125,0.99750,0.99992,0.00000,0.00000,0.00008
112.00125,0.99750,0.99992,0.00000,0.00000,0.00008
112.10125,0.99750,0.99991,0.00000,0.00000,0.00009
112.20125,0.99751,0.99991,0.00000,0.00000,0.00009
112.30125,0.99751,0.99991,0.00000,0.00000,0.00009
112.40125,0.99750,0.99991,0.00000,0.00000,0.00009
112.50125,0.99750,0.99991,0.00000,0.00000,0.00009
112.60125,0.99750,0.99991,0.00000,0.00000,0.00009
112.70125,0.99751,0.99991,0.00000,0.00000,0.00009
112.80125,0.99751,0.99991,0.00000,0.00000,0.00009
112.90125,0.99750,0.99991,0.00000,0.00000,0.00009
113.00125,0.99750,0.99992,0.00000,0.00000,0.00008
113.10125,0.99750,0.99992,0.00000,0.00000,0.00008
113.20125,0.99751,0.99991,0.00000,0.00000,0.00009
113.30125,0.99751,0.99992,0.00000,0.00000,0.00008
113.40125,0.99750,0.99991,0.00000,0.00000,0.00009
113.50125,0.99750,0.99991,0.00000,0.00000,0.00009
113.60125,0.99750,0.99991,0.00000,0.00000,0.00009
113.70125,0.99751,0.99991,0.00000,0.00000,0.00009
113.80125,0.99751,0.99991,0.00000,0.00000,0.00009
113.90125,0.99750,0.99991,0.00000,0.00000,0.00009
114.00125,0.99750,0.99991,0.00000,0.00000,0.00009
114.10125,0.99750,0.99991,0.00000,0.00000,0.00009
114.20125,0.99751,0.99991,0.00000,0.00000,0.00009
114.30125,0.99751,0.99991,0.00000,0.00000,0.00009
114.40125,0.99750,0.99991,0.00000,0.00000,0.00009
114.50125,0.99750,0.99992,0.00000,0.00000,0.00008
114.60125,0.99750,0.99992,0.00000,0.00000,0.00008
114.70125,0.99751,0.99992,0.00000,0.00000,0.00009
114.80125,0.99751,0.99991,0.00000,0.00000,0.00009
114.90125,0.99750,0.99991,0.00000,0.00000,0.00009
115.00125,0.99750,0.99992,0.00000,0.00000,0.00009
115.10125,0.99750,0.99991,0.00000,0.00000,0.00009
115.20125,0.99751,0.99991,0.00000,0.00000,0.00009
115.30125,0.99751,0.99991,0.00000,0.00000,0.00009
115.40125,0.99750,0.99991,0.00000,0.00000,0.00009
115.50125,0.99750,0.99991,0.00000,0.00000,0.00009
115.60125,0.99750,0.99991,0.00000,0.00000,0.00009
115.70125,0.99751,0.99991,0.00000,0.00000,0.00009
115.80125,0.99751,0.99991,0.00000,0.00000,0.00009
115.90125,0.99750,0.99991,0.00000,0.00000,0.00009
116.00125,0.99750,0.99991,0.00000,0.00000,0.00009
116.10125,0.99750,0.99991,0.00000,0.00000,0.00009
116.20125,0.99751,0.99991,0.00000,0.00000,0.00009
116.30125,0.99751,0.99992,0.00000,0.00000,0.00008
116.40125,0.99750,0.99992,0.00000,0.00000,0.00008
116.50125,0.99750,0.99991,0.00000,0.00000,0.00009
116.60125,0.99750,0.99991,0.00000,0.00000,0.00009
116.70125,0.99751,0.99992,0.00000,0.00000,0.00008
116.80125,0.99751,0.99992,0.00000,0.00000,0.00008
116.90125,0.99750,0.99992,0.00000,0.00000,0.00008
117.00125,0.99750,0.99992,0.00000,0.00000,0.00008
117.10125,0.99750,0.99992,0.00000,0.00000,0.00009
117.20125,0.99751,0.99991,0.00000,0.00000,0.00009
117.30125,0.99751,0.99991,0.00000,0.00000,0.00009
117.40125,0.99750,0.99992,0.00000,0.00000,0.00009
117.50125,0.99750,0.99991,0.00000,0.00000,0.00009
117.60125,0.99750,0.99991,0.00000,0.00000,0.00009
117.70125,0.99751,0.99991,0.00000,0.00000,0.00009
117.80125,0.99751,0.99991,0.00000,0.00000,0.00009
117.90125,0.99750,0.99992,0.00000,0.00000,0.00008
118.00125,0.99750,0.99992,0.00000,0.00000,0.00008
118.10125,0.99750,0.99992,0.00000,0.00000,0.00008
118.20125,0.99751,0.99992,0.00000,0.00000,0.00008
118.30125,0.99751,0.99991,0.00000,0.00000,0.00009
118.40125,0.99750,0.99992,0.00000,0.00000,0.00009
118.50125,0.99750,0.99991,0.00000,0.00000,0.00009
118.60125,0.99750,0.99991,0.00000,0.00000,0.00009
118.70125,0.99751,0.99991,0.00000,0.00000,0.00009
118.80125,0.99751,0.99991,0.00000,0.00000,0.00009
118.90125,0.99750,0.99991,0.00000,0.00000,0.00009
119.00125,0.99750,0.99991,0.00000,0.00000,0.00009
119.10125,0.99750,0.99991,0.00000,0.00000,0.00009
119.20125,0.99751,0.99992,0.00000,0.00000,0.00008
119.30125,0.99751,0.99991,0.00000,0.00000,0.00009
119.40125,0.99750,0.99991,0.00000,0.00000,0.00009
119.50125,0.99750,0.99991,0.00000,0.00000,0.00009
119.60125,0.99750,0.99991,0.00000,0.00000,0.00009
119.70125,0.99751,0.99992,0.00000,0.00000,0.00008
119.80125,0.99751,0.99991,0.00000,0.00000,0.00009
119.90125,0.99750,0.99991,0.00000,0.00000,0.00009
120.00125,0.99750,0.99991,0.00000,0.00000,0.00009
120.10125,0.99750,0.99991,0.00000,0.00000,0.00009
120.20125,0.99751,0.99991,0.00000,0.00000,0.00009
120.30125,0.99751,0.99991,0.00000,0.00000,0.00009
120.40125,0.99750,0.99991,0.00000,0.00000,0.00009
120.50125,0.99750,0.99991,0.00000,0.00000,0.00009
120.60125,0.99750,0.99991,0.00000,0.00000,0.00009
120.70125,0.99751,0.99992,0.00000,0.00000,0.00008
120.80125,0.99751,0.99992,0.00000,0.00000,0.00008
120.90125,0.99750,0.99991,0.00000,0.00000,0.00009
121.00125,0.99750,0.99991,0.00000,0.00000,0.00009
