Time (seconds), Duration (seconds),pred_(unlabeled),pred_Jab_R,pred_Sidehook_R,pred_Uppercut_R
0.00125,0.49000,0.99519,0.00068,0.00363,0.00050
0.50125,0.49000,0.99652,0.00066,0.00279,0.00002
1.00125,0.49000,0.91532,0.01793,0.06433,0.00242
1.50125,0.49000,0.00000,1.00000,0.00000,0.00000
2.00125,0.49000,0.88806,0.11155,0.00039,0.00000
2.50125,0.49000,0.99765,0.00095,0.00104,0.00036
3.00125,0.49000,0.00005,0.99995,0.00000,0.00000
3.50125,0.49000,0.00303,0.99696,0.00000,0.00000
4.00125,0.49000,0.99830,0.00093,0.00069,0.00008
4.50125,0.49000,0.00025,0.99973,0.00002,0.00000
5.00125,0.49000,0.00278,0.99721,0.00000,0.00000
5.50125,0.49000,0.99792,0.00167,0.00036,0.00005
6.00125,0.49000,0.00003,0.99996,0.00000,0.00000
6.50125,0.49000,0.00236,0.99763,0.00000,0.00000
7.00125,0.49000,0.99860,0.00079,0.00027,0.00034
7.50125,0.49000,0.00012,0.99984,0.00004,0.00000
8.00125,0.49000,0.00041,0.99959,0.00000,0.00000
8.50125,0.49000,0.95694,0.03333,0.00767,0.00206
9.00125,0.49000,0.98917,0.00482,0.00510,0.00092
9.50125,0.49000,0.00000,1.00000,0.00000,0.00000
10.00125,0.49000,0.22913,0.77005,0.00082,0.00000
10.50125,0.49000,0.99891,0.00041,0.00009,0.00059
11.00125,0.49000,0.00000,1.00000,0.00000,0.00000
11.50125,0.49000,0.01576,0.98423,0.00001,0.00000
12.00125,0.49000,0.99786,0.00106,0.00043,0.00065
12.50125,0.49000,0.00000,1.00000,0.00000,0.00000
13.00125,0.49000,0.00762,0.99236,0.00002,0.00000
13.50125,0.49000,0.99835,0.00101,0.00054,0.00010
14.00125,0.49000,0.00006,0.99994,0.00000,0.00000
14.50125,0.49000,0.01411,0.98589,0.00000,0.00000
15.00125,0.49000,0.99879,0.00057,0.00025,0.00040
15.50125,0.49000,0.41992,0.52639,0.04520,0.00849
16.00125,0.49000,0.00000,1.00000,0.00000,0.00000
16.50125,0.49000,0.52075,0.47592,0.00333,0.00000
17.00125,0.49000,0.88128,0.11438,0.00057,0.00377
17.50125,0.49000,0.00000,1.00000,0.00000,0.00000
18.00125,0.49000,0.28534,0.70483,0.00982,0.00001
18.50125,0.49000,0.88435,0.09764,0.01601,0.00200
19.00125,0.49000,0.00000,1.00000,0.00000,0.00000
19.50125,0.49000,0.14146,0.85559,0.00294,0.00000
20.00125,0.49000,0.92129,0.05235,0.02101,0.00535
20.50125,0.49000,0.00000,1.00000,0.00000,0.00000
21.00125,0.49000,0.02339,0.97620,0.00041,0.00000
21.50125,0.49000,0.99502,0.00255,0.00072,0.00171
22.00125,0.49000,0.00001,0.99999,0.00000,0.00000
22.50125,0.49000,0.00164,0.99794,0.00042,0.00000
23.00125,0.49000,0.99748,0.00089,0.00015,0.00147
23.50125,0.49000,0.00004,0.99986,0.00009,0.00001
24.00125,0.49000,0.00017,0.99981,0.00001,0.00000
24.50125,0.49000,0.99307,0.00621,0.00065,0.00008
25.00125,0.49000,0.00043,0.99951,0.00004,0.00002
25.50125,0.49000,0.00044,0.99956,0.00000,0.00000
26.00125,0.49000,0.98734,0.01183,0.00018,0.00065
26.50125,0.49000,0.03057,0.94318,0.02601,0.00024
27.00125,0.49000,0.00011,0.99989,0.00000,0.00000
27.50125,0.49000,0.33833,0.66040,0.00127,0.00000
28.00125,0.49000,0.81511,0.17034,0.01226,0.00230
28.50125,0.49000,0.00000,1.00000,0.00000,0.00000
29.00125,0.49000,0.00224,0.99549,0.00227,0.00000
29.50125,0.49000,0.55767,0.43761,0.00350,0.00122
30.00125,0.49000,0.00000,0.99998,0.00002,0.00000
30.50125,0.49000,0.19715,0.80280,0.00005,0.00000
31.00125,0.49000,0.01294,0.98701,0.00001,0.00004
31.50125,0.49000,0.00003,0.99997,0.00000,0.00000
32.00125,0.49000,0.40160,0.58550,0.01290,0.00000
32.50125,0.49000,0.00014,0.99980,0.00006,0.00000
33.00125,0.49000,0.00014,0.99986,0.00000,0.00000
33.50125,0.49000,0.96592,0.03111,0.00295,0.00002
34.00125,0.49000,0.00014,0.99985,0.00001,0.00001
34.50125,0.49000,0.00005,0.99995,0.00000,0.00000
35.00125,0.49000,0.95740,0.04228,0.00029,0.00003
35.50125,0.49000,0.00011,0.99981,0.00008,0.00000
36.00125,0.49000,0.00002,0.99998,0.00000,0.00000
36.50125,0.49000,0.96614,0.03003,0.00383,0.00000
37.00125,0.49000,0.01030,0.98966,0.00001,0.00003
37.50125,0.49000,0.00065,0.99935,0.00000,0.00000
38.00125,0.49000,0.98913,0.01025,0.00055,0.00008
38.50125,0.49000,0.00015,0.99983,0.00001,0.00000
39.00125,0.49000,0.00034,0.99966,0.00000,0.00000
39.50125,0.49000,0.99607,0.00253,0.00112,0.00028
40.00125,0.49000,0.00019,0.99981,0.00000,0.00000
40.50125,0.49000,0.00052,0.99946,0.00002,0.00000
41.00125,0.49000,0.99384,0.00382,0.00106,0.00128
41.50125,0.49000,0.00004,0.99996,0.00000,0.00000
42.00125,0.49000,0.00448,0.99543,0.00009,0.00000
42.50125,0.49000,0.98602,0.01033,0.00063,0.00302
43.00125,0.49000,0.00002,0.99998,0.00000,0.00000
43.50125,0.49000,0.05632,0.94269,0.00099,0.00000
44.00125,0.49000,0.03573,0.96375,0.00022,0.00030
44.50125,0.49000,0.00012,0.99988,0.00000,0.00000
45.00125,0.49000,0.96535,0.03418,0.00045,0.00002
45.50125,0.49000,0.00002,0.99997,0.00000,0.00000
46.00125,0.49000,0.00022,0.99978,0.00000,0.00000
46.50125,0.49000,0.98423,0.01324,0.00250,0.00002
47.00125,0.49000,0.00001,0.99997,0.00002,0.00000
47.50125,0.49000,0.00043,0.99953,0.00004,0.00000
48.00125,0.49000,0.99217,0.00734,0.00028,0.00021
48.50125,0.49000,0.00000,1.00000,0.00000,0.00000
49.00125,0.49000,0.00087,0.99070,0.00843,0.00000
49.50125,0.49000,0.98335,0.01447,0.00080,0.00139
50.00125,0.49000,0.00000,1.00000,0.00000,0.00000
50.50125,0.49000,0.00195,0.99454,0.00350,0.00000
51.00125,0.49000,0.99743,0.00190,0.00019,0.00047
51.50125,0.49000,0.00016,0.99984,0.00000,0.00000
52.00125,0.49000,0.02421,0.97571,0.00009,0.00000
52.50125,0.49000,0.77548,0.22141,0.00106,0.00204
53.00125,0.49000,0.00002,0.99998,0.00000,0.00000
53.50125,0.49000,0.67812,0.32089,0.00100,0.00000
54.00125,0.49000,0.00737,0.99256,0.00003,0.00004
54.50125,0.49000,0.00016,0.99984,0.00000,0.00000
55.00125,0.49000,0.95424,0.04414,0.00145,0.00018
55.50125,0.49000,0.00013,0.99987,0.00001,0.00000
56.00125,0.49000,0.00048,0.99952,0.00000,0.00000
56.50125,0.49000,0.99252,0.00661,0.00086,0.00000
57.00125,0.49000,0.00016,0.99984,0.00001,0.00000
57.50125,0.49000,0.00496,0.99504,0.00000,0.00000
58.00125,0.49000,0.99693,0.00143,0.00143,0.00020
58.50125,0.49000,0.00003,0.99997,0.00000,0.00000
59.00125,0.49000,0.00477,0.99515,0.00008,0.00000
59.50125,0.49000,0.99902,0.00063,0.00008,0.00026
60.00125,0.49000,0.00004,0.99996,0.00000,0.00000
60.50125,0.49000,0.00078,0.99864,0.00058,0.00000
61.00125,0.49000,0.96826,0.02943,0.00029,0.00203
61.50125,0.49000,0.00010,0.99990,0.00000,0.00000
62.00125,0.49000,0.00798,0.99002,0.00200,0.00000
62.50125,0.49000,0.00007,0.99991,0.00002,0.00000
63.00125,0.49000,0.00013,0.99987,0.00000,0.00000
63.50125,0.49000,0.97277,0.02566,0.00156,0.00001
64.00125,0.49000,0.00012,0.99988,0.00000,0.00000
64.50125,0.49000,0.00111,0.99868,0.00021,0.00000
65.00125,0.49000,0.99673,0.00247,0.00011,0.00069
65.50125,0.49000,0.00031,0.99969,0.00000,0.00000
66.00125,0.49000,0.00961,0.98784,0.00254,0.00000
66.50125,0.49000,0.85384,0.13815,0.00677,0.00123
67.00125,0.49000,0.00002,0.99998,0.00000,0.00000
67.50125,0.49000,0.05224,0.92614,0.02162,0.00000
68.00125,0.49000,0.00167,0.99820,0.00012,0.00000
68.50125,0.49000,0.00000,0.99999,0.00001,0.00000
69.00125,0.49000,0.89256,0.10704,0.00040,0.00001
69.50125,0.49000,0.00017,0.99981,0.00002,0.00000
70.00125,0.49000,0.00002,0.99998,0.00000,0.00000
70.50125,0.49000,0.97700,0.01977,0.00322,0.00001
71.00125,0.49000,0.00163,0.99837,0.00000,0.00000
71.50125,0.49000,0.00065,0.99934,0.00001,0.00000
72.00125,0.49000,0.58359,0.41617,0.00007,0.00018
72.50125,0.49000,0.00001,0.99999,0.00000,0.00000
73.00125,0.49000,0.44548,0.55380,0.00071,0.00000
73.50125,0.49000,0.00018,0.99980,0.00001,0.00001
74.00125,0.49000,0.00002,0.99998,0.00000,0.00000
74.50125,0.49000,0.98965,0.00823,0.00211,0.00001
75.00125,0.49000,0.02374,0.97618,0.00008,0.00001
75.50125,0.49000,0.00097,0.99903,0.00000,0.00000
76.00125,0.49000,0.94382,0.05584,0.00019,0.00014
76.50125,0.49000,0.00098,0.99902,0.00000,0.00000
77.00125,0.49000,0.05646,0.94336,0.00018,0.00000
77.50125,0.49000,0.00062,0.99938,0.00000,0.00000
78.00125,0.49000,0.00015,0.99985,0.00000,0.00000
78.50125,0.49000,0.03450,0.96527,0.00022,0.00001
79.00125,0.49000,0.00000,1.00000,0.00000,0.00000
79.50125,0.49000,0.00312,0.95270,0.04418,0.00000
80.00125,0.49000,0.06279,0.93706,0.00011,0.00005
80.50125,0.49000,0.00004,0.99996,0.00000,0.00000
81.00125,0.49000,0.78138,0.21274,0.00587,0.00000
81.50125,0.49000,0.00393,0.99601,0.00002,0.00004
82.00125,0.49000,0.00143,0.99857,0.00000,0.00000
82.50125,0.49000,0.81850,0.17987,0.00163,0.00000
83.00125,0.49000,0.00893,0.99092,0.00005,0.00010
83.50125,0.49000,0.00005,0.99995,0.00000,0.00000
84.00125,0.49000,0.65146,0.32302,0.02551,0.00000
84.50125,0.49000,0.99820,0.00064,0.00049,0.00067
85.00125,0.49000,0.00094,0.99903,0.00002,0.00000
85.50125,0.49000,0.01023,0.98976,0.00001,0.00000
86.00125,0.49000,0.99872,0.00074,0.00048,0.00006
86.50125,0.49000,0.99883,0.00046,0.00021,0.00050
87.00125,0.49000,0.00002,0.99996,0.00002,0.00000
87.50125,0.49000,0.00366,0.99633,0.00001,0.00000
88.00125,0.49000,0.99581,0.00343,0.00064,0.00013
88.50125,0.49000,0.99603,0.00122,0.00029,0.00246
89.00125,0.49000,0.00014,0.99985,0.00000,0.00000
89.50125,0.49000,0.01517,0.98437,0.00045,0.00000
90.00125,0.49000,0.99684,0.00189,0.00120,0.00007
90.50125,0.49000,0.05501,0.94329,0.00074,0.00095
91.00125,0.49000,0.00032,0.99968,0.00000,0.00000
91.50125,0.49000,0.55737,0.44058,0.00205,0.00000
92.00125,0.49000,0.97378,0.02487,0.00050,0.00086
92.50125,0.49000,0.00002,0.99998,0.00000,0.00000
93.00125,0.49000,0.00191,0.99674,0.00135,0.00000
93.50125,0.49000,0.99817,0.00124,0.00024,0.00035
94.00125,0.49000,0.00010,0.99989,0.00001,0.00000
94.50125,0.49000,0.00231,0.99736,0.00033,0.00000
95.00125,0.49000,0.97099,0.02595,0.00305,0.00001
95.50125,0.49000,0.99798,0.00100,0.00090,0.00011
96.00125,0.49000,0.99761,0.00096,0.00118,0.00024
96.50125,0.49000,0.00002,0.99996,0.00002,0.00000
97.00125,0.49000,0.00238,0.99756,0.00006,0.00000
97.50125,0.49000,0.99107,0.00781,0.00089,0.00023
98.00125,0.49000,0.00575,0.99425,0.00000,0.00000
98.50125,0.49000,0.00091,0.99909,0.00000,0.00000
99.00125,0.49000,0.96783,0.02625,0.00591,0.00001
99.50125,0.49000,0.00562,0.99434,0.00000,0.00003
100.00125,0.49000,0.00005,0.99995,0.00000,0.00000
100.50125,0.49000,0.94884,0.04625,0.00491,0.00000
101.00125,0.49000,0.01535,0.98415,0.00023,0.00026
101.50125,0.49000,0.00318,0.99682,0.00000,0.00000
102.00125,0.49000,0.55004,0.42079,0.02918,0.00000
102.50125,0.49000,0.98979,0.00823,0.00072,0.00126
103.00125,0.49000,0.00051,0.99949,0.00000,0.00000
103.50125,0.49000,0.00638,0.99339,0.00023,0.00000
104.00125,0.49000,0.99821,0.00092,0.00038,0.00049
104.50125,0.49000,0.00108,0.99890,0.00000,0.00001
105.00125,0.49000,0.02166,0.97833,0.00001,0.00000
105.50125,0.49000,0.99773,0.00047,0.00151,0.00029
106.00125,0.49000,0.00008,0.99991,0.00000,0.00000
106.50125,0.49000,0.00468,0.99531,0.00000,0.00000
107.00125,0.49000,0.99755,0.00189,0.00006,0.00051
107.50125,0.49000,0.00005,0.99995,0.00000,0.00000
108.00125,0.49000,0.00382,0.99448,0.00170,0.00000
108.50125,0.49000,0.99787,0.00065,0.00099,0.00049
109.00125,0.49000,0.00000,0.99999,0.00000,0.00000
109.50125,0.49000,0.00785,0.99215,0.00000,0.00000
110.00125,0.49000,0.99806,0.00099,0.00068,0.00026
110.50125,0.49000,0.00164,0.99833,0.00000,0.00002
111.00125,0.49000,0.00344,0.99656,0.00000,0.00000
111.50125,0.49000,0.98274,0.01240,0.00484,0.00002
112.00125,0.49000,0.03758,0.96154,0.00023,0.00066
112.50125,0.49000,0.00029,0.99971,0.00000,0.00000
113.00125,0.49000,0.90463,0.09422,0.00115,0.00000
113.50125,0.49000,0.77609,0.22209,0.00045,0.00136
114.00125,0.49000,0.00000,1.00000,0.00000,0.00000
114.50125,0.49000,0.70985,0.28888,0.00127,0.00000
115.00125,0.49000,0.99797,0.00122,0.00013,0.00068
115.50125,0.49000,0.00071,0.99929,0.00000,0.00000
116.00125,0.49000,0.01606,0.98344,0.00050,0.00000
116.50125,0.49000,0.99825,0.00126,0.00015,0.00034
117.00125,0.49000,0.00003,0.99997,0.00000,0.00000
117.50125,0.49000,0.03322,0.96673,0.00006,0.00000
118.00125,0.49000,0.95324,0.04328,0.00138,0.00210
118.50125,0.49000,0.00000,1.00000,0.00000,0.00000
119.00125,0.49000,0.05922,0.93946,0.00132,0.00000
119.50125,0.49000,0.80096,0.19650,0.00118,0.00136
120.00125,0.49000,0.00024,0.99976,0.00000,0.00000
120.50125,0.49000,0.10354,0.89393,0.00253,0.00000
121.00125,0.49000,0.94831,0.04870,0.00033,0.00267
121.50125,0.49000,0.00010,0.99990,0.00000,0.00000
122.00125,0.49000,0.17903,0.82070,0.00028,0.00000
122.50125,0.49000,0.98017,0.01422,0.00287,0.00273
123.00125,0.49000,0.00018,0.99982,0.00000,0.00000
123.50125,0.49000,0.00141,0.96745,0.03114,0.00000
124.00125,0.49000,0.56846,0.43063,0.00014,0.00078
124.50125,0.49000,0.00001,0.99999,0.00000,0.00000
125.00125,0.49000,0.72257,0.16407,0.11332,0.00004
125.50125,0.49000,0.95729,0.03650,0.00471,0.00150
126.00125,0.49000,0.00000,1.00000,0.00000,0.00000
126.50125,0.49000,0.00581,0.98310,0.01109,0.00000
127.00125,0.49000,0.97193,0.02360,0.00064,0.00383
127.50125,0.49000,0.00000,1.00000,0.00000,0.00000
128.00125,0.49001,0.04633,0.95349,0.00017,0.00000
128.50125,0.49001,0.45014,0.54352,0.00532,0.00102
129.00125,0.49001,0.00001,0.99999,0.00000,0.00000
129.50125,0.49001,0.15052,0.84678,0.00270,0.00000
130.00125,0.49001,0.60813,0.38386,0.00529,0.00272
130.50125,0.49001,0.00001,0.99999,0.00000,0.00000
131.00125,0.49001,0.78073,0.21806,0.00118,0.00002
131.50125,0.49001,0.71354,0.28409,0.00015,0.00222
132.00125,0.49001,0.00003,0.99997,0.00000,0.00000
132.50125,0.49001,0.01085,0.98703,0.00211,0.00000
133.00125,0.49001,0.97693,0.02142,0.00022,0.00143
133.50125,0.49001,0.00013,0.99987,0.00000,0.00000
134.00125,0.49001,0.05877,0.93907,0.00216,0.00000
134.50125,0.49001,0.82288,0.09055,0.08246,0.00411
135.00125,0.49001,0.00013,0.99987,0.00000,0.00000
135.50125,0.49001,0.14334,0.84426,0.01240,0.00000
136.00125,0.49001,0.99483,0.00288,0.00069,0.00161
136.50125,0.49001,0.00004,0.99996,0.00000,0.00000
137.00125,0.49001,0.00843,0.99059,0.00097,0.00000
137.50125,0.49001,0.91352,0.08197,0.00299,0.00151
138.00125,0.49001,0.00219,0.99781,0.00000,0.00000
138.50125,0.49001,0.04109,0.95009,0.00882,0.00000
139.00125,0.49001,0.90985,0.06836,0.01783,0.00396
139.50125,0.49001,0.00010,0.99990,0.00000,0.00000
140.00125,0.49001,0.06125,0.93807,0.00068,0.00000
140.50125,0.49001,0.97145,0.01629,0.00767,0.00459
141.00125,0.49001,0.00000,1.00000,0.00000,0.00000
141.50125,0.49001,0.01004,0.98684,0.00312,0.00000
142.00125,0.49001,0.70443,0.29084,0.00437,0.00036
142.50125,0.49001,0.00007,0.99993,0.00000,0.00000
143.00125,0.49001,0.19575,0.79063,0.01362,0.00000
143.50125,0.49001,0.95442,0.04155,0.00237,0.00166
144.00125,0.49001,0.00001,0.99999,0.00000,0.00000
144.50125,0.49001,0.12625,0.87333,0.00043,0.00000
145.00125,0.49001,0.91673,0.08269,0.00016,0.00042
145.50125,0.49001,0.00000,1.00000,0.00000,0.00000
146.00125,0.49001,0.43464,0.53543,0.02993,0.00000
146.50125,0.49001,0.07511,0.92280,0.00192,0.00017
147.00125,0.49001,0.00000,1.00000,0.00000,0.00000
147.50125,0.49001,0.74833,0.24795,0.00372,0.00001
148.00125,0.49001,0.00056,0.99943,0.00000,0.00000
148.50125,0.49001,0.00011,0.99989,0.00000,0.00000
149.00125,0.49001,0.97300,0.02680,0.00019,0.00001
149.50125,0.49001,0.00023,0.99973,0.00003,0.00000
150.00125,0.49001,0.00052,0.99948,0.00000,0.00000
150.50125,0.49001,0.99230,0.00739,0.00027,0.00004
151.00125,0.49001,0.00033,0.99966,0.00001,0.00000
151.50125,0.49001,0.00019,0.99980,0.00001,0.00000
152.00125,0.49001,0.99101,0.00810,0.00086,0.00003
152.50125,0.49001,0.00026,0.99971,0.00003,0.00000
153.00125,0.49001,0.00085,0.99912,0.00003,0.00000
153.50125,0.49001,0.94978,0.04796,0.00180,0.00046
154.00125,0.49001,0.00000,1.00000,0.00000,0.00000
154.50125,0.49001,0.00579,0.98806,0.00615,0.00000
155.00125,0.49001,0.05151,0.94838,0.00010,0.00002
155.50125,0.49001,0.00028,0.99972,0.00000,0.00000
156.00125,0.49001,0.54028,0.45397,0.00568,0.00008
156.50125,0.49001,0.00033,0.99967,0.00000,0.00000
157.00125,0.49001,0.00046,0.99946,0.00008,0.00000
157.50125,0.49001,0.99593,0.00208,0.00191,0.00008
158.00125,0.49001,0.99646,0.00103,0.00231,0.00021
158.50125,0.49001,0.99598,0.00097,0.00292,0.00013
159.00125,0.49001,0.00041,0.99948,0.00004,0.00008
159.50125,0.49001,0.00198,0.99802,0.00000,0.00000
160.00125,0.49001,0.99618,0.00234,0.00141,0.00008
160.50125,0.49001,0.00026,0.99969,0.00002,0.00002
161.00125,0.49001,0.00007,0.99993,0.00000,0.00000
161.50125,0.49001,0.92241,0.07543,0.00216,0.00000
162.00125,0.49001,0.69706,0.29867,0.00099,0.00327
162.50125,0.49001,0.00002,0.99996,0.00002,0.00000
163.00125,0.49001,0.67418,0.32560,0.00022,0.00000
163.50125,0.49001,0.00128,0.99868,0.00001,0.00003
164.00125,0.49001,0.00184,0.99816,0.00000,0.00000
164.50125,0.49001,0.97966,0.01922,0.00110,0.00002
165.00125,0.49001,0.00439,0.99551,0.00007,0.00003
165.50125,0.49001,0.00213,0.99787,0.00001,0.00000
166.00125,0.49001,0.20407,0.79096,0.00497,0.00000
166.50125,0.49001,0.83758,0.16042,0.00004,0.00196
167.00125,0.49001,0.00009,0.99991,0.00000,0.00000
167.50125,0.49001,0.29104,0.70802,0.00094,0.00000
168.00125,0.49001,0.99784,0.00063,0.00103,0.00051
168.50125,0.49001,0.57307,0.42142,0.00205,0.00346
169.00125,0.49001,0.00005,0.99995,0.00000,0.00000
169.50125,0.49001,0.12605,0.86851,0.00544,0.00000
170.00125,0.49001,0.99826,0.00007,0.00041,0.00126
170.50125,0.49001,0.01519,0.98176,0.00304,0.00001
171.00125,0.49001,0.00071,0.99929,0.00000,0.00000
171.50125,0.49001,0.93466,0.05323,0.01210,0.00000
172.00125,0.49001,0.94297,0.04400,0.01085,0.00218
172.50125,0.49001,0.00000,1.00000,0.00000,0.00000
173.00125,0.49001,0.01333,0.96531,0.02136,0.00000
173.50125,0.49001,0.95240,0.03687,0.01036,0.00037
174.00125,0.49001,0.00911,0.99088,0.00000,0.00001
174.50125,0.49001,0.00410,0.99581,0.00010,0.00000
175.00125,0.49001,0.99500,0.00307,0.00181,0.00011
175.50125,0.49001,0.00077,0.99923,0.00000,0.00000
176.00125,0.49001,0.00168,0.99832,0.00000,0.00000
176.50125,0.49001,0.94403,0.05478,0.00117,0.00002
177.00125,0.49001,0.00106,0.99879,0.00014,0.00001
177.50125,0.49001,0.00002,0.99997,0.00001,0.00000
178.00125,0.49001,0.99360,0.00280,0.00341,0.00019
178.50125,0.49001,0.00147,0.99852,0.00000,0.00000
179.00125,0.49001,0.00001,0.99999,0.00000,0.00000
179.50125,0.49001,0.88088,0.05500,0.06409,0.00003
180.00125,0.49001,0.00060,0.99938,0.00001,0.00000
180.50125,0.49001,0.16856,0.83144,0.00000,0.00000
181.00125,0.49001,0.98906,0.00006,0.01073,0.00015
181.50125,0.49001,0.99203,0.00000,0.00767,0.00029
