Time (seconds), Duration (seconds),pred_(unlabeled),pred_Jab_R,pred_Sidehook_R,pred_Uppercut_R
0.00125,0.49750,0.99887,0.00000,0.00006,0.00106
0.10125,0.49750,0.99953,0.00000,0.00003,0.00044
0.20125,0.49750,0.99982,0.00000,0.00002,0.00016
0.30125,0.49750,0.99989,0.00000,0.00002,0.00009
0.40125,0.49750,0.99995,0.00000,0.00001,0.00003
0.50125,0.49750,0.99996,0.00000,0.00001,0.00003
0.60125,0.49750,0.99994,0.00000,0.00001,0.00005
0.70125,0.49750,0.99989,0.00000,0.00001,0.00011
0.80125,0.49750,0.99982,0.00000,0.00000,0.00018
0.90125,0.49750,0.99980,0.00000,0.00000,0.00019
1.00125,0.49750,0.99987,0.00000,0.00000,0.00013
1.10125,0.49750,0.99987,0.00000,0.00000,0.00013
1.20125,0.49750,0.99982,0.00000,0.00000,0.00017
1.30125,0.49750,0.99989,0.00000,0.00000,0.00010
1.40125,0.49750,0.99995,0.00000,0.00000,0.00004
1.50125,0.49750,0.99999,0.00000,0.00000,0.00001
1.60125,0.49750,0.99999,0.00000,0.00000,0.00000
1.70125,0.49750,0.99995,0.00000,0.00004,0.00001
1.80125,0.49750,0.99886,0.00000,0.00107,0.00007
1.90125,0.49750,0.99699,0.00000,0.00293,0.00008
2.00125,0.49750,0.99355,0.00000,0.00636,0.00009
2.10125,0.49750,0.99853,0.00000,0.00145,0.00002
2.20125,0.49750,0.99991,0.00000,0.00009,0.00000
2.30125,0.49750,0.99999,0.00000,0.00001,0.00000
2.40125,0.49750,1.00000,0.00000,0.00000,0.00000
2.50125,0.49750,1.00000,0.00000,0.00000,0.00000
2.60125,0.49750,1.00000,0.00000,0.00000,0.00000
2.70125,0.49750,1.00000,0.00000,0.00000,0.00000
2.80125,0.49750,1.00000,0.00000,0.00000,0.00000
2.90125,0.49750,1.00000,0.00000,0.00000,0.00000
3.00125,0.49750,1.00000,0.00000,0.00000,0.00000
3.10125,0.49750,1.00000,0.00000,0.00000,0.00000
3.20125,0.49750,1.00000,0.00000,0.00000,0.00000
3.30125,0.49750,1.00000,0.00000,0.00000,0.00000
3.40125,0.49750,1.00000,0.00000,0.00000,0.00000
3.50125,0.49750,1.00000,0.00000,0.00000,0.00000
3.60125,0.49750,1.00000,0.00000,0.00000,0.00000
3.70125,0.49750,1.00000,0.00000,0.00000,0.00000
3.80125,0.49750,1.00000,0.00000,0.00000,0.00000
3.90125,0.49750,1.00000,0.00000,0.00000,0.00000
4.00125,0.49750,0.99998,0.00000,0.00002,0.00000
4.10125,0.49750,0.99972,0.00000,0.00017,0.00011
4.20125,0.49750,0.99250,0.00002,0.00156,0.00592
4.30125,0.49750,0.65783,0.00052,0.03589,0.30576
4.40125,0.49750,0.10299,0.00105,0.02649,0.86947
4.50125,0.49750,0.07712,0.00013,0.01099,0.91176
4.60125,0.49750,0.06665,0.00005,0.01422,0.91909
4.70125,0.49750,0.15343,0.00018,0.03823,0.80816
4.80125,0.49750,0.47312,0.00013,0.04590,0.48085
4.90125,0.49750,0.92325,0.00003,0.03979,0.03694
5.00125,0.49750,0.97898,0.00001,0.01698,0.00403
5.10125,0.49750,0.99808,0.00000,0.00171,0.00021
5.20125,0.49750,0.99987,0.00000,0.00013,0.00001
5.30125,0.49750,0.99999,0.00000,0.00001,0.00000
5.40125,0.49750,0.99999,0.00000,0.00001,0.00000
5.50125,0.49750,1.00000,0.00000,0.00000,0.00000
5.60125,0.49750,1.00000,0.00000,0.00000,0.00000
5.70125,0.49750,1.00000,0.00000,0.00000,0.00000
5.80125,0.49750,0.99996,0.00000,0.00003,0.00001
5.90125,0.49750,0.99928,0.00000,0.00029,0.00043
6.00125,0.49750,0.96923,0.00002,0.00236,0.02839
6.10125,0.49750,0.51048,0.00037,0.00919,0.47997
6.20125,0.49750,0.05242,0.00078,0.00733,0.93947
6.30125,0.49750,0.08261,0.00210,0.00407,0.91122
6.40125,0.49750,0.16293,0.00069,0.00323,0.83314
6.50125,0.49750,0.33185,0.00060,0.00975,0.65779
6.60125,0.49750,0.66309,0.00026,0.02923,0.30743
6.70125,0.49750,0.98971,0.00001,0.00323,0.00705
6.80125,0.49750,0.99224,0.00000,0.00412,0.00363
6.90125,0.49750,0.99567,0.00000,0.00266,0.00167
7.00125,0.49750,0.99965,0.00000,0.00024,0.00011
7.10125,0.49750,0.99996,0.00000,0.00003,0.00001
7.20125,0.49750,0.99996,0.00000,0.00003,0.00001
7.30125,0.49750,0.99999,0.00000,0.00001,0.00000
7.40125,0.49750,1.00000,0.00000,0.00000,0.00000
7.50125,0.49750,1.00000,0.00000,0.00000,0.00000
7.60125,0.49750,0.99998,0.00000,0.00002,0.00000
7.70125,0.49750,0.99979,0.00000,0.00009,0.00013
7.80125,0.49750,0.99213,0.00001,0.00067,0.00718
7.90125,0.49750,0.77887,0.00019,0.00310,0.21784
8.00125,0.49750,0.17661,0.00106,0.00229,0.82004
8.10125,0.49750,0.06155,0.00051,0.00390,0.93404
8.20125,0.49750,0.10345,0.00033,0.00323,0.89299
8.30125,0.49750,0.20775,0.00022,0.00480,0.78722
8.40125,0.49750,0.68206,0.00046,0.01899,0.29849
8.50125,0.49750,0.97998,0.00002,0.01089,0.00912
8.60125,0.49750,0.99930,0.00000,0.00049,0.00021
8.70125,0.49750,0.99639,0.00001,0.00302,0.00058
8.80125,0.49750,0.99833,0.00000,0.00144,0.00023
8.90125,0.49750,0.99956,0.00000,0.00036,0.00008
9.00125,0.49750,0.99952,0.00000,0.00036,0.00012
9.10125,0.49750,0.99986,0.00000,0.00013,0.00001
9.20125,0.49750,0.99999,0.00000,0.00001,0.00000
9.30125,0.49750,1.00000,0.00000,0.00000,0.00000
9.40125,0.49750,1.00000,0.00000,0.00000,0.00000
9.50125,0.49750,0.99998,0.00000,0.00002,0.00000
9.60125,0.49750,0.99961,0.00000,0.00022,0.00017
9.70125,0.49750,0.98494,0.00000,0.00263,0.01243
9.80125,0.49750,0.73615,0.00009,0.01762,0.24614
9.90125,0.49750,0.13879,0.00089,0.06042,0.79989
10.00125,0.49750,0.04511,0.00067,0.04596,0.90826
10.10125,0.49750,0.06811,0.00053,0.01349,0.91787
10.20125,0.49750,0.07727,0.00027,0.01645,0.90601
10.30125,0.49750,0.11692,0.00024,0.03491,0.84793
10.40125,0.49750,0.40602,0.00009,0.04993,0.54396
10.50125,0.49750,0.91792,0.00003,0.03615,0.04590
10.60125,0.49750,0.94340,0.00001,0.03995,0.01664
10.70125,0.49750,0.99323,0.00000,0.00570,0.00107
10.80125,0.49750,0.99956,0.00000,0.00041,0.00003
10.90125,0.49750,0.99993,0.00000,0.00006,0.00000
11.00125,0.49750,0.99996,0.00000,0.00003,0.00000
11.10125,0.49750,0.99998,0.00000,0.00002,0.00000
11.20125,0.49750,0.99998,0.00000,0.00002,0.00000
11.30125,0.49750,0.99998,0.00000,0.00002,0.00000
11.40125,0.49750,0.99998,0.00000,0.00001,0.00001
11.50125,0.49750,0.99990,0.00000,0.00005,0.00006
11.60125,0.49750,0.99853,0.00000,0.00026,0.00121
11.70125,0.49750,0.98754,0.00003,0.00091,0.01152
11.80125,0.49750,0.46385,0.00040,0.00925,0.52650
11.90125,0.49750,0.05135,0.00074,0.00390,0.94402
12.00125,0.49750,0.04042,0.00036,0.00384,0.95538
12.10125,0.49750,0.11664,0.00026,0.01616,0.86694
12.20125,0.49750,0.55788,0.00009,0.06392,0.37811
12.30125,0.49750,0.97323,0.00002,0.01661,0.01014
12.40125,0.49750,0.99174,0.00000,0.00639,0.00187
12.50125,0.49750,0.99905,0.00000,0.00089,0.00005
12.60125,0.49750,0.99993,0.00000,0.00007,0.00000
12.70125,0.49750,0.99999,0.00000,0.00001,0.00000
12.80125,0.49750,0.99999,0.00000,0.00001,0.00000
12.90125,0.49750,1.00000,0.00000,0.00000,0.00000
13.00125,0.49750,1.00000,0.00000,0.00000,0.00000
13.10125,0.49750,0.99999,0.00000,0.00001,0.00000
13.20125,0.49750,0.99992,0.00000,0.00005,0.00003
13.30125,0.49750,0.99764,0.00000,0.00046,0.00190
13.40125,0.49750,0.94524,0.00003,0.00517,0.04956
13.50125,0.49750,0.35344,0.00027,0.08260,0.56369
13.60125,0.49750,0.10758,0.00048,0.02966,0.86228
13.70125,0.49750,0.05418,0.00043,0.01929,0.92610
13.80125,0.49750,0.11888,0.00023,0.04222,0.83867
13.90125,0.49750,0.29441,0.00006,0.09248,0.61305
14.00125,0.49750,0.73490,0.00004,0.04202,0.22305
14.10125,0.49750,0.92572,0.00000,0.04358,0.03070
14.20125,0.49750,0.99383,0.00000,0.00456,0.00160
14.30125,0.49750,0.99870,0.00000,0.00107,0.00023
14.40125,0.49750,0.99989,0.00000,0.00009,0.00001
14.50125,0.49750,0.99999,0.00000,0.00001,0.00000
14.60125,0.49750,0.99999,0.00000,0.00001,0.00000
14.70125,0.49750,0.99999,0.00000,0.00001,0.00000
14.80125,0.49750,1.00000,0.00000,0.00000,0.00000
14.90125,0.49750,1.00000,0.00000,0.00000,0.00000
15.00125,0.49750,0.99997,0.00000,0.00002,0.00001
15.10125,0.49750,0.99904,0.00000,0.00025,0.00071
15.20125,0.49750,0.95676,0.00003,0.00140,0.04181
15.30125,0.49750,0.33479,0.00046,0.01835,0.64640
15.40125,0.49750,0.06671,0.00048,0.00889,0.92391
15.50125,0.49750,0.03811,0.00030,0.00607,0.95552
15.60125,0.49750,0.07144,0.00019,0.01775,0.91062
15.70125,0.49750,0.47488,0.00009,0.14510,0.37994
15.80125,0.49750,0.96894,0.00001,0.01610,0.01495
15.90125,0.49750,0.99519,0.00000,0.00422,0.00059
16.00125,0.49750,0.99913,0.00000,0.00082,0.00004
16.10125,0.49750,0.99996,0.00000,0.00004,0.00000
16.20125,0.49750,0.99999,0.00000,0.00001,0.00000
16.30125,0.49750,0.99999,0.00000,0.00000,0.00000
16.40125,0.49750,1.00000,0.00000,0.00000,0.00000
16.50125,0.49750,1.00000,0.00000,0.00000,0.00000
16.60125,0.49750,0.99998,0.00000,0.00002,0.00000
16.70125,0.49750,0.99946,0.00000,0.00023,0.00031
16.80125,0.49750,0.98026,0.00001,0.00268,0.01704
16.90125,0.49750,0.37086,0.00016,0.04374,0.58525
17.00125,0.49750,0.08484,0.00055,0.02472,0.88989
17.10125,0.49750,0.03803,0.00041,0.01612,0.94544
17.20125,0.49750,0.04376,0.00018,0.01874,0.93732
17.30125,0.49750,0.11347,0.00009,0.03978,0.84666
17.40125,0.49750,0.45681,0.00010,0.04549,0.49759
17.50125,0.49750,0.86633,0.00002,0.07809,0.05557
17.60125,0.49750,0.98903,0.00000,0.01044,0.00052
17.70125,0.49750,0.99918,0.00000,0.00081,0.00001
17.80125,0.49750,0.99992,0.00000,0.00008,0.00000
17.90125,0.49750,0.99999,0.00000,0.00001,0.00000
18.00125,0.49750,1.00000,0.00000,0.00000,0.00000
18.10125,0.49750,1.00000,0.00000,0.00000,0.00000
18.20125,0.49750,1.00000,0.00000,0.00000,0.00000
18.30125,0.49750,0.99999,0.00000,0.00001,0.00000
18.40125,0.49750,0.99969,0.00000,0.00018,0.00012
18.50125,0.49750,0.98804,0.00000,0.00196,0.01000
18.60125,0.49750,0.68562,0.00006,0.04157,0.27275
18.70125,0.49750,0.09347,0.00018,0.05910,0.84725
18.80125,0.49750,0.06091,0.00020,0.02715,0.91174
18.90125,0.49750,0.06832,0.00009,0.02120,0.91039
19.00125,0.49750,0.61632,0.00006,0.04085,0.34276
19.10125,0.49750,0.95373,0.00001,0.01146,0.03480
19.20125,0.49750,0.98377,0.00000,0.01154,0.00469
19.30125,0.49750,0.99752,0.00000,0.00240,0.00008
19.40125,0.49750,0.99927,0.00000,0.00072,0.00001
19.50125,0.49750,0.99954,0.00000,0.00045,0.00001
19.60125,0.49750,0.99995,0.00000,0.00005,0.00000
19.70125,0.49750,0.99999,0.00000,0.00001,0.00000
19.80125,0.49750,0.99999,0.00000,0.00001,0.00000
19.90125,0.49750,1.00000,0.00000,0.00000,0.00000
20.00125,0.49750,1.00000,0.00000,0.00000,0.00000
20.10125,0.49750,0.99997,0.00000,0.00002,0.00001
20.20125,0.49750,0.99913,0.00000,0.00010,0.00077
20.30125,0.49750,0.96666,0.00001,0.00054,0.03279
20.40125,0.49750,0.48879,0.00016,0.00773,0.50332
20.50125,0.49750,0.08742,0.00036,0.00197,0.91026
20.60125,0.49750,0.02492,0.00023,0.00161,0.97323
20.70125,0.49750,0.05799,0.00028,0.00768,0.93405
20.80125,0.49750,0.24710,0.00017,0.04761,0.70512
20.90125,0.49750,0.71741,0.00014,0.03950,0.24295
21.00125,0.49750,0.93219,0.00002,0.05598,0.01181
21.10125,0.49750,0.98212,0.00000,0.01648,0.00140
21.20125,0.49750,0.99758,0.00000,0.00233,0.00009
21.30125,0.49750,0.99981,0.00000,0.00019,0.00001
21.40125,0.49750,0.99998,0.00000,0.00002,0.00000
21.50125,0.49750,0.99999,0.00000,0.00001,0.00000
21.60125,0.49750,1.00000,0.00000,0.00000,0.00000
21.70125,0.49750,1.00000,0.00000,0.00000,0.00000
21.80125,0.49750,0.99995,0.00000,0.00004,0.00001
21.90125,0.49750,0.99886,0.00000,0.00044,0.00070
22.00125,0.49750,0.93586,0.00008,0.00933,0.05473
22.10125,0.49750,0.16705,0.00056,0.01192,0.82047
22.20125,0.49750,0.04303,0.00112,0.00698,0.94888
22.30125,0.49750,0.02931,0.00042,0.00599,0.96428
22.40125,0.49750,0.12770,0.00052,0.01815,0.85363
22.50125,0.49750,0.39420,0.00031,0.04038,0.56512
22.60125,0.49750,0.88048,0.00006,0.08785,0.03162
22.70125,0.49750,0.98305,0.00000,0.01427,0.00268
22.80125,0.49750,0.99736,0.00000,0.00247,0.00016
22.90125,0.49750,0.99951,0.00000,0.00048,0.00001
23.00125,0.49750,0.99998,0.00000,0.00002,0.00000
23.10125,0.49750,0.99999,0.00000,0.00001,0.00000
23.20125,0.49750,0.99999,0.00000,0.00001,0.00000
23.30125,0.49750,0.99999,0.00000,0.00001,0.00000
23.40125,0.49750,0.99996,0.00000,0.00003,0.00000
23.50125,0.49750,0.99930,0.00000,0.00033,0.00037
23.60125,0.49750,0.97048,0.00004,0.00238,0.02709
23.70125,0.49750,0.26548,0.00041,0.02610,0.70801
23.80125,0.49750,0.07485,0.00074,0.00481,0.91960
23.90125,0.49750,0.02877,0.00057,0.00240,0.96826
24.00125,0.49750,0.08578,0.00036,0.00612,0.90775
24.10125,0.49750,0.38898,0.00019,0.03240,0.57843
24.20125,0.49750,0.89125,0.00008,0.01372,0.09495
24.30125,0.49750,0.98078,0.00000,0.01205,0.00716
24.40125,0.49750,0.99822,0.00000,0.00150,0.00028
24.50125,0.49750,0.99967,0.00000,0.00030,0.00003
24.60125,0.49750,0.99996,0.00000,0.00004,0.00000
24.70125,0.49750,0.99999,0.00000,0.00001,0.00000
24.80125,0.49750,0.99999,0.00000,0.00001,0.00000
24.90125,0.49750,0.99999,0.00000,0.00000,0.00000
25.00125,0.49750,0.99999,0.00000,0.00001,0.00000
25.10125,0.49750,0.99995,0.00000,0.00003,0.00002
25.20125,0.49750,0.99867,0.00000,0.00021,0.00111
25.30125,0.49750,0.93034,0.00009,0.00259,0.06698
25.40125,0.49750,0.13979,0.00033,0.01290,0.84697
25.50125,0.49750,0.06535,0.00062,0.00452,0.92951
25.60125,0.49750,0.02860,0.00022,0.00550,0.96568
25.70125,0.49750,0.07881,0.00017,0.02692,0.89411
25.80125,0.49750,0.24590,0.00010,0.06977,0.68423
25.90125,0.49750,0.87249,0.00005,0.04927,0.07819
26.00125,0.49750,0.96530,0.00000,0.02917,0.00553
26.10125,0.49750,0.99713,0.00000,0.00272,0.00016
26.20125,0.49750,0.99981,0.00000,0.00019,0.00001
26.30125,0.49750,0.99998,0.00000,0.00002,0.00000
26.40125,0.49750,0.99999,0.00000,0.00001,0.00000
26.50125,0.49750,1.00000,0.00000,0.00000,0.00000
26.60125,0.49750,1.00000,0.00000,0.00000,0.00000
26.70125,0.49750,0.99996,0.00000,0.00003,0.00001
26.80125,0.49750,0.99876,0.00000,0.00026,0.00098
26.90125,0.49750,0.94913,0.00003,0.00196,0.04888
27.00125,0.49750,0.36137,0.00056,0.00232,0.63575
27.10125,0.49750,0.04290,0.00056,0.00190,0.95464
27.20125,0.49750,0.04506,0.00043,0.00070,0.95381
27.30125,0.49750,0.03856,0.00025,0.00104,0.96015
27.40125,0.49750,0.13415,0.00072,0.00714,0.85799
27.50125,0.49750,0.35601,0.00032,0.07926,0.56440
27.60125,0.49750,0.91004,0.00006,0.05178,0.03813
27.70125,0.49750,0.98192,0.00000,0.01539,0.00268
27.80125,0.49750,0.99864,0.00000,0.00127,0.00010
27.90125,0.49750,0.99994,0.00000,0.00006,0.00000
28.00125,0.49750,0.99999,0.00000,0.00000,0.00000
28.10125,0.49750,1.00000,0.00000,0.00000,0.00000
28.20125,0.49750,0.99995,0.00000,0.00004,0.00001
28.30125,0.49750,0.99962,0.00000,0.00023,0.00015
28.40125,0.49750,0.99042,0.00000,0.00128,0.00829
28.50125,0.49750,0.65207,0.00014,0.00163,0.34617
28.60125,0.49750,0.08212,0.00030,0.00430,0.91328
28.70125,0.49750,0.14227,0.00093,0.00130,0.85551
28.80125,0.49750,0.30093,0.00069,0.00155,0.69682
28.90125,0.49750,0.50102,0.00121,0.00644,0.49133
29.00125,0.49750,0.84536,0.00024,0.04980,0.10460
29.10125,0.49750,0.99736,0.00002,0.00179,0.00083
29.20125,0.49750,0.99768,0.00000,0.00197,0.00034
29.30125,0.49750,0.99944,0.00000,0.00051,0.00005
29.40125,0.49750,0.99996,0.00000,0.00003,0.00000
29.50125,0.49750,0.99999,0.00000,0.00001,0.00000
29.60125,0.49750,0.99999,0.00000,0.00001,0.00000
29.70125,0.49750,0.99999,0.00000,0.00001,0.00000
29.80125,0.49750,0.99999,0.00000,0.00001,0.00000
29.90125,0.49750,0.99998,0.00000,0.00001,0.00000
30.00125,0.49750,0.99987,0.00000,0.00007,0.00005
30.10125,0.49750,0.99698,0.00003,0.00023,0.00276
30.20125,0.49750,0.86417,0.00048,0.00810,0.12725
30.30125,0.49750,0.19247,0.00168,0.00607,0.79978
30.40125,0.49750,0.06393,0.00128,0.00527,0.92952
30.50125,0.49750,0.11990,0.00082,0.01346,0.86582
30.60125,0.49750,0.39243,0.00027,0.17576,0.43154
30.70125,0.49750,0.87654,0.00010,0.04087,0.08249
30.80125,0.49750,0.91506,0.00002,0.07201,0.01290
30.90125,0.49750,0.98155,0.00000,0.01696,0.00149
31.00125,0.49750,0.99742,0.00000,0.00242,0.00016
31.10125,0.49750,0.99974,0.00000,0.00024,0.00002
31.20125,0.49750,0.99990,0.00000,0.00009,0.00001
31.30125,0.49750,0.99997,0.00000,0.00003,0.00001
31.40125,0.49750,0.99994,0.00000,0.00005,0.00002
31.50125,0.49750,0.99928,0.00000,0.00021,0.00051
31.60125,0.49750,0.97680,0.00002,0.00096,0.02222
31.70125,0.49750,0.56430,0.00040,0.00469,0.43060
31.80125,0.49750,0.07634,0.00119,0.00178,0.92070
31.90125,0.49750,0.02967,0.00034,0.00117,0.96881
32.00125,0.49750,0.04930,0.00015,0.00252,0.94803
32.10125,0.49750,0.18427,0.00013,0.02137,0.79423
32.20125,0.49750,0.89413,0.00003,0.01456,0.09128
32.30125,0.49750,0.99287,0.00000,0.00551,0.00163
32.40125,0.49750,0.99920,0.00000,0.00075,0.00006
32.50125,0.49750,0.99988,0.00000,0.00011,0.00001
32.60125,0.49750,0.99998,0.00000,0.00002,0.00000
32.70125,0.49750,0.99998,0.00000,0.00001,0.00000
32.80125,0.49750,0.99999,0.00000,0.00001,0.00000
32.90125,0.49750,0.99999,0.00000,0.00001,0.00000
33.00125,0.49750,1.00000,0.00000,0.00000,0.00000
33.10125,0.49750,1.00000,0.00000,0.00000,0.00000
33.20125,0.49750,1.00000,0.00000,0.00000,0.00000
33.30125,0.49750,1.00000,0.00000,0.00000,0.00000
33.40125,0.49750,1.00000,0.00000,0.00000,0.00000
33.50125,0.49750,0.99998,0.00000,0.00002,0.00001
33.60125,0.49750,0.99962,0.00000,0.00013,0.00025
33.70125,0.49750,0.98917,0.00001,0.00068,0.01015
33.80125,0.49750,0.66313,0.00028,0.00534,0.33126
33.90125,0.49750,0.05895,0.00078,0.00332,0.93695
34.00125,0.49750,0.03754,0.00059,0.00178,0.96009
34.10125,0.49750,0.05074,0.00034,0.00248,0.94644
34.20125,0.49750,0.21663,0.00033,0.01814,0.76491
34.30125,0.49750,0.68050,0.00008,0.02911,0.29031
34.40125,0.49750,0.95240,0.00001,0.01923,0.02836
34.50125,0.49750,0.98623,0.00000,0.00952,0.00425
34.60125,0.49750,0.99739,0.00000,0.00199,0.00062
34.70125,0.49750,0.99961,0.00000,0.00027,0.00011
34.80125,0.49750,0.99990,0.00000,0.00007,0.00004
34.90125,0.49750,0.99997,0.00000,0.00003,0.00001
35.00125,0.49750,0.99999,0.00000,0.00001,0.00000
35.10125,0.49750,0.99998,0.00000,0.00002,0.00000
35.20125,0.49750,0.99989,0.00000,0.00007,0.00005
35.30125,0.49750,0.99740,0.00000,0.00036,0.00224
35.40125,0.49750,0.90553,0.00023,0.00018,0.09407
35.50125,0.49750,0.14366,0.00134,0.00048,0.85451
35.60125,0.49750,0.09150,0.00184,0.00014,0.90652
35.70125,0.49750,0.03920,0.00053,0.00015,0.96011
35.80125,0.49750,0.14179,0.00029,0.00068,0.85724
35.90125,0.49750,0.34363,0.00007,0.03818,0.61812
36.00125,0.49750,0.90633,0.00002,0.04706,0.04659
36.10125,0.49750,0.97582,0.00000,0.02103,0.00315
36.20125,0.49750,0.99796,0.00000,0.00192,0.00012
36.30125,0.49750,0.99976,0.00000,0.00023,0.00001
36.40125,0.49750,0.99999,0.00000,0.00001,0.00000
36.50125,0.49750,1.00000,0.00000,0.00000,0.00000
36.60125,0.49750,1.00000,0.00000,0.00000,0.00000
36.70125,0.49750,1.00000,0.00000,0.00000,0.00000
36.80125,0.49750,0.99998,0.00000,0.00002,0.00000
36.90125,0.49750,0.99975,0.00000,0.00012,0.00013
37.00125,0.49750,0.98812,0.00003,0.00048,0.01138
37.10125,0.49750,0.62904,0.00087,0.00230,0.36778
37.20125,0.49750,0.08928,0.00202,0.00141,0.90729
37.30125,0.49750,0.05985,0.00067,0.00077,0.93871
37.40125,0.49750,0.10036,0.00033,0.00191,0.89740
37.50125,0.49750,0.42835,0.00016,0.02305,0.54844
37.60125,0.49750,0.88225,0.00002,0.01885,0.09888
37.70125,0.49750,0.99136,0.00000,0.00419,0.00445
37.80125,0.49750,0.99886,0.00000,0.00088,0.00025
37.90125,0.49750,0.99988,0.00000,0.00011,0.00001
38.00125,0.49750,0.99998,0.00000,0.00001,0.00000
38.10125,0.49750,0.99999,0.00000,0.00001,0.00000
38.20125,0.49750,1.00000,0.00000,0.00000,0.00000
38.30125,0.49750,0.99999,0.00000,0.00001,0.00000
38.40125,0.49750,0.99995,0.00000,0.00004,0.00001
38.50125,0.49750,0.99978,0.00001,0.00011,0.00011
38.60125,0.49750,0.99704,0.00120,0.00066,0.00110
38.70125,0.49750,0.86429,0.03449,0.02910,0.07212
38.80125,0.49750,0.65345,0.05720,0.05738,0.23197
38.90125,0.49750,0.41440,0.01518,0.08982,0.48060
39.00125,0.49750,0.60198,0.00205,0.08973,0.30625
39.10125,0.49750,0.93722,0.00003,0.02987,0.03288
39.20125,0.49750,0.99866,0.00000,0.00100,0.00033
39.30125,0.49750,0.99956,0.00000,0.00041,0.00004
39.40125,0.49750,0.99992,0.00000,0.00007,0.00000
39.50125,0.49750,0.99996,0.00000,0.00004,0.00000
39.60125,0.49750,0.99996,0.00000,0.00004,0.00000
39.70125,0.49750,0.99997,0.00000,0.00003,0.00000
39.80125,0.49750,0.99999,0.00000,0.00001,0.00000
39.90125,0.49750,0.99999,0.00000,0.00001,0.00000
40.00125,0.49750,0.99986,0.00000,0.00006,0.00007
40.10125,0.49750,0.99567,0.00001,0.00040,0.00392
40.20125,0.49750,0.84953,0.00036,0.00315,0.14696
40.30125,0.49750,0.08142,0.00114,0.00300,0.91444
40.40125,0.49750,0.03011,0.00077,0.00153,0.96759
40.50125,0.49750,0.09556,0.00060,0.00286,0.90098
40.60125,0.49750,0.53598,0.00034,0.01911,0.44458
40.70125,0.49750,0.93744,0.00004,0.01418,0.04833
40.80125,0.49750,0.99284,0.00000,0.00387,0.00328
40.90125,0.49750,0.99722,0.00000,0.00207,0.00071
41.00125,0.49750,0.99821,0.00000,0.00155,0.00023
41.10125,0.49750,0.99978,0.00000,0.00018,0.00004
41.20125,0.49750,0.99993,0.00000,0.00006,0.00002
41.30125,0.49750,0.99997,0.00000,0.00003,0.00000
41.40125,0.49750,0.99998,0.00000,0.00002,0.00000
41.50125,0.49750,0.99995,0.00000,0.00004,0.00001
41.60125,0.49750,0.99909,0.00000,0.00022,0.00069
41.70125,0.49750,0.97290,0.00012,0.00067,0.02631
41.80125,0.49750,0.22584,0.00113,0.00655,0.76648
41.90125,0.49750,0.06144,0.00156,0.00240,0.93460
42.00125,0.49750,0.03806,0.00048,0.00343,0.95803
42.10125,0.49750,0.40830,0.00102,0.02990,0.56078
42.20125,0.49750,0.82074,0.00017,0.07216,0.10693
42.30125,0.49750,0.99048,0.00002,0.00443,0.00507
42.40125,0.49750,0.99539,0.00000,0.00364,0.00098
42.50125,0.49750,0.99870,0.00000,0.00111,0.00018
42.60125,0.49750,0.99950,0.00000,0.00041,0.00009
42.70125,0.49750,0.99988,0.00000,0.00010,0.00002
42.80125,0.49750,0.99991,0.00000,0.00008,0.00001
42.90125,0.49750,0.99987,0.00000,0.00013,0.00000
43.00125,0.49750,0.99967,0.00000,0.00031,0.00001
43.10125,0.49750,0.99784,0.00000,0.00156,0.00059
43.20125,0.49750,0.95230,0.00016,0.00692,0.04063
43.30125,0.49750,0.19030,0.00140,0.02025,0.78805
43.40125,0.49750,0.03489,0.00108,0.00248,0.96155
43.50125,0.49750,0.02340,0.00054,0.00124,0.97482
43.60125,0.49750,0.09501,0.00043,0.00497,0.89958
43.70125,0.49750,0.70974,0.00023,0.03842,0.25161
43.80125,0.49750,0.99232,0.00001,0.00478,0.00290
43.90125,0.49750,0.99723,0.00000,0.00249,0.00027
44.00125,0.49750,0.99907,0.00000,0.00088,0.00004
44.10125,0.49750,0.99965,0.00000,0.00033,0.00001
44.20125,0.49750,0.99988,0.00000,0.00010,0.00001
44.30125,0.49750,0.99978,0.00000,0.00019,0.00003
44.40125,0.49750,0.99992,0.00000,0.00007,0.00000
44.50125,0.49750,0.99997,0.00000,0.00003,0.00000
44.60125,0.49750,0.99996,0.00000,0.00004,0.00000
44.70125,0.49750,0.99977,0.00000,0.00015,0.00007
44.80125,0.49750,0.99344,0.00001,0.00075,0.00579
44.90125,0.49750,0.82712,0.00032,0.00308,0.16948
45.00125,0.49750,0.10832,0.00112,0.00623,0.88433
45.10125,0.49750,0.04605,0.00164,0.00144,0.95087
45.20125,0.49750,0.03066,0.00049,0.00134,0.96752
45.30125,0.49750,0.19541,0.00027,0.00756,0.79676
45.40125,0.49750,0.70365,0.00012,0.03775,0.25849
45.50125,0.49750,0.99290,0.00001,0.00335,0.00373
45.60125,0.49750,0.99554,0.00000,0.00389,0.00057
45.70125,0.49750,0.99951,0.00000,0.00046,0.00003
45.80125,0.49750,0.99992,0.00000,0.00007,0.00000
45.90125,0.49750,0.99999,0.00000,0.00001,0.00000
46.00125,0.49750,0.99999,0.00000,0.00001,0.00000
46.10125,0.49750,0.99997,0.00000,0.00003,0.00001
46.20125,0.49750,0.99977,0.00000,0.00012,0.00011
46.30125,0.49750,0.99436,0.00001,0.00077,0.00487
46.40125,0.49750,0.82142,0.00019,0.00198,0.17641
46.50125,0.49750,0.08948,0.00038,0.00878,0.90136
46.60125,0.49750,0.05362,0.00028,0.00215,0.94394
46.70125,0.49750,0.05052,0.00011,0.00254,0.94684
46.80125,0.49750,0.35279,0.00007,0.01136,0.63577
46.90125,0.49750,0.83449,0.00002,0.03925,0.12624
47.00125,0.49750,0.99294,0.00000,0.00344,0.00362
47.10125,0.49750,0.99660,0.00000,0.00313,0.00027
47.20125,0.49750,0.99947,0.00000,0.00051,0.00002
47.30125,0.49750,0.99987,0.00000,0.00013,0.00000
47.40125,0.49750,0.99998,0.00000,0.00002,0.00000
47.50125,0.49750,0.99999,0.00000,0.00001,0.00000
47.60125,0.49750,0.99996,0.00000,0.00003,0.00000
47.70125,0.49750,0.99982,0.00000,0.00014,0.00003
47.80125,0.49750,0.99823,0.00000,0.00064,0.00113
47.90125,0.49750,0.93937,0.00005,0.00347,0.05711
48.00125,0.49750,0.22699,0.00057,0.01333,0.75911
48.10125,0.49750,0.04362,0.00038,0.00909,0.94692
48.20125,0.49750,0.05378,0.00034,0.00372,0.94215
48.30125,0.49750,0.04388,0.00013,0.00740,0.94859
48.40125,0.49750,0.10155,0.00025,0.03119,0.86701
48.50125,0.49750,0.31218,0.00014,0.06242,0.62525
48.60125,0.49750,0.86208,0.00005,0.07937,0.05849
48.70125,0.49750,0.95562,0.00001,0.04114,0.00323
48.80125,0.49750,0.99603,0.00000,0.00385,0.00013
48.90125,0.49750,0.99956,0.00000,0.00043,0.00001
49.00125,0.49750,0.99996,0.00000,0.00004,0.00000
49.10125,0.49750,0.99999,0.00000,0.00001,0.00000
49.20125,0.49750,0.99999,0.00000,0.00001,0.00000
49.30125,0.49750,0.99995,0.00000,0.00005,0.00000
49.40125,0.49750,0.99954,0.00000,0.00031,0.00015
49.50125,0.49750,0.98664,0.00002,0.00210,0.01123
49.60125,0.49750,0.65061,0.00031,0.00812,0.34095
49.70125,0.49750,0.04976,0.00032,0.01362,0.93631
49.80125,0.49750,0.04181,0.00021,0.00294,0.95504
49.90125,0.49750,0.07754,0.00009,0.00747,0.91490
50.00125,0.49750,0.69000,0.00004,0.02940,0.28056
50.10125,0.49750,0.96626,0.00000,0.01843,0.01531
50.20125,0.49750,0.99677,0.00000,0.00275,0.00048
50.30125,0.49750,0.99876,0.00000,0.00121,0.00003
50.40125,0.49750,0.99984,0.00000,0.00016,0.00000
50.50125,0.49750,0.99995,0.00000,0.00004,0.00000
50.60125,0.49750,0.99998,0.00000,0.00001,0.00000
50.70125,0.49750,0.99999,0.00000,0.00001,0.00000
50.80125,0.49750,0.99999,0.00000,0.00000,0.00000
50.90125,0.49750,0.99999,0.00000,0.00001,0.00000
51.00125,0.49750,0.99994,0.00000,0.00004,0.00002
51.10125,0.49750,0.99907,0.00000,0.00024,0.00069
51.20125,0.49750,0.95995,0.00008,0.00188,0.03809
51.30125,0.49750,0.38461,0.00149,0.00184,0.61205
51.40125,0.49750,0.07928,0.00219,0.00197,0.91656
51.50125,0.49750,0.05317,0.00148,0.00061,0.94474
51.60125,0.49750,0.04964,0.00042,0.00063,0.94931
51.70125,0.49750,0.20258,0.00027,0.00224,0.79491
51.80125,0.49750,0.60524,0.00009,0.02998,0.36469
51.90125,0.49750,0.98010,0.00001,0.00494,0.01495
52.00125,0.49750,0.99520,0.00000,0.00370,0.00109
52.10125,0.49750,0.99951,0.00000,0.00045,0.00004
52.20125,0.49750,0.99994,0.00000,0.00005,0.00000
52.30125,0.49750,0.99999,0.00000,0.00001,0.00000
52.40125,0.49750,1.00000,0.00000,0.00000,0.00000
52.50125,0.49750,1.00000,0.00000,0.00000,0.00000
52.60125,0.49750,0.99999,0.00000,0.00001,0.00000
52.70125,0.49750,0.99994,0.00000,0.00004,0.00001
52.80125,0.49750,0.99908,0.00000,0.00023,0.00069
52.90125,0.49750,0.96470,0.00008,0.00107,0.03415
53.00125,0.49750,0.36855,0.00108,0.00193,0.62843
53.10125,0.49750,0.06501,0.00118,0.00103,0.93279
53.20125,0.49750,0.06601,0.00055,0.00076,0.93269
53.30125,0.49750,0.13773,0.00026,0.00175,0.86026
53.40125,0.49750,0.54956,0.00020,0.01236,0.43788
53.50125,0.49750,0.95078,0.00002,0.01329,0.03591
53.60125,0.49750,0.99685,0.00000,0.00252,0.00063
53.70125,0.49750,0.99913,0.00000,0.00079,0.00008
53.80125,0.49750,0.99986,0.00000,0.00013,0.00001
53.90125,0.49750,0.99998,0.00000,0.00002,0.00000
54.00125,0.49750,0.99999,0.00000,0.00001,0.00000
54.10125,0.49750,0.99999,0.00000,0.00001,0.00000
54.20125,0.49750,0.99999,0.00000,0.00001,0.00000
54.30125,0.49750,0.99999,0.00000,0.00001,0.00000
54.40125,0.49750,0.99993,0.00000,0.00006,0.00001
54.50125,0.49750,0.99908,0.00000,0.00047,0.00045
54.60125,0.49750,0.97022,0.00010,0.00107,0.02860
54.70125,0.49750,0.32655,0.00085,0.01470,0.65791
54.80125,0.49750,0.10195,0.00103,0.00457,0.89246
54.90125,0.49750,0.04588,0.00044,0.00180,0.95188
55.00125,0.49750,0.31201,0.00021,0.00371,0.68408
55.10125,0.49750,0.95839,0.00002,0.01055,0.03105
55.20125,0.49750,0.99878,0.00000,0.00075,0.00047
55.30125,0.49750,0.99952,0.00000,0.00047,0.00001
55.40125,0.49750,0.99995,0.00000,0.00005,0.00000
55.50125,0.49750,0.99998,0.00000,0.00002,0.00000
55.60125,0.49750,0.99999,0.00000,0.00001,0.00000
55.70125,0.49750,1.00000,0.00000,0.00000,0.00000
55.80125,0.49750,0.99999,0.00000,0.00001,0.00000
55.90125,0.49750,0.99996,0.00000,0.00003,0.00001
56.00125,0.49750,0.99951,0.00000,0.00026,0.00023
56.10125,0.49750,0.99032,0.00001,0.00182,0.00785
56.20125,0.49750,0.74372,0.00016,0.00546,0.25066
56.30125,0.49750,0.12502,0.00069,0.01637,0.85793
56.40125,0.49750,0.03746,0.00054,0.01392,0.94809
56.50125,0.49750,0.15167,0.00066,0.01073,0.83694
56.60125,0.49750,0.20736,0.00029,0.02180,0.77055
56.70125,0.49750,0.70470,0.00012,0.09700,0.19818
56.80125,0.49750,0.98724,0.00001,0.00667,0.00608
56.90125,0.49750,0.99948,0.00000,0.00047,0.00005
57.00125,0.49750,0.99971,0.00000,0.00026,0.00002
57.10125,0.49750,0.99996,0.00000,0.00003,0.00000
57.20125,0.49750,0.99999,0.00000,0.00001,0.00000
57.30125,0.49750,0.99999,0.00000,0.00001,0.00000
57.40125,0.49750,0.99999,0.00000,0.00001,0.00000
57.50125,0.49750,0.99999,0.00000,0.00001,0.00000
57.60125,0.49750,1.00000,0.00000,0.00000,0.00000
57.70125,0.49750,1.00000,0.00000,0.00000,0.00000
57.80125,0.49750,1.00000,0.00000,0.00000,0.00000
57.90125,0.49750,0.99996,0.00000,0.00004,0.00000
58.00125,0.49750,0.99964,0.00000,0.00029,0.00008
58.10125,0.49750,0.99166,0.00001,0.00225,0.00608
58.20125,0.49750,0.75000,0.00031,0.00710,0.24259
58.30125,0.49750,0.06959,0.00049,0.01180,0.91812
58.40125,0.49750,0.04528,0.00054,0.00151,0.95266
58.50125,0.49750,0.05482,0.00063,0.00348,0.94106
58.60125,0.49750,0.28965,0.00064,0.02523,0.68448
58.70125,0.49750,0.81827,0.00015,0.08646,0.09512
58.80125,0.49750,0.99711,0.00001,0.00264,0.00024
58.90125,0.49750,0.99829,0.00000,0.00170,0.00001
59.00125,0.49750,0.99979,0.00000,0.00021,0.00000
59.10125,0.49750,0.99998,0.00000,0.00002,0.00000
59.20125,0.49750,0.99999,0.00000,0.00001,0.00000
59.30125,0.49750,0.99999,0.00000,0.00001,0.00000
59.40125,0.49750,0.99999,0.00000,0.00001,0.00000
59.50125,0.49750,1.00000,0.00000,0.00000,0.00000
59.60125,0.49750,0.99999,0.00000,0.00001,0.00000
59.70125,0.49750,0.99982,0.00000,0.00013,0.00005
59.80125,0.49750,0.99542,0.00000,0.00116,0.00342
59.90125,0.49750,0.86352,0.00013,0.00319,0.13317
60.00125,0.49750,0.09094,0.00038,0.01308,0.89560
60.10125,0.49750,0.06707,0.00170,0.00422,0.92702
60.20125,0.49750,0.08764,0.00135,0.00497,0.90604
60.30125,0.49750,0.66059,0.00103,0.02182,0.31657
60.40125,0.49750,0.94201,0.00009,0.03792,0.01999
60.50125,0.49750,0.99838,0.00001,0.00146,0.00016
60.60125,0.49750,0.99849,0.00000,0.00147,0.00004
60.70125,0.49750,0.99970,0.00000,0.00029,0.00001
60.80125,0.49750,0.99991,0.00000,0.00008,0.00000
60.90125,0.49750,0.99996,0.00000,0.00003,0.00000
61.00125,0.49750,0.99996,0.00000,0.00003,0.00000
61.10125,0.49750,0.99999,0.00000,0.00001,0.00000
61.20125,0.49750,0.99999,0.00000,0.00001,0.00000
61.30125,0.49750,0.99999,0.00000,0.00001,0.00000
61.40125,0.49750,0.99999,0.00000,0.00001,0.00000
61.50125,0.49750,0.99996,0.00000,0.00004,0.00001
61.60125,0.49750,0.99932,0.00000,0.00027,0.00040
61.70125,0.49750,0.97174,0.00002,0.00210,0.02614
61.80125,0.49750,0.41516,0.00049,0.00497,0.57939
61.90125,0.49750,0.05654,0.00069,0.00371,0.93905
62.00125,0.49750,0.05248,0.00044,0.00156,0.94552
62.10125,0.49750,0.11818,0.00023,0.00428,0.87731
62.20125,0.49750,0.74764,0.00011,0.01444,0.23781
62.30125,0.49750,0.96812,0.00001,0.01174,0.02013
62.40125,0.49750,0.99866,0.00000,0.00111,0.00023
62.50125,0.49750,0.99978,0.00000,0.00021,0.00001
62.60125,0.49750,0.99996,0.00000,0.00004,0.00000
62.70125,0.49750,0.99999,0.00000,0.00001,0.00000
62.80125,0.49750,0.99999,0.00000,0.00000,0.00000
62.90125,0.49750,0.99999,0.00000,0.00001,0.00000
63.00125,0.49750,0.99999,0.00000,0.00001,0.00000
63.10125,0.49750,1.00000,0.00000,0.00000,0.00000
63.20125,0.49750,1.00000,0.00000,0.00000,0.00000
63.30125,0.49750,1.00000,0.00000,0.00000,0.00000
63.40125,0.49750,1.00000,0.00000,0.00000,0.00000
63.50125,0.49750,0.99997,0.00000,0.00003,0.00000
63.60125,0.49750,0.99942,0.00000,0.00042,0.00016
63.70125,0.49751,0.98267,0.00002,0.00434,0.01298
63.80125,0.49750,0.61377,0.00019,0.01486,0.37118
63.90125,0.49750,0.08164,0.00088,0.01382,0.90366
64.00125,0.49750,0.04524,0.00110,0.00227,0.95138
64.10125,0.49750,0.10406,0.00242,0.00416,0.88936
64.20125,0.49751,0.43102,0.00128,0.00975,0.55795
64.30125,0.49751,0.92101,0.00023,0.00660,0.07216
64.40125,0.49750,0.99486,0.00001,0.00086,0.00428
64.50125,0.49750,0.99814,0.00000,0.00117,0.00068
64.60125,0.49750,0.99985,0.00000,0.00010,0.00005
64.70125,0.49751,0.99996,0.00000,0.00003,0.00001
64.80125,0.49751,0.99998,0.00000,0.00001,0.00001
64.90125,0.49750,0.99999,0.00000,0.00001,0.00000
65.00125,0.49750,1.00000,0.00000,0.00000,0.00000
65.10125,0.49750,1.00000,0.00000,0.00000,0.00000
65.20125,0.49751,1.00000,0.00000,0.00000,0.00000
65.30125,0.49751,0.99998,0.00000,0.00001,0.00000
65.40125,0.49750,0.99982,0.00000,0.00008,0.00009
65.50125,0.49750,0.99511,0.00001,0.00046,0.00442
65.60125,0.49750,0.85632,0.00018,0.00246,0.14103
65.70125,0.49751,0.11985,0.00052,0.01268,0.86694
65.80125,0.49751,0.06953,0.00043,0.00368,0.92636
65.90125,0.49750,0.05665,0.00026,0.00684,0.93625
66.00125,0.49750,0.33743,0.00016,0.02298,0.63943
66.10125,0.49750,0.79155,0.00003,0.03695,0.17148
66.20125,0.49751,0.99204,0.00000,0.00328,0.00467
66.30125,0.49751,0.99777,0.00000,0.00206,0.00017
66.40125,0.49750,0.99987,0.00000,0.00013,0.00000
66.50125,0.49750,0.99996,0.00000,0.00004,0.00000
66.60125,0.49750,0.99999,0.00000,0.00001,0.00000
66.70125,0.49751,1.00000,0.00000,0.00000,0.00000
66.80125,0.49751,1.00000,0.00000,0.00000,0.00000
66.90125,0.49750,1.00000,0.00000,0.00000,0.00000
67.00125,0.49750,0.99998,0.00000,0.00002,0.00000
67.10125,0.49750,0.99981,0.00000,0.00010,0.00009
67.20125,0.49751,0.99451,0.00000,0.00069,0.00480
67.30125,0.49751,0.84721,0.00008,0.00362,0.14908
67.40125,0.49750,0.25149,0.00047,0.01029,0.73775
67.50125,0.49750,0.04786,0.00059,0.00499,0.94656
67.60125,0.49750,0.12132,0.00038,0.00664,0.87166
67.70125,0.49751,0.17739,0.00022,0.00748,0.81491
67.80125,0.49751,0.40479,0.00023,0.03406,0.56093
67.90125,0.49750,0.87623,0.00006,0.01172,0.11199
68.00125,0.49750,0.99449,0.00000,0.00165,0.00385
68.10125,0.49750,0.99814,0.00000,0.00089,0.00097
68.20125,0.49751,0.99978,0.00000,0.00016,0.00006
68.30125,0.49751,0.99998,0.00000,0.00002,0.00000
68.40125,0.49750,0.99999,0.00000,0.00001,0.00000
68.50125,0.49750,0.99999,0.00000,0.00001,0.00000
68.60125,0.49750,0.99997,0.00000,0.00002,0.00001
68.70125,0.49751,0.99973,0.00000,0.00008,0.00019
68.80125,0.49751,0.99096,0.00001,0.00050,0.00854
68.90125,0.49750,0.89178,0.00011,0.00243,0.10568
69.00125,0.49750,0.19185,0.00125,0.00589,0.80101
69.10125,0.49750,0.07388,0.00074,0.00402,0.92137
69.20125,0.49751,0.13034,0.00067,0.00553,0.86346
69.30125,0.49751,0.40974,0.00045,0.02153,0.56828
69.40125,0.49750,0.85831,0.00012,0.03102,0.11055
69.50125,0.49750,0.99036,0.00001,0.00673,0.00290
69.60125,0.49750,0.99887,0.00000,0.00107,0.00006
69.70125,0.49751,0.99974,0.00000,0.00025,0.00001
69.80125,0.49751,0.99995,0.00000,0.00005,0.00000
69.90125,0.49750,0.99999,0.00000,0.00001,0.00000
70.00125,0.49750,0.99999,0.00000,0.00001,0.00000
70.10125,0.49750,0.99999,0.00000,0.00001,0.00000
70.20125,0.49751,1.00000,0.00000,0.00000,0.00000
70.30125,0.49751,0.99999,0.00000,0.00001,0.00000
70.40125,0.49750,0.99996,0.00000,0.00003,0.00001
70.50125,0.49750,0.99920,0.00000,0.00016,0.00064
70.60125,0.49750,0.94427,0.00005,0.00146,0.05422
70.70125,0.49751,0.45735,0.00067,0.00330,0.53868
70.80125,0.49751,0.06984,0.00100,0.00550,0.92366
70.90125,0.49750,0.04525,0.00068,0.00214,0.95193
71.00125,0.49750,0.07694,0.00114,0.00624,0.91568
71.10125,0.49750,0.48156,0.00088,0.03257,0.48498
71.20125,0.49751,0.93357,0.00007,0.03270,0.03366
71.30125,0.49751,0.99759,0.00000,0.00143,0.00098
71.40125,0.49750,0.99897,0.00000,0.00093,0.00010
71.50125,0.49750,0.99984,0.00000,0.00015,0.00002
71.60125,0.49750,0.99997,0.00000,0.00002,0.00000
71.70125,0.49751,0.99998,0.00000,0.00001,0.00000
71.80125,0.49751,0.99998,0.00000,0.00001,0.00000
71.90125,0.49750,0.99999,0.00000,0.00001,0.00000
72.00125,0.49750,0.99999,0.00000,0.00001,0.00000
72.10125,0.49750,0.99990,0.00000,0.00004,0.00006
72.20125,0.49751,0.99836,0.00000,0.00014,0.00149
72.30125,0.49751,0.95867,0.00007,0.00046,0.04080
72.40125,0.49750,0.83602,0.00281,0.00236,0.15880
72.50125,0.49750,0.47453,0.00707,0.01188,0.50652
72.60125,0.49750,0.31144,0.00419,0.01369,0.67068
72.70125,0.49751,0.40369,0.00580,0.03365,0.55686
72.80125,0.49751,0.64515,0.00336,0.14603,0.20546
72.90125,0.49750,0.52673,0.00036,0.19223,0.28068
73.00125,0.49750,0.96053,0.00003,0.01624,0.02320
73.10125,0.49750,0.99193,0.00000,0.00575,0.00232
73.20125,0.49751,0.99868,0.00000,0.00100,0.00032
73.30125,0.49751,0.99987,0.00000,0.00010,0.00003
73.40125,0.49750,0.99998,0.00000,0.00001,0.00000
73.50125,0.49750,0.99999,0.00000,0.00001,0.00000
73.60125,0.49750,0.99999,0.00000,0.00001,0.00000
73.70125,0.49751,0.99999,0.00000,0.00001,0.00000
73.80125,0.49751,0.99995,0.00000,0.00004,0.00001
73.90125,0.49750,0.99902,0.00000,0.00021,0.00078
74.00125,0.49750,0.96205,0.00002,0.00132,0.03660
74.10125,0.49750,0.36377,0.00050,0.00248,0.63325
74.20125,0.49751,0.05589,0.00037,0.00426,0.93948
74.30125,0.49751,0.10741,0.00029,0.00362,0.88868
74.40125,0.49750,0.47469,0.00019,0.01202,0.51310
74.50125,0.49750,0.94614,0.00005,0.01683,0.03698
74.60125,0.49750,0.99610,0.00000,0.00336,0.00053
74.70125,0.49751,0.99978,0.00000,0.00020,0.00002
74.80125,0.49751,0.99982,0.00000,0.00017,0.00001
74.90125,0.49750,0.99994,0.00000,0.00005,0.00000
75.00125,0.49750,0.99998,0.00000,0.00001,0.00001
75.10125,0.49750,0.99997,0.00000,0.00002,0.00001
75.20125,0.49751,0.99999,0.00000,0.00001,0.00000
75.30125,0.49751,0.99998,0.00000,0.00002,0.00001
75.40125,0.49750,0.99983,0.00000,0.00007,0.00011
75.50125,0.49750,0.99647,0.00000,0.00039,0.00315
75.60125,0.49750,0.90769,0.00003,0.00232,0.08996
75.70125,0.49751,0.17451,0.00033,0.00318,0.82197
75.80125,0.49751,0.03617,0.00027,0.00447,0.95909
75.90125,0.49750,0.08455,0.00060,0.00367,0.91118
76.00125,0.49750,0.18885,0.00143,0.02272,0.78699
76.10125,0.49750,0.79501,0.00115,0.05060,0.15324
76.20125,0.49751,0.97952,0.00004,0.01432,0.00612
76.30125,0.49751,0.99902,0.00000,0.00086,0.00012
76.40125,0.49750,0.99961,0.00000,0.00036,0.00003
76.50125,0.49750,0.99997,0.00000,0.00002,0.00000
76.60125,0.49750,0.99999,0.00000,0.00001,0.00000
76.70125,0.49751,0.99999,0.00000,0.00001,0.00000
76.80125,0.49751,0.99999,0.00000,0.00001,0.00000
76.90125,0.49750,0.99999,0.00000,0.00001,0.00000
77.00125,0.49750,0.99999,0.00000,0.00000,0.00000
77.10125,0.49750,0.99998,0.00000,0.00001,0.00000
77.20125,0.49751,0.99977,0.00000,0.00015,0.00008
77.30125,0.49751,0.99594,0.00000,0.00128,0.00278
77.40125,0.49750,0.93966,0.00002,0.00468,0.05564
77.50125,0.49750,0.23332,0.00037,0.00742,0.75890
77.60125,0.49750,0.04923,0.00069,0.00312,0.94696
77.70125,0.49751,0.09726,0.00044,0.00191,0.90039
77.80125,0.49751,0.26688,0.00021,0.00383,0.72908
77.90125,0.49750,0.67624,0.00018,0.01156,0.31203
78.00125,0.49750,0.96417,0.00001,0.00775,0.02807
78.10125,0.49750,0.99769,0.00000,0.00136,0.00095
78.20125,0.49751,0.99952,0.00000,0.00037,0.00012
78.30125,0.49751,0.99991,0.00000,0.00008,0.00001
78.40125,0.49750,0.99999,0.00000,0.00001,0.00000
78.50125,0.49750,1.00000,0.00000,0.00000,0.00000
78.60125,0.49750,0.99999,0.00000,0.00001,0.00000
78.70125,0.49751,0.99996,0.00000,0.00004,0.00000
78.80125,0.49751,0.99955,0.00000,0.00024,0.00020
78.90125,0.49750,0.98225,0.00002,0.00171,0.01601
79.00125,0.49750,0.63511,0.00013,0.00435,0.36041
79.10125,0.49750,0.08280,0.00036,0.00347,0.91338
79.20125,0.49751,0.03629,0.00018,0.00348,0.96005
79.30125,0.49751,0.18822,0.00045,0.00541,0.80591
79.40125,0.49750,0.53815,0.00023,0.01499,0.44662
79.50125,0.49750,0.93561,0.00006,0.01142,0.05291
79.60125,0.49750,0.99098,0.00001,0.00342,0.00560
79.70125,0.49751,0.99905,0.00000,0.00061,0.00034
79.80125,0.49751,0.99953,0.00000,0.00031,0.00015
79.90125,0.49750,0.99987,0.00000,0.00008,0.00005
80.00125,0.49750,0.99994,0.00000,0.00004,0.00002
80.10125,0.49750,0.99998,0.00000,0.00001,0.00000
80.20125,0.49751,0.99999,0.00000,0.00001,0.00000
80.30125,0.49751,0.99999,0.00000,0.00000,0.00000
80.40125,0.49750,0.99999,0.00000,0.00001,0.00000
80.50125,0.49750,0.99993,0.00000,0.00006,0.00002
80.60125,0.49750,0.99902,0.00000,0.00028,0.00070
80.70125,0.49751,0.95224,0.00007,0.00190,0.04579
80.80125,0.49751,0.26196,0.00067,0.00491,0.73246
80.90125,0.49750,0.05057,0.00062,0.00429,0.94452
81.00125,0.49750,0.32037,0.00105,0.00932,0.66925
81.10125,0.49750,0.88969,0.00020,0.01464,0.09546
81.20125,0.49751,0.99516,0.00001,0.00276,0.00206
81.30125,0.49751,0.99939,0.00000,0.00045,0.00016
81.40125,0.49750,0.99992,0.00000,0.00007,0.00001
81.50125,0.49750,0.99976,0.00000,0.00018,0.00006
81.60125,0.49750,0.99993,0.00000,0.00004,0.00003
81.70125,0.49751,0.99996,0.00000,0.00003,0.00001
81.80125,0.49751,0.99998,0.00000,0.00002,0.00000
81.90125,0.49750,0.99999,0.00000,0.00001,0.00000
82.00125,0.49750,1.00000,0.00000,0.00000,0.00000
82.10125,0.49750,0.99999,0.00000,0.00001,0.00000
82.20125,0.49751,0.99987,0.00000,0.00004,0.00009
82.30125,0.49751,0.99574,0.00001,0.00029,0.00396
82.40125,0.49750,0.90102,0.00016,0.00310,0.09571
82.50125,0.49750,0.14604,0.00054,0.03963,0.81379
82.60125,0.49750,0.04558,0.00024,0.06095,0.89322
82.70125,0.49751,0.10485,0.00017,0.09408,0.80090
82.80125,0.49751,0.16021,0.00008,0.15686,0.68284
82.90125,0.49750,0.29894,0.00005,0.15353,0.54747
83.00125,0.49750,0.85248,0.00003,0.01730,0.13019
83.10125,0.49750,0.99162,0.00000,0.00189,0.00649
83.20125,0.49751,0.99830,0.00000,0.00070,0.00100
83.30125,0.49751,0.99977,0.00000,0.00013,0.00009
83.40125,0.49750,0.99997,0.00000,0.00002,0.00001
83.50125,0.49750,0.99999,0.00000,0.00001,0.00000
83.60125,0.49750,0.99998,0.00000,0.00001,0.00001
83.70125,0.49751,0.99986,0.00000,0.00007,0.00007
83.80125,0.49751,0.99818,0.00000,0.00037,0.00145
83.90125,0.49750,0.95084,0.00003,0.00238,0.04676
84.00125,0.49750,0.44077,0.00053,0.00360,0.55510
84.10125,0.49750,0.06996,0.00048,0.00885,0.92071
84.20125,0.49751,0.05284,0.00041,0.00461,0.94214
84.30125,0.49751,0.05965,0.00024,0.00577,0.93434
84.40125,0.49750,0.19131,0.00082,0.02918,0.77869
84.50125,0.49750,0.66206,0.00021,0.11970,0.21802
84.60125,0.49750,0.99281,0.00001,0.00420,0.00297
84.70125,0.49751,0.99815,0.00000,0.00164,0.00021
84.80125,0.49751,0.99968,0.00000,0.00030,0.00002
84.90125,0.49750,0.99995,0.00000,0.00004,0.00001
85.00125,0.49750,0.99997,0.00000,0.00002,0.00001
85.10125,0.49750,0.99989,0.00000,0.00006,0.00005
85.20125,0.49751,0.99900,0.00000,0.00039,0.00061
85.30125,0.49751,0.99195,0.00000,0.00153,0.00651
85.40125,0.49750,0.92298,0.00004,0.00481,0.07217
85.50125,0.49750,0.54491,0.00089,0.00756,0.44664
85.60125,0.49750,0.09081,0.00119,0.01293,0.89507
85.70125,0.49751,0.10195,0.00130,0.00402,0.89273
85.80125,0.49751,0.15774,0.00075,0.00626,0.83525
85.90125,0.49750,0.19215,0.00096,0.01658,0.79031
86.00125,0.49750,0.16704,0.00041,0.03773,0.79482
86.10125,0.49750,0.53652,0.00058,0.02372,0.43918
86.20125,0.49751,0.62090,0.00014,0.08105,0.29791
86.30125,0.49751,0.90104,0.00003,0.03083,0.06810
86.40125,0.49750,0.99182,0.00000,0.00400,0.00417
86.50125,0.49750,0.99934,0.00000,0.00037,0.00029
86.60125,0.49750,0.99989,0.00000,0.00008,0.00004
86.70125,0.49751,0.99994,0.00000,0.00005,0.00001
86.80125,0.49751,0.99961,0.00000,0.00032,0.00007
86.90125,0.49750,0.99590,0.00000,0.00225,0.00185
87.00125,0.49750,0.94423,0.00003,0.01319,0.04255
87.10125,0.49750,0.41056,0.00035,0.03480,0.55429
87.20125,0.49751,0.04584,0.00021,0.04071,0.91324
87.30125,0.49751,0.03221,0.00025,0.01722,0.95032
87.40125,0.49750,0.37434,0.00177,0.04892,0.57496
87.50125,0.49750,0.61518,0.00255,0.11104,0.27124
87.60125,0.49750,0.83510,0.00079,0.11316,0.05095
87.70125,0.49751,0.98738,0.00015,0.00736,0.00510
87.80125,0.49751,0.99570,0.00001,0.00329,0.00100
87.90125,0.49750,0.99512,0.00000,0.00323,0.00165
88.00125,0.49750,0.99959,0.00000,0.00031,0.00010
88.10125,0.49750,0.99990,0.00000,0.00008,0.00002
88.20125,0.49751,0.99989,0.00000,0.00009,0.00003
88.30125,0.49751,0.99979,0.00000,0.00013,0.00008
88.40125,0.49750,0.99915,0.00000,0.00020,0.00065
88.50125,0.49750,0.95964,0.00007,0.00101,0.03927
88.60125,0.49750,0.35411,0.00077,0.00577,0.63934
88.70125,0.49751,0.06251,0.00061,0.00889,0.92800
88.80125,0.49751,0.07022,0.00048,0.00403,0.92526
88.90125,0.49750,0.07339,0.00030,0.00922,0.91709
89.00125,0.49750,0.34171,0.00016,0.03604,0.62208
89.10125,0.49750,0.78675,0.00005,0.03342,0.17979
89.20125,0.49751,0.99068,0.00001,0.00704,0.00228
89.30125,0.49751,0.99529,0.00000,0.00462,0.00009
89.40125,0.49750,0.99952,0.00000,0.00048,0.00000
89.50125,0.49750,0.99989,0.00000,0.00010,0.00000
89.60125,0.49750,0.99998,0.00000,0.00002,0.00000
89.70125,0.49751,0.99999,0.00000,0.00001,0.00000
89.80125,0.49751,0.99988,0.00000,0.00007,0.00005
89.90125,0.49750,0.99857,0.00000,0.00092,0.00051
90.00125,0.49750,0.99762,0.00000,0.00225,0.00013
90.10125,0.49750,0.99621,0.00000,0.00351,0.00029
90.20125,0.49751,0.98347,0.00002,0.01290,0.00360
90.30125,0.49751,0.98321,0.00009,0.00912,0.00757
90.40125,0.49750,0.97698,0.00022,0.00680,0.01600
90.50125,0.49750,0.20459,0.00035,0.03858,0.75647
90.60125,0.49750,0.08102,0.00069,0.01410,0.90419
90.70125,0.49751,0.29767,0.00120,0.06320,0.63793
90.80125,0.49751,0.78082,0.00027,0.11920,0.09971
90.90125,0.49750,0.98177,0.00002,0.01410,0.00412
91.00125,0.49750,0.99963,0.00000,0.00032,0.00005
91.10125,0.49750,0.99972,0.00000,0.00027,0.00001
91.20125,0.49751,0.99993,0.00000,0.00006,0.00001
91.30125,0.49751,0.99998,0.00000,0.00002,0.00000
91.40125,0.49750,0.99999,0.00000,0.00001,0.00000
91.50125,0.49750,0.99998,0.00000,0.00002,0.00001
91.60125,0.49750,0.99981,0.00000,0.00009,0.00009
91.70125,0.49751,0.99914,0.00000,0.00027,0.00059
91.80125,0.49751,0.99021,0.00004,0.00143,0.00832
91.90125,0.49750,0.86350,0.00160,0.00386,0.13104
92.00125,0.49750,0.41368,0.00566,0.02919,0.55147
92.10125,0.49750,0.22276,0.00346,0.05277,0.72101
92.20125,0.49751,0.57408,0.00410,0.04385,0.37797
92.30125,0.49751,0.73401,0.00097,0.03934,0.22569
92.40125,0.49750,0.73082,0.00039,0.12094,0.14786
92.50125,0.49750,0.95576,0.00013,0.01176,0.03235
92.60125,0.49750,0.99578,0.00002,0.00162,0.00258
92.70125,0.49751,0.99566,0.00000,0.00157,0.00277
92.80125,0.49751,0.99849,0.00000,0.00060,0.00092
92.90125,0.49750,0.99982,0.00000,0.00008,0.00009
93.00125,0.49750,0.99997,0.00000,0.00002,0.00001
93.10125,0.49750,0.99999,0.00000,0.00001,0.00000
93.20125,0.49751,1.00000,0.00000,0.00000,0.00000
93.30125,0.49751,1.00000,0.00000,0.00000,0.00000
93.40125,0.49750,0.99999,0.00000,0.00001,0.00000
93.50125,0.49750,0.99990,0.00000,0.00008,0.00002
93.60125,0.49750,0.99795,0.00000,0.00074,0.00131
93.70125,0.49751,0.90640,0.00003,0.00577,0.08780
93.80125,0.49751,0.25459,0.00014,0.00759,0.73767
93.90125,0.49750,0.05432,0.00018,0.02067,0.92484
94.00125,0.49750,0.04370,0.00016,0.00583,0.95031
94.10125,0.49750,0.07772,0.00021,0.01236,0.90972
94.20125,0.49751,0.58306,0.00019,0.04631,0.37044
94.30125,0.49751,0.95063,0.00002,0.03258,0.01677
94.40125,0.49750,0.99916,0.00000,0.00074,0.00010
94.50125,0.49750,0.99933,0.00000,0.00066,0.00001
94.60125,0.49750,0.99971,0.00000,0.00028,0.00001
94.70125,0.49751,0.99945,0.00000,0.00051,0.00004
94.80125,0.49751,0.99916,0.00000,0.00067,0.00017
94.90125,0.49750,0.99841,0.00000,0.00078,0.00081
95.00125,0.49750,0.99914,0.00000,0.00046,0.00040
95.10125,0.49750,0.99969,0.00000,0.00018,0.00013
95.20125,0.49751,0.99908,0.00000,0.00037,0.00055
95.30125,0.49751,0.98620,0.00000,0.00131,0.01249
95.40125,0.49750,0.83430,0.00003,0.00429,0.16138
95.50125,0.49750,0.40066,0.00012,0.00959,0.58963
95.60125,0.49750,0.06542,0.00016,0.01771,0.91671
95.70125,0.49751,0.05553,0.00019,0.01055,0.93373
95.80125,0.49751,0.23068,0.00019,0.02343,0.74570
95.90125,0.49750,0.44008,0.00012,0.04545,0.51435
96.00125,0.49750,0.88915,0.00003,0.01724,0.09358
96.10125,0.49750,0.99452,0.00000,0.00072,0.00475
96.20125,0.49751,0.99864,0.00000,0.00036,0.00100
96.30125,0.49751,0.99862,0.00000,0.00032,0.00106
96.40125,0.49750,0.99889,0.00000,0.00022,0.00088
96.50125,0.49750,0.99244,0.00000,0.00076,0.00680
96.60125,0.49750,0.89668,0.00000,0.00577,0.09754
96.70125,0.49751,0.80801,0.00001,0.02264,0.16934
96.80125,0.49751,0.95753,0.00002,0.03104,0.01140
96.90125,0.49750,0.98473,0.00002,0.01498,0.00028
97.00125,0.49750,0.99478,0.00001,0.00518,0.00003
97.10125,0.49750,0.99778,0.00002,0.00218,0.00002
97.20125,0.49751,0.99921,0.00011,0.00062,0.00006
97.30125,0.49751,0.99517,0.00064,0.00063,0.00356
97.40125,0.49750,0.36206,0.00177,0.00528,0.63089
97.50125,0.49750,0.17911,0.00153,0.00248,0.81688
97.60125,0.49750,0.08913,0.00051,0.00355,0.90682
97.70125,0.49751,0.30056,0.00014,0.01847,0.68083
97.80125,0.49751,0.73612,0.00003,0.02001,0.24385
97.90125,0.49750,0.98282,0.00000,0.00239,0.01479
98.00125,0.49750,0.99690,0.00000,0.00075,0.00235
98.10125,0.49750,0.99988,0.00000,0.00006,0.00006
98.20125,0.49751,0.99999,0.00000,0.00001,0.00000
98.30125,0.49751,1.00000,0.00000,0.00000,0.00000
98.40125,0.49750,1.00000,0.00000,0.00000,0.00000
98.50125,0.49750,1.00000,0.00000,0.00000,0.00000
98.60125,0.49750,0.99998,0.00000,0.00001,0.00001
98.70125,0.49751,0.99980,0.00000,0.00003,0.00017
98.80125,0.49751,0.99773,0.00004,0.00032,0.00191
98.90125,0.49750,0.91243,0.00169,0.01167,0.07421
99.00125,0.49750,0.39731,0.00723,0.05325,0.54222
99.10125,0.49750,0.26800,0.00351,0.08717,0.64132
99.20125,0.49751,0.23972,0.00058,0.13669,0.62302
99.30125,0.49751,0.30113,0.00013,0.13184,0.56690
99.40125,0.49750,0.81306,0.00004,0.03020,0.15669
99.50125,0.49750,0.98675,0.00000,0.00411,0.00913
99.60125,0.49750,0.99799,0.00000,0.00095,0.00106
99.70125,0.49751,0.99973,0.00000,0.00016,0.00011
99.80125,0.49751,0.99996,0.00000,0.00003,0.00001
99.90125,0.49750,0.99998,0.00000,0.00001,0.00000
100.00125,0.49750,0.99996,0.00000,0.00002,0.00001
100.10125,0.49750,0.99988,0.00000,0.00004,0.00008
100.20125,0.49751,0.99886,0.00001,0.00014,0.00100
100.30125,0.49751,0.96294,0.00046,0.00033,0.03627
100.40125,0.49750,0.37632,0.00491,0.00178,0.61700
100.50125,0.49750,0.25380,0.00452,0.00180,0.73988
100.60125,0.49750,0.35637,0.00166,0.00483,0.63714
100.70125,0.49751,0.76080,0.00010,0.00994,0.22916
100.80125,0.49751,0.98592,0.00000,0.00343,0.01064
100.90125,0.49750,0.99873,0.00000,0.00058,0.00069
101.00125,0.49750,0.99976,0.00000,0.00016,0.00008
101.10125,0.49750,0.99997,0.00000,0.00003,0.00001
101.20125,0.49751,0.99999,0.00000,0.00001,0.00000
101.30125,0.49751,0.99999,0.00000,0.00001,0.00000
101.40125,0.49750,1.00000,0.00000,0.00000,0.00000
101.50125,0.49750,0.99999,0.00000,0.00001,0.00000
101.60125,0.49750,0.99995,0.00000,0.00003,0.00002
101.70125,0.49751,0.99832,0.00000,0.00022,0.00146
101.80125,0.49751,0.92612,0.00025,0.00104,0.07260
101.90125,0.49750,0.18494,0.00093,0.00897,0.80516
102.00125,0.49750,0.10363,0.00112,0.00438,0.89088
102.10125,0.49750,0.17646,0.00066,0.01159,0.81129
102.20125,0.49751,0.73365,0.00021,0.02412,0.24201
102.30125,0.49751,0.96436,0.00001,0.00794,0.02769
102.40125,0.49750,0.99549,0.00000,0.00108,0.00343
102.50125,0.49750,0.98919,0.00000,0.00363,0.00718
102.60125,0.49750,0.96185,0.00001,0.00777,0.03038
102.70125,0.49751,0.72856,0.00005,0.02569,0.24570
102.80125,0.49751,0.15790,0.00020,0.05222,0.78968
102.90125,0.49750,0.15840,0.00010,0.03125,0.81025
103.00125,0.49750,0.37416,0.00005,0.01083,0.61496
103.10125,0.49750,0.64893,0.00002,0.00253,0.34853
103.20125,0.49751,0.87039,0.00001,0.00045,0.12915
103.30125,0.49751,0.96664,0.00000,0.00007,0.03329
103.40125,0.49750,0.98585,0.00000,0.00002,0.01413
103.50125,0.49750,0.99373,0.00000,0.00001,0.00626
103.60125,0.49750,0.99704,0.00000,0.00000,0.00296
103.70125,0.49751,0.99694,0.00000,0.00000,0.00306
103.80125,0.49751,0.99488,0.00000,0.00000,0.00512
103.90125,0.49750,0.99294,0.00000,0.00000,0.00706
104.00125,0.49750,0.99347,0.00000,0.00000,0.00653
104.10125,0.49750,0.99023,0.00000,0.00001,0.00975
104.20125,0.49751,0.99195,0.00000,0.00002,0.00803
104.30125,0.49751,0.99507,0.00000,0.00003,0.00490
104.40125,0.49750,0.99803,0.00000,0.00003,0.00194
104.50125,0.49750,0.99837,0.00000,0.00002,0.00161
