Time (seconds), Duration (seconds),pred_(unlabeled),pred_Jab_R,pred_Sidehook_R,pred_Uppercut_R
0.00125,0.99750,0.99985,0.00000,0.00000,0.00015
0.10125,0.99750,0.99987,0.00000,0.00000,0.00013
0.20125,0.99750,0.99988,0.00000,0.00000,0.00012
0.30125,0.99750,0.99987,0.00000,0.00000,0.00012
0.40125,0.99750,0.99987,0.00000,0.00000,0.00013
0.50125,0.99750,0.99988,0.00000,0.00000,0.00012
0.60125,0.99750,0.99988,0.00000,0.00000,0.00012
0.70125,0.99750,0.99988,0.00000,0.00000,0.00012
0.80125,0.99750,0.99988,0.00000,0.00000,0.00012
0.90125,0.99750,0.99987,0.00000,0.00000,0.00013
1.00125,0.99750,0.99987,0.00000,0.00000,0.00013
1.10125,0.99750,0.99988,0.00000,0.00000,0.00012
1.20125,0.99750,0.99988,0.00000,0.00000,0.00012
1.30125,0.99750,0.99988,0.00000,0.00000,0.00012
1.40125,0.99750,0.99988,0.00000,0.00000,0.00012
1.50125,0.99750,0.99985,0.00000,0.00000,0.00015
1.60125,0.99750,0.99982,0.00000,0.00000,0.00018
1.70125,0.99750,0.99976,0.00000,0.00000,0.00024
1.80125,0.99750,0.99963,0.00000,0.00000,0.00037
1.90125,0.99750,0.99932,0.00000,0.00000,0.00068
2.00125,0.99750,0.99902,0.00000,0.00000,0.00098
2.10125,0.99750,0.99889,0.00001,0.00000,0.00110
2.20125,0.99750,0.99868,0.00003,0.00000,0.00129
2.30125,0.99750,0.99819,0.00010,0.00000,0.00171
2.40125,0.99750,0.99699,0.00027,0.00000,0.00274
2.50125,0.99750,0.99794,0.00014,0.00000,0.00191
2.60125,0.99750,0.99909,0.00005,0.00000,0.00087
2.70125,0.99750,0.99963,0.00001,0.00000,0.00035
2.80125,0.99750,0.99987,0.00000,0.00000,0.00012
2.90125,0.99750,0.99996,0.00000,0.00000,0.00004
3.00125,0.99750,0.99998,0.00000,0.00000,0.00002
3.10125,0.99750,0.99999,0.00000,0.00000,0.00001
3.20125,0.99750,0.99999,0.00000,0.00000,0.00001
3.30125,0.99750,0.99999,0.00000,0.00000,0.00001
3.40125,0.99750,0.99999,0.00000,0.00000,0.00001
3.50125,0.99750,0.99999,0.00000,0.00000,0.00001
3.60125,0.99750,0.99999,0.00000,0.00000,0.00001
3.70125,0.99750,1.00000,0.00000,0.00000,0.00000
3.80125,0.99750,0.99999,0.00000,0.00000,0.00001
3.90125,0.99750,0.99994,0.00004,0.00000,0.00002
4.00125,0.99750,0.99932,0.00066,0.00000,0.00002
4.10125,0.99750,0.99319,0.00679,0.00000,0.00003
4.20125,0.99750,0.96349,0.03646,0.00000,0.00004
4.30125,0.99750,0.72181,0.27807,0.00001,0.00010
4.40125,0.99750,0.48286,0.51700,0.00003,0.00011
4.50125,0.99750,0.54080,0.45906,0.00002,0.00012
4.60125,0.99750,0.86256,0.13735,0.00001,0.00008
4.70125,0.99750,0.99364,0.00617,0.00000,0.00019
4.80125,0.99750,0.99963,0.00024,0.00000,0.00013
4.90125,0.99750,0.99996,0.00001,0.00000,0.00003
5.00125,0.99750,0.99997,0.00000,0.00000,0.00003
5.10125,0.99750,0.99999,0.00000,0.00000,0.00001
5.20125,0.99750,1.00000,0.00000,0.00000,0.00000
5.30125,0.99750,1.00000,0.00000,0.00000,0.00000
5.40125,0.99750,1.00000,0.00000,0.00000,0.00000
5.50125,0.99750,0.99999,0.00001,0.00000,0.00000
5.60125,0.99750,0.99986,0.00013,0.00000,0.00000
5.70125,0.99750,0.99792,0.00207,0.00000,0.00001
5.80125,0.99750,0.97088,0.02908,0.00000,0.00004
5.90125,0.99750,0.68056,0.31935,0.00002,0.00007
6.00125,0.99750,0.48074,0.51913,0.00003,0.00010
6.10125,0.99750,0.45891,0.54096,0.00003,0.00009
6.20125,0.99750,0.91919,0.08071,0.00000,0.00010
6.30125,0.99750,0.99657,0.00315,0.00000,0.00029
6.40125,0.99750,0.99984,0.00009,0.00000,0.00007
6.50125,0.99750,0.99995,0.00001,0.00000,0.00004
6.60125,0.99750,0.99997,0.00000,0.00000,0.00003
6.70125,0.99750,0.99998,0.00000,0.00000,0.00002
6.80125,0.99750,1.00000,0.00000,0.00000,0.00000
6.90125,0.99750,1.00000,0.00000,0.00000,0.00000
7.00125,0.99750,0.99999,0.00001,0.00000,0.00001
7.10125,0.99750,0.99988,0.00011,0.00000,0.00000
7.20125,0.99750,0.99792,0.00207,0.00000,0.00001
7.30125,0.99750,0.96958,0.03039,0.00001,0.00003
7.40125,0.99750,0.65649,0.34341,0.00002,0.00007
7.50125,0.99750,0.22616,0.77374,0.00005,0.00005
7.60125,0.99750,0.19999,0.79990,0.00006,0.00005
7.70125,0.99750,0.73130,0.26861,0.00001,0.00008
7.80125,0.99750,0.98466,0.01519,0.00000,0.00016
7.90125,0.99750,0.99938,0.00053,0.00000,0.00009
8.00125,0.99750,0.99995,0.00002,0.00000,0.00002
8.10125,0.99750,0.99996,0.00000,0.00000,0.00003
8.20125,0.99750,0.99997,0.00000,0.00000,0.00002
8.30125,0.99750,0.99999,0.00000,0.00000,0.00000
8.40125,0.99750,0.99999,0.00000,0.00000,0.00000
8.50125,0.99750,0.99997,0.00003,0.00000,0.00001
8.60125,0.99750,0.99955,0.00044,0.00000,0.00001
8.70125,0.99750,0.99350,0.00648,0.00000,0.00002
8.80125,0.99750,0.90789,0.09204,0.00001,0.00006
8.90125,0.99750,0.38881,0.61110,0.00001,0.00008
9.00125,0.99750,0.19788,0.80201,0.00002,0.00009
9.10125,0.99750,0.34584,0.65403,0.00002,0.00012
9.20125,0.99750,0.90594,0.09383,0.00000,0.00023
9.30125,0.99750,0.99582,0.00374,0.00000,0.00044
9.40125,0.99750,0.99979,0.00013,0.00000,0.00008
9.50125,0.99750,0.99994,0.00001,0.00000,0.00005
9.60125,0.99750,0.99995,0.00000,0.00000,0.00005
9.70125,0.99750,0.99998,0.00000,0.00000,0.00002
9.80125,0.99750,1.00000,0.00000,0.00000,0.00000
9.90125,0.99750,1.00000,0.00000,0.00000,0.00000
10.00125,0.99750,1.00000,0.00000,0.00000,0.00000
10.10125,0.99750,1.00000,0.00000,0.00000,0.00000
10.20125,0.99750,1.00000,0.00000,0.00000,0.00000
10.30125,0.99750,1.00000,0.00000,0.00000,0.00000
10.40125,0.99750,0.99997,0.00003,0.00000,0.00000
10.50125,0.99750,0.99956,0.00044,0.00000,0.00000
10.60125,0.99750,0.99334,0.00665,0.00000,0.00001
10.70125,0.99750,0.90338,0.09660,0.00000,0.00003
10.80125,0.99750,0.66789,0.33204,0.00000,0.00006
10.90125,0.99750,0.51898,0.48095,0.00000,0.00006
11.00125,0.99750,0.71205,0.28790,0.00000,0.00005
11.10125,0.99750,0.98493,0.01477,0.00000,0.00030
11.20125,0.99750,0.99936,0.00046,0.00000,0.00018
11.30125,0.99750,0.99993,0.00002,0.00000,0.00005
11.40125,0.99750,0.99995,0.00000,0.00000,0.00005
11.50125,0.99750,0.99998,0.00000,0.00000,0.00002
11.60125,0.99750,0.99999,0.00000,0.00000,0.00001
11.70125,0.99750,0.99999,0.00001,0.00000,0.00001
11.80125,0.99750,0.99995,0.00004,0.00000,0.00000
11.90125,0.99750,0.99951,0.00049,0.00000,0.00000
12.00125,0.99750,0.99217,0.00781,0.00000,0.00001
12.10125,0.99750,0.88346,0.11650,0.00000,0.00003
12.20125,0.99750,0.56194,0.43793,0.00003,0.00010
12.30125,0.99750,0.22309,0.77678,0.00005,0.00007
12.40125,0.99750,0.51266,0.48722,0.00003,0.00008
12.50125,0.99750,0.96100,0.03880,0.00000,0.00020
12.60125,0.99750,0.99841,0.00142,0.00000,0.00018
12.70125,0.99750,0.99990,0.00006,0.00000,0.00004
12.80125,0.99750,0.99995,0.00000,0.00000,0.00004
12.90125,0.99750,0.99998,0.00001,0.00000,0.00001
13.00125,0.99750,0.99998,0.00001,0.00000,0.00001
13.10125,0.99750,0.99998,0.00002,0.00000,0.00000
13.20125,0.99750,0.99994,0.00006,0.00000,0.00000
13.30125,0.99750,0.99949,0.00051,0.00000,0.00000
13.40125,0.99750,0.99198,0.00801,0.00000,0.00001
13.50125,0.99750,0.88818,0.11179,0.00000,0.00002
13.60125,0.99750,0.67614,0.32382,0.00001,0.00004
13.70125,0.99750,0.55278,0.44717,0.00001,0.00005
13.80125,0.99750,0.79666,0.20330,0.00000,0.00004
13.90125,0.99750,0.99015,0.00969,0.00000,0.00015
14.00125,0.99750,0.99959,0.00033,0.00000,0.00009
14.10125,0.99750,0.99995,0.00001,0.00000,0.00004
14.20125,0.99750,0.99994,0.00000,0.00000,0.00006
14.30125,0.99750,0.99999,0.00000,0.00000,0.00001
14.40125,0.99750,0.99999,0.00001,0.00000,0.00000
14.50125,0.99750,0.99998,0.00002,0.00000,0.00000
14.60125,0.99750,0.99989,0.00011,0.00000,0.00000
14.70125,0.99750,0.99849,0.00150,0.00000,0.00000
14.80125,0.99750,0.97903,0.02096,0.00000,0.00001
14.90125,0.99750,0.82241,0.17755,0.00001,0.00003
15.00125,0.99750,0.60407,0.39586,0.00003,0.00004
15.10125,0.99750,0.45891,0.54101,0.00004,0.00005
15.20125,0.99750,0.88035,0.11959,0.00001,0.00005
15.30125,0.99750,0.99440,0.00528,0.00000,0.00032
15.40125,0.99750,0.99978,0.00012,0.00000,0.00009
15.50125,0.99750,0.99994,0.00001,0.00000,0.00006
15.60125,0.99750,0.99994,0.00000,0.00000,0.00006
15.70125,0.99750,0.99999,0.00001,0.00000,0.00000
15.80125,0.99750,0.99999,0.00000,0.00000,0.00001
15.90125,0.99750,0.99999,0.00001,0.00000,0.00000
16.00125,0.99750,0.99993,0.00007,0.00000,0.00000
16.10125,0.99750,0.99916,0.00083,0.00000,0.00000
16.20125,0.99750,0.98745,0.01254,0.00000,0.00001
16.30125,0.99750,0.93205,0.06790,0.00002,0.00003
16.40125,0.99750,0.85415,0.14576,0.00005,0.00004
16.50125,0.99750,0.85836,0.14155,0.00005,0.00004
16.60125,0.99750,0.98738,0.01259,0.00000,0.00003
16.70125,0.99750,0.99944,0.00043,0.00000,0.00013
16.80125,0.99750,0.99994,0.00004,0.00000,0.00002
16.90125,0.99750,0.99997,0.00000,0.00000,0.00003
17.00125,0.99750,0.99999,0.00000,0.00000,0.00001
17.10125,0.99750,0.99999,0.00001,0.00000,0.00000
17.20125,0.99750,0.99999,0.00001,0.00000,0.00000
17.30125,0.99750,0.99997,0.00003,0.00000,0.00000
17.40125,0.99750,0.99968,0.00032,0.00000,0.00000
17.50125,0.99750,0.99532,0.00467,0.00000,0.00001
17.60125,0.99750,0.93481,0.06516,0.00000,0.00003
17.70125,0.99750,0.54348,0.45648,0.00000,0.00004
17.80125,0.99750,0.45854,0.54142,0.00000,0.00004
17.90125,0.99750,0.56494,0.43502,0.00000,0.00004
18.00125,0.99750,0.96999,0.02986,0.00000,0.00015
18.10125,0.99750,0.99891,0.00098,0.00000,0.00010
18.20125,0.99750,0.99993,0.00004,0.00000,0.00003
18.30125,0.99750,0.99996,0.00000,0.00000,0.00004
18.40125,0.99750,0.99998,0.00000,0.00000,0.00002
18.50125,0.99750,0.99999,0.00000,0.00000,0.00001
18.60125,0.99750,1.00000,0.00000,0.00000,0.00000
18.70125,0.99750,1.00000,0.00000,0.00000,0.00000
18.80125,0.99750,0.99999,0.00000,0.00000,0.00000
18.90125,0.99750,0.99993,0.00007,0.00000,0.00000
19.00125,0.99750,0.99872,0.00128,0.00000,0.00000
19.10125,0.99750,0.98134,0.01865,0.00000,0.00001
19.20125,0.99750,0.78466,0.21529,0.00001,0.00003
19.30125,0.99750,0.50006,0.49985,0.00004,0.00005
19.40125,0.99750,0.35664,0.64325,0.00005,0.00005
19.50125,0.99750,0.82405,0.17590,0.00001,0.00004
19.60125,0.99750,0.99007,0.00980,0.00000,0.00013
19.70125,0.99750,0.99954,0.00038,0.00000,0.00008
19.80125,0.99750,0.99996,0.00002,0.00000,0.00003
19.90125,0.99750,0.99996,0.00000,0.00000,0.00004
20.00125,0.99750,0.99995,0.00000,0.00000,0.00005
20.10125,0.99750,0.99999,0.00000,0.00000,0.00000
20.20125,0.99750,0.99999,0.00001,0.00000,0.00001
20.30125,0.99750,0.99995,0.00005,0.00000,0.00000
20.40125,0.99750,0.99942,0.00058,0.00000,0.00000
20.50125,0.99750,0.99164,0.00835,0.00000,0.00001
20.60125,0.99750,0.90477,0.09520,0.00001,0.00002
20.70125,0.99750,0.75681,0.24311,0.00004,0.00004
20.80125,0.99750,0.58380,0.41607,0.00009,0.00004
20.90125,0.99750,0.84231,0.15764,0.00003,0.00003
21.00125,0.99750,0.99090,0.00907,0.00000,0.00003
21.10125,0.99750,0.99957,0.00034,0.00000,0.00009
21.20125,0.99750,0.99997,0.00002,0.00000,0.00002
21.30125,0.99750,0.99997,0.00000,0.00000,0.00003
21.40125,0.99750,0.99997,0.00000,0.00000,0.00003
21.50125,0.99750,1.00000,0.00000,0.00000,0.00000
21.60125,0.99750,1.00000,0.00000,0.00000,0.00000
21.70125,0.99750,0.99999,0.00000,0.00000,0.00000
21.80125,0.99750,0.99995,0.00005,0.00000,0.00000
21.90125,0.99750,0.99921,0.00078,0.00000,0.00000
22.00125,0.99750,0.98832,0.01167,0.00000,0.00001
22.10125,0.99750,0.86019,0.13979,0.00000,0.00002
22.20125,0.99750,0.73080,0.26917,0.00000,0.00003
22.30125,0.99750,0.67789,0.32208,0.00000,0.00003
22.40125,0.99750,0.87853,0.12145,0.00000,0.00002
22.50125,0.99750,0.99156,0.00837,0.00000,0.00007
22.60125,0.99750,0.99937,0.00055,0.00000,0.00008
22.70125,0.99750,0.99995,0.00002,0.00000,0.00003
22.80125,0.99750,0.99994,0.00000,0.00000,0.00006
22.90125,0.99750,0.99996,0.00000,0.00000,0.00004
23.00125,0.99750,0.99999,0.00000,0.00000,0.00000
23.10125,0.99750,0.99998,0.00001,0.00000,0.00001
23.20125,0.99750,0.99991,0.00008,0.00000,0.00001
23.30125,0.99750,0.99882,0.00117,0.00000,0.00001
23.40125,0.99750,0.98636,0.01360,0.00000,0.00004
23.50125,0.99750,0.89075,0.10918,0.00000,0.00007
23.60125,0.99750,0.72030,0.27957,0.00001,0.00012
23.70125,0.99750,0.60821,0.39165,0.00001,0.00014
23.80125,0.99750,0.81929,0.18060,0.00000,0.00010
23.90125,0.99750,0.98506,0.01484,0.00000,0.00010
24.00125,0.99750,0.99916,0.00063,0.00000,0.00021
24.10125,0.99750,0.99993,0.00004,0.00000,0.00004
24.20125,0.99750,0.99995,0.00000,0.00000,0.00005
24.30125,0.99750,0.99996,0.00000,0.00000,0.00004
24.40125,0.99750,1.00000,0.00000,0.00000,0.00000
24.50125,0.99750,0.99999,0.00000,0.00000,0.00000
24.60125,0.99750,0.99997,0.00003,0.00000,0.00000
24.70125,0.99750,0.99967,0.00032,0.00000,0.00000
24.80125,0.99750,0.99515,0.00484,0.00000,0.00001
24.90125,0.99750,0.94323,0.05675,0.00000,0.00002
25.00125,0.99750,0.66797,0.33197,0.00001,0.00005
25.10125,0.99750,0.53969,0.46024,0.00001,0.00006
25.20125,0.99750,0.54779,0.45215,0.00001,0.00006
25.30125,0.99750,0.93867,0.06127,0.00000,0.00006
25.40125,0.99750,0.99726,0.00256,0.00000,0.00018
25.50125,0.99750,0.99987,0.00008,0.00000,0.00005
25.60125,0.99750,0.99995,0.00000,0.00000,0.00005
25.70125,0.99750,0.99996,0.00000,0.00000,0.00004
25.80125,0.99750,0.99999,0.00000,0.00000,0.00001
25.90125,0.99750,1.00000,0.00000,0.00000,0.00000
26.00125,0.99750,1.00000,0.00000,0.00000,0.00000
26.10125,0.99750,1.00000,0.00000,0.00000,0.00000
26.20125,0.99750,1.00000,0.00000,0.00000,0.00000
26.30125,0.99750,0.99999,0.00001,0.00000,0.00000
26.40125,0.99750,0.99990,0.00010,0.00000,0.00000
26.50125,0.99750,0.99832,0.00167,0.00000,0.00001
26.60125,0.99750,0.97515,0.02482,0.00000,0.00002
26.70125,0.99750,0.78958,0.21035,0.00000,0.00007
26.80125,0.99750,0.60465,0.39526,0.00000,0.00009
26.90125,0.99750,0.54435,0.45554,0.00000,0.00010
27.00125,0.99750,0.89613,0.10380,0.00000,0.00007
27.10125,0.99750,0.99497,0.00482,0.00000,0.00021
27.20125,0.99750,0.99966,0.00017,0.00000,0.00017
27.30125,0.99750,0.99995,0.00001,0.00000,0.00005
27.40125,0.99750,0.99994,0.00000,0.00000,0.00006
27.50125,0.99750,0.99998,0.00000,0.00000,0.00002
27.60125,0.99750,1.00000,0.00000,0.00000,0.00000
27.70125,0.99750,0.99999,0.00001,0.00000,0.00000
27.80125,0.99750,0.99995,0.00004,0.00000,0.00000
27.90125,0.99750,0.99940,0.00059,0.00000,0.00000
28.00125,0.99750,0.99042,0.00956,0.00000,0.00001
28.10125,0.99750,0.90463,0.09533,0.00000,0.00004
28.20125,0.99750,0.80383,0.19612,0.00000,0.00005
28.30125,0.99750,0.75455,0.24539,0.00000,0.00006
28.40125,0.99750,0.90941,0.09055,0.00000,0.00004
28.50125,0.99750,0.99492,0.00503,0.00000,0.00005
28.60125,0.99750,0.99974,0.00018,0.00000,0.00008
28.70125,0.99750,0.99998,0.00001,0.00000,0.00002
28.80125,0.99750,0.99994,0.00000,0.00000,0.00005
28.90125,0.99750,0.99998,0.00001,0.00000,0.00001
29.00125,0.99750,0.99998,0.00001,0.00000,0.00000
29.10125,0.99750,0.99996,0.00004,0.00000,0.00001
29.20125,0.99750,0.99969,0.00031,0.00000,0.00000
29.30125,0.99750,0.99548,0.00451,0.00000,0.00001
29.40125,0.99750,0.93340,0.06656,0.00000,0.00004
29.50125,0.99750,0.64008,0.35983,0.00001,0.00009
29.60125,0.99750,0.52068,0.47920,0.00001,0.00010
29.70125,0.99750,0.66261,0.33729,0.00001,0.00009
29.80125,0.99750,0.96725,0.03269,0.00000,0.00006
29.90125,0.99750,0.99845,0.00141,0.00000,0.00014
30.00125,0.99750,0.99988,0.00005,0.00000,0.00007
30.10125,0.99750,0.99997,0.00000,0.00000,0.00003
30.20125,0.99750,0.99996,0.00000,0.00000,0.00004
30.30125,0.99750,0.99999,0.00000,0.00000,0.00001
30.40125,0.99750,1.00000,0.00000,0.00000,0.00000
30.50125,0.99750,0.99999,0.00000,0.00000,0.00000
30.60125,0.99750,0.99995,0.00005,0.00000,0.00000
30.70125,0.99750,0.99922,0.00078,0.00000,0.00000
30.80125,0.99750,0.98808,0.01190,0.00000,0.00001
30.90125,0.99750,0.85091,0.14905,0.00000,0.00004
31.00125,0.99750,0.57478,0.42513,0.00001,0.00008
31.10125,0.99750,0.42031,0.57959,0.00001,0.00008
31.20125,0.99750,0.74816,0.25176,0.00000,0.00007
31.30125,0.99750,0.98418,0.01564,0.00000,0.00017
31.40125,0.99750,0.99916,0.00061,0.00000,0.00023
31.50125,0.99750,0.99993,0.00002,0.00000,0.00005
31.60125,0.99750,0.99993,0.00000,0.00000,0.00007
31.70125,0.99750,0.99999,0.00001,0.00000,0.00001
31.80125,0.99750,0.99998,0.00001,0.00000,0.00001
31.90125,0.99750,0.99997,0.00002,0.00000,0.00000
32.00125,0.99750,0.99985,0.00015,0.00000,0.00000
32.10125,0.99750,0.99827,0.00172,0.00000,0.00001
32.20125,0.99750,0.97125,0.02873,0.00000,0.00002
32.30125,0.99750,0.84306,0.15688,0.00000,0.00006
32.40125,0.99750,0.67229,0.32764,0.00000,0.00007
32.50125,0.99750,0.59347,0.40644,0.00000,0.00009
32.60125,0.99750,0.93958,0.06034,0.00000,0.00008
32.70125,0.99750,0.99718,0.00246,0.00000,0.00037
32.80125,0.99750,0.99987,0.00007,0.00000,0.00006
32.90125,0.99750,0.99994,0.00001,0.00000,0.00006
33.00125,0.99750,0.99994,0.00001,0.00000,0.00006
33.10125,0.99750,0.99998,0.00001,0.00000,0.00001
33.20125,0.99750,0.99997,0.00002,0.00000,0.00001
33.30125,0.99750,0.99991,0.00009,0.00000,0.00000
33.40125,0.99750,0.99910,0.00090,0.00000,0.00000
33.50125,0.99750,0.98791,0.01208,0.00000,0.00001
33.60125,0.99750,0.83339,0.16658,0.00001,0.00002
33.70125,0.99750,0.46878,0.53116,0.00002,0.00003
33.80125,0.99750,0.24270,0.75725,0.00003,0.00003
33.90125,0.99750,0.49247,0.50749,0.00001,0.00003
34.00125,0.99750,0.94126,0.05865,0.00000,0.00008
34.10125,0.99750,0.99750,0.00233,0.00000,0.00017
34.20125,0.99750,0.99989,0.00008,0.00000,0.00003
34.30125,0.99750,0.99993,0.00002,0.00000,0.00005
34.40125,0.99750,0.99996,0.00002,0.00000,0.00001
34.50125,0.99750,0.99994,0.00005,0.00000,0.00001
34.60125,0.99750,0.99991,0.00008,0.00000,0.00001
34.70125,0.99750,0.99963,0.00037,0.00000,0.00000
34.80125,0.99750,0.99698,0.00302,0.00000,0.00001
34.90125,0.99750,0.96519,0.03479,0.00000,0.00002
35.00125,0.99750,0.67279,0.32717,0.00000,0.00004
35.10125,0.99750,0.43221,0.56773,0.00000,0.00005
35.20125,0.99750,0.37442,0.62552,0.00001,0.00005
35.30125,0.99750,0.87408,0.12587,0.00000,0.00005
35.40125,0.99750,0.99453,0.00526,0.00000,0.00021
35.50125,0.99750,0.99977,0.00015,0.00000,0.00008
35.60125,0.99750,0.99995,0.00001,0.00000,0.00004
35.70125,0.99750,0.99992,0.00001,0.00000,0.00007
35.80125,0.99750,0.99996,0.00002,0.00000,0.00001
35.90125,0.99750,0.99994,0.00004,0.00000,0.00001
36.00125,0.99750,0.99992,0.00007,0.00000,0.00001
36.10125,0.99750,0.99930,0.00069,0.00000,0.00001
36.20125,0.99750,0.99067,0.00931,0.00000,0.00002
36.30125,0.99750,0.85655,0.14338,0.00000,0.00006
36.40125,0.99750,0.48463,0.51522,0.00000,0.00015
36.50125,0.99750,0.28080,0.71908,0.00001,0.00011
36.60125,0.99750,0.58407,0.41579,0.00000,0.00014
36.70125,0.99750,0.96262,0.03722,0.00000,0.00016
36.80125,0.99750,0.99813,0.00155,0.00000,0.00032
36.90125,0.99750,0.99989,0.00005,0.00000,0.00006
37.00125,0.99750,0.99994,0.00001,0.00000,0.00005
37.10125,0.99750,0.99996,0.00001,0.00000,0.00003
37.20125,0.99750,0.99999,0.00001,0.00000,0.00000
37.30125,0.99750,0.99997,0.00002,0.00000,0.00001
37.40125,0.99750,0.99991,0.00009,0.00000,0.00000
37.50125,0.99750,0.99928,0.00072,0.00000,0.00000
37.60125,0.99750,0.99022,0.00977,0.00000,0.00001
37.70125,0.99750,0.86891,0.13107,0.00000,0.00002
37.80125,0.99750,0.55480,0.44515,0.00001,0.00004
37.90125,0.99750,0.35764,0.64231,0.00001,0.00004
38.00125,0.99750,0.62356,0.37639,0.00001,0.00004
38.10125,0.99750,0.97486,0.02500,0.00000,0.00014
38.20125,0.99750,0.99876,0.00102,0.00000,0.00021
38.30125,0.99750,0.99990,0.00006,0.00000,0.00004
38.40125,0.99750,0.99987,0.00009,0.00000,0.00004
38.50125,0.99750,0.99984,0.00014,0.00000,0.00003
38.60125,0.99750,0.99973,0.00023,0.00000,0.00004
38.70125,0.99750,0.99976,0.00023,0.00000,0.00001
38.80125,0.99750,0.99886,0.00114,0.00000,0.00000
38.90125,0.99750,0.98865,0.01135,0.00000,0.00001
39.00125,0.99750,0.85388,0.14609,0.00000,0.00002
39.10125,0.99750,0.49512,0.50481,0.00002,0.00005
39.20125,0.99750,0.28425,0.71567,0.00003,0.00005
39.30125,0.99750,0.60895,0.39099,0.00001,0.00005
39.40125,0.99750,0.97020,0.02969,0.00000,0.00011
39.50125,0.99750,0.99863,0.00123,0.00000,0.00014
39.60125,0.99750,0.99992,0.00005,0.00000,0.00003
39.70125,0.99750,0.99995,0.00002,0.00000,0.00003
39.80125,0.99750,0.99995,0.00004,0.00000,0.00002
39.90125,0.99750,0.99990,0.00008,0.00000,0.00002
40.00125,0.99750,0.99989,0.00010,0.00000,0.00001
40.10125,0.99750,0.99957,0.00043,0.00000,0.00000
40.20125,0.99750,0.99571,0.00428,0.00000,0.00001
40.30125,0.99750,0.94582,0.05415,0.00000,0.00004
40.40125,0.99750,0.80433,0.19558,0.00000,0.00009
40.50125,0.99750,0.75376,0.24614,0.00000,0.00010
40.60125,0.99750,0.78061,0.21930,0.00000,0.00009
40.70125,0.99750,0.98292,0.01698,0.00000,0.00010
40.80125,0.99750,0.99913,0.00065,0.00000,0.00022
40.90125,0.99750,0.99994,0.00002,0.00000,0.00004
41.00125,0.99750,0.99996,0.00000,0.00000,0.00004
41.10125,0.99750,0.99996,0.00000,0.00000,0.00004
41.20125,0.99750,0.99999,0.00000,0.00000,0.00001
41.30125,0.99750,1.00000,0.00000,0.00000,0.00000
41.40125,0.99750,1.00000,0.00000,0.00000,0.00000
41.50125,0.99750,1.00000,0.00000,0.00000,0.00000
41.60125,0.99750,0.99999,0.00000,0.00000,0.00000
41.70125,0.99750,0.99995,0.00005,0.00000,0.00000
41.80125,0.99750,0.99914,0.00085,0.00000,0.00000
41.90125,0.99750,0.98809,0.01190,0.00000,0.00001
42.00125,0.99750,0.84602,0.15396,0.00000,0.00002
42.10125,0.99750,0.45956,0.54041,0.00001,0.00002
42.20125,0.99750,0.25869,0.74127,0.00002,0.00002
42.30125,0.99750,0.52143,0.47854,0.00001,0.00002
42.40125,0.99750,0.96500,0.03489,0.00000,0.00011
42.50125,0.99750,0.99857,0.00132,0.00000,0.00011
42.60125,0.99750,0.99990,0.00006,0.00000,0.00004
42.70125,0.99750,0.99995,0.00001,0.00000,0.00004
42.80125,0.99750,0.99997,0.00001,0.00000,0.00003
42.90125,0.99750,0.99998,0.00001,0.00000,0.00000
43.00125,0.99750,0.99997,0.00002,0.00000,0.00001
43.10125,0.99750,0.99994,0.00006,0.00000,0.00000
43.20125,0.99750,0.99924,0.00075,0.00000,0.00001
43.30125,0.99750,0.99136,0.00862,0.00000,0.00002
43.40125,0.99750,0.87331,0.12659,0.00003,0.00007
43.50125,0.99750,0.56758,0.43218,0.00011,0.00013
43.60125,0.99750,0.46380,0.53593,0.00014,0.00013
43.70125,0.99750,0.78509,0.21475,0.00005,0.00011
43.80125,0.99750,0.98783,0.01199,0.00000,0.00018
43.90125,0.99750,0.99932,0.00046,0.00000,0.00021
44.00125,0.99750,0.99994,0.00002,0.00000,0.00004
44.10125,0.99750,0.99996,0.00000,0.00000,0.00003
44.20125,0.99750,0.99998,0.00000,0.00000,0.00002
44.30125,0.99750,1.00000,0.00000,0.00000,0.00000
44.40125,0.99750,0.99999,0.00000,0.00000,0.00000
44.50125,0.99750,0.99997,0.00003,0.00000,0.00000
44.60125,0.99750,0.99964,0.00036,0.00000,0.00000
44.70125,0.99750,0.99494,0.00505,0.00000,0.00001
44.80125,0.99750,0.92554,0.07443,0.00000,0.00003
44.90125,0.99750,0.63587,0.36408,0.00001,0.00005
45.00125,0.99750,0.54635,0.45359,0.00001,0.00005
45.10125,0.99750,0.64155,0.35839,0.00001,0.00005
45.20125,0.99750,0.97581,0.02411,0.00000,0.00009
45.30125,0.99750,0.99889,0.00095,0.00000,0.00016
45.40125,0.99750,0.99993,0.00003,0.00000,0.00003
45.50125,0.99750,0.99997,0.00000,0.00000,0.00003
45.60125,0.99750,0.99996,0.00000,0.00000,0.00003
45.70125,0.99750,0.99999,0.00000,0.00000,0.00000
45.80125,0.99750,0.99999,0.00001,0.00000,0.00000
45.90125,0.99750,0.99997,0.00003,0.00000,0.00000
46.00125,0.99750,0.99955,0.00044,0.00000,0.00000
46.10125,0.99750,0.99391,0.00607,0.00000,0.00001
46.20125,0.99750,0.90247,0.09749,0.00000,0.00004
46.30125,0.99750,0.66370,0.33621,0.00001,0.00008
46.40125,0.99750,0.65599,0.34392,0.00002,0.00008
46.50125,0.99750,0.84217,0.15777,0.00001,0.00005
46.60125,0.99750,0.99103,0.00892,0.00000,0.00006
46.70125,0.99750,0.99954,0.00035,0.00000,0.00011
46.80125,0.99750,0.99997,0.00001,0.00000,0.00002
46.90125,0.99750,0.99998,0.00000,0.00000,0.00002
47.00125,0.99750,0.99999,0.00000,0.00000,0.00001
47.10125,0.99750,0.99999,0.00000,0.00000,0.00000
47.20125,0.99750,0.99999,0.00000,0.00000,0.00001
47.30125,0.99750,0.99995,0.00004,0.00000,0.00000
47.40125,0.99750,0.99936,0.00063,0.00000,0.00001
47.50125,0.99750,0.99096,0.00901,0.00000,0.00003
47.60125,0.99750,0.89357,0.10629,0.00000,0.00014
47.70125,0.99750,0.75756,0.24222,0.00000,0.00022
47.80125,0.99750,0.71055,0.28921,0.00000,0.00024
47.90125,0.99750,0.90064,0.09918,0.00000,0.00017
48.00125,0.99750,0.99462,0.00504,0.00000,0.00034
48.10125,0.99750,0.99956,0.00019,0.00000,0.00026
48.20125,0.99750,0.99990,0.00003,0.00000,0.00007
48.30125,0.99750,0.99988,0.00003,0.00000,0.00009
48.40125,0.99750,0.99993,0.00005,0.00000,0.00003
48.50125,0.99750,0.99990,0.00008,0.00000,0.00002
48.60125,0.99750,0.99990,0.00009,0.00000,0.00000
48.70125,0.99750,0.99917,0.00083,0.00000,0.00000
48.80125,0.99750,0.98706,0.01293,0.00000,0.00000
48.90125,0.99750,0.83314,0.16685,0.00001,0.00001
49.00125,0.99750,0.56239,0.43758,0.00001,0.00001
49.10125,0.99750,0.45650,0.54347,0.00002,0.00001
49.20125,0.99750,0.84515,0.15483,0.00000,0.00001
49.30125,0.99750,0.98745,0.01253,0.00000,0.00002
49.40125,0.99750,0.99942,0.00055,0.00000,0.00003
49.50125,0.99750,0.99996,0.00003,0.00000,0.00001
49.60125,0.99750,0.99993,0.00001,0.00000,0.00006
49.70125,0.99750,0.99993,0.00001,0.00000,0.00005
49.80125,0.99750,0.99998,0.00002,0.00000,0.00001
49.90125,0.99750,0.99997,0.00002,0.00000,0.00001
50.00125,0.99750,0.99980,0.00020,0.00000,0.00000
50.10125,0.99750,0.99760,0.00239,0.00002,0.00000
50.20125,0.99750,0.97432,0.02560,0.00007,0.00001
50.30125,0.99750,0.73428,0.26560,0.00011,0.00002
50.40125,0.99750,0.38091,0.61883,0.00023,0.00002
50.50125,0.99750,0.21738,0.78225,0.00035,0.00002
50.60125,0.99750,0.72032,0.27957,0.00008,0.00003
50.70125,0.99750,0.98300,0.01696,0.00000,0.00004
50.80125,0.99750,0.99918,0.00075,0.00000,0.00007
50.90125,0.99750,0.99990,0.00007,0.00000,0.00003
51.00125,0.99750,0.99985,0.00009,0.00000,0.00006
51.10125,0.99750,0.99984,0.00014,0.00000,0.00002
51.20125,0.99750,0.99974,0.00024,0.00000,0.00002
51.30125,0.99750,0.99973,0.00025,0.00000,0.00001
51.40125,0.99750,0.99856,0.00144,0.00000,0.00001
51.50125,0.99750,0.98679,0.01319,0.00000,0.00002
51.60125,0.99750,0.81878,0.18116,0.00000,0.00006
51.70125,0.99750,0.34128,0.65865,0.00001,0.00006
51.80125,0.99750,0.18533,0.81460,0.00001,0.00007
51.90125,0.99750,0.45663,0.54326,0.00000,0.00010
52.00125,0.99750,0.94969,0.05015,0.00000,0.00016
52.10125,0.99750,0.99766,0.00204,0.00000,0.00030
52.20125,0.99750,0.99975,0.00016,0.00000,0.00009
52.30125,0.99750,0.99968,0.00029,0.00000,0.00003
52.40125,0.99750,0.99950,0.00048,0.00000,0.00002
52.50125,0.99750,0.99926,0.00071,0.00000,0.00003
52.60125,0.99750,0.99921,0.00078,0.00000,0.00001
52.70125,0.99750,0.99699,0.00301,0.00000,0.00000
52.80125,0.99750,0.97821,0.02178,0.00000,0.00001
52.90125,0.99750,0.75819,0.24178,0.00000,0.00003
53.00125,0.99750,0.32341,0.67654,0.00000,0.00005
53.10125,0.99750,0.21249,0.78746,0.00000,0.00005
53.20125,0.99750,0.67207,0.32788,0.00000,0.00006
53.30125,0.99750,0.97948,0.02032,0.00000,0.00020
53.40125,0.99750,0.99906,0.00075,0.00000,0.00019
53.50125,0.99750,0.99984,0.00010,0.00000,0.00006
53.60125,0.99750,0.99982,0.00014,0.00000,0.00003
53.70125,0.99750,0.99975,0.00023,0.00000,0.00002
53.80125,0.99750,0.99969,0.00029,0.00000,0.00003
53.90125,0.99750,0.99965,0.00035,0.00000,0.00001
54.00125,0.99750,0.99813,0.00187,0.00000,0.00000
54.10125,0.99750,0.97793,0.02206,0.00000,0.00002
54.20125,0.99750,0.74342,0.25654,0.00000,0.00004
54.30125,0.99750,0.44767,0.55227,0.00001,0.00006
54.40125,0.99750,0.34257,0.65737,0.00001,0.00006
54.50125,0.99750,0.80291,0.19704,0.00000,0.00005
54.60125,0.99750,0.98993,0.00991,0.00000,0.00016
54.70125,0.99750,0.99949,0.00038,0.00000,0.00013
54.80125,0.99750,0.99995,0.00002,0.00000,0.00003
54.90125,0.99750,0.99992,0.00002,0.00000,0.00006
55.00125,0.99750,0.99996,0.00003,0.00000,0.00001
55.10125,0.99750,0.99995,0.00004,0.00000,0.00001
55.20125,0.99750,0.99994,0.00006,0.00000,0.00001
55.30125,0.99750,0.99956,0.00044,0.00000,0.00000
55.40125,0.99750,0.99456,0.00544,0.00000,0.00001
55.50125,0.99750,0.92704,0.07293,0.00000,0.00003
55.60125,0.99750,0.46517,0.53478,0.00001,0.00005
55.70125,0.99750,0.18923,0.81071,0.00001,0.00005
55.80125,0.99750,0.22674,0.77320,0.00001,0.00005
55.90125,0.99750,0.83391,0.16597,0.00000,0.00011
56.00125,0.99750,0.99293,0.00672,0.00000,0.00035
56.10125,0.99750,0.99953,0.00033,0.00000,0.00014
56.20125,0.99750,0.99987,0.00006,0.00000,0.00007
56.30125,0.99750,0.99989,0.00009,0.00000,0.00002
56.40125,0.99750,0.99981,0.00016,0.00000,0.00003
56.50125,0.99750,0.99983,0.00015,0.00000,0.00002
56.60125,0.99750,0.99972,0.00028,0.00000,0.00000
56.70125,0.99750,0.99852,0.00148,0.00000,0.00000
56.80125,0.99750,0.98573,0.01425,0.00000,0.00002
56.90125,0.99750,0.82398,0.17598,0.00000,0.00004
57.00125,0.99750,0.65385,0.34609,0.00000,0.00005
57.10125,0.99750,0.58553,0.41440,0.00000,0.00007
57.20125,0.99750,0.91527,0.08469,0.00000,0.00004
57.30125,0.99750,0.99674,0.00309,0.00000,0.00017
57.40125,0.99750,0.99985,0.00011,0.00000,0.00004
57.50125,0.99750,0.99991,0.00006,0.00000,0.00003
57.60125,0.99750,0.99989,0.00009,0.00000,0.00002
57.70125,0.99750,0.99983,0.00016,0.00000,0.00002
57.80125,0.99750,0.99981,0.00018,0.00000,0.00001
57.90125,0.99750,0.99962,0.00038,0.00000,0.00000
58.00125,0.99750,0.99735,0.00265,0.00000,0.00000
58.10125,0.99750,0.96465,0.03535,0.00000,0.00001
58.20125,0.99750,0.69168,0.30829,0.00000,0.00003
58.30125,0.99750,0.49660,0.50337,0.00000,0.00003
58.40125,0.99750,0.48882,0.51115,0.00000,0.00003
58.50125,0.99750,0.92307,0.07690,0.00000,0.00003
58.60125,0.99750,0.99212,0.00779,0.00000,0.00009
58.70125,0.99750,0.99386,0.00611,0.00000,0.00002
58.80125,0.99750,0.99047,0.00952,0.00000,0.00001
58.90125,0.99750,0.98466,0.01526,0.00000,0.00008
59.00125,0.99750,0.98512,0.01482,0.00000,0.00005
59.10125,0.99750,0.98486,0.01513,0.00000,0.00001
59.20125,0.99750,0.95293,0.04705,0.00000,0.00002
59.30125,0.99750,0.72969,0.27027,0.00000,0.00004
59.40125,0.99750,0.39379,0.60615,0.00000,0.00005
59.50125,0.99750,0.28863,0.71131,0.00000,0.00005
59.60125,0.99750,0.65145,0.34848,0.00000,0.00007
59.70125,0.99750,0.97791,0.02188,0.00000,0.00021
59.80125,0.99750,0.99813,0.00154,0.00000,0.00033
59.90125,0.99750,0.99871,0.00125,0.00000,0.00004
60.00125,0.99750,0.99782,0.00216,0.00000,0.00002
60.10125,0.99750,0.99660,0.00332,0.00000,0.00007
60.20125,0.99750,0.99658,0.00340,0.00000,0.00002
60.30125,0.99750,0.99621,0.00379,0.00000,0.00001
60.40125,0.99750,0.97843,0.02156,0.00000,0.00001
60.50125,0.99750,0.82856,0.17140,0.00001,0.00003
60.60125,0.99750,0.60402,0.39592,0.00002,0.00004
60.70125,0.99750,0.48663,0.51330,0.00002,0.00004
60.80125,0.99750,0.77063,0.22932,0.00001,0.00004
60.90125,0.99750,0.98528,0.01466,0.00000,0.00006
61.00125,0.99750,0.99704,0.00273,0.00000,0.00024
61.10125,0.99750,0.99879,0.00116,0.00000,0.00005
61.20125,0.99750,0.99799,0.00199,0.00001,0.00002
61.30125,0.99750,0.99652,0.00341,0.00000,0.00007
61.40125,0.99750,0.99649,0.00349,0.00000,0.00002
61.50125,0.99750,0.99498,0.00502,0.00000,0.00001
61.60125,0.99750,0.95884,0.04115,0.00000,0.00001
61.70125,0.99750,0.69621,0.30377,0.00000,0.00002
61.80125,0.99750,0.25234,0.74764,0.00000,0.00002
61.90125,0.99750,0.26295,0.73703,0.00000,0.00002
62.00125,0.99750,0.56368,0.43629,0.00000,0.00002
62.10125,0.99750,0.95015,0.04982,0.00000,0.00004
62.20125,0.99750,0.99746,0.00243,0.00000,0.00011
62.30125,0.99750,0.99979,0.00018,0.00000,0.00003
62.40125,0.99750,0.99965,0.00032,0.00000,0.00003
62.50125,0.99750,0.99950,0.00047,0.00000,0.00002
62.60125,0.99750,0.99934,0.00063,0.00000,0.00004
62.70125,0.99750,0.99931,0.00068,0.00000,0.00001
62.80125,0.99750,0.99726,0.00273,0.00000,0.00001
62.90125,0.99750,0.97552,0.02443,0.00000,0.00005
63.00125,0.99750,0.89610,0.10380,0.00000,0.00010
63.10125,0.99750,0.86724,0.13265,0.00000,0.00011
63.20125,0.99751,0.86423,0.13565,0.00000,0.00012
63.30125,0.99750,0.97483,0.02511,0.00000,0.00006
63.40125,0.99750,0.99887,0.00103,0.00000,0.00010
63.50125,0.99750,0.99982,0.00006,0.00000,0.00011
63.60125,0.99750,0.99993,0.00005,0.00000,0.00002
63.70125,0.99751,0.99990,0.00009,0.00000,0.00001
63.80125,0.99750,0.99982,0.00015,0.00000,0.00003
63.90125,0.99750,0.99978,0.00022,0.00000,0.00001
64.00125,0.99750,0.99886,0.00114,0.00000,0.00000
64.10125,0.99750,0.98691,0.01308,0.00000,0.00001
64.20125,0.99751,0.84502,0.15496,0.00000,0.00002
64.30125,0.99751,0.53069,0.46927,0.00000,0.00004
64.40125,0.99750,0.36934,0.63062,0.00000,0.00004
64.50125,0.99750,0.71310,0.28687,0.00000,0.00003
64.60125,0.99750,0.98069,0.01924,0.00000,0.00006
64.70125,0.99751,0.99915,0.00076,0.00000,0.00009
64.80125,0.99751,0.99962,0.00035,0.00000,0.00003
64.90125,0.99750,0.99947,0.00052,0.00000,0.00001
65.00125,0.99750,0.99913,0.00085,0.00000,0.00002
65.10125,0.99750,0.99902,0.00096,0.00000,0.00002
65.20125,0.99751,0.99888,0.00111,0.00000,0.00001
65.30125,0.99751,0.99223,0.00775,0.00000,0.00002
65.40125,0.99750,0.91476,0.08518,0.00000,0.00005
65.50125,0.99750,0.51650,0.48338,0.00000,0.00012
65.60125,0.99750,0.15946,0.84044,0.00000,0.00009
65.70125,0.99751,0.12456,0.87536,0.00000,0.00008
65.80125,0.99751,0.63848,0.36124,0.00000,0.00028
65.90125,0.99750,0.97873,0.02023,0.00000,0.00104
66.00125,0.99750,0.99849,0.00114,0.00000,0.00036
66.10125,0.99750,0.99867,0.00106,0.00000,0.00026
66.20125,0.99751,0.99836,0.00159,0.00000,0.00005
66.30125,0.99751,0.99739,0.00258,0.00000,0.00003
66.40125,0.99750,0.99745,0.00253,0.00000,0.00002
66.50125,0.99750,0.99578,0.00422,0.00000,0.00000
66.60125,0.99750,0.98676,0.01324,0.00000,0.00000
66.70125,0.99751,0.89312,0.10688,0.00000,0.00000
66.80125,0.99751,0.42923,0.57075,0.00001,0.00001
66.90125,0.99750,0.11895,0.88103,0.00002,0.00001
67.00125,0.99750,0.31964,0.68034,0.00001,0.00001
67.10125,0.99750,0.87589,0.12409,0.00000,0.00001
67.20125,0.99751,0.99449,0.00545,0.00000,0.00006
67.30125,0.99751,0.99977,0.00020,0.00000,0.00002
67.40125,0.99750,0.99993,0.00004,0.00000,0.00003
67.50125,0.99750,0.99990,0.00007,0.00000,0.00003
67.60125,0.99750,0.99986,0.00011,0.00000,0.00002
67.70125,0.99751,0.99980,0.00017,0.00000,0.00003
67.80125,0.99751,0.99972,0.00027,0.00000,0.00001
67.90125,0.99750,0.99829,0.00170,0.00000,0.00001
68.00125,0.99750,0.97800,0.02196,0.00000,0.00004
68.10125,0.99750,0.76887,0.23106,0.00000,0.00007
68.20125,0.99751,0.62702,0.37288,0.00000,0.00010
68.30125,0.99751,0.61107,0.38883,0.00000,0.00010
68.40125,0.99750,0.91952,0.08042,0.00000,0.00006
68.50125,0.99750,0.99644,0.00341,0.00000,0.00015
68.60125,0.99750,0.99977,0.00012,0.00000,0.00010
68.70125,0.99751,0.99997,0.00001,0.00000,0.00002
68.80125,0.99751,0.99998,0.00000,0.00000,0.00002
68.90125,0.99750,0.99999,0.00000,0.00000,0.00001
69.00125,0.99750,1.00000,0.00000,0.00000,0.00000
69.10125,0.99750,0.99999,0.00000,0.00000,0.00000
69.20125,0.99751,0.99995,0.00005,0.00000,0.00000
69.30125,0.99751,0.99928,0.00072,0.00000,0.00000
69.40125,0.99750,0.98892,0.01106,0.00000,0.00001
69.50125,0.99750,0.83393,0.16603,0.00000,0.00003
69.60125,0.99750,0.50302,0.49692,0.00000,0.00006
69.70125,0.99751,0.40549,0.59444,0.00001,0.00006
69.80125,0.99751,0.74290,0.25704,0.00000,0.00006
69.90125,0.99750,0.98449,0.01536,0.00000,0.00015
70.00125,0.99750,0.99923,0.00057,0.00000,0.00020
70.10125,0.99750,0.99994,0.00002,0.00000,0.00004
70.20125,0.99751,0.99995,0.00001,0.00000,0.00004
70.30125,0.99751,0.99998,0.00001,0.00000,0.00001
70.40125,0.99750,0.99997,0.00002,0.00000,0.00001
70.50125,0.99750,0.99997,0.00003,0.00000,0.00001
70.60125,0.99750,0.99982,0.00017,0.00000,0.00000
70.70125,0.99751,0.99754,0.00245,0.00000,0.00001
70.80125,0.99751,0.96021,0.03975,0.00000,0.00004
70.90125,0.99750,0.70843,0.29150,0.00000,0.00007
71.00125,0.99750,0.57870,0.42121,0.00000,0.00009
71.10125,0.99750,0.62353,0.37639,0.00000,0.00009
71.20125,0.99751,0.96084,0.03904,0.00000,0.00012
71.30125,0.99751,0.99806,0.00162,0.00000,0.00032
71.40125,0.99750,0.99987,0.00006,0.00000,0.00007
71.50125,0.99750,0.99995,0.00000,0.00000,0.00005
71.60125,0.99750,0.99995,0.00000,0.00000,0.00004
71.70125,0.99751,0.99999,0.00000,0.00000,0.00000
71.80125,0.99751,0.99999,0.00000,0.00000,0.00000
71.90125,0.99750,0.99998,0.00001,0.00000,0.00000
72.00125,0.99750,0.99979,0.00021,0.00000,0.00000
72.10125,0.99750,0.99714,0.00285,0.00000,0.00001
72.20125,0.99751,0.96066,0.03929,0.00000,0.00004
72.30125,0.99751,0.67260,0.32731,0.00001,0.00009
72.40125,0.99750,0.50768,0.49221,0.00001,0.00011
72.50125,0.99750,0.52675,0.47314,0.00001,0.00010
72.60125,0.99750,0.92802,0.07187,0.00000,0.00011
72.70125,0.99751,0.99660,0.00305,0.00000,0.00035
72.80125,0.99751,0.99982,0.00010,0.00000,0.00008
72.90125,0.99750,0.99995,0.00001,0.00000,0.00005
73.00125,0.99750,0.99996,0.00000,0.00000,0.00004
73.10125,0.99750,0.99998,0.00000,0.00000,0.00002
73.20125,0.99751,1.00000,0.00000,0.00000,0.00000
73.30125,0.99751,1.00000,0.00000,0.00000,0.00000
73.40125,0.99750,1.00000,0.00000,0.00000,0.00000
73.50125,0.99750,1.00000,0.00000,0.00000,0.00000
73.60125,0.99750,0.99998,0.00001,0.00000,0.00001
73.70125,0.99751,0.99977,0.00023,0.00000,0.00001
73.80125,0.99751,0.99660,0.00339,0.00000,0.00001
73.90125,0.99750,0.95372,0.04623,0.00000,0.00005
74.00125,0.99750,0.58584,0.41406,0.00000,0.00009
74.10125,0.99750,0.13013,0.86981,0.00000,0.00006
74.20125,0.99751,0.12137,0.87857,0.00000,0.00006
74.30125,0.99751,0.67358,0.32617,0.00000,0.00025
74.40125,0.99750,0.97891,0.02057,0.00000,0.00052
74.50125,0.99750,0.99907,0.00071,0.00000,0.00022
74.60125,0.99750,0.99987,0.00004,0.00000,0.00009
74.70125,0.99751,0.99990,0.00001,0.00000,0.00009
74.80125,0.99751,0.99996,0.00003,0.00000,0.00001
74.90125,0.99750,0.99994,0.00004,0.00000,0.00001
75.00125,0.99750,0.99994,0.00005,0.00000,0.00001
75.10125,0.99750,0.99982,0.00018,0.00000,0.00000
75.20125,0.99751,0.99752,0.00247,0.00000,0.00001
75.30125,0.99751,0.96441,0.03553,0.00000,0.00006
75.40125,0.99750,0.65976,0.34016,0.00001,0.00007
75.50125,0.99750,0.56053,0.43937,0.00001,0.00009
75.60125,0.99750,0.59701,0.40289,0.00001,0.00009
75.70125,0.99751,0.95209,0.04783,0.00000,0.00008
75.80125,0.99751,0.99792,0.00190,0.00000,0.00018
75.90125,0.99750,0.99989,0.00006,0.00000,0.00005
76.00125,0.99750,0.99997,0.00000,0.00000,0.00003
76.10125,0.99750,0.99997,0.00000,0.00000,0.00003
76.20125,0.99751,1.00000,0.00000,0.00000,0.00000
76.30125,0.99751,1.00000,0.00000,0.00000,0.00000
76.40125,0.99750,0.99999,0.00000,0.00000,0.00000
76.50125,0.99750,0.99991,0.00008,0.00000,0.00000
76.60125,0.99750,0.99882,0.00117,0.00000,0.00001
76.70125,0.99751,0.98104,0.01893,0.00000,0.00004
76.80125,0.99751,0.75732,0.24260,0.00000,0.00008
76.90125,0.99750,0.46483,0.53507,0.00000,0.00010
77.00125,0.99750,0.38682,0.61308,0.00000,0.00010
77.10125,0.99750,0.77344,0.22646,0.00000,0.00010
77.20125,0.99751,0.98741,0.01227,0.00000,0.00033
77.30125,0.99751,0.99930,0.00049,0.00000,0.00021
77.40125,0.99750,0.99970,0.00022,0.00000,0.00007
77.50125,0.99750,0.99964,0.00033,0.00000,0.00002
77.60125,0.99750,0.99943,0.00055,0.00000,0.00002
77.70125,0.99751,0.99942,0.00057,0.00000,0.00001
77.80125,0.99751,0.99936,0.00063,0.00000,0.00001
77.90125,0.99750,0.99450,0.00548,0.00000,0.00002
78.00125,0.99750,0.93702,0.06290,0.00000,0.00007
78.10125,0.99750,0.75904,0.24085,0.00000,0.00011
78.20125,0.99751,0.57727,0.42259,0.00000,0.00014
78.30125,0.99751,0.61529,0.38457,0.00000,0.00014
78.40125,0.99750,0.95861,0.04128,0.00000,0.00010
78.50125,0.99750,0.99800,0.00166,0.00000,0.00034
78.60125,0.99750,0.99961,0.00020,0.00000,0.00019
78.70125,0.99751,0.99966,0.00028,0.00000,0.00005
78.80125,0.99751,0.99949,0.00050,0.00000,0.00001
78.90125,0.99750,0.99910,0.00088,0.00000,0.00002
79.00125,0.99750,0.99900,0.00099,0.00000,0.00000
79.10125,0.99750,0.99486,0.00513,0.00000,0.00000
79.20125,0.99751,0.96318,0.03681,0.00000,0.00001
79.30125,0.99751,0.69915,0.30083,0.00000,0.00002
79.40125,0.99750,0.20224,0.79774,0.00000,0.00001
79.50125,0.99750,0.18526,0.81472,0.00000,0.00001
79.60125,0.99750,0.66749,0.33249,0.00000,0.00002
79.70125,0.99751,0.97915,0.02080,0.00000,0.00005
79.80125,0.99751,0.99906,0.00083,0.00000,0.00011
79.90125,0.99750,0.99995,0.00003,0.00000,0.00002
80.00125,0.99750,0.99993,0.00002,0.00000,0.00006
80.10125,0.99750,0.99996,0.00002,0.00000,0.00002
80.20125,0.99751,0.99995,0.00004,0.00000,0.00000
80.30125,0.99751,0.99993,0.00006,0.00000,0.00001
80.40125,0.99750,0.99973,0.00027,0.00000,0.00000
80.50125,0.99750,0.99563,0.00436,0.00000,0.00000
80.60125,0.99750,0.94196,0.05803,0.00001,0.00001
80.70125,0.99751,0.51572,0.48424,0.00003,0.00002
80.80125,0.99751,0.26729,0.73265,0.00004,0.00002
80.90125,0.99750,0.35424,0.64571,0.00004,0.00002
81.00125,0.99750,0.88688,0.11310,0.00000,0.00002
81.10125,0.99750,0.99505,0.00489,0.00000,0.00006
81.20125,0.99751,0.99975,0.00019,0.00000,0.00006
81.30125,0.99751,0.99998,0.00001,0.00000,0.00001
81.40125,0.99750,0.99997,0.00000,0.00000,0.00003
81.50125,0.99750,0.99998,0.00000,0.00000,0.00002
81.60125,0.99750,0.99999,0.00000,0.00000,0.00001
81.70125,0.99751,1.00000,0.00000,0.00000,0.00000
81.80125,0.99751,1.00000,0.00000,0.00000,0.00000
81.90125,0.99750,0.99999,0.00000,0.00000,0.00000
82.00125,0.99750,0.99993,0.00007,0.00000,0.00000
82.10125,0.99750,0.99886,0.00114,0.00000,0.00001
82.20125,0.99751,0.98347,0.01650,0.00000,0.00002
82.30125,0.99751,0.81865,0.18126,0.00000,0.00008
82.40125,0.99750,0.64146,0.35843,0.00001,0.00010
82.50125,0.99750,0.61007,0.38981,0.00001,0.00011
82.60125,0.99750,0.88271,0.11721,0.00000,0.00008
82.70125,0.99751,0.99401,0.00584,0.00000,0.00015
82.80125,0.99751,0.99957,0.00024,0.00000,0.00019
82.90125,0.99750,0.99996,0.00001,0.00000,0.00003
83.00125,0.99750,0.99997,0.00000,0.00000,0.00003
83.10125,0.99750,0.99998,0.00000,0.00000,0.00002
83.20125,0.99751,0.99999,0.00000,0.00000,0.00001
83.30125,0.99751,1.00000,0.00000,0.00000,0.00000
83.40125,0.99750,1.00000,0.00000,0.00000,0.00000
83.50125,0.99750,1.00000,0.00000,0.00000,0.00000
83.60125,0.99750,0.99997,0.00002,0.00000,0.00000
83.70125,0.99751,0.99959,0.00041,0.00000,0.00000
83.80125,0.99751,0.99352,0.00647,0.00000,0.00001
83.90125,0.99750,0.91566,0.08431,0.00000,0.00002
84.00125,0.99750,0.82097,0.17899,0.00000,0.00004
84.10125,0.99750,0.83749,0.16247,0.00000,0.00004
84.20125,0.99751,0.93515,0.06483,0.00000,0.00002
84.30125,0.99751,0.98831,0.01162,0.00000,0.00007
84.40125,0.99750,0.98971,0.01028,0.00000,0.00002
84.50125,0.99750,0.98699,0.01300,0.00000,0.00001
84.60125,0.99750,0.98473,0.01522,0.00000,0.00005
84.70125,0.99751,0.98462,0.01535,0.00000,0.00002
84.80125,0.99751,0.98437,0.01561,0.00000,0.00002
84.90125,0.99750,0.97477,0.02518,0.00000,0.00004
85.00125,0.99750,0.81393,0.18597,0.00000,0.00009
85.10125,0.99750,0.54803,0.45181,0.00000,0.00015
85.20125,0.99751,0.49494,0.50491,0.00000,0.00016
85.30125,0.99751,0.90281,0.09706,0.00000,0.00013
85.40125,0.99750,0.99546,0.00406,0.00000,0.00047
85.50125,0.99750,0.99956,0.00020,0.00000,0.00024
85.60125,0.99750,0.99977,0.00018,0.00000,0.00005
85.70125,0.99751,0.99971,0.00028,0.00000,0.00002
85.80125,0.99751,0.99941,0.00056,0.00000,0.00004
85.90125,0.99750,0.99934,0.00065,0.00000,0.00001
86.00125,0.99750,0.99883,0.00117,0.00000,0.00001
86.10125,0.99750,0.98854,0.01144,0.00000,0.00001
86.20125,0.99751,0.88146,0.11848,0.00000,0.00006
86.30125,0.99751,0.79892,0.20101,0.00001,0.00007
86.40125,0.99750,0.78241,0.21751,0.00001,0.00007
86.50125,0.99750,0.89096,0.10899,0.00000,0.00005
86.60125,0.99750,0.99034,0.00956,0.00000,0.00009
86.70125,0.99751,0.99911,0.00062,0.00000,0.00027
86.80125,0.99751,0.99991,0.00003,0.00000,0.00006
86.90125,0.99750,0.99995,0.00000,0.00000,0.00005
87.00125,0.99750,0.99997,0.00000,0.00000,0.00003
87.10125,0.99750,0.99999,0.00000,0.00000,0.00001
87.20125,0.99751,1.00000,0.00000,0.00000,0.00000
87.30125,0.99751,1.00000,0.00000,0.00000,0.00000
87.40125,0.99750,1.00000,0.00000,0.00000,0.00000
87.50125,0.99750,1.00000,0.00000,0.00000,0.00000
87.60125,0.99750,1.00000,0.00000,0.00000,0.00000
87.70125,0.99751,1.00000,0.00000,0.00000,0.00000
87.80125,0.99751,1.00000,0.00000,0.00000,0.00000
87.90125,0.99750,1.00000,0.00000,0.00000,0.00000
88.00125,0.99750,1.00000,0.00000,0.00000,0.00000
88.10125,0.99750,1.00000,0.00000,0.00000,0.00000
88.20125,0.99751,1.00000,0.00000,0.00000,0.00000
88.30125,0.99751,1.00000,0.00000,0.00000,0.00000
88.40125,0.99750,1.00000,0.00000,0.00000,0.00000
88.50125,0.99750,1.00000,0.00000,0.00000,0.00000
88.60125,0.99750,1.00000,0.00000,0.00000,0.00000
88.70125,0.99751,0.99999,0.00000,0.00000,0.00001
