Time (seconds), Duration (seconds),pred_(unlabeled),pred_Jab_R,pred_Sidehook_R,pred_Uppercut_R
0.00125,0.99750,1.00000,0.00000,0.00000,0.00000
0.10125,0.99750,1.00000,0.00000,0.00000,0.00000
0.20125,0.99750,1.00000,0.00000,0.00000,0.00000
0.30125,0.99750,1.00000,0.00000,0.00000,0.00000
0.40125,0.99750,1.00000,0.00000,0.00000,0.00000
0.50125,0.99750,1.00000,0.00000,0.00000,0.00000
0.60125,0.99750,1.00000,0.00000,0.00000,0.00000
0.70125,0.99750,1.00000,0.00000,0.00000,0.00000
0.80125,0.99750,1.00000,0.00000,0.00000,0.00000
0.90125,0.99750,1.00000,0.00000,0.00000,0.00000
1.00125,0.99750,1.00000,0.00000,0.00000,0.00000
1.10125,0.99750,0.99999,0.00000,0.00000,0.00001
1.20125,0.99750,0.99998,0.00000,0.00000,0.00002
1.30125,0.99750,0.99997,0.00000,0.00000,0.00003
1.40125,0.99750,0.99994,0.00000,0.00000,0.00006
1.50125,0.99750,0.99986,0.00004,0.00000,0.00009
1.60125,0.99750,0.99946,0.00002,0.00011,0.00040
1.70125,0.99750,0.99808,0.00004,0.00174,0.00014
1.80125,0.99750,0.95718,0.00032,0.04226,0.00024
1.90125,0.99750,0.44870,0.00193,0.54921,0.00016
2.00125,0.99750,0.04025,0.00162,0.95811,0.00002
2.10125,0.99750,0.01459,0.00132,0.98408,0.00000
2.20125,0.99750,0.02276,0.00144,0.97579,0.00001
2.30125,0.99750,0.36022,0.00155,0.63816,0.00006
2.40125,0.99750,0.93065,0.00029,0.06898,0.00009
2.50125,0.99750,0.99629,0.00004,0.00362,0.00004
2.60125,0.99750,0.99973,0.00009,0.00016,0.00002
2.70125,0.99750,0.99992,0.00004,0.00001,0.00004
2.80125,0.99750,0.99998,0.00000,0.00000,0.00002
2.90125,0.99750,0.99998,0.00000,0.00000,0.00002
3.00125,0.99750,0.99997,0.00000,0.00000,0.00003
3.10125,0.99750,0.99998,0.00000,0.00000,0.00002
3.20125,0.99750,0.99997,0.00000,0.00000,0.00003
3.30125,0.99750,0.99996,0.00001,0.00000,0.00003
3.40125,0.99750,0.99979,0.00000,0.00006,0.00015
3.50125,0.99750,0.99901,0.00001,0.00088,0.00010
3.60125,0.99750,0.98037,0.00005,0.01948,0.00010
3.70125,0.99750,0.67302,0.00027,0.32662,0.00008
3.80125,0.99750,0.07144,0.00038,0.92816,0.00001
3.90125,0.99750,0.01614,0.00031,0.98355,0.00000
4.00125,0.99750,0.04389,0.00036,0.95575,0.00001
4.10125,0.99750,0.47484,0.00030,0.52481,0.00005
4.20125,0.99750,0.94316,0.00006,0.05673,0.00005
4.30125,0.99750,0.99739,0.00002,0.00255,0.00004
4.40125,0.99750,0.99982,0.00008,0.00008,0.00001
4.50125,0.99750,0.99996,0.00002,0.00000,0.00002
4.60125,0.99750,0.99998,0.00000,0.00000,0.00002
4.70125,0.99750,0.99998,0.00000,0.00000,0.00002
4.80125,0.99750,0.99999,0.00000,0.00000,0.00001
4.90125,0.99750,0.99999,0.00000,0.00000,0.00001
5.00125,0.99750,0.99999,0.00000,0.00000,0.00001
5.10125,0.99750,0.99999,0.00000,0.00000,0.00000
5.20125,0.99750,0.99999,0.00000,0.00000,0.00001
5.30125,0.99750,0.99998,0.00000,0.00000,0.00002
5.40125,0.99750,0.99998,0.00000,0.00000,0.00002
5.50125,0.99750,0.99996,0.00000,0.00000,0.00004
5.60125,0.99750,0.99995,0.00001,0.00000,0.00003
5.70125,0.99750,0.99978,0.00000,0.00004,0.00018
5.80125,0.99750,0.99939,0.00001,0.00052,0.00009
5.90125,0.99750,0.98854,0.00006,0.01125,0.00014
6.00125,0.99750,0.78919,0.00062,0.21007,0.00013
6.10125,0.99750,0.11878,0.00114,0.88005,0.00002
6.20125,0.99750,0.01480,0.00076,0.98444,0.00000
6.30125,0.99750,0.01278,0.00072,0.98649,0.00000
6.40125,0.99750,0.18999,0.00097,0.80902,0.00002
6.50125,0.99750,0.83925,0.00034,0.16036,0.00004
6.60125,0.99750,0.99031,0.00007,0.00958,0.00005
6.70125,0.99750,0.99945,0.00018,0.00037,0.00001
6.80125,0.99750,0.99989,0.00007,0.00002,0.00002
6.90125,0.99750,0.99998,0.00001,0.00000,0.00001
7.00125,0.99750,0.99999,0.00000,0.00000,0.00001
7.10125,0.99750,0.99999,0.00000,0.00000,0.00001
7.20125,0.99750,0.99999,0.00000,0.00000,0.00001
7.30125,0.99750,1.00000,0.00000,0.00000,0.00000
7.40125,0.99750,1.00000,0.00000,0.00000,0.00000
7.50125,0.99750,1.00000,0.00000,0.00000,0.00000
7.60125,0.99750,0.99999,0.00000,0.00000,0.00001
7.70125,0.99750,0.99998,0.00000,0.00000,0.00002
7.80125,0.99750,0.99998,0.00000,0.00000,0.00002
7.90125,0.99750,0.99997,0.00001,0.00000,0.00002
8.00125,0.99750,0.99989,0.00001,0.00002,0.00008
8.10125,0.99750,0.99959,0.00001,0.00033,0.00007
8.20125,0.99750,0.99275,0.00004,0.00713,0.00007
8.30125,0.99750,0.86617,0.00029,0.13347,0.00007
8.40125,0.99750,0.20054,0.00062,0.79881,0.00002
8.50125,0.99750,0.02047,0.00040,0.97913,0.00000
8.60125,0.99750,0.01378,0.00036,0.98586,0.00000
8.70125,0.99750,0.01627,0.00034,0.98339,0.00000
8.80125,0.99750,0.19335,0.00048,0.80614,0.00003
8.90125,0.99750,0.83179,0.00019,0.16794,0.00009
9.00125,0.99750,0.99228,0.00036,0.00735,0.00002
9.10125,0.99750,0.99919,0.00030,0.00048,0.00003
9.20125,0.99750,0.99991,0.00004,0.00002,0.00003
9.30125,0.99750,0.99997,0.00001,0.00000,0.00002
9.40125,0.99750,0.99998,0.00000,0.00000,0.00002
9.50125,0.99750,0.99998,0.00000,0.00000,0.00002
9.60125,0.99750,0.99999,0.00000,0.00000,0.00001
9.70125,0.99750,0.99999,0.00000,0.00000,0.00001
9.80125,0.99750,0.99999,0.00000,0.00000,0.00001
9.90125,0.99750,0.99999,0.00000,0.00000,0.00001
10.00125,0.99750,0.99996,0.00000,0.00000,0.00004
10.10125,0.99750,0.99994,0.00000,0.00000,0.00006
10.20125,0.99750,0.99987,0.00001,0.00000,0.00013
10.30125,0.99750,0.99952,0.00001,0.00001,0.00046
10.40125,0.99750,0.99857,0.00000,0.00009,0.00133
10.50125,0.99750,0.99763,0.00000,0.00117,0.00120
10.60125,0.99750,0.97692,0.00001,0.02184,0.00122
10.70125,0.99750,0.59543,0.00009,0.40379,0.00069
10.80125,0.99750,0.08135,0.00010,0.91844,0.00011
10.90125,0.99750,0.02122,0.00009,0.97868,0.00002
11.00125,0.99750,0.03384,0.00009,0.96605,0.00002
11.10125,0.99750,0.42792,0.00010,0.57180,0.00017
11.20125,0.99750,0.88707,0.00004,0.11265,0.00024
11.30125,0.99750,0.99504,0.00003,0.00488,0.00005
11.40125,0.99750,0.99957,0.00016,0.00025,0.00002
11.50125,0.99750,0.99991,0.00006,0.00001,0.00002
11.60125,0.99750,0.99997,0.00001,0.00000,0.00002
11.70125,0.99750,0.99998,0.00000,0.00000,0.00002
11.80125,0.99750,0.99999,0.00000,0.00000,0.00001
11.90125,0.99750,0.99999,0.00000,0.00000,0.00001
12.00125,0.99750,0.99998,0.00000,0.00000,0.00002
12.10125,0.99750,0.99995,0.00000,0.00000,0.00005
12.20125,0.99750,0.99995,0.00000,0.00000,0.00005
12.30125,0.99750,0.99983,0.00003,0.00000,0.00014
12.40125,0.99750,0.99961,0.00004,0.00005,0.00029
12.50125,0.99750,0.99780,0.00001,0.00115,0.00104
12.60125,0.99750,0.98276,0.00002,0.01633,0.00089
12.70125,0.99750,0.72227,0.00013,0.27668,0.00092
12.80125,0.99750,0.09843,0.00019,0.90124,0.00014
12.90125,0.99750,0.02333,0.00014,0.97652,0.00002
13.00125,0.99750,0.01774,0.00012,0.98213,0.00001
13.10125,0.99750,0.06611,0.00013,0.93372,0.00004
13.20125,0.99750,0.57782,0.00011,0.42176,0.00031
13.30125,0.99750,0.93831,0.00004,0.06139,0.00027
13.40125,0.99750,0.99667,0.00003,0.00323,0.00007
13.50125,0.99750,0.99973,0.00010,0.00015,0.00003
13.60125,0.99750,0.99992,0.00005,0.00001,0.00003
13.70125,0.99750,0.99997,0.00001,0.00000,0.00003
13.80125,0.99750,0.99998,0.00000,0.00000,0.00002
13.90125,0.99750,0.99998,0.00000,0.00000,0.00002
14.00125,0.99750,0.99999,0.00000,0.00000,0.00001
14.10125,0.99750,0.99999,0.00000,0.00000,0.00001
14.20125,0.99750,0.99999,0.00000,0.00000,0.00001
14.30125,0.99750,0.99998,0.00000,0.00000,0.00002
14.40125,0.99750,0.99997,0.00000,0.00000,0.00003
14.50125,0.99750,0.99994,0.00000,0.00000,0.00006
14.60125,0.99750,0.99990,0.00001,0.00000,0.00009
14.70125,0.99750,0.99966,0.00002,0.00002,0.00030
14.80125,0.99750,0.99861,0.00001,0.00037,0.00100
14.90125,0.99750,0.99455,0.00002,0.00472,0.00072
15.00125,0.99750,0.92697,0.00007,0.07194,0.00102
15.10125,0.99750,0.39991,0.00033,0.59935,0.00041
15.20125,0.99750,0.05214,0.00033,0.94749,0.00004
15.30125,0.99750,0.02506,0.00027,0.97467,0.00001
15.40125,0.99750,0.02596,0.00024,0.97379,0.00001
15.50125,0.99750,0.23031,0.00035,0.76928,0.00007
15.60125,0.99750,0.75589,0.00021,0.24371,0.00019
15.70125,0.99750,0.97944,0.00020,0.02030,0.00006
15.80125,0.99750,0.99873,0.00035,0.00090,0.00002
15.90125,0.99750,0.99971,0.00020,0.00006,0.00003
16.00125,0.99750,0.99993,0.00004,0.00000,0.00002
16.10125,0.99750,0.99997,0.00001,0.00000,0.00003
16.20125,0.99750,0.99998,0.00000,0.00000,0.00002
16.30125,0.99750,0.99997,0.00000,0.00000,0.00003
16.40125,0.99750,0.99994,0.00000,0.00000,0.00006
16.50125,0.99750,0.99992,0.00000,0.00000,0.00008
16.60125,0.99750,0.99988,0.00001,0.00000,0.00010
16.70125,0.99750,0.99987,0.00004,0.00002,0.00007
16.80125,0.99750,0.99909,0.00002,0.00041,0.00048
16.90125,0.99750,0.99494,0.00002,0.00472,0.00032
17.00125,0.99750,0.92721,0.00006,0.07236,0.00037
17.10125,0.99750,0.33872,0.00015,0.66100,0.00013
17.20125,0.99750,0.04108,0.00012,0.95879,0.00001
17.30125,0.99750,0.01935,0.00009,0.98055,0.00000
17.40125,0.99750,0.01681,0.00007,0.98312,0.00000
17.50125,0.99750,0.05454,0.00008,0.94537,0.00001
17.60125,0.99750,0.53144,0.00008,0.46843,0.00005
17.70125,0.99750,0.93333,0.00009,0.06648,0.00010
17.80125,0.99750,0.99719,0.00030,0.00249,0.00002
17.90125,0.99750,0.99958,0.00015,0.00024,0.00003
18.00125,0.99750,0.99992,0.00005,0.00001,0.00002
18.10125,0.99750,0.99997,0.00001,0.00000,0.00003
18.20125,0.99750,0.99997,0.00000,0.00000,0.00003
18.30125,0.99750,0.99998,0.00000,0.00000,0.00002
18.40125,0.99750,0.99999,0.00000,0.00000,0.00001
18.50125,0.99750,0.99996,0.00000,0.00000,0.00004
18.60125,0.99750,0.99997,0.00000,0.00000,0.00003
18.70125,0.99750,0.99996,0.00000,0.00000,0.00003
18.80125,0.99750,0.99996,0.00002,0.00000,0.00002
18.90125,0.99750,0.99978,0.00000,0.00007,0.00014
19.00125,0.99750,0.99922,0.00001,0.00070,0.00007
19.10125,0.99750,0.98853,0.00003,0.01137,0.00007
19.20125,0.99750,0.84269,0.00007,0.15720,0.00004
19.30125,0.99750,0.18734,0.00009,0.81256,0.00001
19.40125,0.99750,0.04156,0.00008,0.95836,0.00000
19.50125,0.99750,0.03135,0.00007,0.96858,0.00000
19.60125,0.99750,0.16188,0.00009,0.83803,0.00001
19.70125,0.99750,0.77660,0.00004,0.22332,0.00003
19.80125,0.99750,0.98009,0.00002,0.01982,0.00006
19.90125,0.99750,0.99920,0.00009,0.00070,0.00001
20.00125,0.99750,0.99985,0.00005,0.00007,0.00003
20.10125,0.99750,0.99996,0.00001,0.00000,0.00003
20.20125,0.99750,0.99996,0.00000,0.00000,0.00003
20.30125,0.99750,0.99997,0.00000,0.00000,0.00003
20.40125,0.99750,0.99993,0.00000,0.00000,0.00007
20.50125,0.99750,0.99991,0.00000,0.00000,0.00009
20.60125,0.99750,0.99985,0.00000,0.00000,0.00014
20.70125,0.99750,0.99967,0.00002,0.00000,0.00031
20.80125,0.99750,0.99959,0.00002,0.00004,0.00034
20.90125,0.99750,0.99704,0.00000,0.00095,0.00201
21.00125,0.99750,0.99165,0.00001,0.00705,0.00129
21.10125,0.99750,0.91019,0.00004,0.08861,0.00116
21.20125,0.99750,0.32901,0.00009,0.67047,0.00043
21.30125,0.99750,0.08301,0.00006,0.91687,0.00007
21.40125,0.99750,0.04901,0.00005,0.95092,0.00002
21.50125,0.99750,0.05100,0.00004,0.94894,0.00002
21.60125,0.99750,0.22016,0.00005,0.77969,0.00010
21.70125,0.99750,0.84295,0.00002,0.15685,0.00019
21.80125,0.99750,0.98808,0.00002,0.01179,0.00011
21.90125,0.99750,0.99944,0.00011,0.00042,0.00003
22.00125,0.99750,0.99983,0.00005,0.00006,0.00005
22.10125,0.99750,0.99991,0.00002,0.00000,0.00007
22.20125,0.99750,0.99992,0.00000,0.00000,0.00007
22.30125,0.99750,0.99993,0.00000,0.00000,0.00007
22.40125,0.99750,0.99995,0.00000,0.00000,0.00005
22.50125,0.99750,0.99997,0.00000,0.00000,0.00003
22.60125,0.99750,0.99997,0.00000,0.00000,0.00003
22.70125,0.99750,0.99996,0.00000,0.00000,0.00004
22.80125,0.99750,0.99994,0.00000,0.00000,0.00006
22.90125,0.99750,0.99995,0.00000,0.00000,0.00005
23.00125,0.99750,0.99995,0.00000,0.00000,0.00005
23.10125,0.99750,0.99987,0.00000,0.00000,0.00013
23.20125,0.99750,0.99982,0.00000,0.00000,0.00017
23.30125,0.99750,0.99977,0.00001,0.00000,0.00022
23.40125,0.99750,0.99985,0.00005,0.00001,0.00009
23.50125,0.99750,0.99937,0.00002,0.00017,0.00044
23.60125,0.99750,0.99817,0.00003,0.00163,0.00017
23.70125,0.99750,0.97844,0.00007,0.02132,0.00017
23.80125,0.99750,0.75690,0.00018,0.24286,0.00006
23.90125,0.99750,0.09683,0.00027,0.90289,0.00001
24.00125,0.99750,0.01882,0.00024,0.98093,0.00000
24.10125,0.99750,0.01284,0.00021,0.98694,0.00000
24.20125,0.99750,0.03350,0.00023,0.96626,0.00000
24.30125,0.99750,0.35475,0.00026,0.64497,0.00002
24.40125,0.99750,0.90584,0.00027,0.09383,0.00007
24.50125,0.99750,0.99572,0.00061,0.00365,0.00002
24.60125,0.99750,0.99948,0.00028,0.00021,0.00003
24.70125,0.99750,0.99990,0.00006,0.00001,0.00002
24.80125,0.99750,0.99995,0.00001,0.00000,0.00004
24.90125,0.99750,0.99997,0.00000,0.00000,0.00003
25.00125,0.99750,0.99997,0.00000,0.00000,0.00003
25.10125,0.99750,0.99999,0.00000,0.00000,0.00001
25.20125,0.99750,0.99999,0.00000,0.00000,0.00001
25.30125,0.99750,0.99999,0.00000,0.00000,0.00001
25.40125,0.99750,0.99999,0.00000,0.00000,0.00001
25.50125,0.99750,0.99999,0.00000,0.00000,0.00001
25.60125,0.99750,0.99999,0.00000,0.00000,0.00001
25.70125,0.99750,0.99998,0.00000,0.00000,0.00002
25.80125,0.99750,0.99997,0.00000,0.00000,0.00003
25.90125,0.99750,0.99994,0.00001,0.00000,0.00005
26.00125,0.99750,0.99996,0.00001,0.00000,0.00003
26.10125,0.99750,0.99970,0.00000,0.00011,0.00020
26.20125,0.99750,0.99935,0.00001,0.00033,0.00032
26.30125,0.99750,0.99465,0.00002,0.00491,0.00041
26.40125,0.99750,0.90910,0.00007,0.09045,0.00038
26.50125,0.99750,0.28978,0.00021,0.70986,0.00015
26.60125,0.99750,0.11376,0.00020,0.88601,0.00003
26.70125,0.99750,0.09175,0.00017,0.90807,0.00002
26.80125,0.99750,0.25665,0.00017,0.74309,0.00010
26.90125,0.99750,0.83450,0.00006,0.16516,0.00028
27.00125,0.99750,0.98245,0.00012,0.01708,0.00036
27.10125,0.99750,0.99886,0.00036,0.00070,0.00008
27.20125,0.99750,0.99964,0.00014,0.00018,0.00005
27.30125,0.99750,0.99989,0.00005,0.00001,0.00006
27.40125,0.99750,0.99993,0.00001,0.00000,0.00006
27.50125,0.99750,0.99994,0.00000,0.00000,0.00005
27.60125,0.99750,0.99996,0.00000,0.00000,0.00004
27.70125,0.99750,0.99997,0.00000,0.00000,0.00003
27.80125,0.99750,0.99998,0.00000,0.00000,0.00002
27.90125,0.99750,0.99999,0.00000,0.00000,0.00001
28.00125,0.99750,0.99999,0.00000,0.00000,0.00001
28.10125,0.99750,0.99998,0.00000,0.00000,0.00002
28.20125,0.99750,0.99995,0.00000,0.00000,0.00005
28.30125,0.99750,0.99994,0.00000,0.00000,0.00006
28.40125,0.99750,0.99987,0.00002,0.00000,0.00010
28.50125,0.99750,0.99986,0.00007,0.00002,0.00006
28.60125,0.99750,0.99924,0.00003,0.00042,0.00032
28.70125,0.99750,0.99340,0.00007,0.00635,0.00018
28.80125,0.99750,0.89108,0.00032,0.10847,0.00013
28.90125,0.99750,0.26619,0.00061,0.73316,0.00004
29.00125,0.99750,0.02481,0.00033,0.97486,0.00000
29.10125,0.99750,0.01940,0.00021,0.98039,0.00000
29.20125,0.99750,0.03078,0.00014,0.96908,0.00000
29.30125,0.99750,0.06802,0.00014,0.93181,0.00002
29.40125,0.99750,0.18037,0.00018,0.81928,0.00017
29.50125,0.99750,0.39350,0.00034,0.60493,0.00123
29.60125,0.99750,0.75530,0.00765,0.23549,0.00156
29.70125,0.99750,0.97074,0.00364,0.02127,0.00435
29.80125,0.99750,0.98397,0.00088,0.00211,0.01304
29.90125,0.99750,0.96652,0.00032,0.00029,0.03286
30.00125,0.99750,0.95703,0.00009,0.00002,0.04285
30.10125,0.99750,0.95756,0.00003,0.00000,0.04241
30.20125,0.99750,0.97805,0.00001,0.00000,0.02194
30.30125,0.99750,0.98940,0.00000,0.00000,0.01059
30.40125,0.99750,0.99504,0.00000,0.00000,0.00496
30.50125,0.99750,0.99766,0.00000,0.00000,0.00234
30.60125,0.99750,0.99829,0.00000,0.00000,0.00171
30.70125,0.99750,0.99808,0.00000,0.00000,0.00192
30.80125,0.99750,0.99886,0.00000,0.00000,0.00114
30.90125,0.99750,0.99915,0.00000,0.00000,0.00085
31.00125,0.99750,0.99909,0.00000,0.00000,0.00091
31.10125,0.99750,0.99908,0.00000,0.00000,0.00092
31.20125,0.99750,0.99900,0.00000,0.00000,0.00100
31.30125,0.99750,0.99892,0.00000,0.00000,0.00108
31.40125,0.99750,0.99902,0.00000,0.00000,0.00098
31.50125,0.99750,0.99898,0.00000,0.00000,0.00102
31.60125,0.99750,0.99879,0.00000,0.00000,0.00121
31.70125,0.99750,0.99879,0.00000,0.00000,0.00121
31.80125,0.99750,0.99882,0.00000,0.00000,0.00118
31.90125,0.99750,0.99877,0.00000,0.00000,0.00123
32.00125,0.99750,0.99880,0.00000,0.00000,0.00120
32.10125,0.99750,0.99884,0.00000,0.00000,0.00116
32.20125,0.99750,0.99881,0.00000,0.00000,0.00119
32.30125,0.99750,0.99881,0.00000,0.00000,0.00119
32.40125,0.99750,0.99880,0.00000,0.00000,0.00120
32.50125,0.99750,0.99885,0.00000,0.00000,0.00115
32.60125,0.99750,0.99877,0.00000,0.00000,0.00123
32.70125,0.99750,0.99862,0.00000,0.00000,0.00138
32.80125,0.99750,0.99861,0.00000,0.00000,0.00139
32.90125,0.99750,0.99870,0.00000,0.00000,0.00130
33.00125,0.99750,0.99868,0.00000,0.00000,0.00132
33.10125,0.99750,0.99868,0.00000,0.00000,0.00132
33.20125,0.99750,0.99873,0.00000,0.00000,0.00127
33.30125,0.99750,0.99887,0.00000,0.00000,0.00113
33.40125,0.99750,0.99896,0.00000,0.00000,0.00104
33.50125,0.99750,0.99898,0.00000,0.00000,0.00102
33.60125,0.99750,0.99892,0.00000,0.00000,0.00108
33.70125,0.99750,0.99878,0.00000,0.00000,0.00122
33.80125,0.99750,0.99868,0.00000,0.00000,0.00132
33.90125,0.99750,0.99862,0.00000,0.00000,0.00138
34.00125,0.99750,0.99868,0.00000,0.00000,0.00132
34.10125,0.99750,0.99865,0.00000,0.00000,0.00135
34.20125,0.99750,0.99859,0.00000,0.00000,0.00141
34.30125,0.99750,0.99842,0.00000,0.00000,0.00158
34.40125,0.99750,0.99840,0.00000,0.00000,0.00160
34.50125,0.99750,0.99875,0.00000,0.00000,0.00125
34.60125,0.99750,0.99913,0.00000,0.00000,0.00087
34.70125,0.99750,0.99926,0.00000,0.00000,0.00074
34.80125,0.99750,0.99926,0.00000,0.00000,0.00074
34.90125,0.99750,0.99930,0.00000,0.00000,0.00070
35.00125,0.99750,0.99918,0.00000,0.00000,0.00082
35.10125,0.99750,0.99903,0.00000,0.00000,0.00097
35.20125,0.99750,0.99912,0.00000,0.00000,0.00088
35.30125,0.99750,0.99924,0.00000,0.00000,0.00076
35.40125,0.99750,0.99930,0.00000,0.00000,0.00070
35.50125,0.99750,0.99919,0.00000,0.00000,0.00081
35.60125,0.99750,0.99901,0.00000,0.00000,0.00099
35.70125,0.99750,0.99916,0.00000,0.00000,0.00084
35.80125,0.99750,0.99918,0.00000,0.00000,0.00082
35.90125,0.99750,0.99905,0.00000,0.00000,0.00095
36.00125,0.99750,0.99928,0.00000,0.00000,0.00072
36.10125,0.99750,0.99927,0.00000,0.00000,0.00073
36.20125,0.99750,0.99925,0.00000,0.00000,0.00075
36.30125,0.99750,0.99918,0.00000,0.00000,0.00082
36.40125,0.99750,0.99904,0.00000,0.00000,0.00096
36.50125,0.99750,0.99898,0.00000,0.00000,0.00102
36.60125,0.99750,0.99890,0.00000,0.00000,0.00110
36.70125,0.99750,0.99897,0.00000,0.00000,0.00103
36.80125,0.99750,0.99916,0.00000,0.00000,0.00084
36.90125,0.99750,0.99934,0.00000,0.00000,0.00066
37.00125,0.99750,0.99948,0.00000,0.00000,0.00052
37.10125,0.99750,0.99956,0.00000,0.00000,0.00044
37.20125,0.99750,0.99959,0.00000,0.00000,0.00041
37.30125,0.99750,0.99953,0.00000,0.00000,0.00047
37.40125,0.99750,0.99953,0.00000,0.00000,0.00047
37.50125,0.99750,0.99949,0.00000,0.00000,0.00051
37.60125,0.99750,0.99954,0.00000,0.00000,0.00046
37.70125,0.99750,0.99942,0.00000,0.00000,0.00058
37.80125,0.99750,0.99922,0.00000,0.00000,0.00078
37.90125,0.99750,0.99918,0.00000,0.00000,0.00082
38.00125,0.99750,0.99913,0.00000,0.00000,0.00087
38.10125,0.99750,0.99902,0.00000,0.00000,0.00098
38.20125,0.99750,0.99909,0.00000,0.00000,0.00091
38.30125,0.99750,0.99919,0.00000,0.00000,0.00081
38.40125,0.99750,0.99925,0.00000,0.00000,0.00075
38.50125,0.99750,0.99929,0.00000,0.00000,0.00071
38.60125,0.99750,0.99934,0.00000,0.00000,0.00066
38.70125,0.99750,0.99948,0.00000,0.00000,0.00052
38.80125,0.99750,0.99954,0.00000,0.00000,0.00046
38.90125,0.99750,0.99955,0.00000,0.00000,0.00045
39.00125,0.99750,0.99958,0.00000,0.00000,0.00042
39.10125,0.99750,0.99963,0.00000,0.00000,0.00037
39.20125,0.99750,0.99960,0.00000,0.00000,0.00040
39.30125,0.99750,0.99956,0.00000,0.00000,0.00044
39.40125,0.99750,0.99951,0.00000,0.00000,0.00049
39.50125,0.99750,0.99947,0.00000,0.00000,0.00053
39.60125,0.99750,0.99940,0.00000,0.00000,0.00060
39.70125,0.99750,0.99935,0.00000,0.00000,0.00065
39.80125,0.99750,0.99933,0.00000,0.00000,0.00067
39.90125,0.99750,0.99927,0.00000,0.00000,0.00073
40.00125,0.99750,0.99925,0.00000,0.00000,0.00075
40.10125,0.99750,0.99920,0.00000,0.00000,0.00080
40.20125,0.99750,0.99925,0.00000,0.00000,0.00075
40.30125,0.99750,0.99927,0.00000,0.00000,0.00073
40.40125,0.99750,0.99934,0.00000,0.00000,0.00066
40.50125,0.99750,0.99933,0.00000,0.00000,0.00067
40.60125,0.99750,0.99933,0.00000,0.00000,0.00067
40.70125,0.99750,0.99938,0.00000,0.00000,0.00062
40.80125,0.99750,0.99941,0.00000,0.00000,0.00059
40.90125,0.99750,0.99944,0.00000,0.00000,0.00056
41.00125,0.99750,0.99940,0.00000,0.00000,0.00060
41.10125,0.99750,0.99937,0.00000,0.00000,0.00063
41.20125,0.99750,0.99934,0.00000,0.00000,0.00066
41.30125,0.99750,0.99933,0.00000,0.00000,0.00067
41.40125,0.99750,0.99933,0.00000,0.00000,0.00067
41.50125,0.99750,0.99934,0.00000,0.00000,0.00066
41.60125,0.99750,0.99934,0.00000,0.00000,0.00066
41.70125,0.99750,0.99935,0.00000,0.00000,0.00065
41.80125,0.99750,0.99932,0.00000,0.00000,0.00068
41.90125,0.99750,0.99930,0.00000,0.00000,0.00070
42.00125,0.99750,0.99931,0.00000,0.00000,0.00069
42.10125,0.99750,0.99933,0.00000,0.00000,0.00067
42.20125,0.99750,0.99932,0.00000,0.00000,0.00068
42.30125,0.99750,0.99928,0.00000,0.00000,0.00072
42.40125,0.99750,0.99921,0.00000,0.00000,0.00079
42.50125,0.99750,0.99925,0.00000,0.00000,0.00075
42.60125,0.99750,0.99928,0.00000,0.00000,0.00072
42.70125,0.99750,0.99926,0.00000,0.00000,0.00074
42.80125,0.99750,0.99926,0.00000,0.00000,0.00074
42.90125,0.99750,0.99930,0.00000,0.00000,0.00070
43.00125,0.99750,0.99934,0.00000,0.00000,0.00066
43.10125,0.99750,0.99940,0.00000,0.00000,0.00060
43.20125,0.99750,0.99941,0.00000,0.00000,0.00059
43.30125,0.99750,0.99943,0.00000,0.00000,0.00057
43.40125,0.99750,0.99943,0.00000,0.00000,0.00057
43.50125,0.99750,0.99937,0.00000,0.00000,0.00063
43.60125,0.99750,0.99926,0.00000,0.00000,0.00074
43.70125,0.99750,0.99923,0.00000,0.00000,0.00077
43.80125,0.99750,0.99929,0.00000,0.00000,0.00071
43.90125,0.99750,0.99938,0.00000,0.00000,0.00062
44.00125,0.99750,0.99927,0.00000,0.00000,0.00073
44.10125,0.99750,0.99908,0.00000,0.00000,0.00092
44.20125,0.99750,0.99929,0.00000,0.00000,0.00071
44.30125,0.99750,0.99891,0.00000,0.00000,0.00109
44.40125,0.99750,0.99818,0.00001,0.00000,0.00181
44.50125,0.99750,0.99744,0.00004,0.00000,0.00253
44.60125,0.99750,0.99603,0.00011,0.00000,0.00385
44.70125,0.99750,0.99561,0.00028,0.00004,0.00407
44.80125,0.99750,0.98062,0.00006,0.00064,0.01867
44.90125,0.99750,0.95879,0.00006,0.00189,0.03925
45.00125,0.99750,0.95051,0.00008,0.01600,0.03342
45.10125,0.99750,0.78682,0.00021,0.19631,0.01665
45.20125,0.99750,0.27455,0.00051,0.72045,0.00449
45.30125,0.99750,0.14318,0.00056,0.85519,0.00107
45.40125,0.99750,0.14343,0.00060,0.85522,0.00074
45.50125,0.99750,0.54367,0.00082,0.45384,0.00168
45.60125,0.99750,0.91270,0.00022,0.08596,0.00111
45.70125,0.99750,0.99423,0.00007,0.00510,0.00060
45.80125,0.99750,0.99953,0.00023,0.00015,0.00009
45.90125,0.99750,0.99985,0.00007,0.00004,0.00004
46.00125,0.99750,0.99995,0.00002,0.00000,0.00003
46.10125,0.99750,0.99990,0.00002,0.00000,0.00008
46.20125,0.99750,0.99983,0.00002,0.00000,0.00015
46.30125,0.99750,0.99977,0.00003,0.00000,0.00020
46.40125,0.99750,0.99962,0.00003,0.00000,0.00035
46.50125,0.99750,0.99970,0.00013,0.00004,0.00013
46.60125,0.99750,0.99858,0.00004,0.00073,0.00065
46.70125,0.99750,0.98968,0.00006,0.00979,0.00047
46.80125,0.99750,0.84395,0.00022,0.15525,0.00059
46.90125,0.99750,0.19656,0.00046,0.80284,0.00015
47.00125,0.99750,0.02567,0.00035,0.97396,0.00001
47.10125,0.99750,0.01770,0.00030,0.98200,0.00001
47.20125,0.99750,0.01712,0.00025,0.98262,0.00000
47.30125,0.99750,0.11279,0.00037,0.88681,0.00003
47.40125,0.99750,0.74449,0.00024,0.25520,0.00007
47.50125,0.99750,0.97978,0.00009,0.01996,0.00017
47.60125,0.99750,0.99896,0.00030,0.00071,0.00003
47.70125,0.99750,0.99975,0.00015,0.00004,0.00005
47.80125,0.99750,0.99993,0.00003,0.00000,0.00004
47.90125,0.99750,0.99996,0.00000,0.00000,0.00003
48.00125,0.99750,0.99997,0.00000,0.00000,0.00003
48.10125,0.99750,0.99998,0.00000,0.00000,0.00002
48.20125,0.99750,0.99999,0.00000,0.00000,0.00001
48.30125,0.99750,0.99999,0.00000,0.00000,0.00001
48.40125,0.99750,0.99999,0.00000,0.00000,0.00001
48.50125,0.99750,0.99999,0.00000,0.00000,0.00001
48.60125,0.99750,0.99999,0.00000,0.00000,0.00001
48.70125,0.99750,0.99998,0.00000,0.00000,0.00002
48.80125,0.99750,0.99996,0.00000,0.00000,0.00004
48.90125,0.99750,0.99993,0.00000,0.00000,0.00007
49.00125,0.99750,0.99984,0.00002,0.00000,0.00014
49.10125,0.99750,0.99988,0.00005,0.00003,0.00004
49.20125,0.99750,0.99914,0.00001,0.00066,0.00018
49.30125,0.99750,0.99242,0.00003,0.00737,0.00019
49.40125,0.99750,0.86724,0.00014,0.13240,0.00022
49.50125,0.99750,0.20956,0.00030,0.79008,0.00006
49.60125,0.99750,0.02621,0.00022,0.97356,0.00001
49.70125,0.99750,0.01530,0.00019,0.98451,0.00000
49.80125,0.99750,0.01623,0.00019,0.98358,0.00000
49.90125,0.99750,0.15863,0.00027,0.84107,0.00002
50.00125,0.99750,0.75154,0.00014,0.24825,0.00007
50.10125,0.99750,0.98471,0.00009,0.01501,0.00018
50.20125,0.99750,0.99899,0.00037,0.00059,0.00006
50.30125,0.99750,0.99974,0.00016,0.00004,0.00006
50.40125,0.99750,0.99992,0.00003,0.00000,0.00005
50.50125,0.99750,0.99994,0.00000,0.00000,0.00006
50.60125,0.99750,0.99995,0.00000,0.00000,0.00005
50.70125,0.99750,0.99997,0.00000,0.00000,0.00003
50.80125,0.99750,0.99998,0.00000,0.00000,0.00002
50.90125,0.99750,0.99998,0.00000,0.00000,0.00002
51.00125,0.99750,0.99999,0.00000,0.00000,0.00001
51.10125,0.99750,0.99999,0.00000,0.00000,0.00001
51.20125,0.99750,0.99999,0.00000,0.00000,0.00001
51.30125,0.99750,0.99999,0.00000,0.00000,0.00001
51.40125,0.99750,0.99999,0.00000,0.00000,0.00001
51.50125,0.99750,0.99999,0.00000,0.00000,0.00001
51.60125,0.99750,0.99999,0.00000,0.00000,0.00001
51.70125,0.99750,0.99998,0.00000,0.00000,0.00002
51.80125,0.99750,0.99995,0.00000,0.00000,0.00005
51.90125,0.99750,0.99993,0.00000,0.00000,0.00007
52.00125,0.99750,0.99992,0.00002,0.00000,0.00006
52.10125,0.99750,0.99985,0.00001,0.00001,0.00012
52.20125,0.99750,0.99951,0.00001,0.00022,0.00026
52.30125,0.99750,0.99547,0.00002,0.00414,0.00037
52.40125,0.99750,0.92037,0.00013,0.07917,0.00034
52.50125,0.99750,0.29607,0.00040,0.70340,0.00013
52.60125,0.99750,0.02484,0.00034,0.97481,0.00001
52.70125,0.99750,0.01263,0.00031,0.98706,0.00000
52.80125,0.99750,0.05941,0.00039,0.94018,0.00002
52.90125,0.99750,0.48948,0.00047,0.50990,0.00015
53.00125,0.99750,0.94842,0.00011,0.05095,0.00051
53.10125,0.99750,0.99784,0.00012,0.00193,0.00011
53.20125,0.99750,0.99961,0.00021,0.00011,0.00007
53.30125,0.99750,0.99987,0.00006,0.00001,0.00006
53.40125,0.99750,0.99993,0.00001,0.00000,0.00006
53.50125,0.99750,0.99995,0.00000,0.00000,0.00005
53.60125,0.99750,0.99996,0.00000,0.00000,0.00004
53.70125,0.99750,0.99998,0.00000,0.00000,0.00002
53.80125,0.99750,0.99998,0.00000,0.00000,0.00002
53.90125,0.99750,0.99999,0.00000,0.00000,0.00001
54.00125,0.99750,0.99999,0.00000,0.00000,0.00001
54.10125,0.99750,0.99999,0.00000,0.00000,0.00001
54.20125,0.99750,0.99999,0.00000,0.00000,0.00001
54.30125,0.99750,0.99999,0.00000,0.00000,0.00001
54.40125,0.99750,0.99999,0.00000,0.00000,0.00001
54.50125,0.99750,0.99997,0.00000,0.00000,0.00003
54.60125,0.99750,0.99996,0.00000,0.00000,0.00004
54.70125,0.99750,0.99994,0.00000,0.00000,0.00006
54.80125,0.99750,0.99993,0.00003,0.00000,0.00003
54.90125,0.99750,0.99973,0.00001,0.00008,0.00017
55.00125,0.99750,0.99890,0.00001,0.00091,0.00017
55.10125,0.99750,0.98323,0.00005,0.01640,0.00032
55.20125,0.99750,0.72731,0.00026,0.27222,0.00021
55.30125,0.99750,0.09016,0.00042,0.90939,0.00003
55.40125,0.99750,0.01892,0.00033,0.98074,0.00000
55.50125,0.99750,0.01628,0.00032,0.98340,0.00000
55.60125,0.99750,0.08787,0.00044,0.91166,0.00002
55.70125,0.99750,0.71839,0.00026,0.28123,0.00012
55.80125,0.99750,0.97836,0.00006,0.02132,0.00026
55.90125,0.99750,0.99888,0.00026,0.00082,0.00004
56.00125,0.99750,0.99972,0.00016,0.00008,0.00005
56.10125,0.99750,0.99995,0.00002,0.00000,0.00002
56.20125,0.99750,0.99997,0.00000,0.00000,0.00002
56.30125,0.99750,0.99998,0.00000,0.00000,0.00002
56.40125,0.99750,0.99999,0.00000,0.00000,0.00001
56.50125,0.99750,0.99999,0.00000,0.00000,0.00001
56.60125,0.99750,0.99999,0.00000,0.00000,0.00001
56.70125,0.99750,0.99999,0.00000,0.00000,0.00001
56.80125,0.99750,0.99999,0.00000,0.00000,0.00001
56.90125,0.99750,0.99999,0.00000,0.00000,0.00001
57.00125,0.99750,0.99999,0.00000,0.00000,0.00001
57.10125,0.99750,0.99995,0.00000,0.00000,0.00005
57.20125,0.99750,0.99988,0.00000,0.00000,0.00012
57.30125,0.99750,0.99980,0.00001,0.00000,0.00019
57.40125,0.99750,0.99961,0.00008,0.00000,0.00031
57.50125,0.99750,0.99907,0.00005,0.00003,0.00085
57.60125,0.99750,0.99835,0.00001,0.00037,0.00126
57.70125,0.99750,0.99133,0.00004,0.00709,0.00153
57.80125,0.99750,0.86001,0.00031,0.13818,0.00150
57.90125,0.99750,0.17565,0.00079,0.82320,0.00035
58.00125,0.99750,0.02769,0.00063,0.97164,0.00004
58.10125,0.99750,0.01848,0.00058,0.98092,0.00002
58.20125,0.99750,0.04576,0.00069,0.95351,0.00004
58.30125,0.99750,0.35357,0.00092,0.64525,0.00026
58.40125,0.99750,0.86020,0.00034,0.13899,0.00047
58.50125,0.99750,0.99331,0.00034,0.00626,0.00009
58.60125,0.99750,0.99901,0.00055,0.00037,0.00006
58.70125,0.99750,0.99978,0.00015,0.00002,0.00005
58.80125,0.99750,0.99993,0.00002,0.00000,0.00005
58.90125,0.99750,0.99996,0.00000,0.00000,0.00004
59.00125,0.99750,0.99997,0.00000,0.00000,0.00003
59.10125,0.99750,0.99998,0.00000,0.00000,0.00002
59.20125,0.99750,0.99999,0.00000,0.00000,0.00001
59.30125,0.99750,0.99999,0.00000,0.00000,0.00001
59.40125,0.99750,0.99998,0.00000,0.00000,0.00002
59.50125,0.99750,0.99997,0.00000,0.00000,0.00003
59.60125,0.99750,0.99996,0.00000,0.00000,0.00003
59.70125,0.99750,0.99996,0.00002,0.00000,0.00001
59.80125,0.99750,0.99986,0.00002,0.00005,0.00008
59.90125,0.99750,0.99921,0.00001,0.00068,0.00010
60.00125,0.99750,0.98795,0.00003,0.01185,0.00016
60.10125,0.99750,0.77293,0.00023,0.22669,0.00015
60.20125,0.99750,0.10368,0.00048,0.89581,0.00003
60.30125,0.99750,0.01709,0.00036,0.98254,0.00000
60.40125,0.99750,0.01654,0.00033,0.98314,0.00000
60.50125,0.99750,0.22668,0.00037,0.77291,0.00004
60.60125,0.99750,0.89280,0.00011,0.10697,0.00012
60.70125,0.99750,0.99337,0.00002,0.00642,0.00020
60.80125,0.99750,0.99974,0.00003,0.00020,0.00002
60.90125,0.99750,0.99991,0.00004,0.00002,0.00003
61.00125,0.99750,0.99997,0.00001,0.00000,0.00002
61.10125,0.99750,0.99998,0.00000,0.00000,0.00002
61.20125,0.99750,0.99999,0.00000,0.00000,0.00001
61.30125,0.99750,0.99999,0.00000,0.00000,0.00001
61.40125,0.99750,0.99999,0.00000,0.00000,0.00001
61.50125,0.99750,0.99999,0.00000,0.00000,0.00001
61.60125,0.99750,0.99999,0.00000,0.00000,0.00001
61.70125,0.99750,0.99999,0.00000,0.00000,0.00001
61.80125,0.99750,0.99999,0.00000,0.00000,0.00001
61.90125,0.99750,0.99999,0.00000,0.00000,0.00001
62.00125,0.99750,0.99999,0.00000,0.00000,0.00001
62.10125,0.99750,0.99999,0.00000,0.00000,0.00001
62.20125,0.99750,0.99999,0.00000,0.00000,0.00001
62.30125,0.99750,0.99997,0.00000,0.00000,0.00003
62.40125,0.99750,0.99996,0.00000,0.00000,0.00004
62.50125,0.99750,0.99990,0.00001,0.00000,0.00009
62.60125,0.99750,0.99991,0.00004,0.00001,0.00004
62.70125,0.99750,0.99946,0.00002,0.00031,0.00022
62.80125,0.99750,0.99637,0.00003,0.00324,0.00036
62.90125,0.99750,0.94171,0.00015,0.05770,0.00044
63.00125,0.99750,0.40440,0.00053,0.59484,0.00023
63.10125,0.99750,0.04377,0.00049,0.95571,0.00003
63.20125,0.99751,0.02407,0.00045,0.97547,0.00001
63.30125,0.99750,0.03596,0.00049,0.96354,0.00001
63.40125,0.99750,0.40735,0.00050,0.59204,0.00011
63.50125,0.99750,0.92294,0.00012,0.07677,0.00017
63.60125,0.99750,0.99534,0.00006,0.00435,0.00025
63.70125,0.99751,0.99960,0.00014,0.00021,0.00005
63.80125,0.99750,0.99988,0.00006,0.00002,0.00004
63.90125,0.99750,0.99995,0.00002,0.00000,0.00004
64.00125,0.99750,0.99996,0.00000,0.00000,0.00003
64.10125,0.99750,0.99997,0.00000,0.00000,0.00003
64.20125,0.99751,0.99998,0.00000,0.00000,0.00002
64.30125,0.99751,0.99999,0.00000,0.00000,0.00001
64.40125,0.99750,0.99999,0.00000,0.00000,0.00001
64.50125,0.99750,0.99999,0.00000,0.00000,0.00001
64.60125,0.99750,0.99999,0.00000,0.00000,0.00001
64.70125,0.99751,0.99996,0.00000,0.00000,0.00004
64.80125,0.99751,0.99994,0.00000,0.00000,0.00006
64.90125,0.99750,0.99991,0.00001,0.00000,0.00008
65.00125,0.99750,0.99986,0.00007,0.00001,0.00006
65.10125,0.99750,0.99974,0.00006,0.00016,0.00004
65.20125,0.99751,0.99672,0.00001,0.00311,0.00015
65.30125,0.99751,0.96671,0.00003,0.03308,0.00018
65.40125,0.99750,0.59889,0.00011,0.40083,0.00018
65.50125,0.99750,0.06745,0.00012,0.93241,0.00002
65.60125,0.99750,0.02209,0.00009,0.97782,0.00000
65.70125,0.99751,0.01718,0.00008,0.98274,0.00000
65.80125,0.99751,0.05340,0.00010,0.94649,0.00001
65.90125,0.99750,0.55847,0.00010,0.44136,0.00007
66.00125,0.99750,0.96936,0.00001,0.03040,0.00023
66.10125,0.99750,0.99811,0.00001,0.00170,0.00018
66.20125,0.99751,0.99982,0.00006,0.00007,0.00005
66.30125,0.99751,0.99993,0.00002,0.00001,0.00004
66.40125,0.99750,0.99996,0.00000,0.00000,0.00003
66.50125,0.99750,0.99997,0.00000,0.00000,0.00003
66.60125,0.99750,0.99998,0.00000,0.00000,0.00002
66.70125,0.99751,0.99999,0.00000,0.00000,0.00001
66.80125,0.99751,0.99999,0.00000,0.00000,0.00001
66.90125,0.99750,0.99999,0.00000,0.00000,0.00001
67.00125,0.99750,0.99999,0.00000,0.00000,0.00001
67.10125,0.99750,0.99999,0.00000,0.00000,0.00001
67.20125,0.99751,0.99999,0.00000,0.00000,0.00001
67.30125,0.99751,0.99999,0.00000,0.00000,0.00001
67.40125,0.99750,0.99998,0.00000,0.00000,0.00002
67.50125,0.99750,0.99998,0.00000,0.00000,0.00002
67.60125,0.99750,0.99997,0.00001,0.00000,0.00002
67.70125,0.99751,0.99989,0.00008,0.00001,0.00001
67.80125,0.99751,0.99966,0.00004,0.00025,0.00005
67.90125,0.99750,0.99760,0.00002,0.00230,0.00009
68.00125,0.99750,0.96866,0.00006,0.03110,0.00018
68.10125,0.99750,0.59834,0.00033,0.40120,0.00013
68.20125,0.99751,0.05293,0.00041,0.94665,0.00001
68.30125,0.99751,0.02294,0.00035,0.97670,0.00000
68.40125,0.99750,0.02959,0.00031,0.97009,0.00001
68.50125,0.99750,0.25601,0.00032,0.74361,0.00006
68.60125,0.99750,0.86038,0.00012,0.13931,0.00020
68.70125,0.99751,0.99055,0.00002,0.00892,0.00051
68.80125,0.99751,0.99958,0.00006,0.00028,0.00008
68.90125,0.99750,0.99979,0.00010,0.00003,0.00007
69.00125,0.99750,0.99993,0.00003,0.00000,0.00004
69.10125,0.99750,0.99996,0.00000,0.00000,0.00004
69.20125,0.99751,0.99997,0.00000,0.00000,0.00003
69.30125,0.99751,0.99998,0.00000,0.00000,0.00002
69.40125,0.99750,0.99998,0.00000,0.00000,0.00002
69.50125,0.99750,0.99999,0.00000,0.00000,0.00001
69.60125,0.99750,0.99999,0.00000,0.00000,0.00001
69.70125,0.99751,0.99999,0.00000,0.00000,0.00001
69.80125,0.99751,0.99998,0.00000,0.00000,0.00002
69.90125,0.99750,0.99997,0.00000,0.00000,0.00002
70.00125,0.99750,0.99997,0.00000,0.00000,0.00003
70.10125,0.99750,0.99994,0.00004,0.00000,0.00001
70.20125,0.99751,0.99988,0.00004,0.00007,0.00001
70.30125,0.99751,0.99893,0.00002,0.00103,0.00002
70.40125,0.99750,0.98701,0.00005,0.01290,0.00004
70.50125,0.99750,0.78002,0.00028,0.21967,0.00004
70.60125,0.99750,0.11544,0.00059,0.88396,0.00001
70.70125,0.99751,0.01850,0.00046,0.98104,0.00000
70.80125,0.99751,0.01526,0.00041,0.98432,0.00000
70.90125,0.99750,0.05636,0.00045,0.94319,0.00000
71.00125,0.99750,0.50111,0.00040,0.49846,0.00002
71.10125,0.99750,0.96297,0.00007,0.03675,0.00021
71.20125,0.99751,0.99824,0.00010,0.00157,0.00008
71.30125,0.99751,0.99966,0.00018,0.00012,0.00005
71.40125,0.99750,0.99990,0.00006,0.00001,0.00003
71.50125,0.99750,0.99996,0.00001,0.00000,0.00003
71.60125,0.99750,0.99997,0.00000,0.00000,0.00003
71.70125,0.99751,0.99998,0.00000,0.00000,0.00002
71.80125,0.99751,0.99999,0.00000,0.00000,0.00001
71.90125,0.99750,0.99999,0.00000,0.00000,0.00001
72.00125,0.99750,0.99998,0.00000,0.00000,0.00002
72.10125,0.99750,0.99994,0.00000,0.00000,0.00006
72.20125,0.99751,0.99985,0.00000,0.00000,0.00015
72.30125,0.99751,0.99961,0.00001,0.00000,0.00038
72.40125,0.99750,0.99919,0.00007,0.00001,0.00072
72.50125,0.99750,0.99798,0.00003,0.00026,0.00173
72.60125,0.99750,0.98967,0.00001,0.00478,0.00554
72.70125,0.99751,0.93040,0.00004,0.06079,0.00877
72.80125,0.99751,0.39101,0.00011,0.60527,0.00362
72.90125,0.99750,0.07369,0.00007,0.92584,0.00040
73.00125,0.99750,0.05078,0.00006,0.94904,0.00012
73.10125,0.99750,0.04517,0.00005,0.95469,0.00009
73.20125,0.99751,0.13657,0.00007,0.86311,0.00025
73.30125,0.99751,0.60621,0.00007,0.39299,0.00073
73.40125,0.99750,0.93993,0.00002,0.05905,0.00100
73.50125,0.99750,0.99748,0.00006,0.00222,0.00024
73.60125,0.99750,0.99964,0.00012,0.00014,0.00010
73.70125,0.99751,0.99987,0.00005,0.00001,0.00008
73.80125,0.99751,0.99990,0.00001,0.00000,0.00009
73.90125,0.99750,0.99990,0.00000,0.00000,0.00009
74.00125,0.99750,0.99992,0.00000,0.00000,0.00008
74.10125,0.99750,0.99989,0.00000,0.00000,0.00011
74.20125,0.99751,0.99988,0.00000,0.00000,0.00012
74.30125,0.99751,0.99983,0.00000,0.00000,0.00017
74.40125,0.99750,0.99982,0.00004,0.00000,0.00014
74.50125,0.99750,0.99960,0.00002,0.00005,0.00033
74.60125,0.99750,0.99881,0.00001,0.00057,0.00061
74.70125,0.99751,0.99064,0.00002,0.00839,0.00095
74.80125,0.99751,0.83915,0.00008,0.15999,0.00078
74.90125,0.99750,0.16568,0.00017,0.83397,0.00018
75.00125,0.99750,0.03311,0.00013,0.96672,0.00003
75.10125,0.99750,0.03310,0.00009,0.96678,0.00003
75.20125,0.99751,0.06583,0.00010,0.93397,0.00010
75.30125,0.99751,0.17333,0.00011,0.82623,0.00033
75.40125,0.99750,0.44789,0.00010,0.54894,0.00307
75.50125,0.99750,0.79613,0.00149,0.20009,0.00228
75.60125,0.99750,0.90832,0.00954,0.07780,0.00434
75.70125,0.99751,0.96901,0.00769,0.01758,0.00572
75.80125,0.99751,0.96440,0.01122,0.00782,0.01657
75.90125,0.99750,0.94760,0.01251,0.00291,0.03699
76.00125,0.99750,0.92865,0.00792,0.00034,0.06309
76.10125,0.99750,0.92175,0.00480,0.00006,0.07339
76.20125,0.99751,0.95493,0.00117,0.00001,0.04388
76.30125,0.99751,0.95801,0.00106,0.00001,0.04091
76.40125,0.99750,0.95904,0.00090,0.00000,0.04005
76.50125,0.99750,0.97564,0.00038,0.00000,0.02398
76.60125,0.99750,0.98839,0.00034,0.00000,0.01127
76.70125,0.99751,0.99359,0.00018,0.00000,0.00623
76.80125,0.99751,0.99655,0.00003,0.00000,0.00342
76.90125,0.99750,0.99851,0.00000,0.00000,0.00148
77.00125,0.99750,0.99941,0.00000,0.00000,0.00059
77.10125,0.99750,0.99970,0.00000,0.00000,0.00030
77.20125,0.99751,0.99978,0.00000,0.00000,0.00022
77.30125,0.99751,0.99986,0.00000,0.00000,0.00014
77.40125,0.99750,0.99991,0.00000,0.00000,0.00009
77.50125,0.99750,0.99991,0.00000,0.00000,0.00009
77.60125,0.99750,0.99990,0.00000,0.00000,0.00010
77.70125,0.99751,0.99991,0.00000,0.00000,0.00009
77.80125,0.99751,0.99991,0.00000,0.00000,0.00009
77.90125,0.99750,0.99992,0.00000,0.00000,0.00008
78.00125,0.99750,0.99992,0.00000,0.00000,0.00008
78.10125,0.99750,0.99992,0.00000,0.00000,0.00008
78.20125,0.99751,0.99991,0.00000,0.00000,0.00009
78.30125,0.99751,0.99991,0.00000,0.00000,0.00009
78.40125,0.99750,0.99991,0.00000,0.00000,0.00009
78.50125,0.99750,0.99992,0.00000,0.00000,0.00008
78.60125,0.99750,0.99992,0.00000,0.00000,0.00008
78.70125,0.99751,0.99992,0.00000,0.00000,0.00008
78.80125,0.99751,0.99991,0.00000,0.00000,0.00009
78.90125,0.99750,0.99991,0.00000,0.00000,0.00009
79.00125,0.99750,0.99991,0.00000,0.00000,0.00009
79.10125,0.99750,0.99991,0.00000,0.00000,0.00009
79.20125,0.99751,0.99991,0.00000,0.00000,0.00009
79.30125,0.99751,0.99991,0.00000,0.00000,0.00009
79.40125,0.99750,0.99991,0.00000,0.00000,0.00009
79.50125,0.99750,0.99991,0.00000,0.00000,0.00009
79.60125,0.99750,0.99992,0.00000,0.00000,0.00008
79.70125,0.99751,0.99995,0.00000,0.00000,0.00005
79.80125,0.99751,0.99998,0.00000,0.00000,0.00002
79.90125,0.99750,0.99999,0.00000,0.00000,0.00001
80.00125,0.99750,0.99999,0.00000,0.00000,0.00000
80.10125,0.99750,0.99999,0.00001,0.00000,0.00000
80.20125,0.99751,0.99997,0.00003,0.00000,0.00000
80.30125,0.99751,0.99991,0.00009,0.00000,0.00000
80.40125,0.99750,0.99975,0.00025,0.00000,0.00000
80.50125,0.99750,0.99922,0.00078,0.00000,0.00000
80.60125,0.99750,0.99807,0.00193,0.00000,0.00000
80.70125,0.99751,0.99545,0.00455,0.00000,0.00000
80.80125,0.99751,0.99504,0.00495,0.00000,0.00000
80.90125,0.99750,0.99635,0.00364,0.00000,0.00000
81.00125,0.99750,0.99844,0.00155,0.00000,0.00001
81.10125,0.99750,0.99922,0.00075,0.00000,0.00003
81.20125,0.99751,0.99964,0.00030,0.00000,0.00006
81.30125,0.99751,0.99980,0.00011,0.00000,0.00009
81.40125,0.99750,0.99982,0.00005,0.00000,0.00013
81.50125,0.99750,0.99982,0.00002,0.00000,0.00016
81.60125,0.99750,0.99980,0.00001,0.00000,0.00020
81.70125,0.99751,0.99982,0.00000,0.00000,0.00018
81.80125,0.99751,0.99980,0.00000,0.00000,0.00020
81.90125,0.99750,0.99977,0.00000,0.00000,0.00023
82.00125,0.99750,0.99969,0.00000,0.00000,0.00031
82.10125,0.99750,0.99945,0.00000,0.00000,0.00055
82.20125,0.99751,0.99901,0.00001,0.00000,0.00098
82.30125,0.99751,0.99932,0.00001,0.00000,0.00068
82.40125,0.99750,0.99959,0.00000,0.00000,0.00041
82.50125,0.99750,0.99976,0.00000,0.00000,0.00023
82.60125,0.99750,0.99988,0.00000,0.00000,0.00012
82.70125,0.99751,0.99993,0.00000,0.00000,0.00007
82.80125,0.99751,0.99996,0.00000,0.00000,0.00004
82.90125,0.99750,0.99997,0.00000,0.00000,0.00003
83.00125,0.99750,0.99999,0.00000,0.00000,0.00001
83.10125,0.99750,1.00000,0.00000,0.00000,0.00000
83.20125,0.99751,1.00000,0.00000,0.00000,0.00000
83.30125,0.99751,1.00000,0.00000,0.00000,0.00000
83.40125,0.99750,1.00000,0.00000,0.00000,0.00000
83.50125,0.99750,1.00000,0.00000,0.00000,0.00000
83.60125,0.99750,0.99999,0.00000,0.00000,0.00001
83.70125,0.99751,0.99999,0.00000,0.00000,0.00001
83.80125,0.99751,0.99999,0.00000,0.00000,0.00001
83.90125,0.99750,0.99999,0.00000,0.00000,0.00001
84.00125,0.99750,0.99999,0.00000,0.00000,0.00001
84.10125,0.99750,0.99999,0.00000,0.00000,0.00001
84.20125,0.99751,0.99999,0.00000,0.00000,0.00001
84.30125,0.99751,0.99999,0.00000,0.00000,0.00001
84.40125,0.99750,0.99999,0.00000,0.00000,0.00001
84.50125,0.99750,0.99999,0.00000,0.00000,0.00001
84.60125,0.99750,0.99999,0.00000,0.00000,0.00001
84.70125,0.99751,0.99999,0.00000,0.00000,0.00001
84.80125,0.99751,0.99999,0.00000,0.00000,0.00001
84.90125,0.99750,0.99999,0.00000,0.00000,0.00001
85.00125,0.99750,0.99999,0.00000,0.00000,0.00001
85.10125,0.99750,0.99999,0.00000,0.00000,0.00001
85.20125,0.99751,0.99999,0.00000,0.00000,0.00001
85.30125,0.99751,0.99999,0.00000,0.00000,0.00001
85.40125,0.99750,0.99999,0.00000,0.00000,0.00001
85.50125,0.99750,0.99999,0.00000,0.00000,0.00001
85.60125,0.99750,0.99999,0.00000,0.00000,0.00001
85.70125,0.99751,0.99999,0.00000,0.00000,0.00001
85.80125,0.99751,0.99999,0.00000,0.00000,0.00001
85.90125,0.99750,0.99999,0.00000,0.00000,0.00001
86.00125,0.99750,0.99999,0.00000,0.00000,0.00001
86.10125,0.99750,0.99999,0.00000,0.00000,0.00001
86.20125,0.99751,0.99999,0.00000,0.00000,0.00001
86.30125,0.99751,0.99999,0.00000,0.00000,0.00001
86.40125,0.99750,0.99999,0.00000,0.00000,0.00001
86.50125,0.99750,0.99999,0.00000,0.00000,0.00001
86.60125,0.99750,0.99999,0.00000,0.00000,0.00001
86.70125,0.99751,0.99999,0.00000,0.00000,0.00001
86.80125,0.99751,0.99999,0.00000,0.00000,0.00001
86.90125,0.99750,0.99999,0.00000,0.00000,0.00001
87.00125,0.99750,0.99999,0.00000,0.00000,0.00001
87.10125,0.99750,0.99999,0.00000,0.00000,0.00001
87.20125,0.99751,0.99999,0.00000,0.00000,0.00001
87.30125,0.99751,0.99999,0.00000,0.00000,0.00001
87.40125,0.99750,0.99999,0.00000,0.00000,0.00001
87.50125,0.99750,0.99999,0.00000,0.00000,0.00001
87.60125,0.99750,0.99999,0.00000,0.00000,0.00001
87.70125,0.99751,0.99999,0.00000,0.00000,0.00001
87.80125,0.99751,0.99999,0.00000,0.00000,0.00001
87.90125,0.99750,0.99999,0.00000,0.00000,0.00001
88.00125,0.99750,0.99999,0.00000,0.00000,0.00001
88.10125,0.99750,0.99999,0.00000,0.00000,0.00001
88.20125,0.99751,0.99999,0.00000,0.00000,0.00001
88.30125,0.99751,0.99999,0.00000,0.00000,0.00001
88.40125,0.99750,0.99999,0.00000,0.00000,0.00001
88.50125,0.99750,0.99999,0.00000,0.00000,0.00001
88.60125,0.99750,0.99999,0.00000,0.00000,0.00001
88.70125,0.99751,0.99999,0.00000,0.00000,0.00001
88.80125,0.99751,0.99999,0.00000,0.00000,0.00001
88.90125,0.99750,0.99999,0.00000,0.00000,0.00001
89.00125,0.99750,0.99999,0.00000,0.00000,0.00001
89.10125,0.99750,0.99999,0.00000,0.00000,0.00001
89.20125,0.99751,0.99999,0.00000,0.00000,0.00001
89.30125,0.99751,0.99999,0.00000,0.00000,0.00001
89.40125,0.99750,0.99999,0.00000,0.00000,0.00001
89.50125,0.99750,0.99999,0.00000,0.00000,0.00001
89.60125,0.99750,0.99999,0.00000,0.00000,0.00001
89.70125,0.99751,0.99999,0.00000,0.00000,0.00001
89.80125,0.99751,0.99999,0.00000,0.00000,0.00001
89.90125,0.99750,0.99999,0.00000,0.00000,0.00001
90.00125,0.99750,0.99999,0.00000,0.00000,0.00001
90.10125,0.99750,0.99999,0.00000,0.00000,0.00001
90.20125,0.99751,0.99997,0.00000,0.00000,0.00003
90.30125,0.99751,0.99996,0.00000,0.00000,0.00004
90.40125,0.99750,0.99996,0.00000,0.00000,0.00004
90.50125,0.99750,0.99996,0.00000,0.00000,0.00004
90.60125,0.99750,0.99997,0.00000,0.00000,0.00003
90.70125,0.99751,0.99996,0.00000,0.00000,0.00004
90.80125,0.99751,0.99991,0.00000,0.00000,0.00009
90.90125,0.99750,0.99989,0.00000,0.00000,0.00010
91.00125,0.99750,0.99983,0.00005,0.00000,0.00012
91.10125,0.99750,0.99983,0.00014,0.00002,0.00001
91.20125,0.99751,0.99982,0.00001,0.00015,0.00002
91.30125,0.99751,0.99870,0.00001,0.00127,0.00002
91.40125,0.99750,0.97751,0.00005,0.02241,0.00003
91.50125,0.99750,0.66546,0.00026,0.33426,0.00002
91.60125,0.99750,0.09049,0.00036,0.90914,0.00000
91.70125,0.99751,0.02067,0.00028,0.97904,0.00000
91.80125,0.99751,0.03119,0.00027,0.96854,0.00000
91.90125,0.99750,0.35163,0.00026,0.64810,0.00001
92.00125,0.99750,0.92783,0.00006,0.07208,0.00003
92.10125,0.99750,0.99589,0.00001,0.00396,0.00014
92.20125,0.99751,0.99978,0.00006,0.00013,0.00003
92.30125,0.99751,0.99991,0.00003,0.00002,0.00004
92.40125,0.99750,0.99982,0.00004,0.00002,0.00012
92.50125,0.99750,0.99968,0.00008,0.00002,0.00023
92.60125,0.99750,0.99966,0.00012,0.00002,0.00020
92.70125,0.99751,0.99973,0.00013,0.00002,0.00012
92.80125,0.99751,0.99979,0.00012,0.00006,0.00002
92.90125,0.99750,0.99916,0.00004,0.00071,0.00009
93.00125,0.99750,0.99263,0.00007,0.00722,0.00008
93.10125,0.99750,0.89419,0.00027,0.10545,0.00010
93.20125,0.99751,0.25096,0.00085,0.74814,0.00005
93.30125,0.99751,0.05229,0.00075,0.94696,0.00001
93.40125,0.99750,0.03748,0.00060,0.96192,0.00000
93.50125,0.99750,0.11363,0.00060,0.88576,0.00001
93.60125,0.99750,0.62755,0.00049,0.37188,0.00009
93.70125,0.99751,0.96787,0.00008,0.03189,0.00016
93.80125,0.99751,0.99765,0.00004,0.00197,0.00034
93.90125,0.99750,0.99963,0.00012,0.00012,0.00013
94.00125,0.99750,0.99980,0.00006,0.00001,0.00013
94.10125,0.99750,0.99989,0.00001,0.00000,0.00010
94.20125,0.99751,0.99993,0.00000,0.00000,0.00007
94.30125,0.99751,0.99996,0.00000,0.00000,0.00004
94.40125,0.99750,0.99998,0.00000,0.00000,0.00002
94.50125,0.99750,0.99998,0.00000,0.00000,0.00002
94.60125,0.99750,0.99998,0.00000,0.00000,0.00002
94.70125,0.99751,0.99996,0.00000,0.00000,0.00004
94.80125,0.99751,0.99994,0.00000,0.00000,0.00005
94.90125,0.99750,0.99993,0.00001,0.00000,0.00006
95.00125,0.99750,0.99996,0.00002,0.00001,0.00002
95.10125,0.99750,0.99976,0.00000,0.00016,0.00008
95.20125,0.99751,0.99745,0.00001,0.00247,0.00007
95.30125,0.99751,0.95464,0.00005,0.04524,0.00007
95.40125,0.99750,0.47806,0.00019,0.52172,0.00003
95.50125,0.99750,0.04075,0.00015,0.95910,0.00000
95.60125,0.99750,0.01626,0.00012,0.98362,0.00000
95.70125,0.99751,0.01835,0.00010,0.98156,0.00000
95.80125,0.99751,0.14118,0.00012,0.85869,0.00001
95.90125,0.99750,0.77130,0.00007,0.22855,0.00007
96.00125,0.99750,0.97565,0.00011,0.02407,0.00017
96.10125,0.99750,0.99848,0.00045,0.00102,0.00006
96.20125,0.99751,0.99971,0.00018,0.00005,0.00006
96.30125,0.99751,0.99989,0.00003,0.00000,0.00007
96.40125,0.99750,0.99992,0.00000,0.00000,0.00007
96.50125,0.99750,0.99995,0.00000,0.00000,0.00005
96.60125,0.99750,0.99997,0.00000,0.00000,0.00003
96.70125,0.99751,0.99999,0.00000,0.00000,0.00001
96.80125,0.99751,0.99998,0.00000,0.00000,0.00002
96.90125,0.99750,0.99997,0.00000,0.00000,0.00003
97.00125,0.99750,0.99996,0.00000,0.00000,0.00004
97.10125,0.99750,0.99993,0.00001,0.00000,0.00006
97.20125,0.99751,0.99992,0.00005,0.00001,0.00002
97.30125,0.99751,0.99974,0.00001,0.00016,0.00008
97.40125,0.99750,0.99800,0.00001,0.00193,0.00006
97.50125,0.99750,0.97173,0.00003,0.02811,0.00013
97.60125,0.99750,0.63901,0.00012,0.36078,0.00009
97.70125,0.99751,0.08340,0.00010,0.91649,0.00001
97.80125,0.99751,0.03466,0.00006,0.96528,0.00000
97.90125,0.99750,0.03431,0.00004,0.96565,0.00000
98.00125,0.99750,0.05963,0.00003,0.94033,0.00001
98.10125,0.99750,0.34216,0.00004,0.65771,0.00010
98.20125,0.99751,0.71512,0.00005,0.28363,0.00120
98.30125,0.99751,0.97449,0.00076,0.02439,0.00037
98.40125,0.99750,0.99395,0.00126,0.00359,0.00120
98.50125,0.99750,0.99843,0.00048,0.00024,0.00085
98.60125,0.99750,0.99875,0.00013,0.00002,0.00110
98.70125,0.99751,0.99861,0.00004,0.00000,0.00135
98.80125,0.99751,0.99909,0.00001,0.00000,0.00090
98.90125,0.99750,0.99966,0.00000,0.00000,0.00033
99.00125,0.99750,0.99973,0.00000,0.00000,0.00027
99.10125,0.99750,0.99960,0.00000,0.00000,0.00040
99.20125,0.99751,0.99974,0.00001,0.00000,0.00025
99.30125,0.99751,0.99982,0.00006,0.00000,0.00012
99.40125,0.99750,0.99984,0.00012,0.00002,0.00002
99.50125,0.99750,0.99951,0.00002,0.00040,0.00006
99.60125,0.99750,0.99494,0.00005,0.00498,0.00004
99.70125,0.99751,0.94766,0.00011,0.05220,0.00003
99.80125,0.99751,0.44581,0.00034,0.55383,0.00001
99.90125,0.99750,0.03715,0.00028,0.96257,0.00000
100.00125,0.99750,0.01944,0.00022,0.98034,0.00000
100.10125,0.99750,0.02523,0.00021,0.97456,0.00000
100.20125,0.99751,0.32340,0.00022,0.67637,0.00001
100.30125,0.99751,0.93015,0.00005,0.06978,0.00003
100.40125,0.99750,0.99632,0.00002,0.00357,0.00009
100.50125,0.99750,0.99972,0.00008,0.00016,0.00003
100.60125,0.99750,0.99991,0.00003,0.00001,0.00004
100.70125,0.99751,0.99996,0.00001,0.00000,0.00003
100.80125,0.99751,0.99997,0.00000,0.00000,0.00003
100.90125,0.99750,0.99998,0.00000,0.00000,0.00002
101.00125,0.99750,0.99999,0.00000,0.00000,0.00001
101.10125,0.99750,0.99999,0.00000,0.00000,0.00001
101.20125,0.99751,0.99999,0.00000,0.00000,0.00001
101.30125,0.99751,0.99999,0.00000,0.00000,0.00001
101.40125,0.99750,0.99999,0.00000,0.00000,0.00001
101.50125,0.99750,0.99997,0.00000,0.00000,0.00003
101.60125,0.99750,0.99995,0.00000,0.00000,0.00005
101.70125,0.99751,0.99991,0.00001,0.00000,0.00008
101.80125,0.99751,0.99996,0.00001,0.00000,0.00003
101.90125,0.99750,0.99973,0.00000,0.00012,0.00015
102.00125,0.99750,0.99867,0.00000,0.00116,0.00017
102.10125,0.99750,0.98149,0.00001,0.01823,0.00027
102.20125,0.99751,0.69858,0.00005,0.30111,0.00025
102.30125,0.99751,0.09855,0.00008,0.90133,0.00004
102.40125,0.99750,0.02737,0.00007,0.97256,0.00001
102.50125,0.99750,0.02318,0.00006,0.97675,0.00001
102.60125,0.99750,0.13375,0.00008,0.86615,0.00003
102.70125,0.99751,0.68980,0.00004,0.31002,0.00013
102.80125,0.99751,0.97455,0.00005,0.02505,0.00034
102.90125,0.99750,0.99869,0.00027,0.00096,0.00009
103.00125,0.99750,0.99970,0.00014,0.00008,0.00008
103.10125,0.99750,0.99990,0.00004,0.00000,0.00006
103.20125,0.99751,0.99994,0.00001,0.00000,0.00005
103.30125,0.99751,0.99996,0.00000,0.00000,0.00004
103.40125,0.99750,0.99997,0.00000,0.00000,0.00003
103.50125,0.99750,0.99999,0.00000,0.00000,0.00001
103.60125,0.99750,0.99999,0.00000,0.00000,0.00001
103.70125,0.99751,0.99999,0.00000,0.00000,0.00001
103.80125,0.99751,0.99999,0.00000,0.00000,0.00001
103.90125,0.99750,0.99999,0.00000,0.00000,0.00001
104.00125,0.99750,0.99999,0.00000,0.00000,0.00001
104.10125,0.99750,0.99997,0.00000,0.00000,0.00003
104.20125,0.99751,0.99994,0.00000,0.00000,0.00006
104.30125,0.99751,0.99992,0.00001,0.00000,0.00008
104.40125,0.99750,0.99993,0.00005,0.00001,0.00002
104.50125,0.99750,0.99974,0.00001,0.00015,0.00010
104.60125,0.99750,0.99842,0.00001,0.00144,0.00014
104.70125,0.99751,0.97366,0.00004,0.02613,0.00017
104.80125,0.99751,0.61567,0.00018,0.38404,0.00010
104.90125,0.99750,0.06853,0.00021,0.93126,0.00001
105.00125,0.99750,0.02435,0.00016,0.97548,0.00000
105.10125,0.99750,0.01756,0.00013,0.98231,0.00000
105.20125,0.99751,0.03051,0.00014,0.96934,0.00000
105.30125,0.99751,0.47620,0.00016,0.52361,0.00003
105.40125,0.99750,0.93667,0.00008,0.06302,0.00023
105.50125,0.99750,0.99737,0.00056,0.00202,0.00004
105.60125,0.99750,0.99940,0.00037,0.00019,0.00004
105.70125,0.99751,0.99989,0.00007,0.00001,0.00003
105.80125,0.99751,0.99995,0.00001,0.00000,0.00004
105.90125,0.99750,0.99996,0.00000,0.00000,0.00004
106.00125,0.99750,0.99997,0.00000,0.00000,0.00003
106.10125,0.99750,0.99998,0.00000,0.00000,0.00002
106.20125,0.99751,0.99999,0.00000,0.00000,0.00001
106.30125,0.99751,0.99999,0.00000,0.00000,0.00001
106.40125,0.99750,0.99999,0.00000,0.00000,0.00001
106.50125,0.99750,0.99999,0.00000,0.00000,0.00001
106.60125,0.99750,0.99997,0.00000,0.00000,0.00003
106.70125,0.99751,0.99996,0.00000,0.00000,0.00004
106.80125,0.99751,0.99994,0.00001,0.00000,0.00006
106.90125,0.99750,0.99991,0.00005,0.00000,0.00004
107.00125,0.99750,0.99982,0.00003,0.00006,0.00009
107.10125,0.99750,0.99903,0.00001,0.00070,0.00025
107.20125,0.99751,0.99026,0.00003,0.00935,0.00036
107.30125,0.99751,0.85503,0.00010,0.14457,0.00030
107.40125,0.99750,0.18486,0.00019,0.81488,0.00007
107.50125,0.99750,0.02702,0.00014,0.97283,0.00001
107.60125,0.99750,0.01666,0.00012,0.98322,0.00000
107.70125,0.99751,0.02427,0.00011,0.97561,0.00001
107.80125,0.99751,0.35523,0.00015,0.64456,0.00006
107.90125,0.99750,0.89117,0.00007,0.10839,0.00037
108.00125,0.99750,0.99542,0.00016,0.00434,0.00008
108.10125,0.99750,0.99925,0.00030,0.00042,0.00004
108.20125,0.99751,0.99986,0.00009,0.00002,0.00003
108.30125,0.99751,0.99994,0.00002,0.00000,0.00003
108.40125,0.99750,0.99997,0.00000,0.00000,0.00003
108.50125,0.99750,0.99998,0.00000,0.00000,0.00002
108.60125,0.99750,0.99998,0.00000,0.00000,0.00002
108.70125,0.99751,0.99999,0.00000,0.00000,0.00001
108.80125,0.99751,0.99999,0.00000,0.00000,0.00001
108.90125,0.99750,0.99999,0.00000,0.00000,0.00001
109.00125,0.99750,0.99999,0.00000,0.00000,0.00001
109.10125,0.99750,0.99999,0.00000,0.00000,0.00001
109.20125,0.99751,0.99996,0.00000,0.00000,0.00004
109.30125,0.99751,0.99994,0.00000,0.00000,0.00006
109.40125,0.99750,0.99982,0.00000,0.00000,0.00018
109.50125,0.99750,0.99977,0.00005,0.00001,0.00017
109.60125,0.99750,0.99958,0.00011,0.00011,0.00020
109.70125,0.99751,0.99733,0.00003,0.00196,0.00068
109.80125,0.99751,0.97763,0.00007,0.02141,0.00090
109.90125,0.99750,0.71719,0.00036,0.28159,0.00086
110.00125,0.99750,0.12473,0.00056,0.87457,0.00014
110.10125,0.99750,0.04286,0.00043,0.95668,0.00002
110.20125,0.99751,0.03251,0.00039,0.96709,0.00001
110.30125,0.99751,0.07540,0.00046,0.92411,0.00003
110.40125,0.99750,0.59848,0.00044,0.40101,0.00006
110.50125,0.99750,0.95589,0.00007,0.04389,0.00016
110.60125,0.99750,0.99738,0.00004,0.00250,0.00008
110.70125,0.99751,0.99970,0.00014,0.00014,0.00003
110.80125,0.99751,0.99992,0.00005,0.00001,0.00002
110.90125,0.99750,0.99998,0.00001,0.00000,0.00002
111.00125,0.99750,0.99998,0.00000,0.00000,0.00002
111.10125,0.99750,0.99999,0.00000,0.00000,0.00001
111.20125,0.99751,0.99999,0.00000,0.00000,0.00001
111.30125,0.99751,0.99999,0.00000,0.00000,0.00001
111.40125,0.99750,0.99999,0.00000,0.00000,0.00001
111.50125,0.99750,0.99999,0.00000,0.00000,0.00001
111.60125,0.99750,0.99999,0.00000,0.00000,0.00001
111.70125,0.99751,0.99999,0.00000,0.00000,0.00001
111.80125,0.99751,0.99999,0.00000,0.00000,0.00001
111.90125,0.99750,0.99999,0.00000,0.00000,0.00001
112.00125,0.99750,0.99999,0.00000,0.00000,0.00001
112.10125,0.99750,0.99999,0.00000,0.00000,0.00001
112.20125,0.99751,0.99999,0.00000,0.00000,0.00001
112.30125,0.99751,0.99999,0.00000,0.00000,0.00001
112.40125,0.99750,0.99999,0.00000,0.00000,0.00001
112.50125,0.99750,0.99999,0.00000,0.00000,0.00001
112.60125,0.99750,0.99997,0.00000,0.00000,0.00003
112.70125,0.99751,0.99995,0.00000,0.00000,0.00005
112.80125,0.99751,0.99991,0.00001,0.00000,0.00009
112.90125,0.99750,0.99983,0.00010,0.00001,0.00006
113.00125,0.99750,0.99962,0.00012,0.00015,0.00011
113.10125,0.99750,0.99755,0.00004,0.00226,0.00015
113.20125,0.99751,0.96864,0.00012,0.03100,0.00024
113.30125,0.99751,0.59689,0.00042,0.40251,0.00018
113.40125,0.99750,0.06364,0.00044,0.93590,0.00002
113.50125,0.99750,0.01929,0.00030,0.98040,0.00000
113.60125,0.99750,0.01714,0.00026,0.98260,0.00000
113.70125,0.99751,0.06525,0.00031,0.93443,0.00001
113.80125,0.99751,0.67219,0.00021,0.32753,0.00006
113.90125,0.99750,0.97577,0.00004,0.02395,0.00023
114.00125,0.99750,0.99890,0.00004,0.00100,0.00005
114.10125,0.99750,0.99981,0.00007,0.00007,0.00005
114.20125,0.99751,0.99995,0.00002,0.00000,0.00003
114.30125,0.99751,0.99997,0.00000,0.00000,0.00002
114.40125,0.99750,0.99998,0.00000,0.00000,0.00002
114.50125,0.99750,0.99999,0.00000,0.00000,0.00001
114.60125,0.99750,0.99999,0.00000,0.00000,0.00001
114.70125,0.99751,0.99999,0.00000,0.00000,0.00001
114.80125,0.99751,0.99999,0.00000,0.00000,0.00001
114.90125,0.99750,0.99998,0.00000,0.00000,0.00002
115.00125,0.99750,0.99997,0.00000,0.00000,0.00003
115.10125,0.99750,0.99995,0.00000,0.00000,0.00004
115.20125,0.99751,0.99991,0.00004,0.00000,0.00005
115.30125,0.99751,0.99988,0.00004,0.00006,0.00002
115.40125,0.99750,0.99895,0.00002,0.00098,0.00005
115.50125,0.99750,0.98255,0.00009,0.01731,0.00005
115.60125,0.99750,0.71873,0.00038,0.28084,0.00004
115.70125,0.99751,0.10067,0.00048,0.89885,0.00001
115.80125,0.99751,0.02047,0.00026,0.97926,0.00000
115.90125,0.99750,0.01678,0.00022,0.98300,0.00000
116.00125,0.99750,0.07778,0.00026,0.92196,0.00000
116.10125,0.99750,0.66276,0.00018,0.33703,0.00002
116.20125,0.99751,0.98363,0.00002,0.01629,0.00006
116.30125,0.99751,0.99888,0.00004,0.00101,0.00008
116.40125,0.99750,0.99980,0.00008,0.00006,0.00006
116.50125,0.99750,0.99991,0.00002,0.00000,0.00007
116.60125,0.99750,0.99993,0.00000,0.00000,0.00006
116.70125,0.99751,0.99995,0.00000,0.00000,0.00005
116.80125,0.99751,0.99996,0.00000,0.00000,0.00004
116.90125,0.99750,0.99998,0.00000,0.00000,0.00002
117.00125,0.99750,0.99997,0.00000,0.00000,0.00003
117.10125,0.99750,0.99998,0.00000,0.00000,0.00002
117.20125,0.99751,0.99996,0.00000,0.00000,0.00004
117.30125,0.99751,0.99992,0.00000,0.00000,0.00008
117.40125,0.99750,0.99984,0.00000,0.00000,0.00016
117.50125,0.99750,0.99965,0.00002,0.00000,0.00033
117.60125,0.99750,0.99972,0.00011,0.00001,0.00016
117.70125,0.99751,0.99886,0.00004,0.00020,0.00090
117.80125,0.99751,0.99623,0.00003,0.00284,0.00089
117.90125,0.99750,0.95452,0.00012,0.04425,0.00112
118.00125,0.99750,0.51888,0.00045,0.47992,0.00074
118.10125,0.99750,0.04734,0.00035,0.95223,0.00008
118.20125,0.99751,0.02597,0.00028,0.97372,0.00002
118.30125,0.99751,0.02591,0.00025,0.97382,0.00002
118.40125,0.99750,0.19329,0.00037,0.80625,0.00010
118.50125,0.99750,0.76291,0.00026,0.23658,0.00025
118.60125,0.99750,0.97537,0.00009,0.02390,0.00064
118.70125,0.99751,0.99879,0.00034,0.00078,0.00009
118.80125,0.99751,0.99963,0.00020,0.00005,0.00011
118.90125,0.99750,0.99991,0.00003,0.00000,0.00006
119.00125,0.99750,0.99993,0.00000,0.00000,0.00006
119.10125,0.99750,0.99992,0.00000,0.00000,0.00008
119.20125,0.99751,0.99986,0.00000,0.00000,0.00013
119.30125,0.99751,0.99981,0.00000,0.00000,0.00018
119.40125,0.99750,0.99977,0.00001,0.00000,0.00022
119.50125,0.99750,0.99949,0.00009,0.00001,0.00041
119.60125,0.99750,0.99944,0.00016,0.00020,0.00020
119.70125,0.99751,0.99504,0.00006,0.00411,0.00079
119.80125,0.99751,0.92992,0.00018,0.06905,0.00084
119.90125,0.99750,0.40873,0.00048,0.59031,0.00049
120.00125,0.99750,0.06047,0.00037,0.93910,0.00006
120.10125,0.99750,0.01873,0.00024,0.98101,0.00001
120.20125,0.99751,0.01563,0.00023,0.98413,0.00001
120.30125,0.99751,0.01840,0.00022,0.98136,0.00001
120.40125,0.99750,0.14875,0.00026,0.85092,0.00007
120.50125,0.99750,0.57440,0.00019,0.42518,0.00023
120.60125,0.99750,0.90595,0.00031,0.09268,0.00106
120.70125,0.99751,0.99194,0.00131,0.00599,0.00077
120.80125,0.99751,0.99757,0.00056,0.00057,0.00130
120.90125,0.99750,0.99772,0.00020,0.00005,0.00203
121.00125,0.99750,0.99672,0.00005,0.00000,0.00323
121.10125,0.99750,0.99641,0.00001,0.00000,0.00359
121.20125,0.99751,0.99697,0.00000,0.00000,0.00303
121.30125,0.99751,0.99771,0.00000,0.00000,0.00229
121.40125,0.99750,0.99813,0.00000,0.00000,0.00187
121.50125,0.99750,0.99916,0.00000,0.00000,0.00084
121.60125,0.99750,0.99951,0.00000,0.00000,0.00049
121.70125,0.99751,0.99972,0.00000,0.00000,0.00028
121.80125,0.99751,0.99983,0.00000,0.00000,0.00017
121.90125,0.99750,0.99987,0.00000,0.00000,0.00013
122.00125,0.99750,0.99991,0.00000,0.00000,0.00009
122.10125,0.99750,0.99995,0.00000,0.00000,0.00005
122.20125,0.99751,0.99996,0.00000,0.00000,0.00004
122.30125,0.99751,0.99997,0.00000,0.00000,0.00003
122.40125,0.99750,0.99997,0.00000,0.00000,0.00003
122.50125,0.99750,0.99997,0.00000,0.00000,0.00003
122.60125,0.99750,0.99998,0.00000,0.00000,0.00002
122.70125,0.99751,0.99999,0.00000,0.00000,0.00001
122.80125,0.99751,0.99999,0.00000,0.00000,0.00001
122.90125,0.99750,0.99999,0.00000,0.00000,0.00001
123.00125,0.99750,0.99999,0.00000,0.00000,0.00001
123.10125,0.99750,0.99999,0.00000,0.00000,0.00001
123.20125,0.99751,0.99999,0.00000,0.00000,0.00001
123.30125,0.99751,1.00000,0.00000,0.00000,0.00000
123.40125,0.99750,1.00000,0.00000,0.00000,0.00000
123.50125,0.99750,1.00000,0.00000,0.00000,0.00000
123.60125,0.99750,1.00000,0.00000,0.00000,0.00000
123.70125,0.99751,1.00000,0.00000,0.00000,0.00000
123.80125,0.99751,0.99999,0.00000,0.00000,0.00001
123.90125,0.99750,0.99999,0.00000,0.00000,0.00001
124.00125,0.99750,1.00000,0.00000,0.00000,0.00000
124.10125,0.99750,1.00000,0.00000,0.00000,0.00000
124.20125,0.99751,0.99999,0.00000,0.00000,0.00001
124.30125,0.99751,0.99999,0.00000,0.00000,0.00001
124.40125,0.99750,0.99999,0.00000,0.00000,0.00001
124.50125,0.99750,0.99999,0.00000,0.00000,0.00001
124.60125,0.99750,0.99999,0.00000,0.00000,0.00001
124.70125,0.99751,0.99999,0.00000,0.00000,0.00001
124.80125,0.99751,0.99999,0.00000,0.00000,0.00001
124.90125,0.99750,0.99999,0.00000,0.00000,0.00001
125.00125,0.99750,0.99999,0.00000,0.00000,0.00001
125.10125,0.99750,0.99999,0.00000,0.00000,0.00001
125.20125,0.99751,0.99999,0.00000,0.00000,0.00001
125.30125,0.99751,0.99999,0.00000,0.00000,0.00001
125.40125,0.99750,0.99999,0.00000,0.00000,0.00001
125.50125,0.99750,0.99999,0.00000,0.00000,0.00001
125.60125,0.99750,0.99999,0.00000,0.00000,0.00001
125.70125,0.99751,0.99999,0.00000,0.00000,0.00001
125.80125,0.99751,0.99999,0.00000,0.00000,0.00001
125.90125,0.99750,0.99999,0.00000,0.00000,0.00001
126.00125,0.99750,0.99999,0.00000,0.00000,0.00001
126.10125,0.99750,0.99999,0.00000,0.00000,0.00001
126.20125,0.99751,0.99999,0.00000,0.00000,0.00001
126.30125,0.99751,0.99999,0.00000,0.00000,0.00001
126.40125,0.99750,0.99999,0.00000,0.00000,0.00001
126.50125,0.99750,0.99999,0.00000,0.00000,0.00001
126.60125,0.99750,0.99999,0.00000,0.00000,0.00001
126.70125,0.99751,0.99999,0.00000,0.00000,0.00001
126.80125,0.99751,0.99999,0.00000,0.00000,0.00001
126.90125,0.99750,0.99999,0.00000,0.00000,0.00001
127.00125,0.99750,0.99999,0.00000,0.00000,0.00001
127.10125,0.99751,0.99999,0.00000,0.00000,0.00001
127.20125,0.99750,0.99999,0.00000,0.00000,0.00001
127.30125,0.99751,0.99999,0.00000,0.00000,0.00001
127.40125,0.99749,0.99999,0.00000,0.00000,0.00001
127.50125,0.99750,0.99999,0.00000,0.00000,0.00001
127.60125,0.99751,0.99999,0.00000,0.00000,0.00001
127.70125,0.99750,0.99999,0.00000,0.00000,0.00001
127.80125,0.99751,0.99999,0.00000,0.00000,0.00001
127.90125,0.99749,0.99999,0.00000,0.00000,0.00001
128.00125,0.99750,0.99999,0.00000,0.00000,0.00001
128.10126,0.99750,0.99999,0.00000,0.00000,0.00001
128.20125,0.99750,0.99999,0.00000,0.00000,0.00001
128.30125,0.99750,0.99999,0.00000,0.00000,0.00001
128.40125,0.99750,0.99999,0.00000,0.00000,0.00001
128.50125,0.99750,0.99999,0.00000,0.00000,0.00001
128.60126,0.99750,0.99999,0.00000,0.00000,0.00001
128.70125,0.99750,0.99999,0.00000,0.00000,0.00001
128.80125,0.99750,0.99999,0.00000,0.00000,0.00001
128.90125,0.99750,0.99999,0.00000,0.00000,0.00001
129.00125,0.99750,0.99999,0.00000,0.00000,0.00001
129.10126,0.99750,0.99999,0.00000,0.00000,0.00001
129.20125,0.99750,0.99999,0.00000,0.00000,0.00001
129.30125,0.99750,0.99999,0.00000,0.00000,0.00001
129.40125,0.99750,0.99999,0.00000,0.00000,0.00001
129.50125,0.99750,0.99999,0.00000,0.00000,0.00001
129.60126,0.99750,0.99999,0.00000,0.00000,0.00001
129.70125,0.99750,0.99999,0.00000,0.00000,0.00001
129.80125,0.99750,0.99999,0.00000,0.00000,0.00001
129.90125,0.99750,0.99999,0.00000,0.00000,0.00001
130.00125,0.99750,0.99999,0.00000,0.00000,0.00001
130.10126,0.99750,0.99999,0.00000,0.00000,0.00001
130.20125,0.99750,0.99999,0.00000,0.00000,0.00001
130.30125,0.99750,0.99999,0.00000,0.00000,0.00001
130.40125,0.99750,0.99999,0.00000,0.00000,0.00001
130.50125,0.99750,0.99999,0.00000,0.00000,0.00001
130.60126,0.99750,0.99999,0.00000,0.00000,0.00001
130.70125,0.99750,0.99999,0.00000,0.00000,0.00001
130.80125,0.99750,0.99999,0.00000,0.00000,0.00001
130.90125,0.99750,0.99999,0.00000,0.00000,0.00001
131.00125,0.99750,0.99999,0.00000,0.00000,0.00001
131.10126,0.99750,0.99999,0.00000,0.00000,0.00001
131.20125,0.99750,0.99999,0.00000,0.00000,0.00001
131.30125,0.99750,0.99999,0.00000,0.00000,0.00001
131.40125,0.99750,0.99999,0.00000,0.00000,0.00001
131.50125,0.99750,0.99999,0.00000,0.00000,0.00001
131.60126,0.99750,0.99999,0.00000,0.00000,0.00001
131.70125,0.99750,0.99999,0.00000,0.00000,0.00001
131.80125,0.99750,0.99999,0.00000,0.00000,0.00001
131.90125,0.99750,0.99999,0.00000,0.00000,0.00001
132.00125,0.99750,0.99999,0.00000,0.00000,0.00001
132.10126,0.99750,0.99999,0.00000,0.00000,0.00001
132.20125,0.99750,0.99999,0.00000,0.00000,0.00001
132.30125,0.99750,0.99999,0.00000,0.00000,0.00001
132.40125,0.99750,0.99999,0.00000,0.00000,0.00001
132.50125,0.99750,0.99999,0.00000,0.00000,0.00001
132.60126,0.99750,0.99999,0.00000,0.00000,0.00001
132.70125,0.99750,0.99999,0.00000,0.00000,0.00001
132.80125,0.99750,0.99999,0.00000,0.00000,0.00001
132.90125,0.99750,0.99999,0.00000,0.00000,0.00001
133.00125,0.99750,0.99999,0.00000,0.00000,0.00001
133.10126,0.99750,0.99999,0.00000,0.00000,0.00001
133.20125,0.99750,0.99999,0.00000,0.00000,0.00001
133.30125,0.99750,0.99999,0.00000,0.00000,0.00001
133.40125,0.99750,0.99999,0.00000,0.00000,0.00001
133.50125,0.99750,0.99999,0.00000,0.00000,0.00001
133.60126,0.99750,0.99999,0.00000,0.00000,0.00001
133.70125,0.99750,0.99999,0.00000,0.00000,0.00001
133.80125,0.99750,0.99999,0.00000,0.00000,0.00001
133.90125,0.99750,0.99999,0.00000,0.00000,0.00001
134.00125,0.99750,0.99999,0.00000,0.00000,0.00001
134.10126,0.99750,0.99999,0.00000,0.00000,0.00001
134.20125,0.99750,0.99999,0.00000,0.00000,0.00001
134.30125,0.99750,0.99999,0.00000,0.00000,0.00001
134.40125,0.99750,0.99999,0.00000,0.00000,0.00001
134.50125,0.99750,0.99998,0.00000,0.00000,0.00002
134.60126,0.99750,0.99997,0.00000,0.00000,0.00003
134.70125,0.99750,0.99996,0.00000,0.00000,0.00004
134.80125,0.99750,0.99995,0.00000,0.00000,0.00005
134.90125,0.99750,0.99993,0.00000,0.00000,0.00007
135.00125,0.99750,0.99982,0.00000,0.00000,0.00018
135.10126,0.99750,0.99971,0.00000,0.00000,0.00028
135.20125,0.99750,0.99965,0.00002,0.00000,0.00032
135.30125,0.99750,0.99984,0.00010,0.00002,0.00004
135.40125,0.99750,0.99940,0.00003,0.00039,0.00018
135.50125,0.99750,0.99602,0.00005,0.00381,0.00012
135.60126,0.99750,0.97035,0.00009,0.02947,0.00010
135.70125,0.99750,0.67483,0.00023,0.32490,0.00005
135.80125,0.99750,0.08443,0.00025,0.91532,0.00001
135.90125,0.99750,0.01683,0.00023,0.98294,0.00000
136.00125,0.99750,0.02005,0.00026,0.97970,0.00000
136.10126,0.99750,0.28309,0.00028,0.71662,0.00001
136.20125,0.99750,0.93159,0.00006,0.06832,0.00003
136.30125,0.99750,0.99631,0.00002,0.00358,0.00009
136.40125,0.99750,0.99979,0.00006,0.00013,0.00002
136.50125,0.99750,0.99995,0.00002,0.00001,0.00002
136.60126,0.99750,0.99998,0.00000,0.00000,0.00002
136.70125,0.99750,0.99998,0.00000,0.00000,0.00002
136.80125,0.99750,0.99999,0.00000,0.00000,0.00001
136.90125,0.99750,0.99999,0.00000,0.00000,0.00001
137.00125,0.99750,0.99999,0.00000,0.00000,0.00001
137.10126,0.99750,0.99999,0.00000,0.00000,0.00001
137.20125,0.99750,0.99999,0.00000,0.00000,0.00001
137.30125,0.99750,0.99999,0.00000,0.00000,0.00001
137.40125,0.99750,0.99998,0.00000,0.00000,0.00002
137.50125,0.99750,0.99998,0.00000,0.00000,0.00002
137.60126,0.99750,0.99996,0.00000,0.00000,0.00003
137.70125,0.99750,0.99997,0.00001,0.00000,0.00002
137.80125,0.99750,0.99984,0.00000,0.00006,0.00009
137.90125,0.99750,0.99921,0.00001,0.00066,0.00013
138.00125,0.99750,0.98939,0.00003,0.01030,0.00027
138.10126,0.99750,0.78222,0.00026,0.21718,0.00034
138.20125,0.99750,0.10734,0.00058,0.89199,0.00008
138.30125,0.99750,0.02110,0.00047,0.97842,0.00001
138.40125,0.99750,0.02149,0.00042,0.97808,0.00001
138.50125,0.99750,0.28547,0.00046,0.71393,0.00014
138.60126,0.99750,0.91156,0.00009,0.08812,0.00023
138.70125,0.99750,0.99446,0.00003,0.00517,0.00034
138.80125,0.99750,0.99971,0.00009,0.00015,0.00005
138.90125,0.99750,0.99991,0.00003,0.00001,0.00004
139.00125,0.99750,0.99997,0.00001,0.00000,0.00002
139.10126,0.99750,0.99998,0.00000,0.00000,0.00002
139.20125,0.99750,0.99999,0.00000,0.00000,0.00001
139.30125,0.99750,0.99999,0.00000,0.00000,0.00001
139.40125,0.99750,1.00000,0.00000,0.00000,0.00000
139.50125,0.99750,1.00000,0.00000,0.00000,0.00000
139.60126,0.99750,1.00000,0.00000,0.00000,0.00000
139.70125,0.99750,1.00000,0.00000,0.00000,0.00000
139.80125,0.99750,1.00000,0.00000,0.00000,0.00000
139.90125,0.99750,1.00000,0.00000,0.00000,0.00000
140.00125,0.99750,1.00000,0.00000,0.00000,0.00000
140.10126,0.99750,1.00000,0.00000,0.00000,0.00000
140.20125,0.99750,1.00000,0.00000,0.00000,0.00000
140.30125,0.99750,1.00000,0.00000,0.00000,0.00000
140.40125,0.99750,0.99999,0.00000,0.00000,0.00001
140.50125,0.99750,0.99999,0.00000,0.00000,0.00001
140.60126,0.99750,0.99998,0.00000,0.00000,0.00002
140.70125,0.99750,0.99997,0.00001,0.00000,0.00002
140.80125,0.99750,0.99996,0.00002,0.00001,0.00001
140.90125,0.99750,0.99968,0.00000,0.00029,0.00002
141.00125,0.99750,0.99636,0.00001,0.00360,0.00003
141.10126,0.99750,0.92570,0.00010,0.07416,0.00004
141.20125,0.99750,0.30727,0.00048,0.69223,0.00002
141.30125,0.99750,0.02438,0.00041,0.97521,0.00000
141.40125,0.99750,0.01374,0.00038,0.98588,0.00000
141.50125,0.99750,0.03434,0.00042,0.96524,0.00000
141.60126,0.99750,0.43816,0.00037,0.56144,0.00003
141.70125,0.99750,0.96237,0.00005,0.03753,0.00005
141.80125,0.99750,0.99808,0.00002,0.00178,0.00012
141.90125,0.99750,0.99977,0.00010,0.00008,0.00004
142.00125,0.99750,0.99993,0.00003,0.00001,0.00003
142.10126,0.99750,0.99997,0.00000,0.00000,0.00002
142.20125,0.99750,0.99998,0.00000,0.00000,0.00002
142.30125,0.99750,0.99999,0.00000,0.00000,0.00001
142.40125,0.99750,1.00000,0.00000,0.00000,0.00000
142.50125,0.99750,1.00000,0.00000,0.00000,0.00000
142.60126,0.99750,1.00000,0.00000,0.00000,0.00000
142.70125,0.99750,1.00000,0.00000,0.00000,0.00000
142.80125,0.99750,1.00000,0.00000,0.00000,0.00000
142.90125,0.99750,1.00000,0.00000,0.00000,0.00000
143.00125,0.99750,1.00000,0.00000,0.00000,0.00000
143.10126,0.99750,0.99999,0.00000,0.00000,0.00001
143.20125,0.99750,0.99999,0.00000,0.00000,0.00001
143.30125,0.99750,0.99999,0.00000,0.00000,0.00001
143.40125,0.99750,0.99999,0.00000,0.00000,0.00001
143.50125,0.99750,0.99999,0.00000,0.00000,0.00001
143.60126,0.99750,0.99999,0.00000,0.00000,0.00001
143.70125,0.99750,0.99999,0.00000,0.00000,0.00001
143.80125,0.99750,0.99999,0.00000,0.00000,0.00001
143.90125,0.99750,0.99999,0.00000,0.00000,0.00001
144.00125,0.99750,1.00000,0.00000,0.00000,0.00000
144.10126,0.99750,1.00000,0.00000,0.00000,0.00000
144.20125,0.99750,1.00000,0.00000,0.00000,0.00000
144.30125,0.99750,1.00000,0.00000,0.00000,0.00000
144.40125,0.99750,1.00000,0.00000,0.00000,0.00000
144.50125,0.99750,0.99999,0.00000,0.00000,0.00001
144.60126,0.99750,0.99999,0.00000,0.00000,0.00001
144.70125,0.99750,0.99999,0.00000,0.00000,0.00001
144.80125,0.99750,0.99999,0.00000,0.00000,0.00001
144.90125,0.99750,0.99999,0.00000,0.00000,0.00001
145.00125,0.99750,0.99999,0.00000,0.00000,0.00001
145.10126,0.99750,0.99999,0.00000,0.00000,0.00001
145.20125,0.99750,0.99999,0.00000,0.00000,0.00001
145.30125,0.99750,0.99998,0.00000,0.00000,0.00002
145.40125,0.99750,0.99998,0.00000,0.00000,0.00002
145.50125,0.99750,0.99997,0.00002,0.00000,0.00001
145.60126,0.99750,0.99995,0.00001,0.00002,0.00002
145.70125,0.99750,0.99963,0.00000,0.00033,0.00004
145.80125,0.99750,0.99317,0.00002,0.00675,0.00006
145.90125,0.99750,0.87135,0.00017,0.12842,0.00006
146.00125,0.99750,0.22093,0.00054,0.77851,0.00002
146.10126,0.99750,0.02031,0.00045,0.97923,0.00000
146.20125,0.99750,0.04328,0.00046,0.95626,0.00000
146.30125,0.99750,0.46608,0.00032,0.53357,0.00003
146.40125,0.99750,0.94539,0.00005,0.05451,0.00005
146.50125,0.99750,0.99770,0.00000,0.00217,0.00012
146.60126,0.99750,0.99990,0.00002,0.00006,0.00002
146.70125,0.99750,0.99996,0.00002,0.00001,0.00002
146.80125,0.99750,0.99998,0.00000,0.00000,0.00001
146.90125,0.99750,0.99999,0.00000,0.00000,0.00001
147.00125,0.99750,0.99999,0.00000,0.00000,0.00001
147.10126,0.99750,0.99999,0.00000,0.00000,0.00001
147.20125,0.99750,0.99999,0.00000,0.00000,0.00001
147.30125,0.99750,0.99999,0.00000,0.00000,0.00001
147.40125,0.99750,0.99999,0.00000,0.00000,0.00001
147.50125,0.99750,0.99999,0.00000,0.00000,0.00001
147.60126,0.99750,0.99999,0.00000,0.00000,0.00001
147.70125,0.99750,0.99999,0.00000,0.00000,0.00001
147.80125,0.99750,0.99998,0.00000,0.00000,0.00002
147.90125,0.99750,0.99997,0.00000,0.00000,0.00003
148.00125,0.99750,0.99995,0.00000,0.00000,0.00004
148.10126,0.99750,0.99995,0.00003,0.00000,0.00002
148.20125,0.99750,0.99988,0.00002,0.00008,0.00002
148.30125,0.99750,0.99865,0.00001,0.00130,0.00003
148.40125,0.99750,0.97586,0.00004,0.02405,0.00005
148.50125,0.99750,0.62169,0.00026,0.37801,0.00003
148.60126,0.99750,0.06418,0.00030,0.93551,0.00000
148.70125,0.99750,0.01316,0.00023,0.98661,0.00000
148.80125,0.99750,0.00994,0.00021,0.98984,0.00000
148.90125,0.99750,0.09464,0.00033,0.90503,0.00000
149.00125,0.99750,0.76429,0.00020,0.23549,0.00002
149.10126,0.99750,0.98737,0.00002,0.01252,0.00009
149.20125,0.99750,0.99953,0.00004,0.00040,0.00002
149.30125,0.99750,0.99991,0.00004,0.00002,0.00002
149.40125,0.99750,0.99997,0.00001,0.00000,0.00002
149.50125,0.99750,0.99998,0.00000,0.00000,0.00002
149.60126,0.99750,0.99999,0.00000,0.00000,0.00001
149.70125,0.99750,0.99999,0.00000,0.00000,0.00001
149.80125,0.99750,0.99999,0.00000,0.00000,0.00001
149.90125,0.99750,0.99999,0.00000,0.00000,0.00001
150.00125,0.99750,1.00000,0.00000,0.00000,0.00000
150.10126,0.99750,0.99999,0.00000,0.00000,0.00001
150.20125,0.99750,0.99998,0.00000,0.00000,0.00002
150.30125,0.99750,0.99997,0.00000,0.00000,0.00003
150.40125,0.99750,0.99995,0.00001,0.00000,0.00005
150.50125,0.99750,0.99994,0.00003,0.00001,0.00002
150.60126,0.99750,0.99975,0.00001,0.00019,0.00005
150.70125,0.99750,0.99744,0.00001,0.00251,0.00004
150.80125,0.99750,0.95017,0.00007,0.04971,0.00005
150.90125,0.99750,0.46482,0.00029,0.53486,0.00003
151.00125,0.99750,0.03470,0.00029,0.96501,0.00000
151.10126,0.99750,0.01309,0.00023,0.98667,0.00000
151.20125,0.99750,0.02276,0.00024,0.97699,0.00000
151.30125,0.99750,0.35136,0.00024,0.64839,0.00002
151.40125,0.99750,0.94610,0.00004,0.05383,0.00003
151.50125,0.99750,0.99746,0.00002,0.00248,0.00004
151.60126,0.99750,0.99980,0.00008,0.00010,0.00002
151.70125,0.99750,0.99994,0.00003,0.00001,0.00002
151.80125,0.99750,0.99998,0.00000,0.00000,0.00002
151.90125,0.99750,0.99999,0.00000,0.00000,0.00001
152.00125,0.99750,0.99999,0.00000,0.00000,0.00001
152.10126,0.99750,0.99999,0.00000,0.00000,0.00001
152.20125,0.99750,1.00000,0.00000,0.00000,0.00000
152.30125,0.99750,1.00000,0.00000,0.00000,0.00000
152.40125,0.99750,1.00000,0.00000,0.00000,0.00000
152.50125,0.99750,0.99999,0.00000,0.00000,0.00001
152.60126,0.99750,0.99998,0.00000,0.00000,0.00002
152.70125,0.99750,0.99997,0.00000,0.00000,0.00003
152.80125,0.99750,0.99992,0.00004,0.00000,0.00003
152.90125,0.99750,0.99983,0.00005,0.00010,0.00001
153.00125,0.99750,0.99837,0.00002,0.00158,0.00003
153.10126,0.99750,0.97574,0.00008,0.02415,0.00004
153.20125,0.99750,0.64677,0.00040,0.35281,0.00003
153.30125,0.99750,0.06568,0.00049,0.93383,0.00000
153.40125,0.99750,0.01482,0.00038,0.98480,0.00000
153.50125,0.99750,0.01235,0.00037,0.98727,0.00000
153.60126,0.99750,0.05160,0.00045,0.94795,0.00000
153.70125,0.99750,0.56239,0.00035,0.43725,0.00001
153.80125,0.99750,0.97801,0.00003,0.02194,0.00003
153.90125,0.99750,0.99903,0.00004,0.00090,0.00003
154.00125,0.99750,0.99985,0.00006,0.00006,0.00003
154.10126,0.99750,0.99996,0.00002,0.00000,0.00002
154.20125,0.99750,0.99998,0.00000,0.00000,0.00002
154.30125,0.99750,0.99999,0.00000,0.00000,0.00001
154.40125,0.99750,0.99999,0.00000,0.00000,0.00001
154.50125,0.99750,0.99999,0.00000,0.00000,0.00001
154.60126,0.99750,1.00000,0.00000,0.00000,0.00000
154.70125,0.99750,1.00000,0.00000,0.00000,0.00000
154.80125,0.99750,1.00000,0.00000,0.00000,0.00000
154.90125,0.99750,1.00000,0.00000,0.00000,0.00000
155.00125,0.99750,1.00000,0.00000,0.00000,0.00000
155.10126,0.99750,0.99999,0.00000,0.00000,0.00001
155.20125,0.99750,0.99999,0.00000,0.00000,0.00001
155.30125,0.99750,0.99998,0.00000,0.00000,0.00002
155.40125,0.99750,0.99996,0.00002,0.00000,0.00001
155.50125,0.99750,0.99991,0.00001,0.00005,0.00003
155.60126,0.99750,0.99947,0.00001,0.00048,0.00004
155.70125,0.99750,0.99201,0.00004,0.00789,0.00006
155.80125,0.99750,0.81950,0.00028,0.18016,0.00006
155.90125,0.99750,0.14505,0.00057,0.85437,0.00001
156.00125,0.99750,0.02570,0.00045,0.97385,0.00000
156.10126,0.99750,0.02371,0.00040,0.97589,0.00000
156.20125,0.99750,0.25373,0.00044,0.74581,0.00002
156.30125,0.99750,0.88595,0.00013,0.11386,0.00005
156.40125,0.99750,0.99331,0.00001,0.00656,0.00012
156.50125,0.99750,0.99976,0.00003,0.00017,0.00003
156.60126,0.99750,0.99993,0.00003,0.00002,0.00002
156.70125,0.99750,0.99998,0.00001,0.00000,0.00002
156.80125,0.99750,0.99998,0.00000,0.00000,0.00001
156.90125,0.99750,0.99999,0.00000,0.00000,0.00001
157.00125,0.99750,0.99999,0.00000,0.00000,0.00001
157.10126,0.99750,1.00000,0.00000,0.00000,0.00000
157.20125,0.99750,1.00000,0.00000,0.00000,0.00000
157.30125,0.99750,1.00000,0.00000,0.00000,0.00000
157.40125,0.99750,1.00000,0.00000,0.00000,0.00000
157.50125,0.99750,1.00000,0.00000,0.00000,0.00000
157.60126,0.99750,1.00000,0.00000,0.00000,0.00000
157.70125,0.99750,1.00000,0.00000,0.00000,0.00000
157.80125,0.99750,0.99999,0.00000,0.00000,0.00001
157.90125,0.99750,0.99998,0.00000,0.00000,0.00002
158.00125,0.99750,0.99997,0.00000,0.00000,0.00003
158.10126,0.99750,0.99997,0.00002,0.00000,0.00001
158.20125,0.99750,0.99988,0.00001,0.00009,0.00003
158.30125,0.99750,0.99867,0.00001,0.00130,0.00003
158.40125,0.99750,0.97503,0.00007,0.02486,0.00004
158.50125,0.99750,0.60106,0.00040,0.39852,0.00003
158.60126,0.99750,0.05495,0.00041,0.94464,0.00000
158.70125,0.99750,0.01502,0.00030,0.98468,0.00000
158.80125,0.99750,0.01239,0.00025,0.98736,0.00000
158.90125,0.99750,0.05396,0.00030,0.94573,0.00000
159.00125,0.99750,0.56413,0.00023,0.43562,0.00002
159.10126,0.99750,0.95861,0.00009,0.04120,0.00011
159.20125,0.99750,0.99813,0.00041,0.00143,0.00003
159.30125,0.99750,0.99972,0.00015,0.00009,0.00004
159.40125,0.99750,0.99994,0.00003,0.00000,0.00003
159.50125,0.99750,0.99997,0.00000,0.00000,0.00003
159.60126,0.99750,0.99998,0.00000,0.00000,0.00002
159.70125,0.99750,0.99999,0.00000,0.00000,0.00001
159.80125,0.99750,0.99999,0.00000,0.00000,0.00001
159.90125,0.99750,0.99999,0.00000,0.00000,0.00001
160.00125,0.99750,1.00000,0.00000,0.00000,0.00000
160.10126,0.99750,1.00000,0.00000,0.00000,0.00000
160.20125,0.99750,1.00000,0.00000,0.00000,0.00000
160.30125,0.99750,1.00000,0.00000,0.00000,0.00000
160.40125,0.99750,0.99999,0.00000,0.00000,0.00001
160.50125,0.99750,0.99998,0.00000,0.00000,0.00002
160.60126,0.99750,0.99997,0.00000,0.00000,0.00002
160.70125,0.99750,0.99995,0.00001,0.00000,0.00004
160.80125,0.99750,0.99995,0.00001,0.00002,0.00002
160.90125,0.99750,0.99960,0.00001,0.00033,0.00006
161.00125,0.99750,0.99620,0.00002,0.00369,0.00010
161.10126,0.99750,0.92621,0.00010,0.07358,0.00011
161.20125,0.99750,0.33495,0.00033,0.66467,0.00005
161.30125,0.99750,0.03879,0.00028,0.96093,0.00001
161.40125,0.99750,0.02441,0.00024,0.97535,0.00000
161.50125,0.99750,0.02881,0.00021,0.97098,0.00000
161.60126,0.99750,0.33393,0.00024,0.66580,0.00003
161.70125,0.99750,0.92709,0.00005,0.07278,0.00008
161.80125,0.99750,0.99654,0.00008,0.00327,0.00012
161.90125,0.99750,0.99957,0.00019,0.00019,0.00006
162.00125,0.99750,0.99988,0.00007,0.00001,0.00004
162.10126,0.99750,0.99995,0.00001,0.00000,0.00003
162.20125,0.99750,0.99997,0.00000,0.00000,0.00003
162.30125,0.99750,0.99998,0.00000,0.00000,0.00002
162.40125,0.99750,0.99999,0.00000,0.00000,0.00001
162.50125,0.99750,0.99999,0.00000,0.00000,0.00001
162.60126,0.99750,0.99997,0.00000,0.00000,0.00003
162.70125,0.99750,0.99992,0.00000,0.00000,0.00008
162.80125,0.99750,0.99989,0.00000,0.00000,0.00011
162.90125,0.99750,0.99984,0.00003,0.00000,0.00013
163.00125,0.99750,0.99986,0.00003,0.00004,0.00007
163.10126,0.99750,0.99912,0.00001,0.00069,0.00018
163.20125,0.99750,0.98813,0.00004,0.01160,0.00022
163.30125,0.99750,0.78279,0.00023,0.21675,0.00022
163.40125,0.99750,0.12959,0.00037,0.87000,0.00004
163.50125,0.99750,0.02704,0.00025,0.97270,0.00001
163.60126,0.99750,0.01771,0.00022,0.98207,0.00000
163.70125,0.99750,0.02188,0.00024,0.97787,0.00000
163.80125,0.99750,0.39078,0.00029,0.60891,0.00002
163.90125,0.99750,0.94793,0.00005,0.05196,0.00007
164.00125,0.99750,0.99680,0.00005,0.00308,0.00007
164.10126,0.99750,0.99973,0.00010,0.00014,0.00003
164.20125,0.99750,0.99994,0.00003,0.00001,0.00002
164.30125,0.99750,0.99998,0.00000,0.00000,0.00002
164.40125,0.99750,0.99998,0.00000,0.00000,0.00001
164.50125,0.99750,0.99999,0.00000,0.00000,0.00001
164.60126,0.99750,0.99999,0.00000,0.00000,0.00001
164.70125,0.99750,0.99999,0.00000,0.00000,0.00001
164.80125,0.99750,0.99998,0.00000,0.00000,0.00002
164.90125,0.99750,0.99998,0.00000,0.00000,0.00002
165.00125,0.99750,0.99995,0.00002,0.00000,0.00003
165.10126,0.99750,0.99982,0.00014,0.00004,0.00001
165.20125,0.99750,0.99905,0.00004,0.00088,0.00004
165.30125,0.99750,0.99128,0.00005,0.00864,0.00003
165.40125,0.99750,0.86653,0.00022,0.13321,0.00005
165.50125,0.99750,0.18318,0.00056,0.81625,0.00001
165.60126,0.99750,0.02637,0.00039,0.97323,0.00000
165.70125,0.99750,0.02016,0.00038,0.97946,0.00000
165.80125,0.99750,0.02152,0.00032,0.97816,0.00000
165.90125,0.99750,0.19810,0.00039,0.80150,0.00001
166.00125,0.99750,0.89274,0.00012,0.10711,0.00003
166.10126,0.99750,0.99300,0.00003,0.00686,0.00011
166.20125,0.99750,0.99959,0.00009,0.00029,0.00003
166.30125,0.99750,0.99987,0.00007,0.00003,0.00004
166.40125,0.99750,0.99996,0.00001,0.00000,0.00002
166.50125,0.99750,0.99998,0.00000,0.00000,0.00002
166.60126,0.99750,0.99999,0.00000,0.00000,0.00001
166.70125,0.99750,0.99999,0.00000,0.00000,0.00001
166.80125,0.99750,1.00000,0.00000,0.00000,0.00000
166.90125,0.99750,1.00000,0.00000,0.00000,0.00000
167.00125,0.99750,1.00000,0.00000,0.00000,0.00000
167.10126,0.99750,1.00000,0.00000,0.00000,0.00000
167.20125,0.99750,1.00000,0.00000,0.00000,0.00000
167.30125,0.99750,1.00000,0.00000,0.00000,0.00000
167.40125,0.99750,1.00000,0.00000,0.00000,0.00000
167.50125,0.99750,1.00000,0.00000,0.00000,0.00000
167.60126,0.99750,1.00000,0.00000,0.00000,0.00000
167.70125,0.99750,1.00000,0.00000,0.00000,0.00000
167.80125,0.99750,1.00000,0.00000,0.00000,0.00000
167.90125,0.99750,0.99999,0.00000,0.00000,0.00001
168.00125,0.99750,0.99999,0.00000,0.00000,0.00001
168.10126,0.99750,0.99999,0.00000,0.00000,0.00001
168.20125,0.99750,0.99999,0.00000,0.00000,0.00001
168.30125,0.99750,0.99999,0.00000,0.00000,0.00001
168.40125,0.99750,0.99999,0.00000,0.00000,0.00001
168.50125,0.99750,0.99999,0.00000,0.00000,0.00001
168.60126,0.99750,0.99999,0.00000,0.00000,0.00001
168.70125,0.99750,0.99999,0.00000,0.00000,0.00001
168.80125,0.99750,0.99999,0.00000,0.00000,0.00001
168.90125,0.99750,0.99999,0.00000,0.00000,0.00001
169.00125,0.99750,0.99999,0.00000,0.00000,0.00001
169.10126,0.99750,0.99999,0.00000,0.00000,0.00001
169.20125,0.99750,0.99999,0.00000,0.00000,0.00001
169.30125,0.99750,0.99997,0.00000,0.00000,0.00003
169.40125,0.99750,0.99995,0.00000,0.00000,0.00005
169.50125,0.99750,0.99992,0.00000,0.00000,0.00008
169.60126,0.99750,0.99990,0.00000,0.00000,0.00010
169.70125,0.99750,0.99987,0.00000,0.00000,0.00013
169.80125,0.99750,0.99986,0.00000,0.00000,0.00014
169.90125,0.99750,0.99983,0.00000,0.00000,0.00017
170.00125,0.99750,0.99977,0.00000,0.00000,0.00023
170.10126,0.99750,0.99971,0.00000,0.00000,0.00029
170.20125,0.99750,0.99961,0.00000,0.00000,0.00039
170.30125,0.99750,0.99947,0.00000,0.00000,0.00053
170.40125,0.99750,0.99925,0.00000,0.00000,0.00075
170.50125,0.99750,0.99894,0.00000,0.00000,0.00106
170.60126,0.99750,0.99828,0.00000,0.00000,0.00171
170.70125,0.99750,0.99650,0.00001,0.00000,0.00350
170.80125,0.99750,0.99338,0.00002,0.00000,0.00660
170.90125,0.99750,0.99234,0.00004,0.00000,0.00762
171.00125,0.99750,0.99314,0.00005,0.00000,0.00681
171.10126,0.99750,0.99625,0.00003,0.00000,0.00372
171.20125,0.99750,0.99832,0.00001,0.00000,0.00167
171.30125,0.99750,0.99932,0.00000,0.00000,0.00068
171.40125,0.99750,0.99967,0.00000,0.00000,0.00033
171.50125,0.99750,0.99983,0.00000,0.00000,0.00017
171.60126,0.99750,0.99993,0.00000,0.00000,0.00007
171.70125,0.99750,0.99997,0.00000,0.00000,0.00003
171.80125,0.99750,0.99998,0.00000,0.00000,0.00002
171.90125,0.99750,0.99999,0.00000,0.00000,0.00001
172.00125,0.99750,0.99999,0.00000,0.00000,0.00001
172.10126,0.99750,0.99999,0.00000,0.00000,0.00001
172.20125,0.99750,0.99999,0.00000,0.00000,0.00001
172.30125,0.99750,0.99999,0.00000,0.00000,0.00001
172.40125,0.99750,0.99999,0.00000,0.00000,0.00001
172.50125,0.99750,0.99999,0.00000,0.00000,0.00001
172.60126,0.99750,0.99999,0.00000,0.00000,0.00001
172.70125,0.99750,0.99999,0.00000,0.00000,0.00001
172.80125,0.99750,0.99999,0.00000,0.00000,0.00001
172.90125,0.99750,0.99999,0.00000,0.00000,0.00001
173.00125,0.99750,0.99999,0.00000,0.00000,0.00001
173.10126,0.99750,0.99999,0.00000,0.00000,0.00001
173.20125,0.99750,0.99999,0.00000,0.00000,0.00001
173.30125,0.99750,0.99999,0.00000,0.00000,0.00001
173.40125,0.99750,0.99999,0.00000,0.00000,0.00001
173.50125,0.99750,0.99999,0.00000,0.00000,0.00001
173.60126,0.99750,0.99999,0.00000,0.00000,0.00001
173.70125,0.99750,0.99999,0.00000,0.00000,0.00001
173.80125,0.99750,0.99999,0.00000,0.00000,0.00001
173.90125,0.99750,0.99999,0.00000,0.00000,0.00001
174.00125,0.99750,0.99999,0.00000,0.00000,0.00001
174.10126,0.99750,0.99999,0.00000,0.00000,0.00001
174.20125,0.99750,0.99999,0.00000,0.00000,0.00001
174.30125,0.99750,0.99999,0.00000,0.00000,0.00001
174.40125,0.99750,0.99999,0.00000,0.00000,0.00001
