Time(Seconds),Length(Seconds),Label(string),Confidence(double),Comment(string)
3.1385723,0.7197298,Uppercut_R,1,
4.4880658,0.5605589,Uppercut_R,1,
5.6610873,0.650525,Uppercut_R,1,
7.0258754,0.6436047,Uppercut_R,1,
8.2023569,0.6816674,Uppercut_R,1,
9.329687,0.7197299,Uppercut_R,1,
10.4369639,0.8373781,Uppercut_R,1,
12.2394762,0.6885876999999999,Uppercut_R,1,
13.5582807,0.6885878000000001,Uppercut_R,1,
14.9527575,0.6643659,Uppercut_R,1,
16.2930234,0.6145587,Uppercut_R,1,
17.6018776,0.6020817,Uppercut_R,1,
18.8890869,0.6366841,Uppercut_R,1,
20.1886037,0.707847,Uppercut_R,1,
21.5111005,0.5847805,Uppercut_R,1,
22.7325653,0.6574454999999999,Uppercut_R,1,
23.9977294,0.6297636,Uppercut_R,1,
25.2018929,0.6609058,Uppercut_R,1,
26.4337383,0.7093492,Uppercut_R,1,
27.744749000000002,0.7404913,Uppercut_R,1,
29.261672400000002,0.6045145,Uppercut_R,1,
30.3862256,0.6712865,Uppercut_R,1,
31.60423,0.6816673,Uppercut_R,1,
32.7980128,0.7612527,Uppercut_R,1,
34.0399662,0.8166165,Uppercut_R,1,
35.3963803,0.6955082,Uppercut_R,1,
36.7562546,0.5847805,Uppercut_R,1,
37.8367379,0.7612527,Uppercut_R,1,
39.0417899,0.7543323,Uppercut_R,1,
40.2946994,0.6851275,Uppercut_R,1,
41.45734,0.7404913,Uppercut_R,1,
42.7826119,0.6920479,Uppercut_R,1,
44.0180803,0.6263033,Uppercut_R,1,
45.1945618,0.6193829,Uppercut_R,1,
46.4194868,0.6678263,Uppercut_R,1,
47.7022401,0.6297636,Uppercut_R,1,
48.9167843,0.6782069,Uppercut_R,1,
50.119952,0.6712866,Uppercut_R,1,
51.3829396,0.6263033,Uppercut_R,1,
52.5801826,0.6436046,Uppercut_R,1,
53.75970409999999,0.6470649,Uppercut_R,1,
55.0088507,0.6989684,Uppercut_R,1,
56.2199347,0.6539853,Uppercut_R,1,
57.3528868,0.7128094,Uppercut_R,1,
58.6297154,0.605542,Uppercut_R,1,
59.929482,0.6090021,Uppercut_R,1,
61.1647877,0.5640191,Uppercut_R,1,
62.3585705,0.6747468,Uppercut_R,1,
63.5562563,0.678207,Uppercut_R,1,
64.705056,0.6401443,Uppercut_R,1,
65.8832788,0.7128094,Uppercut_R,1,
67.1601074,0.6193829,Uppercut_R,1,
68.2222684,0.636684,Uppercut_R,1,
69.3745283,0.6020818,Uppercut_R,1,
70.6656468,0.5319516,Uppercut_R,1,
72.1645074,0.5951612000000001,Uppercut_R,1,
73.4517167,0.6574455,Uppercut_R,1,
74.6804128,0.6908462,Uppercut_R,1,
75.8854312,0.6263035,Uppercut_R,1,
77.093055,0.5986216,Uppercut_R,1,
78.2698318,0.6055419,Uppercut_R,1,
79.4310412,0.5328769,Uppercut_R,1,
80.624824,0.5813203,Uppercut_R,1,
81.7705404,0.521661,Uppercut_R,1,
82.8238178,0.6332239000000001,Uppercut_R,1,
84.0868054,0.6332238,Uppercut_R,1,
85.2840633,0.664366,Uppercut_R,1,
86.5297497,0.6678263,Uppercut_R,1,
87.6449548,0.7357512,Uppercut_R,1,
88.7434475,0.7162696,Uppercut_R,1,
90.0617989,0.7197299,Uppercut_R,1,
91.4645096,0.6020817,Uppercut_R,1,
92.6721334,0.5917009,Uppercut_R,1,
93.8278535,0.6678263,Uppercut_R,1,
95.1444861,0.6539853,Uppercut_R,1,
