Time (seconds), Duration (seconds),pred_(unlabeled),pred_Jab_R,pred_Sidehook_R,pred_Uppercut_R
0.00125,0.99750,1.00000,0.00000,0.00000,0.00000
0.10125,0.99750,1.00000,0.00000,0.00000,0.00000
0.20125,0.99750,0.99999,0.00000,0.00000,0.00001
0.30125,0.99750,0.99936,0.00000,0.00000,0.00064
0.40125,0.99750,0.99997,0.00000,0.00000,0.00003
0.50125,0.99750,1.00000,0.00000,0.00000,0.00000
0.60125,0.99750,0.99998,0.00002,0.00000,0.00000
0.70125,0.99750,0.99919,0.00081,0.00000,0.00000
0.80125,0.99750,0.95725,0.04275,0.00000,0.00000
0.90125,0.99750,0.56356,0.43643,0.00000,0.00000
1.00125,0.99750,0.87852,0.12148,0.00000,0.00000
1.10125,0.99750,0.99444,0.00556,0.00000,0.00000
1.20125,0.99750,0.99997,0.00003,0.00000,0.00000
1.30125,0.99750,1.00000,0.00000,0.00000,0.00000
1.40125,0.99750,1.00000,0.00000,0.00000,0.00000
1.50125,0.99750,1.00000,0.00000,0.00000,0.00000
1.60125,0.99750,1.00000,0.00000,0.00000,0.00000
1.70125,0.99750,1.00000,0.00000,0.00000,0.00000
1.80125,0.99750,0.99996,0.00000,0.00000,0.00004
1.90125,0.99750,0.99996,0.00000,0.00000,0.00004
2.00125,0.99750,0.99998,0.00002,0.00000,0.00000
2.10125,0.99750,0.99941,0.00059,0.00000,0.00000
2.20125,0.99750,0.96864,0.03136,0.00000,0.00000
2.30125,0.99750,0.25101,0.74899,0.00001,0.00000
2.40125,0.99750,0.56996,0.43004,0.00000,0.00000
2.50125,0.99750,0.96832,0.03168,0.00000,0.00000
2.60125,0.99750,0.99971,0.00029,0.00000,0.00000
2.70125,0.99750,0.99999,0.00001,0.00000,0.00000
2.80125,0.99750,1.00000,0.00000,0.00000,0.00000
2.90125,0.99750,1.00000,0.00000,0.00000,0.00000
3.00125,0.99750,1.00000,0.00000,0.00000,0.00000
3.10125,0.99750,1.00000,0.00000,0.00000,0.00000
3.20125,0.99750,1.00000,0.00000,0.00000,0.00000
3.30125,0.99750,0.99934,0.00000,0.00000,0.00066
3.40125,0.99750,0.99991,0.00000,0.00000,0.00009
3.50125,0.99750,0.99999,0.00000,0.00000,0.00001
3.60125,0.99750,0.99986,0.00014,0.00000,0.00000
3.70125,0.99750,0.99246,0.00754,0.00000,0.00000
3.80125,0.99750,0.59625,0.40374,0.00001,0.00000
3.90125,0.99750,0.60441,0.39559,0.00000,0.00000
4.00125,0.99750,0.97778,0.02222,0.00000,0.00000
4.10125,0.99750,0.99925,0.00075,0.00000,0.00000
4.20125,0.99750,0.99999,0.00001,0.00000,0.00000
4.30125,0.99750,1.00000,0.00000,0.00000,0.00000
4.40125,0.99750,1.00000,0.00000,0.00000,0.00000
4.50125,0.99750,1.00000,0.00000,0.00000,0.00000
4.60125,0.99750,1.00000,0.00000,0.00000,0.00000
4.70125,0.99750,1.00000,0.00000,0.00000,0.00000
4.80125,0.99750,0.99996,0.00000,0.00000,0.00004
4.90125,0.99750,0.99991,0.00000,0.00000,0.00009
5.00125,0.99750,0.99998,0.00001,0.00000,0.00000
5.10125,0.99750,0.99965,0.00035,0.00000,0.00000
5.20125,0.99750,0.97855,0.02145,0.00000,0.00000
5.30125,0.99750,0.37378,0.62622,0.00000,0.00000
5.40125,0.99750,0.47854,0.52146,0.00000,0.00000
5.50125,0.99750,0.96994,0.03006,0.00000,0.00000
5.60125,0.99750,0.99921,0.00079,0.00000,0.00000
5.70125,0.99750,0.99998,0.00002,0.00000,0.00000
5.80125,0.99750,1.00000,0.00000,0.00000,0.00000
5.90125,0.99750,1.00000,0.00000,0.00000,0.00000
6.00125,0.99750,1.00000,0.00000,0.00000,0.00000
6.10125,0.99750,1.00000,0.00000,0.00000,0.00000
6.20125,0.99750,1.00000,0.00000,0.00000,0.00000
6.30125,0.99750,0.99978,0.00000,0.00000,0.00022
6.40125,0.99750,0.99998,0.00001,0.00000,0.00001
6.50125,0.99750,0.99976,0.00024,0.00000,0.00000
6.60125,0.99750,0.99503,0.00497,0.00000,0.00000
6.70125,0.99750,0.78069,0.21929,0.00002,0.00000
6.80125,0.99750,0.26037,0.73961,0.00001,0.00000
6.90125,0.99750,0.93203,0.06797,0.00000,0.00000
7.00125,0.99750,0.99734,0.00266,0.00000,0.00000
7.10125,0.99750,0.99998,0.00002,0.00000,0.00000
7.20125,0.99750,1.00000,0.00000,0.00000,0.00000
7.30125,0.99750,1.00000,0.00000,0.00000,0.00000
7.40125,0.99750,1.00000,0.00000,0.00000,0.00000
7.50125,0.99750,1.00000,0.00000,0.00000,0.00000
7.60125,0.99750,1.00000,0.00000,0.00000,0.00000
7.70125,0.99750,1.00000,0.00000,0.00000,0.00000
7.80125,0.99750,0.99997,0.00000,0.00000,0.00003
7.90125,0.99750,0.99999,0.00000,0.00000,0.00001
8.00125,0.99750,0.99999,0.00001,0.00000,0.00000
8.10125,0.99750,0.99964,0.00036,0.00000,0.00000
8.20125,0.99750,0.98085,0.01915,0.00000,0.00000
8.30125,0.99750,0.51218,0.48782,0.00000,0.00000
8.40125,0.99750,0.53061,0.46939,0.00000,0.00000
8.50125,0.99750,0.98852,0.01148,0.00000,0.00000
8.60125,0.99750,0.99995,0.00005,0.00000,0.00000
8.70125,0.99750,1.00000,0.00000,0.00000,0.00000
8.80125,0.99750,1.00000,0.00000,0.00000,0.00000
8.90125,0.99750,1.00000,0.00000,0.00000,0.00000
9.00125,0.99750,1.00000,0.00000,0.00000,0.00000
9.10125,0.99750,1.00000,0.00000,0.00000,0.00000
9.20125,0.99750,0.99997,0.00000,0.00000,0.00003
9.30125,0.99750,0.99990,0.00000,0.00000,0.00010
9.40125,0.99750,0.99999,0.00000,0.00000,0.00001
9.50125,0.99750,0.99985,0.00015,0.00000,0.00000
9.60125,0.99750,0.99005,0.00995,0.00000,0.00000
9.70125,0.99750,0.64416,0.35583,0.00001,0.00000
9.80125,0.99750,0.09215,0.90785,0.00000,0.00000
9.90125,0.99750,0.70404,0.29596,0.00000,0.00000
10.00125,0.99750,0.97525,0.02475,0.00000,0.00000
10.10125,0.99750,0.99989,0.00011,0.00000,0.00000
10.20125,0.99750,0.99999,0.00001,0.00000,0.00000
10.30125,0.99750,1.00000,0.00000,0.00000,0.00000
10.40125,0.99750,1.00000,0.00000,0.00000,0.00000
10.50125,0.99750,1.00000,0.00000,0.00000,0.00000
10.60125,0.99750,0.99999,0.00000,0.00000,0.00001
10.70125,0.99750,0.99996,0.00000,0.00000,0.00004
10.80125,0.99750,0.99998,0.00000,0.00000,0.00001
10.90125,0.99750,0.99995,0.00005,0.00000,0.00000
11.00125,0.99750,0.99830,0.00170,0.00000,0.00000
11.10125,0.99750,0.93450,0.06549,0.00001,0.00000
11.20125,0.99750,0.31611,0.68387,0.00002,0.00000
11.30125,0.99750,0.72708,0.27291,0.00000,0.00000
11.40125,0.99750,0.98640,0.01360,0.00000,0.00000
11.50125,0.99750,0.99990,0.00010,0.00000,0.00000
11.60125,0.99750,0.99999,0.00001,0.00000,0.00000
11.70125,0.99750,1.00000,0.00000,0.00000,0.00000
11.80125,0.99750,1.00000,0.00000,0.00000,0.00000
11.90125,0.99750,1.00000,0.00000,0.00000,0.00000
12.00125,0.99750,1.00000,0.00000,0.00000,0.00000
12.10125,0.99750,1.00000,0.00000,0.00000,0.00000
12.20125,0.99750,0.99997,0.00000,0.00000,0.00003
12.30125,0.99750,0.99999,0.00000,0.00000,0.00001
12.40125,0.99750,0.99993,0.00007,0.00000,0.00000
12.50125,0.99750,0.99749,0.00251,0.00000,0.00000
12.60125,0.99750,0.78983,0.21015,0.00002,0.00000
12.70125,0.99750,0.45577,0.54420,0.00003,0.00000
12.80125,0.99750,0.93498,0.06502,0.00000,0.00000
12.90125,0.99750,0.99840,0.00160,0.00000,0.00000
13.00125,0.99750,0.99999,0.00001,0.00000,0.00000
13.10125,0.99750,1.00000,0.00000,0.00000,0.00000
13.20125,0.99750,1.00000,0.00000,0.00000,0.00000
13.30125,0.99750,1.00000,0.00000,0.00000,0.00000
13.40125,0.99750,1.00000,0.00000,0.00000,0.00000
13.50125,0.99750,1.00000,0.00000,0.00000,0.00000
13.60125,0.99750,0.99991,0.00000,0.00000,0.00009
13.70125,0.99750,0.99999,0.00000,0.00000,0.00000
13.80125,0.99750,0.99997,0.00003,0.00000,0.00000
13.90125,0.99750,0.99841,0.00159,0.00000,0.00000
14.00125,0.99750,0.85891,0.14109,0.00001,0.00000
14.10125,0.99750,0.59563,0.40436,0.00001,0.00000
14.20125,0.99750,0.96273,0.03727,0.00000,0.00000
14.30125,0.99750,0.99867,0.00133,0.00000,0.00000
14.40125,0.99750,0.99999,0.00001,0.00000,0.00000
14.50125,0.99750,1.00000,0.00000,0.00000,0.00000
14.60125,0.99750,1.00000,0.00000,0.00000,0.00000
14.70125,0.99750,1.00000,0.00000,0.00000,0.00000
14.80125,0.99750,1.00000,0.00000,0.00000,0.00000
14.90125,0.99750,0.99998,0.00000,0.00000,0.00002
15.00125,0.99750,0.99973,0.00000,0.00000,0.00027
15.10125,0.99750,0.99997,0.00000,0.00000,0.00003
15.20125,0.99750,0.99989,0.00011,0.00000,0.00001
15.30125,0.99750,0.99734,0.00266,0.00000,0.00000
15.40125,0.99750,0.91250,0.08750,0.00000,0.00000
15.50125,0.99750,0.70072,0.29928,0.00000,0.00000
15.60125,0.99750,0.96412,0.03588,0.00000,0.00000
15.70125,0.99750,0.99898,0.00102,0.00000,0.00000
15.80125,0.99750,0.99999,0.00001,0.00000,0.00000
15.90125,0.99750,1.00000,0.00000,0.00000,0.00000
16.00125,0.99750,1.00000,0.00000,0.00000,0.00000
16.10125,0.99750,1.00000,0.00000,0.00000,0.00000
16.20125,0.99750,1.00000,0.00000,0.00000,0.00000
16.30125,0.99750,1.00000,0.00000,0.00000,0.00000
16.40125,0.99750,1.00000,0.00000,0.00000,0.00000
16.50125,0.99750,0.99999,0.00001,0.00000,0.00000
16.60125,0.99750,0.99986,0.00014,0.00000,0.00000
16.70125,0.99750,0.99387,0.00613,0.00000,0.00000
16.80125,0.99750,0.71791,0.28205,0.00004,0.00000
16.90125,0.99750,0.33904,0.66092,0.00005,0.00000
17.00125,0.99750,0.93412,0.06588,0.00000,0.00000
17.10125,0.99750,0.99880,0.00120,0.00000,0.00000
17.20125,0.99750,0.99999,0.00001,0.00000,0.00000
17.30125,0.99750,1.00000,0.00000,0.00000,0.00000
17.40125,0.99750,0.99999,0.00000,0.00001,0.00000
17.50125,0.99750,1.00000,0.00000,0.00000,0.00000
17.60125,0.99750,1.00000,0.00000,0.00000,0.00000
17.70125,0.99750,1.00000,0.00000,0.00000,0.00000
17.80125,0.99750,1.00000,0.00000,0.00000,0.00000
17.90125,0.99750,0.99997,0.00003,0.00000,0.00000
18.00125,0.99750,0.99910,0.00090,0.00000,0.00000
18.10125,0.99750,0.94608,0.05391,0.00002,0.00000
18.20125,0.99750,0.52223,0.47771,0.00006,0.00000
18.30125,0.99750,0.79362,0.20637,0.00001,0.00000
18.40125,0.99750,0.98200,0.01800,0.00000,0.00000
18.50125,0.99750,0.99981,0.00019,0.00000,0.00000
18.60125,0.99750,0.99999,0.00001,0.00000,0.00000
18.70125,0.99750,1.00000,0.00000,0.00000,0.00000
18.80125,0.99750,1.00000,0.00000,0.00000,0.00000
18.90125,0.99750,1.00000,0.00000,0.00000,0.00000
19.00125,0.99750,1.00000,0.00000,0.00000,0.00000
19.10125,0.99750,1.00000,0.00000,0.00000,0.00000
19.20125,0.99750,0.99999,0.00000,0.00000,0.00000
19.30125,0.99750,0.99998,0.00002,0.00000,0.00000
19.40125,0.99750,0.99923,0.00077,0.00000,0.00000
19.50125,0.99750,0.97395,0.02605,0.00000,0.00000
19.60125,0.99750,0.58823,0.41176,0.00001,0.00000
19.70125,0.99750,0.90946,0.09053,0.00000,0.00000
19.80125,0.99750,0.99535,0.00465,0.00000,0.00000
19.90125,0.99750,0.99998,0.00002,0.00000,0.00000
20.00125,0.99750,1.00000,0.00000,0.00000,0.00000
20.10125,0.99750,1.00000,0.00000,0.00000,0.00000
20.20125,0.99750,1.00000,0.00000,0.00000,0.00000
20.30125,0.99750,1.00000,0.00000,0.00000,0.00000
20.40125,0.99750,1.00000,0.00000,0.00000,0.00000
20.50125,0.99750,1.00000,0.00000,0.00000,0.00000
20.60125,0.99750,0.99998,0.00002,0.00000,0.00000
20.70125,0.99750,0.99979,0.00020,0.00000,0.00000
20.80125,0.99750,0.99382,0.00618,0.00000,0.00000
20.90125,0.99750,0.78090,0.21910,0.00000,0.00000
21.00125,0.99750,0.39255,0.60744,0.00001,0.00000
21.10125,0.99750,0.95690,0.04310,0.00000,0.00000
21.20125,0.99750,0.99905,0.00095,0.00000,0.00000
21.30125,0.99750,0.99999,0.00001,0.00000,0.00000
21.40125,0.99750,1.00000,0.00000,0.00000,0.00000
21.50125,0.99750,1.00000,0.00000,0.00000,0.00000
21.60125,0.99750,1.00000,0.00000,0.00000,0.00000
21.70125,0.99750,1.00000,0.00000,0.00000,0.00000
21.80125,0.99750,1.00000,0.00000,0.00000,0.00000
21.90125,0.99750,0.99998,0.00000,0.00000,0.00002
22.00125,0.99750,0.99999,0.00000,0.00000,0.00000
22.10125,0.99750,0.99981,0.00019,0.00000,0.00000
22.20125,0.99750,0.98938,0.01062,0.00000,0.00000
22.30125,0.99750,0.50449,0.49551,0.00000,0.00000
22.40125,0.99750,0.40482,0.59518,0.00000,0.00000
22.50125,0.99750,0.96740,0.03260,0.00000,0.00000
22.60125,0.99750,0.99953,0.00047,0.00000,0.00000
22.70125,0.99750,1.00000,0.00000,0.00000,0.00000
22.80125,0.99750,1.00000,0.00000,0.00000,0.00000
22.90125,0.99750,1.00000,0.00000,0.00000,0.00000
23.00125,0.99750,1.00000,0.00000,0.00000,0.00000
23.10125,0.99750,0.99999,0.00000,0.00000,0.00001
23.20125,0.99750,0.99995,0.00000,0.00000,0.00005
23.30125,0.99750,0.99998,0.00000,0.00000,0.00001
23.40125,0.99750,0.99999,0.00001,0.00000,0.00000
23.50125,0.99750,0.99951,0.00049,0.00000,0.00000
23.60125,0.99750,0.96091,0.03908,0.00000,0.00000
23.70125,0.99750,0.66220,0.33778,0.00002,0.00000
23.80125,0.99750,0.92988,0.07011,0.00001,0.00000
23.90125,0.99750,0.99858,0.00142,0.00000,0.00000
24.00125,0.99750,0.99998,0.00002,0.00000,0.00000
24.10125,0.99750,1.00000,0.00000,0.00000,0.00000
24.20125,0.99750,1.00000,0.00000,0.00000,0.00000
24.30125,0.99750,1.00000,0.00000,0.00000,0.00000
24.40125,0.99750,1.00000,0.00000,0.00000,0.00000
24.50125,0.99750,0.99993,0.00000,0.00000,0.00007
24.60125,0.99750,0.99999,0.00000,0.00000,0.00001
24.70125,0.99750,0.99999,0.00001,0.00000,0.00000
24.80125,0.99750,0.99980,0.00020,0.00000,0.00000
24.90125,0.99750,0.98696,0.01303,0.00000,0.00000
25.00125,0.99750,0.49875,0.50120,0.00005,0.00000
25.10125,0.99750,0.40594,0.59402,0.00004,0.00000
25.20125,0.99750,0.97818,0.02181,0.00000,0.00000
25.30125,0.99750,0.99970,0.00030,0.00000,0.00000
25.40125,0.99750,1.00000,0.00000,0.00000,0.00000
25.50125,0.99750,1.00000,0.00000,0.00000,0.00000
25.60125,0.99750,1.00000,0.00000,0.00000,0.00000
25.70125,0.99750,1.00000,0.00000,0.00000,0.00000
25.80125,0.99750,1.00000,0.00000,0.00000,0.00000
25.90125,0.99750,1.00000,0.00000,0.00000,0.00000
26.00125,0.99750,0.99999,0.00000,0.00000,0.00001
26.10125,0.99750,0.99993,0.00007,0.00000,0.00000
26.20125,0.99750,0.99272,0.00728,0.00000,0.00000
26.30125,0.99750,0.70498,0.29490,0.00011,0.00000
26.40125,0.99750,0.49246,0.50746,0.00007,0.00000
26.50125,0.99750,0.92453,0.07547,0.00000,0.00000
26.60125,0.99750,0.99456,0.00544,0.00000,0.00000
26.70125,0.99750,0.99995,0.00005,0.00000,0.00000
26.80125,0.99750,1.00000,0.00000,0.00000,0.00000
26.90125,0.99750,1.00000,0.00000,0.00000,0.00000
27.00125,0.99750,1.00000,0.00000,0.00000,0.00000
27.10125,0.99750,1.00000,0.00000,0.00000,0.00000
27.20125,0.99750,0.99997,0.00000,0.00000,0.00003
27.30125,0.99750,0.99990,0.00000,0.00000,0.00010
27.40125,0.99750,0.99941,0.00000,0.00000,0.00059
27.50125,0.99750,0.99879,0.00000,0.00000,0.00121
27.60125,0.99750,0.99782,0.00000,0.00000,0.00218
27.70125,0.99750,0.99710,0.00000,0.00000,0.00290
27.80125,0.99750,0.99749,0.00000,0.00000,0.00251
27.90125,0.99750,0.99876,0.00000,0.00000,0.00124
28.00125,0.99750,0.99925,0.00000,0.00000,0.00075
28.10125,0.99750,0.99977,0.00000,0.00000,0.00023
28.20125,0.99750,0.99976,0.00000,0.00000,0.00024
28.30125,0.99750,0.99974,0.00000,0.00000,0.00026
28.40125,0.99750,0.99972,0.00000,0.00000,0.00028
28.50125,0.99750,0.99971,0.00000,0.00000,0.00029
28.60125,0.99750,0.99996,0.00000,0.00000,0.00004
28.70125,0.99750,1.00000,0.00000,0.00000,0.00000
28.80125,0.99750,1.00000,0.00000,0.00000,0.00000
28.90125,0.99750,1.00000,0.00000,0.00000,0.00000
29.00125,0.99750,1.00000,0.00000,0.00000,0.00000
29.10125,0.99750,1.00000,0.00000,0.00000,0.00000
29.20125,0.99750,0.99999,0.00000,0.00000,0.00001
29.30125,0.99750,0.99970,0.00000,0.00010,0.00020
29.40125,0.99750,0.99826,0.00000,0.00167,0.00007
29.50125,0.99750,0.98485,0.00000,0.01513,0.00002
29.60125,0.99750,0.92207,0.00000,0.07783,0.00010
29.70125,0.99750,0.33017,0.00000,0.66972,0.00010
29.80125,0.99750,0.05588,0.00000,0.94411,0.00000
29.90125,0.99750,0.05362,0.00000,0.94637,0.00000
30.00125,0.99750,0.03243,0.00001,0.96756,0.00000
30.10125,0.99750,0.64599,0.00001,0.35401,0.00000
30.20125,0.99750,0.98949,0.00000,0.01051,0.00000
30.30125,0.99750,0.99774,0.00000,0.00225,0.00000
30.40125,0.99750,0.99929,0.00017,0.00054,0.00000
30.50125,0.99750,0.99957,0.00011,0.00031,0.00000
30.60125,0.99750,0.99970,0.00005,0.00024,0.00000
30.70125,0.99750,0.99951,0.00000,0.00048,0.00001
30.80125,0.99750,0.99958,0.00000,0.00039,0.00003
30.90125,0.99750,0.99946,0.00000,0.00054,0.00001
31.00125,0.99750,0.98972,0.00000,0.01010,0.00018
31.10125,0.99750,0.66422,0.00000,0.33575,0.00003
31.20125,0.99750,0.06887,0.00000,0.93113,0.00000
31.30125,0.99750,0.03638,0.00000,0.96362,0.00000
31.40125,0.99750,0.03927,0.00000,0.96073,0.00000
31.50125,0.99750,0.29598,0.00000,0.70402,0.00000
31.60125,0.99750,0.95536,0.00000,0.04464,0.00000
31.70125,0.99750,0.99841,0.00000,0.00159,0.00000
31.80125,0.99750,0.99999,0.00001,0.00001,0.00000
31.90125,0.99750,1.00000,0.00000,0.00000,0.00000
32.00125,0.99750,1.00000,0.00000,0.00000,0.00000
32.10125,0.99750,1.00000,0.00000,0.00000,0.00000
32.20125,0.99750,0.99998,0.00000,0.00000,0.00002
32.30125,0.99750,0.99896,0.00000,0.00000,0.00104
32.40125,0.99750,0.99923,0.00000,0.00001,0.00076
32.50125,0.99750,0.99953,0.00000,0.00014,0.00033
32.60125,0.99750,0.99602,0.00000,0.00371,0.00027
32.70125,0.99750,0.88137,0.00006,0.11844,0.00013
32.80125,0.99750,0.11782,0.00012,0.88205,0.00001
32.90125,0.99750,0.02799,0.00006,0.97195,0.00000
33.00125,0.99750,0.02972,0.00015,0.97013,0.00000
33.10125,0.99750,0.22458,0.00047,0.77495,0.00000
33.20125,0.99750,0.89763,0.00013,0.10223,0.00000
33.30125,0.99750,0.99774,0.00002,0.00224,0.00000
33.40125,0.99750,0.99956,0.00028,0.00016,0.00000
33.50125,0.99750,0.99976,0.00015,0.00010,0.00000
33.60125,0.99750,0.99982,0.00012,0.00006,0.00000
33.70125,0.99750,0.99984,0.00007,0.00006,0.00002
33.80125,0.99750,0.99991,0.00000,0.00008,0.00001
33.90125,0.99750,0.99990,0.00000,0.00007,0.00004
34.00125,0.99750,0.99947,0.00000,0.00048,0.00005
34.10125,0.99750,0.99106,0.00000,0.00891,0.00003
34.20125,0.99750,0.69220,0.00000,0.30777,0.00002
34.30125,0.99750,0.04479,0.00001,0.95521,0.00000
34.40125,0.99750,0.03724,0.00001,0.96275,0.00000
34.50125,0.99750,0.40936,0.00000,0.59063,0.00000
34.60125,0.99750,0.91749,0.00000,0.08251,0.00000
34.70125,0.99750,0.99497,0.00000,0.00503,0.00000
34.80125,0.99750,0.99702,0.00001,0.00297,0.00000
34.90125,0.99750,0.99929,0.00002,0.00069,0.00000
35.00125,0.99750,0.99920,0.00003,0.00078,0.00000
35.10125,0.99750,0.99899,0.00000,0.00099,0.00002
35.20125,0.99750,0.99874,0.00000,0.00125,0.00001
35.30125,0.99750,0.99855,0.00000,0.00143,0.00002
35.40125,0.99750,0.98793,0.00000,0.01199,0.00008
35.50125,0.99750,0.74378,0.00000,0.25615,0.00007
35.60125,0.99750,0.11076,0.00000,0.88924,0.00000
35.70125,0.99750,0.02343,0.00000,0.97657,0.00000
35.80125,0.99750,0.01960,0.00000,0.98039,0.00000
35.90125,0.99750,0.09817,0.00000,0.90183,0.00000
36.00125,0.99750,0.75721,0.00000,0.24279,0.00000
36.10125,0.99750,0.99170,0.00000,0.00830,0.00000
36.20125,0.99750,0.99872,0.00051,0.00078,0.00000
36.30125,0.99750,0.99958,0.00011,0.00031,0.00000
36.40125,0.99750,0.99952,0.00015,0.00033,0.00000
36.50125,0.99750,0.99983,0.00004,0.00013,0.00000
36.60125,0.99750,0.99963,0.00001,0.00033,0.00003
36.70125,0.99750,0.99965,0.00000,0.00032,0.00003
36.80125,0.99750,0.99887,0.00000,0.00112,0.00001
36.90125,0.99750,0.97992,0.00000,0.02008,0.00001
37.00125,0.99750,0.48751,0.00000,0.51249,0.00001
37.10125,0.99750,0.03644,0.00000,0.96356,0.00000
37.20125,0.99750,0.02019,0.00000,0.97981,0.00000
37.30125,0.99750,0.03303,0.00000,0.96696,0.00000
37.40125,0.99750,0.26279,0.00000,0.73721,0.00000
37.50125,0.99750,0.84383,0.00000,0.15617,0.00000
37.60125,0.99750,0.97916,0.00001,0.02083,0.00000
37.70125,0.99750,0.99594,0.00029,0.00377,0.00000
37.80125,0.99750,0.99595,0.00024,0.00380,0.00000
37.90125,0.99750,0.99658,0.00029,0.00312,0.00000
38.00125,0.99750,0.99442,0.00004,0.00553,0.00001
38.10125,0.99750,0.99211,0.00000,0.00789,0.00000
38.20125,0.99750,0.98859,0.00000,0.01141,0.00000
38.30125,0.99750,0.93830,0.00000,0.06169,0.00000
38.40125,0.99750,0.59507,0.00000,0.40492,0.00001
38.50125,0.99750,0.05533,0.00000,0.94467,0.00000
38.60125,0.99750,0.02089,0.00000,0.97911,0.00000
38.70125,0.99750,0.01885,0.00000,0.98115,0.00000
38.80125,0.99750,0.03944,0.00000,0.96056,0.00000
38.90125,0.99750,0.42232,0.00000,0.57768,0.00000
39.00125,0.99750,0.91130,0.00000,0.08870,0.00000
39.10125,0.99750,0.99860,0.00022,0.00117,0.00000
39.20125,0.99750,0.99994,0.00003,0.00003,0.00000
39.30125,0.99750,0.99999,0.00000,0.00000,0.00000
39.40125,0.99750,1.00000,0.00000,0.00000,0.00000
39.50125,0.99750,1.00000,0.00000,0.00000,0.00000
39.60125,0.99750,1.00000,0.00000,0.00000,0.00000
39.70125,0.99750,0.99997,0.00000,0.00000,0.00003
39.80125,0.99750,0.99712,0.00000,0.00000,0.00288
39.90125,0.99750,0.99959,0.00000,0.00000,0.00040
40.00125,0.99750,0.99991,0.00000,0.00003,0.00006
40.10125,0.99750,0.99835,0.00000,0.00156,0.00009
40.20125,0.99750,0.97752,0.00000,0.02245,0.00003
40.30125,0.99750,0.56398,0.00000,0.43601,0.00001
40.40125,0.99750,0.02739,0.00000,0.97261,0.00000
40.50125,0.99750,0.02273,0.00000,0.97726,0.00000
40.60125,0.99750,0.18424,0.00001,0.81576,0.00000
40.70125,0.99750,0.84380,0.00000,0.15620,0.00000
40.80125,0.99750,0.99461,0.00000,0.00539,0.00000
40.90125,0.99750,0.99958,0.00018,0.00024,0.00000
41.00125,0.99750,0.99987,0.00004,0.00009,0.00000
41.10125,0.99750,0.99982,0.00006,0.00012,0.00000
41.20125,0.99750,0.99989,0.00004,0.00006,0.00000
41.30125,0.99750,0.99988,0.00000,0.00007,0.00004
41.40125,0.99750,0.99987,0.00000,0.00011,0.00002
41.50125,0.99750,0.99937,0.00000,0.00059,0.00004
41.60125,0.99750,0.99240,0.00000,0.00744,0.00016
41.70125,0.99750,0.79297,0.00000,0.20676,0.00027
41.80125,0.99750,0.11045,0.00000,0.88955,0.00000
41.90125,0.99750,0.03448,0.00000,0.96552,0.00000
42.00125,0.99750,0.01970,0.00000,0.98030,0.00000
42.10125,0.99750,0.07534,0.00000,0.92466,0.00000
42.20125,0.99750,0.74426,0.00000,0.25574,0.00000
42.30125,0.99750,0.99095,0.00000,0.00905,0.00000
42.40125,0.99750,0.99927,0.00004,0.00070,0.00000
42.50125,0.99750,0.99967,0.00002,0.00031,0.00000
42.60125,0.99750,0.99966,0.00003,0.00032,0.00000
42.70125,0.99750,0.99989,0.00001,0.00010,0.00000
42.80125,0.99750,0.99972,0.00000,0.00027,0.00001
42.90125,0.99750,0.99970,0.00000,0.00023,0.00007
43.00125,0.99750,0.99792,0.00000,0.00201,0.00007
43.10125,0.99750,0.99152,0.00000,0.00830,0.00018
43.20125,0.99750,0.68786,0.00000,0.31200,0.00014
43.30125,0.99750,0.12312,0.00000,0.87687,0.00000
43.40125,0.99750,0.23022,0.00001,0.76977,0.00000
43.50125,0.99750,0.84413,0.00001,0.15586,0.00000
43.60125,0.99750,0.98899,0.00000,0.01101,0.00000
43.70125,0.99750,0.99914,0.00000,0.00086,0.00000
43.80125,0.99750,0.99939,0.00000,0.00061,0.00000
43.90125,0.99750,0.99988,0.00004,0.00008,0.00000
44.00125,0.99750,0.99979,0.00010,0.00010,0.00000
44.10125,0.99750,0.99983,0.00003,0.00014,0.00000
44.20125,0.99750,0.99985,0.00000,0.00015,0.00000
44.30125,0.99750,0.99948,0.00000,0.00051,0.00001
44.40125,0.99750,0.97980,0.00000,0.02019,0.00001
44.50125,0.99750,0.61724,0.00000,0.38272,0.00003
44.60125,0.99750,0.09237,0.00000,0.90762,0.00000
44.70125,0.99750,0.02157,0.00000,0.97843,0.00000
44.80125,0.99750,0.07476,0.00001,0.92524,0.00000
44.90125,0.99750,0.25006,0.00001,0.74993,0.00000
45.00125,0.99750,0.82188,0.00000,0.17811,0.00000
45.10125,0.99750,0.99561,0.00000,0.00439,0.00000
45.20125,0.99750,0.99956,0.00002,0.00042,0.00000
45.30125,0.99750,0.99990,0.00001,0.00010,0.00000
45.40125,0.99750,0.99983,0.00002,0.00015,0.00000
45.50125,0.99750,0.99991,0.00001,0.00008,0.00000
45.60125,0.99750,0.99987,0.00000,0.00011,0.00002
45.70125,0.99750,0.99937,0.00000,0.00037,0.00027
45.80125,0.99750,0.99580,0.00000,0.00419,0.00001
45.90125,0.99750,0.97414,0.00000,0.02580,0.00006
46.00125,0.99750,0.55678,0.00000,0.44319,0.00002
46.10125,0.99750,0.03132,0.00000,0.96868,0.00000
46.20125,0.99750,0.02748,0.00000,0.97252,0.00000
46.30125,0.99750,0.19297,0.00000,0.80703,0.00000
46.40125,0.99750,0.45088,0.00000,0.54912,0.00000
46.50125,0.99750,0.86183,0.00000,0.13817,0.00000
46.60125,0.99750,0.95931,0.00004,0.04065,0.00000
46.70125,0.99750,0.99254,0.00108,0.00638,0.00000
46.80125,0.99750,0.99233,0.00104,0.00662,0.00000
46.90125,0.99750,0.99497,0.00069,0.00434,0.00000
47.00125,0.99750,0.99043,0.00016,0.00939,0.00001
47.10125,0.99750,0.98967,0.00000,0.01032,0.00001
47.20125,0.99750,0.94777,0.00000,0.05200,0.00023
47.30125,0.99750,0.76978,0.00000,0.22936,0.00086
47.40125,0.99750,0.37141,0.00000,0.62703,0.00156
47.50125,0.99750,0.08365,0.00000,0.91632,0.00003
47.60125,0.99750,0.03544,0.00000,0.96456,0.00000
47.70125,0.99750,0.04979,0.00000,0.95020,0.00000
47.80125,0.99750,0.54924,0.00000,0.45075,0.00000
47.90125,0.99750,0.97834,0.00000,0.02166,0.00000
48.00125,0.99750,0.99648,0.00000,0.00352,0.00000
48.10125,0.99750,0.99844,0.00036,0.00120,0.00000
48.20125,0.99750,0.99910,0.00022,0.00067,0.00000
48.30125,0.99750,0.99947,0.00018,0.00035,0.00000
48.40125,0.99750,0.99939,0.00002,0.00058,0.00001
48.50125,0.99750,0.99934,0.00000,0.00065,0.00001
48.60125,0.99750,0.99873,0.00000,0.00117,0.00010
48.70125,0.99750,0.98911,0.00000,0.01022,0.00067
48.80125,0.99750,0.68182,0.00000,0.31783,0.00035
48.90125,0.99750,0.13633,0.00000,0.86366,0.00000
49.00125,0.99750,0.01891,0.00000,0.98108,0.00000
49.10125,0.99750,0.04197,0.00001,0.95802,0.00000
49.20125,0.99750,0.56945,0.00001,0.43054,0.00000
49.30125,0.99750,0.98631,0.00000,0.01369,0.00000
49.40125,0.99750,0.99931,0.00000,0.00069,0.00000
49.50125,0.99750,0.99983,0.00004,0.00013,0.00000
49.60125,0.99750,0.99995,0.00001,0.00004,0.00000
49.70125,0.99750,0.99995,0.00001,0.00004,0.00000
49.80125,0.99750,0.99995,0.00001,0.00002,0.00001
49.90125,0.99750,0.99989,0.00000,0.00003,0.00008
50.00125,0.99750,0.99987,0.00000,0.00005,0.00008
50.10125,0.99750,0.99904,0.00000,0.00073,0.00024
50.20125,0.99750,0.98279,0.00000,0.01679,0.00042
50.30125,0.99750,0.58195,0.00000,0.41781,0.00024
50.40125,0.99750,0.09382,0.00000,0.90618,0.00000
50.50125,0.99750,0.07404,0.00000,0.92596,0.00000
50.60125,0.99750,0.74233,0.00000,0.25767,0.00000
50.70125,0.99750,0.98677,0.00000,0.01323,0.00000
50.80125,0.99750,0.99966,0.00000,0.00034,0.00000
50.90125,0.99750,0.99993,0.00000,0.00007,0.00000
51.00125,0.99750,0.99997,0.00000,0.00002,0.00000
51.10125,0.99750,0.99997,0.00000,0.00002,0.00000
51.20125,0.99750,0.99998,0.00000,0.00001,0.00000
51.30125,0.99750,0.99992,0.00000,0.00003,0.00005
51.40125,0.99750,0.99976,0.00000,0.00005,0.00020
51.50125,0.99750,0.99882,0.00000,0.00090,0.00028
51.60125,0.99750,0.97243,0.00000,0.02686,0.00072
51.70125,0.99750,0.42148,0.00000,0.57835,0.00016
51.80125,0.99750,0.03421,0.00000,0.96578,0.00000
51.90125,0.99750,0.03082,0.00000,0.96918,0.00000
52.00125,0.99750,0.06910,0.00001,0.93089,0.00000
52.10125,0.99750,0.65482,0.00000,0.34518,0.00000
52.20125,0.99750,0.99087,0.00000,0.00913,0.00000
52.30125,0.99750,0.99974,0.00000,0.00026,0.00000
52.40125,0.99750,0.99992,0.00003,0.00005,0.00000
52.50125,0.99750,0.99995,0.00001,0.00003,0.00000
52.60125,0.99750,0.99995,0.00002,0.00003,0.00000
52.70125,0.99750,0.99995,0.00000,0.00003,0.00002
52.80125,0.99750,0.99995,0.00000,0.00003,0.00001
52.90125,0.99750,0.99972,0.00000,0.00006,0.00021
53.00125,0.99750,0.99695,0.00000,0.00241,0.00064
53.10125,0.99750,0.95961,0.00000,0.04013,0.00026
53.20125,0.99750,0.27972,0.00000,0.72026,0.00002
53.30125,0.99750,0.03333,0.00000,0.96667,0.00000
53.40125,0.99750,0.02893,0.00000,0.97107,0.00000
53.50125,0.99750,0.05971,0.00000,0.94029,0.00000
53.60125,0.99750,0.30549,0.00000,0.69451,0.00000
53.70125,0.99750,0.91004,0.00000,0.08996,0.00000
53.80125,0.99750,0.99760,0.00002,0.00238,0.00000
53.90125,0.99750,0.99991,0.00004,0.00005,0.00000
54.00125,0.99750,0.99993,0.00002,0.00005,0.00000
54.10125,0.99750,0.99995,0.00001,0.00004,0.00000
54.20125,0.99750,0.99997,0.00000,0.00002,0.00000
54.30125,0.99750,0.99995,0.00000,0.00003,0.00003
54.40125,0.99750,0.99968,0.00000,0.00013,0.00018
54.50125,0.99750,0.99901,0.00000,0.00050,0.00049
54.60125,0.99750,0.99113,0.00000,0.00785,0.00102
54.70125,0.99750,0.87109,0.00000,0.12797,0.00094
54.80125,0.99750,0.08324,0.00001,0.91672,0.00002
54.90125,0.99750,0.04124,0.00001,0.95876,0.00000
55.00125,0.99750,0.18296,0.00001,0.81703,0.00000
55.10125,0.99750,0.30519,0.00001,0.69481,0.00000
55.20125,0.99750,0.89369,0.00000,0.10630,0.00000
55.30125,0.99750,0.99454,0.00001,0.00545,0.00000
55.40125,0.99750,0.99651,0.00090,0.00259,0.00000
55.50125,0.99750,0.99775,0.00038,0.00187,0.00000
55.60125,0.99750,0.99818,0.00035,0.00147,0.00000
55.70125,0.99750,0.99888,0.00004,0.00106,0.00002
55.80125,0.99750,0.99883,0.00000,0.00115,0.00002
55.90125,0.99750,0.99128,0.00000,0.00813,0.00059
56.00125,0.99750,0.98983,0.00000,0.00795,0.00222
56.10125,0.99750,0.94627,0.00000,0.05056,0.00317
56.20125,0.99750,0.43291,0.00000,0.56557,0.00151
56.30125,0.99750,0.12201,0.00000,0.87791,0.00007
56.40125,0.99750,0.35847,0.00001,0.64151,0.00001
56.50125,0.99750,0.79224,0.00000,0.20775,0.00001
56.60125,0.99750,0.97843,0.00000,0.02156,0.00002
56.70125,0.99750,0.99924,0.00000,0.00075,0.00001
56.80125,0.99750,0.99995,0.00001,0.00002,0.00001
56.90125,0.99750,0.99996,0.00001,0.00000,0.00003
57.00125,0.99750,0.99999,0.00000,0.00000,0.00001
57.10125,0.99750,0.99999,0.00000,0.00000,0.00001
57.20125,0.99750,0.99999,0.00000,0.00000,0.00001
57.30125,0.99750,0.99991,0.00000,0.00000,0.00009
57.40125,0.99750,0.99951,0.00000,0.00000,0.00049
57.50125,0.99750,0.99994,0.00000,0.00000,0.00006
57.60125,0.99750,0.99971,0.00000,0.00000,0.00029
57.70125,0.99750,0.99958,0.00000,0.00000,0.00042
57.80125,0.99750,0.99932,0.00000,0.00000,0.00068
57.90125,0.99750,0.99904,0.00000,0.00000,0.00096
58.00125,0.99750,0.99857,0.00000,0.00000,0.00143
58.10125,0.99750,0.99979,0.00000,0.00000,0.00021
58.20125,0.99750,0.99997,0.00000,0.00000,0.00003
58.30125,0.99750,1.00000,0.00000,0.00000,0.00000
58.40125,0.99750,1.00000,0.00000,0.00000,0.00000
58.50125,0.99750,1.00000,0.00000,0.00000,0.00000
58.60125,0.99750,1.00000,0.00000,0.00000,0.00000
58.70125,0.99750,1.00000,0.00000,0.00000,0.00000
58.80125,0.99750,1.00000,0.00000,0.00000,0.00000
58.90125,0.99750,1.00000,0.00000,0.00000,0.00000
59.00125,0.99750,1.00000,0.00000,0.00000,0.00000
59.10125,0.99750,1.00000,0.00000,0.00000,0.00000
59.20125,0.99750,0.99998,0.00000,0.00000,0.00002
59.30125,0.99750,0.99966,0.00000,0.00000,0.00034
59.40125,0.99750,0.99173,0.00000,0.00000,0.00827
59.50125,0.99750,0.98305,0.00000,0.00000,0.01695
59.60125,0.99750,0.68118,0.00000,0.00000,0.31882
59.70125,0.99750,0.45605,0.00006,0.00002,0.54387
59.80125,0.99750,0.99708,0.00005,0.00002,0.00285
59.90125,0.99750,0.99975,0.00000,0.00000,0.00025
60.00125,0.99750,0.99973,0.00000,0.00000,0.00027
60.10125,0.99750,0.99990,0.00000,0.00000,0.00009
60.20125,0.99750,0.99999,0.00000,0.00000,0.00001
60.30125,0.99750,0.99999,0.00000,0.00000,0.00001
60.40125,0.99750,1.00000,0.00000,0.00000,0.00000
60.50125,0.99750,1.00000,0.00000,0.00000,0.00000
60.60125,0.99750,0.99999,0.00000,0.00000,0.00001
60.70125,0.99750,0.99997,0.00000,0.00000,0.00003
60.80125,0.99750,0.99856,0.00000,0.00000,0.00144
60.90125,0.99750,0.99007,0.00000,0.00000,0.00993
61.00125,0.99750,0.64653,0.00000,0.00000,0.35347
61.10125,0.99750,0.27861,0.00000,0.00000,0.72138
61.20125,0.99750,0.99027,0.00001,0.00001,0.00972
61.30125,0.99750,0.99388,0.00001,0.00000,0.00610
61.40125,0.99750,0.99138,0.00000,0.00000,0.00861
61.50125,0.99750,0.99842,0.00000,0.00000,0.00158
61.60125,0.99750,0.99993,0.00000,0.00000,0.00007
61.70125,0.99750,0.99998,0.00000,0.00000,0.00002
61.80125,0.99750,0.99991,0.00000,0.00000,0.00009
61.90125,0.99750,0.99998,0.00000,0.00000,0.00002
62.00125,0.99750,0.99998,0.00000,0.00000,0.00002
62.10125,0.99750,0.99992,0.00000,0.00000,0.00008
62.20125,0.99750,0.99526,0.00000,0.00000,0.00474
62.30125,0.99750,0.98285,0.00000,0.00000,0.01715
62.40125,0.99750,0.57155,0.00001,0.00000,0.42845
62.50125,0.99750,0.60775,0.00003,0.00000,0.39221
62.60125,0.99750,0.98949,0.00007,0.00000,0.01045
62.70125,0.99750,0.99388,0.00000,0.00000,0.00611
62.80125,0.99750,0.99923,0.00000,0.00000,0.00077
62.90125,0.99750,0.99989,0.00000,0.00000,0.00011
63.00125,0.99750,0.99996,0.00000,0.00000,0.00004
63.10125,0.99750,0.99999,0.00000,0.00000,0.00001
63.20125,0.99751,0.99999,0.00000,0.00000,0.00001
63.30125,0.99750,0.99999,0.00000,0.00000,0.00001
63.40125,0.99750,0.99995,0.00000,0.00000,0.00005
63.50125,0.99750,0.99990,0.00000,0.00000,0.00010
63.60125,0.99750,0.99889,0.00000,0.00000,0.00111
63.70125,0.99751,0.92036,0.00000,0.00000,0.07964
63.80125,0.99750,0.32581,0.00001,0.00000,0.67418
63.90125,0.99750,0.46569,0.00005,0.00001,0.53425
64.00125,0.99750,0.52263,0.00007,0.00001,0.47730
64.10125,0.99750,0.86008,0.00002,0.00000,0.13990
64.20125,0.99751,0.99086,0.00000,0.00000,0.00913
64.30125,0.99751,0.99932,0.00000,0.00000,0.00068
64.40125,0.99750,0.99966,0.00000,0.00000,0.00034
64.50125,0.99750,0.99989,0.00000,0.00000,0.00011
64.60125,0.99750,0.99981,0.00000,0.00000,0.00019
64.70125,0.99751,0.99990,0.00000,0.00000,0.00010
64.80125,0.99751,0.99982,0.00000,0.00000,0.00018
64.90125,0.99750,0.99993,0.00000,0.00000,0.00007
65.00125,0.99750,0.99816,0.00000,0.00000,0.00183
65.10125,0.99750,0.95225,0.00001,0.00000,0.04774
65.20125,0.99751,0.11536,0.00004,0.00001,0.88460
65.30125,0.99751,0.68686,0.00053,0.00008,0.31253
65.40125,0.99750,0.94399,0.00014,0.00002,0.05584
65.50125,0.99750,0.93324,0.00006,0.00001,0.06670
65.60125,0.99750,0.98158,0.00001,0.00000,0.01842
65.70125,0.99751,0.99713,0.00000,0.00002,0.00284
65.80125,0.99751,0.99947,0.00000,0.00000,0.00053
65.90125,0.99750,0.99987,0.00000,0.00000,0.00013
66.00125,0.99750,0.99978,0.00000,0.00000,0.00022
66.10125,0.99750,0.99989,0.00000,0.00000,0.00010
66.20125,0.99751,0.99973,0.00000,0.00000,0.00027
66.30125,0.99751,0.99983,0.00000,0.00000,0.00016
66.40125,0.99750,0.99607,0.00000,0.00001,0.00392
66.50125,0.99750,0.96169,0.00001,0.00003,0.03827
66.60125,0.99750,0.24855,0.00000,0.00005,0.75140
66.70125,0.99751,0.56733,0.00012,0.00045,0.43210
66.80125,0.99751,0.94828,0.00009,0.00010,0.05153
66.90125,0.99750,0.99289,0.00001,0.00001,0.00710
67.00125,0.99750,0.98824,0.00000,0.00000,0.01175
67.10125,0.99750,0.99876,0.00000,0.00000,0.00124
67.20125,0.99751,0.99965,0.00000,0.00000,0.00035
67.30125,0.99751,0.99989,0.00000,0.00000,0.00011
67.40125,0.99750,0.99935,0.00000,0.00000,0.00065
67.50125,0.99750,0.99978,0.00000,0.00000,0.00022
67.60125,0.99750,0.99935,0.00000,0.00000,0.00065
67.70125,0.99751,0.99924,0.00000,0.00000,0.00076
67.80125,0.99751,0.99155,0.00000,0.00000,0.00845
67.90125,0.99750,0.96391,0.00001,0.00000,0.03608
68.00125,0.99750,0.52641,0.00003,0.00000,0.47356
68.10125,0.99750,0.22246,0.00012,0.00000,0.77742
68.20125,0.99751,0.82621,0.00023,0.00000,0.17356
68.30125,0.99751,0.90720,0.00005,0.00000,0.09275
68.40125,0.99750,0.96509,0.00001,0.00000,0.03490
68.50125,0.99750,0.99456,0.00000,0.00000,0.00544
68.60125,0.99750,0.99857,0.00000,0.00000,0.00143
68.70125,0.99751,0.99671,0.00000,0.00000,0.00329
68.80125,0.99751,0.99888,0.00000,0.00000,0.00111
68.90125,0.99750,0.99645,0.00000,0.00000,0.00355
69.00125,0.99750,0.99983,0.00000,0.00000,0.00017
69.10125,0.99750,0.99944,0.00000,0.00000,0.00056
69.20125,0.99751,0.96262,0.00000,0.00000,0.03738
69.30125,0.99751,0.93248,0.00000,0.00000,0.06751
69.40125,0.99750,0.19177,0.00000,0.00000,0.80823
69.50125,0.99750,0.88609,0.00001,0.00001,0.11390
69.60125,0.99750,0.99729,0.00001,0.00000,0.00270
69.70125,0.99751,0.99965,0.00000,0.00000,0.00035
69.80125,0.99751,0.99996,0.00000,0.00000,0.00004
69.90125,0.99750,0.99999,0.00000,0.00001,0.00000
70.00125,0.99750,1.00000,0.00000,0.00000,0.00000
70.10125,0.99750,1.00000,0.00000,0.00000,0.00000
70.20125,0.99751,1.00000,0.00000,0.00000,0.00000
70.30125,0.99751,1.00000,0.00000,0.00000,0.00000
70.40125,0.99750,1.00000,0.00000,0.00000,0.00000
70.50125,0.99750,0.99998,0.00000,0.00000,0.00002
70.60125,0.99750,0.99756,0.00001,0.00000,0.00244
70.70125,0.99751,0.87464,0.00001,0.00000,0.12535
70.80125,0.99751,0.25532,0.00001,0.00000,0.74468
70.90125,0.99750,0.99641,0.00005,0.00000,0.00354
71.00125,0.99750,0.99850,0.00001,0.00000,0.00149
71.10125,0.99750,0.99852,0.00000,0.00000,0.00148
71.20125,0.99751,0.99984,0.00000,0.00000,0.00016
71.30125,0.99751,0.99996,0.00000,0.00000,0.00003
71.40125,0.99750,1.00000,0.00000,0.00000,0.00000
71.50125,0.99750,0.99999,0.00000,0.00000,0.00001
71.60125,0.99750,1.00000,0.00000,0.00000,0.00000
71.70125,0.99751,0.99997,0.00000,0.00000,0.00003
71.80125,0.99751,0.99998,0.00000,0.00000,0.00002
71.90125,0.99750,0.99860,0.00000,0.00000,0.00140
72.00125,0.99750,0.98277,0.00000,0.00000,0.01723
72.10125,0.99750,0.35465,0.00000,0.00000,0.64535
72.20125,0.99751,0.33801,0.00002,0.00000,0.66198
72.30125,0.99751,0.89314,0.00004,0.00000,0.10682
72.40125,0.99750,0.98385,0.00002,0.00000,0.01614
72.50125,0.99750,0.98821,0.00000,0.00000,0.01179
72.60125,0.99750,0.99888,0.00000,0.00000,0.00112
72.70125,0.99751,0.99963,0.00000,0.00000,0.00037
72.80125,0.99751,0.99983,0.00000,0.00000,0.00017
72.90125,0.99750,0.99981,0.00000,0.00000,0.00019
73.00125,0.99750,0.99966,0.00000,0.00000,0.00034
73.10125,0.99750,0.99998,0.00000,0.00000,0.00002
73.20125,0.99751,0.99938,0.00000,0.00000,0.00062
73.30125,0.99751,0.98357,0.00000,0.00000,0.01643
73.40125,0.99750,0.84642,0.00000,0.00000,0.15358
73.50125,0.99750,0.12499,0.00000,0.00000,0.87501
73.60125,0.99750,0.85122,0.00007,0.00000,0.14871
73.70125,0.99751,0.97319,0.00009,0.00000,0.02672
73.80125,0.99751,0.99792,0.00003,0.00000,0.00205
73.90125,0.99750,0.99987,0.00000,0.00000,0.00012
74.00125,0.99750,0.99998,0.00000,0.00000,0.00002
74.10125,0.99750,1.00000,0.00000,0.00000,0.00000
74.20125,0.99751,0.99998,0.00000,0.00000,0.00002
74.30125,0.99751,0.99999,0.00000,0.00000,0.00000
74.40125,0.99750,0.99999,0.00000,0.00000,0.00001
74.50125,0.99750,1.00000,0.00000,0.00000,0.00000
74.60125,0.99750,0.99978,0.00000,0.00000,0.00022
74.70125,0.99751,0.99391,0.00000,0.00000,0.00609
74.80125,0.99751,0.74486,0.00000,0.00000,0.25514
74.90125,0.99750,0.16608,0.00000,0.00000,0.83392
75.00125,0.99750,0.75375,0.00003,0.00001,0.24622
75.10125,0.99750,0.96600,0.00001,0.00000,0.03399
75.20125,0.99751,0.97583,0.00000,0.00000,0.02417
75.30125,0.99751,0.99771,0.00000,0.00000,0.00229
75.40125,0.99750,0.99956,0.00000,0.00001,0.00043
75.50125,0.99750,0.99976,0.00000,0.00001,0.00024
75.60125,0.99750,0.99958,0.00000,0.00000,0.00042
75.70125,0.99751,0.99977,0.00000,0.00000,0.00023
75.80125,0.99751,0.99990,0.00000,0.00000,0.00010
75.90125,0.99750,0.99994,0.00000,0.00000,0.00006
76.00125,0.99750,0.99543,0.00001,0.00000,0.00457
76.10125,0.99750,0.81334,0.00000,0.00000,0.18666
76.20125,0.99751,0.28965,0.00000,0.00000,0.71035
76.30125,0.99751,0.84540,0.00007,0.00000,0.15452
76.40125,0.99750,0.98175,0.00003,0.00000,0.01822
76.50125,0.99750,0.99561,0.00000,0.00000,0.00438
76.60125,0.99750,0.99866,0.00000,0.00000,0.00134
76.70125,0.99751,0.99990,0.00000,0.00000,0.00010
76.80125,0.99751,0.99998,0.00000,0.00000,0.00002
76.90125,0.99750,0.99991,0.00000,0.00000,0.00009
77.00125,0.99750,0.99996,0.00000,0.00000,0.00004
77.10125,0.99750,0.99989,0.00000,0.00000,0.00011
77.20125,0.99751,0.99996,0.00000,0.00000,0.00004
77.30125,0.99751,0.99967,0.00000,0.00000,0.00033
77.40125,0.99750,0.96101,0.00000,0.00000,0.03899
77.50125,0.99750,0.87414,0.00000,0.00000,0.12586
77.60125,0.99750,0.23670,0.00000,0.00000,0.76330
77.70125,0.99751,0.67851,0.00001,0.00000,0.32148
77.80125,0.99751,0.94305,0.00000,0.00000,0.05695
77.90125,0.99750,0.97953,0.00000,0.00000,0.02047
78.00125,0.99750,0.99264,0.00000,0.00000,0.00736
78.10125,0.99750,0.99722,0.00000,0.00001,0.00277
78.20125,0.99751,0.99908,0.00000,0.00001,0.00091
78.30125,0.99751,0.99834,0.00000,0.00000,0.00166
78.40125,0.99750,0.99900,0.00000,0.00000,0.00100
78.50125,0.99750,0.99096,0.00000,0.00000,0.00904
78.60125,0.99750,0.99969,0.00000,0.00000,0.00031
78.70125,0.99751,0.98627,0.00000,0.00000,0.01372
78.80125,0.99751,0.95250,0.00000,0.00000,0.04750
78.90125,0.99750,0.24571,0.00001,0.00000,0.75428
79.00125,0.99750,0.12060,0.00002,0.00000,0.87937
79.10125,0.99750,0.95839,0.00004,0.00000,0.04158
79.20125,0.99751,0.97918,0.00001,0.00000,0.02081
79.30125,0.99751,0.96274,0.00001,0.00000,0.03725
79.40125,0.99750,0.99545,0.00000,0.00000,0.00455
79.50125,0.99750,0.99902,0.00000,0.00000,0.00098
79.60125,0.99750,0.99993,0.00000,0.00000,0.00007
79.70125,0.99751,0.99984,0.00000,0.00000,0.00016
79.80125,0.99751,0.99993,0.00000,0.00000,0.00007
79.90125,0.99750,0.99931,0.00000,0.00000,0.00069
80.00125,0.99750,0.99982,0.00000,0.00000,0.00018
80.10125,0.99750,0.99724,0.00000,0.00000,0.00276
80.20125,0.99751,0.99577,0.00000,0.00000,0.00423
80.30125,0.99751,0.93823,0.00000,0.00000,0.06177
80.40125,0.99750,0.29460,0.00000,0.00000,0.70540
80.50125,0.99750,0.34180,0.00003,0.00000,0.65818
80.60125,0.99750,0.93993,0.00001,0.00000,0.06006
80.70125,0.99751,0.98411,0.00000,0.00000,0.01589
80.80125,0.99751,0.99605,0.00000,0.00000,0.00395
80.90125,0.99750,0.99779,0.00000,0.00004,0.00217
81.00125,0.99750,0.99872,0.00000,0.00004,0.00124
81.10125,0.99750,0.99747,0.00000,0.00002,0.00251
81.20125,0.99751,0.99939,0.00000,0.00000,0.00061
81.30125,0.99751,0.99950,0.00000,0.00000,0.00050
81.40125,0.99750,0.99994,0.00000,0.00000,0.00006
81.50125,0.99750,0.99543,0.00000,0.00000,0.00456
81.60125,0.99750,0.65215,0.00000,0.00000,0.34785
81.70125,0.99751,0.29673,0.00000,0.00000,0.70327
81.80125,0.99751,0.93294,0.00000,0.00000,0.06706
81.90125,0.99750,0.99665,0.00000,0.00000,0.00335
82.00125,0.99750,0.99899,0.00000,0.00000,0.00101
82.10125,0.99750,0.99986,0.00000,0.00000,0.00014
82.20125,0.99751,0.99996,0.00000,0.00000,0.00004
82.30125,0.99751,0.99999,0.00000,0.00000,0.00001
82.40125,0.99750,1.00000,0.00000,0.00000,0.00000
82.50125,0.99750,0.99999,0.00000,0.00000,0.00001
82.60125,0.99750,0.99998,0.00000,0.00000,0.00002
82.70125,0.99751,0.99999,0.00000,0.00000,0.00001
82.80125,0.99751,0.99915,0.00000,0.00000,0.00085
82.90125,0.99750,0.98772,0.00000,0.00000,0.01228
83.00125,0.99750,0.34430,0.00000,0.00000,0.65570
83.10125,0.99750,0.79344,0.00001,0.00000,0.20655
83.20125,0.99751,0.99516,0.00005,0.00000,0.00479
83.30125,0.99751,0.99757,0.00002,0.00000,0.00241
83.40125,0.99750,0.99943,0.00000,0.00000,0.00057
83.50125,0.99750,0.99978,0.00000,0.00000,0.00022
83.60125,0.99750,0.99991,0.00000,0.00001,0.00008
83.70125,0.99751,0.99947,0.00000,0.00001,0.00052
83.80125,0.99751,0.99990,0.00001,0.00001,0.00008
83.90125,0.99750,0.99977,0.00000,0.00000,0.00022
84.00125,0.99750,0.99993,0.00000,0.00000,0.00007
84.10125,0.99750,0.99949,0.00000,0.00002,0.00049
84.20125,0.99751,0.96407,0.00001,0.00003,0.03589
84.30125,0.99751,0.89883,0.00004,0.00006,0.10107
84.40125,0.99750,0.29272,0.00004,0.00004,0.70720
84.50125,0.99750,0.67449,0.00026,0.00004,0.32521
84.60125,0.99750,0.96953,0.00002,0.00001,0.03045
84.70125,0.99751,0.99345,0.00000,0.00000,0.00655
84.80125,0.99751,0.99709,0.00000,0.00000,0.00291
84.90125,0.99750,0.99797,0.00000,0.00001,0.00203
85.00125,0.99750,0.99942,0.00000,0.00001,0.00058
85.10125,0.99750,0.99836,0.00000,0.00000,0.00164
85.20125,0.99751,0.99928,0.00000,0.00000,0.00072
85.30125,0.99751,0.99690,0.00000,0.00000,0.00310
85.40125,0.99750,0.99963,0.00000,0.00000,0.00037
85.50125,0.99750,0.98395,0.00000,0.00000,0.01605
85.60125,0.99750,0.85958,0.00001,0.00000,0.14041
85.70125,0.99751,0.32446,0.00002,0.00000,0.67551
85.80125,0.99751,0.51690,0.00004,0.00000,0.48306
85.90125,0.99750,0.99638,0.00004,0.00000,0.00357
86.00125,0.99750,0.99980,0.00000,0.00000,0.00020
86.10125,0.99750,0.99931,0.00000,0.00000,0.00069
86.20125,0.99751,0.99971,0.00000,0.00000,0.00029
86.30125,0.99751,0.99998,0.00000,0.00000,0.00002
86.40125,0.99750,0.99998,0.00000,0.00000,0.00001
86.50125,0.99750,0.99998,0.00000,0.00000,0.00002
86.60125,0.99750,0.99999,0.00000,0.00000,0.00001
86.70125,0.99751,0.99997,0.00000,0.00000,0.00003
86.80125,0.99751,0.99981,0.00000,0.00000,0.00019
86.90125,0.99750,0.99842,0.00000,0.00000,0.00158
87.00125,0.99750,0.96272,0.00000,0.00000,0.03728
87.10125,0.99750,0.25226,0.00000,0.00000,0.74774
87.20125,0.99751,0.52051,0.00000,0.00000,0.47948
87.30125,0.99751,0.96402,0.00001,0.00000,0.03597
87.40125,0.99750,0.99289,0.00000,0.00000,0.00711
87.50125,0.99750,0.99718,0.00000,0.00000,0.00282
87.60125,0.99750,0.99925,0.00000,0.00000,0.00075
87.70125,0.99751,0.99904,0.00000,0.00000,0.00096
87.80125,0.99751,0.99849,0.00000,0.00000,0.00151
87.90125,0.99750,0.99820,0.00000,0.00000,0.00180
88.00125,0.99750,0.99964,0.00000,0.00000,0.00036
88.10125,0.99750,0.99981,0.00000,0.00000,0.00019
88.20125,0.99751,0.99922,0.00000,0.00000,0.00078
88.30125,0.99751,0.99597,0.00000,0.00000,0.00403
88.40125,0.99750,0.99299,0.00000,0.00000,0.00701
88.50125,0.99750,0.99325,0.00000,0.00000,0.00675
88.60125,0.99750,0.99467,0.00000,0.00000,0.00533
