Time (seconds), Duration (seconds),pred_(unlabeled),pred_Jab_R,pred_Sidehook_R,pred_Uppercut_R
0.00125,0.39000,0.99981,0.00012,0.00007,0.00000
0.25125,0.39000,0.99595,0.00274,0.00131,0.00000
0.50125,0.39000,0.99988,0.00007,0.00005,0.00000
0.75125,0.39000,0.99997,0.00002,0.00001,0.00000
1.00125,0.39000,1.00000,0.00000,0.00000,0.00000
1.25125,0.39000,0.99999,0.00000,0.00001,0.00000
1.50125,0.39000,0.99998,0.00000,0.00002,0.00000
1.75125,0.39000,0.99991,0.00004,0.00005,0.00000
2.00125,0.39000,0.99999,0.00000,0.00001,0.00000
2.25125,0.39000,1.00000,0.00000,0.00000,0.00000
2.50125,0.39000,0.99998,0.00000,0.00002,0.00000
2.75125,0.39000,0.99995,0.00003,0.00002,0.00000
3.00125,0.39000,0.99960,0.00034,0.00006,0.00000
3.25125,0.39000,0.99994,0.00003,0.00003,0.00000
3.50125,0.39000,0.99998,0.00001,0.00001,0.00000
3.75125,0.39000,0.99958,0.00034,0.00009,0.00000
4.00125,0.39000,0.99880,0.00119,0.00002,0.00000
4.25125,0.39000,0.99997,0.00003,0.00000,0.00000
4.50125,0.39000,0.99983,0.00014,0.00003,0.00000
4.75125,0.39000,0.99982,0.00016,0.00002,0.00000
5.00125,0.39000,1.00000,0.00000,0.00000,0.00000
5.25125,0.39000,0.99957,0.00005,0.00039,0.00000
5.50125,0.39000,0.98492,0.00261,0.01172,0.00076
5.75125,0.39000,0.99942,0.00042,0.00016,0.00001
6.00125,0.39000,0.99988,0.00010,0.00002,0.00000
6.25125,0.39000,0.99997,0.00002,0.00001,0.00000
6.50125,0.39000,0.99987,0.00004,0.00010,0.00000
6.75125,0.39000,0.99687,0.00215,0.00081,0.00016
7.00125,0.39000,0.98622,0.01133,0.00120,0.00125
7.25125,0.39000,0.96566,0.02727,0.00267,0.00440
7.50125,0.39000,0.99935,0.00030,0.00026,0.00010
7.75125,0.39000,0.97764,0.00007,0.02227,0.00002
8.00125,0.39000,0.98836,0.00049,0.01115,0.00000
8.25125,0.39000,1.00000,0.00000,0.00000,0.00000
8.50125,0.39000,0.99996,0.00003,0.00000,0.00000
8.75125,0.39000,0.99983,0.00017,0.00001,0.00000
9.00125,0.39000,0.99994,0.00004,0.00002,0.00000
9.25125,0.39000,0.99985,0.00015,0.00000,0.00000
9.50125,0.39000,1.00000,0.00000,0.00000,0.00000
9.75125,0.39000,0.99996,0.00000,0.00004,0.00000
10.00125,0.39000,0.99665,0.00332,0.00002,0.00000
10.25125,0.39000,0.99936,0.00020,0.00034,0.00010
10.50125,0.39000,0.99764,0.00045,0.00192,0.00000
10.75125,0.39000,0.99997,0.00002,0.00000,0.00000
11.00125,0.39000,0.86375,0.04808,0.08817,0.00000
11.25125,0.39000,0.99956,0.00018,0.00026,0.00000
11.50125,0.39000,1.00000,0.00000,0.00000,0.00000
11.75125,0.39000,0.99998,0.00000,0.00001,0.00000
12.00125,0.39000,0.99894,0.00014,0.00092,0.00000
12.25125,0.39000,0.99825,0.00167,0.00008,0.00001
12.50125,0.39000,0.99949,0.00049,0.00001,0.00001
12.75125,0.39000,1.00000,0.00000,0.00000,0.00000
13.00125,0.39000,0.99999,0.00001,0.00000,0.00000
13.25125,0.39000,0.99987,0.00013,0.00000,0.00000
13.50125,0.39000,0.99427,0.00066,0.00290,0.00217
13.75125,0.39000,0.76425,0.04840,0.00012,0.18723
14.00125,0.39000,0.98974,0.00078,0.00948,0.00000
14.25125,0.39000,0.99999,0.00000,0.00001,0.00000
14.50125,0.39000,0.99999,0.00001,0.00000,0.00000
14.75125,0.39000,0.99999,0.00000,0.00001,0.00000
15.00125,0.39000,0.99999,0.00000,0.00001,0.00000
15.25125,0.39000,1.00000,0.00000,0.00000,0.00000
15.50125,0.39000,0.99995,0.00005,0.00001,0.00000
15.75125,0.39000,0.99998,0.00001,0.00001,0.00000
16.00125,0.39000,0.99997,0.00001,0.00002,0.00000
16.25125,0.39000,1.00000,0.00000,0.00000,0.00000
16.50125,0.39000,0.99997,0.00001,0.00002,0.00000
16.75125,0.39000,0.99943,0.00044,0.00013,0.00000
17.00125,0.39000,1.00000,0.00000,0.00000,0.00000
17.25125,0.39000,0.99963,0.00014,0.00023,0.00000
17.50125,0.39000,0.99999,0.00001,0.00000,0.00000
17.75125,0.39000,1.00000,0.00000,0.00000,0.00000
18.00125,0.39000,0.99998,0.00000,0.00001,0.00000
18.25125,0.39000,0.99949,0.00038,0.00013,0.00000
18.50125,0.39000,0.99892,0.00073,0.00035,0.00000
18.75125,0.39000,0.99964,0.00030,0.00006,0.00000
19.00125,0.39000,0.99998,0.00001,0.00001,0.00000
19.25125,0.39000,0.99994,0.00005,0.00001,0.00000
19.50125,0.39000,0.99975,0.00023,0.00002,0.00000
19.75125,0.39000,0.99974,0.00024,0.00002,0.00000
20.00125,0.39000,0.99986,0.00013,0.00001,0.00000
20.25125,0.39000,0.98718,0.01275,0.00007,0.00000
20.50125,0.39000,0.87585,0.12401,0.00014,0.00000
20.75125,0.39000,0.94028,0.05932,0.00039,0.00000
21.00125,0.39000,0.99223,0.00665,0.00112,0.00000
21.25125,0.39000,0.98752,0.00077,0.01171,0.00000
21.50125,0.39000,0.99776,0.00013,0.00210,0.00000
21.75125,0.39000,0.99998,0.00000,0.00002,0.00000
22.00125,0.39000,0.99996,0.00000,0.00004,0.00000
22.25125,0.39000,0.99999,0.00001,0.00000,0.00000
22.50125,0.39000,0.99997,0.00003,0.00000,0.00000
22.75125,0.39000,0.99999,0.00000,0.00001,0.00000
23.00125,0.39000,0.99999,0.00001,0.00001,0.00000
23.25125,0.39000,0.99999,0.00000,0.00001,0.00000
23.50125,0.39000,0.99998,0.00000,0.00002,0.00000
23.75125,0.39000,0.99915,0.00047,0.00038,0.00000
24.00125,0.39000,0.99776,0.00003,0.00221,0.00000
24.25125,0.39000,0.99923,0.00076,0.00000,0.00000
24.50125,0.39000,0.98846,0.00928,0.00226,0.00000
24.75125,0.39000,0.99990,0.00002,0.00008,0.00000
25.00125,0.39000,0.99999,0.00000,0.00001,0.00000
25.25125,0.39000,0.99987,0.00005,0.00007,0.00000
25.50125,0.39000,0.99965,0.00032,0.00003,0.00000
25.75125,0.39000,0.99986,0.00011,0.00003,0.00000
26.00125,0.39000,0.81659,0.18321,0.00020,0.00000
26.25125,0.39000,0.99780,0.00016,0.00204,0.00000
26.50125,0.39000,0.99999,0.00000,0.00001,0.00000
26.75125,0.39000,0.99996,0.00003,0.00001,0.00000
27.00125,0.39000,0.98084,0.01907,0.00009,0.00000
27.25125,0.39000,0.98627,0.00717,0.00657,0.00000
27.50125,0.39000,0.99732,0.00002,0.00266,0.00000
27.75125,0.39000,0.99994,0.00005,0.00001,0.00000
28.00125,0.39000,0.99958,0.00039,0.00003,0.00000
28.25125,0.39000,0.99972,0.00026,0.00002,0.00000
28.50125,0.39000,0.99966,0.00030,0.00003,0.00000
28.75125,0.39000,0.99966,0.00032,0.00003,0.00000
29.00125,0.39000,0.99972,0.00025,0.00003,0.00000
29.25125,0.39000,0.99981,0.00015,0.00004,0.00000
29.50125,0.39000,0.99997,0.00002,0.00002,0.00000
29.75125,0.39000,0.99995,0.00004,0.00001,0.00000
30.00125,0.39000,0.99985,0.00011,0.00004,0.00000
30.25125,0.39000,0.99962,0.00033,0.00005,0.00000
30.50125,0.39000,0.99864,0.00136,0.00001,0.00000
30.75125,0.39000,1.00000,0.00000,0.00000,0.00000
31.00125,0.39000,0.99989,0.00009,0.00002,0.00000
31.25125,0.39000,0.99986,0.00013,0.00002,0.00000
31.50125,0.39000,0.99998,0.00002,0.00000,0.00000
31.75125,0.39000,0.99999,0.00001,0.00001,0.00000
32.00125,0.39000,0.99990,0.00007,0.00003,0.00000
32.25125,0.39000,1.00000,0.00000,0.00000,0.00000
32.50125,0.39000,0.99998,0.00000,0.00002,0.00000
32.75125,0.39000,0.99987,0.00005,0.00008,0.00000
33.00125,0.39000,0.99958,0.00041,0.00001,0.00000
33.25125,0.39000,0.99984,0.00015,0.00001,0.00000
33.50125,0.39000,0.99833,0.00150,0.00017,0.00000
33.75125,0.39000,0.99946,0.00049,0.00006,0.00000
34.00125,0.39000,0.99963,0.00035,0.00003,0.00000
34.25125,0.39000,0.99994,0.00005,0.00001,0.00000
34.50125,0.39000,0.99591,0.00348,0.00061,0.00000
34.75125,0.39000,0.99997,0.00000,0.00003,0.00000
35.00125,0.39000,0.99996,0.00003,0.00000,0.00000
35.25125,0.39000,0.99997,0.00001,0.00001,0.00000
35.50125,0.39000,0.99998,0.00001,0.00001,0.00000
35.75125,0.39000,0.99996,0.00003,0.00001,0.00000
36.00125,0.39000,0.99958,0.00036,0.00006,0.00000
36.25125,0.39000,0.99975,0.00021,0.00005,0.00000
36.50125,0.39000,0.99981,0.00018,0.00001,0.00000
36.75125,0.39000,0.99977,0.00021,0.00002,0.00000
37.00125,0.39000,0.99965,0.00032,0.00003,0.00000
37.25125,0.39000,0.99974,0.00024,0.00002,0.00000
37.50125,0.39000,0.99975,0.00023,0.00002,0.00000
37.75125,0.39000,0.99976,0.00023,0.00002,0.00000
38.00125,0.39000,0.99975,0.00024,0.00002,0.00000
38.25125,0.39000,0.99975,0.00023,0.00002,0.00000
38.50125,0.39000,0.99973,0.00025,0.00002,0.00000
38.75125,0.39000,0.99976,0.00023,0.00002,0.00000
39.00125,0.39000,0.99977,0.00022,0.00002,0.00000
39.25125,0.39000,0.99975,0.00024,0.00002,0.00000
39.50125,0.39000,0.99975,0.00024,0.00002,0.00000
39.75125,0.39000,0.99974,0.00024,0.00002,0.00000
40.00125,0.39000,0.99974,0.00024,0.00002,0.00000
40.25125,0.39000,0.99976,0.00022,0.00002,0.00000
40.50125,0.39000,0.99976,0.00023,0.00002,0.00000
40.75125,0.39000,0.99975,0.00024,0.00002,0.00000
41.00125,0.39000,0.99975,0.00023,0.00002,0.00000
41.25125,0.39000,0.99975,0.00023,0.00002,0.00000
41.50125,0.39000,0.99973,0.00025,0.00002,0.00000
41.75125,0.39000,0.99974,0.00024,0.00002,0.00000
42.00125,0.39000,0.99975,0.00024,0.00002,0.00000
42.25125,0.39000,0.99977,0.00021,0.00002,0.00000
42.50125,0.39000,0.99977,0.00022,0.00002,0.00000
42.75125,0.39000,0.99975,0.00023,0.00002,0.00000
43.00125,0.39000,0.99975,0.00024,0.00002,0.00000
43.25125,0.39000,0.99974,0.00025,0.00002,0.00000
43.50125,0.39000,0.99976,0.00023,0.00002,0.00000
43.75125,0.39000,0.99978,0.00020,0.00002,0.00000
44.00125,0.39000,0.99978,0.00021,0.00002,0.00000
44.25125,0.39000,0.99977,0.00022,0.00002,0.00000
44.50125,0.39000,0.99978,0.00021,0.00002,0.00000
44.75125,0.39000,0.99985,0.00013,0.00002,0.00000
45.00125,0.39000,0.99989,0.00009,0.00002,0.00000
45.25125,0.39000,0.99995,0.00003,0.00002,0.00000
45.50125,0.39000,1.00000,0.00000,0.00000,0.00000
45.75125,0.39000,0.99996,0.00003,0.00001,0.00000
46.00125,0.39000,1.00000,0.00000,0.00000,0.00000
46.25125,0.39000,0.99986,0.00007,0.00007,0.00000
46.50125,0.39000,0.99814,0.00183,0.00003,0.00000
46.75125,0.39000,0.99732,0.00258,0.00009,0.00000
47.00125,0.39000,0.99959,0.00026,0.00015,0.00000
47.25125,0.39000,0.99314,0.00058,0.00628,0.00000
47.50125,0.39000,0.69117,0.00001,0.29415,0.01466
47.75125,0.39000,0.87893,0.00004,0.11479,0.00624
48.00125,0.39000,0.99924,0.00029,0.00047,0.00000
48.25125,0.39000,0.99932,0.00060,0.00007,0.00000
48.50125,0.39000,0.99965,0.00008,0.00027,0.00000
48.75125,0.39000,0.99900,0.00090,0.00010,0.00000
49.00125,0.39000,0.99986,0.00009,0.00005,0.00000
49.25125,0.39000,0.99998,0.00002,0.00001,0.00000
49.50125,0.39000,0.99959,0.00038,0.00003,0.00000
49.75125,0.39000,0.99962,0.00033,0.00005,0.00000
50.00125,0.39000,0.99996,0.00004,0.00001,0.00000
50.25125,0.39000,0.99953,0.00040,0.00006,0.00000
50.50125,0.39000,0.99982,0.00008,0.00010,0.00000
50.75125,0.39000,0.99972,0.00018,0.00010,0.00000
51.00125,0.39000,0.99786,0.00200,0.00014,0.00000
51.25125,0.39000,0.99815,0.00175,0.00010,0.00000
51.50125,0.39000,0.99730,0.00252,0.00019,0.00000
51.75125,0.39000,0.99636,0.00356,0.00008,0.00000
52.00125,0.39000,0.99969,0.00025,0.00006,0.00000
52.25125,0.39000,0.99749,0.00118,0.00133,0.00000
52.50125,0.39000,0.98507,0.00834,0.00658,0.00000
52.75125,0.39000,0.99626,0.00146,0.00227,0.00000
53.00125,0.39000,0.99182,0.00774,0.00045,0.00000
53.25125,0.39000,1.00000,0.00000,0.00000,0.00000
53.50125,0.39000,1.00000,0.00000,0.00000,0.00000
53.75125,0.39000,0.95016,0.04966,0.00018,0.00000
54.00125,0.39000,0.99194,0.00695,0.00110,0.00000
54.25125,0.39000,0.99999,0.00000,0.00000,0.00000
54.50125,0.39000,0.99998,0.00001,0.00001,0.00000
54.75125,0.39000,0.99977,0.00018,0.00005,0.00000
55.00125,0.39000,0.99927,0.00060,0.00013,0.00000
55.25125,0.39000,0.99994,0.00003,0.00002,0.00000
55.50125,0.39000,0.99998,0.00001,0.00001,0.00000
55.75125,0.39000,0.99990,0.00008,0.00002,0.00000
56.00125,0.39000,0.99997,0.00001,0.00002,0.00000
56.25125,0.39000,0.90591,0.09351,0.00058,0.00000
56.50125,0.39000,0.99519,0.00373,0.00108,0.00000
56.75125,0.39000,0.98522,0.01457,0.00013,0.00007
57.00125,0.39000,0.99297,0.00647,0.00056,0.00000
57.25125,0.39000,1.00000,0.00000,0.00000,0.00000
57.50125,0.39000,1.00000,0.00000,0.00000,0.00000
57.75125,0.39000,1.00000,0.00000,0.00000,0.00000
58.00125,0.39000,0.99826,0.00145,0.00029,0.00000
58.25125,0.39000,0.99977,0.00016,0.00007,0.00000
58.50125,0.39000,0.99995,0.00004,0.00001,0.00000
58.75125,0.39000,0.99961,0.00035,0.00004,0.00000
59.00125,0.39000,0.97037,0.02914,0.00049,0.00000
59.25125,0.39000,0.91451,0.00828,0.07721,0.00000
59.50125,0.39000,0.99746,0.00073,0.00181,0.00000
59.75125,0.39000,0.99410,0.00173,0.00417,0.00000
60.00125,0.39000,0.99976,0.00016,0.00008,0.00000
60.25125,0.39000,0.99906,0.00004,0.00090,0.00000
60.50125,0.39000,0.99157,0.00321,0.00522,0.00000
60.75125,0.39000,0.99375,0.00375,0.00237,0.00012
61.00125,0.39000,0.99977,0.00001,0.00021,0.00000
61.25125,0.39000,0.99991,0.00008,0.00001,0.00000
61.50125,0.39000,0.99843,0.00150,0.00007,0.00000
61.75125,0.39000,0.99893,0.00104,0.00002,0.00000
62.00125,0.39000,0.99848,0.00147,0.00006,0.00000
62.25125,0.39000,0.99982,0.00014,0.00004,0.00000
62.50125,0.39000,0.99942,0.00056,0.00002,0.00000
62.75125,0.39000,0.99928,0.00062,0.00010,0.00000
63.00125,0.39000,0.99977,0.00011,0.00012,0.00000
63.25125,0.39000,0.99922,0.00070,0.00008,0.00000
63.50125,0.39000,0.99913,0.00081,0.00006,0.00000
63.75125,0.39000,0.99952,0.00045,0.00003,0.00000
64.00125,0.39000,0.99934,0.00063,0.00003,0.00000
64.25125,0.39000,0.99928,0.00055,0.00017,0.00000
64.50125,0.39000,0.99990,0.00006,0.00003,0.00000
64.75125,0.39000,0.99946,0.00052,0.00002,0.00000
65.00125,0.39000,0.99973,0.00020,0.00007,0.00000
65.25125,0.39000,0.99992,0.00007,0.00001,0.00000
65.50125,0.39000,0.99706,0.00284,0.00010,0.00000
65.75125,0.39000,0.99722,0.00137,0.00141,0.00000
66.00125,0.39000,0.99991,0.00004,0.00005,0.00000
66.25125,0.39000,0.99989,0.00009,0.00002,0.00000
66.50125,0.39000,0.99490,0.00500,0.00009,0.00000
66.75125,0.39000,0.99663,0.00300,0.00036,0.00000
67.00125,0.39000,0.99896,0.00087,0.00017,0.00000
67.25125,0.39000,0.99994,0.00004,0.00002,0.00000
67.50125,0.39000,0.99999,0.00001,0.00000,0.00000
67.75125,0.39000,0.99914,0.00081,0.00006,0.00000
68.00125,0.39000,0.99927,0.00032,0.00042,0.00000
68.25125,0.39000,0.99962,0.00035,0.00004,0.00000
68.50125,0.39000,0.99995,0.00004,0.00001,0.00000
68.75125,0.39000,0.99724,0.00250,0.00026,0.00000
69.00125,0.39000,0.99909,0.00008,0.00083,0.00000
69.25125,0.39000,0.99987,0.00004,0.00009,0.00000
69.50125,0.39000,0.99923,0.00068,0.00009,0.00000
69.75125,0.39000,0.99930,0.00066,0.00004,0.00000
70.00125,0.39000,0.99935,0.00060,0.00005,0.00000
70.25125,0.39000,0.99931,0.00063,0.00006,0.00000
70.50125,0.39000,0.99964,0.00033,0.00003,0.00000
70.75125,0.39000,0.99961,0.00035,0.00003,0.00000
71.00125,0.39000,0.99954,0.00041,0.00005,0.00000
71.25125,0.39000,0.99930,0.00064,0.00006,0.00000
71.50125,0.39000,0.99916,0.00074,0.00009,0.00000
71.75125,0.39000,0.99929,0.00063,0.00008,0.00000
72.00125,0.39000,0.99618,0.00381,0.00001,0.00000
72.25125,0.39000,0.99811,0.00005,0.00183,0.00000
72.50125,0.39000,0.99509,0.00003,0.00489,0.00000
72.75125,0.39000,0.99774,0.00027,0.00199,0.00000
73.00125,0.39000,0.99977,0.00008,0.00015,0.00000
73.25125,0.39000,0.99987,0.00008,0.00004,0.00000
73.50125,0.39000,0.99798,0.00036,0.00165,0.00000
73.75125,0.39000,0.99992,0.00003,0.00005,0.00000
74.00125,0.39000,0.99993,0.00006,0.00001,0.00000
74.25125,0.39000,0.99999,0.00000,0.00001,0.00000
74.50125,0.39000,0.99580,0.00416,0.00004,0.00000
74.75125,0.39000,0.96426,0.03535,0.00038,0.00000
75.00125,0.39000,0.99698,0.00298,0.00004,0.00000
75.25125,0.39000,0.99997,0.00002,0.00001,0.00000
75.50125,0.39000,0.99995,0.00004,0.00001,0.00000
75.75125,0.39000,0.99997,0.00000,0.00003,0.00000
76.00125,0.39000,0.99891,0.00013,0.00095,0.00000
76.25125,0.39000,0.99982,0.00016,0.00002,0.00000
76.50125,0.39000,0.99933,0.00064,0.00003,0.00000
76.75125,0.39000,0.99958,0.00037,0.00006,0.00000
77.00125,0.39000,0.99942,0.00053,0.00005,0.00000
77.25125,0.39000,0.99946,0.00050,0.00005,0.00000
77.50125,0.39000,0.99949,0.00046,0.00005,0.00000
77.75125,0.39000,0.99950,0.00045,0.00005,0.00000
78.00125,0.39000,0.99943,0.00050,0.00007,0.00000
78.25125,0.39000,0.99943,0.00051,0.00006,0.00000
78.50125,0.39000,0.99951,0.00045,0.00004,0.00000
78.75125,0.39000,0.99947,0.00046,0.00007,0.00000
79.00125,0.39000,0.99772,0.00212,0.00016,0.00000
79.25125,0.39000,0.99677,0.00322,0.00001,0.00000
79.50125,0.39000,1.00000,0.00000,0.00000,0.00000
79.75125,0.39000,0.99965,0.00010,0.00025,0.00000
80.00125,0.39000,0.99976,0.00019,0.00005,0.00000
80.25125,0.39000,0.99985,0.00008,0.00006,0.00000
80.50125,0.39000,0.99936,0.00060,0.00004,0.00000
80.75125,0.39000,0.99968,0.00024,0.00008,0.00000
81.00125,0.39000,0.99998,0.00001,0.00001,0.00000
81.25125,0.39000,0.97011,0.02975,0.00014,0.00000
81.50125,0.39000,0.90371,0.08236,0.01393,0.00000
81.75125,0.39000,0.99998,0.00000,0.00002,0.00000
82.00125,0.39000,0.99996,0.00004,0.00001,0.00000
82.25125,0.39000,0.99985,0.00014,0.00001,0.00000
82.50125,0.39000,0.99986,0.00012,0.00002,0.00000
82.75125,0.39000,0.99923,0.00073,0.00004,0.00000
83.00125,0.39000,0.99987,0.00000,0.00013,0.00000
83.25125,0.39000,0.99999,0.00000,0.00001,0.00000
83.50125,0.39000,0.99989,0.00009,0.00001,0.00000
83.75125,0.39000,0.99988,0.00011,0.00001,0.00000
84.00125,0.39000,0.99984,0.00015,0.00001,0.00000
84.25125,0.39000,0.97058,0.02926,0.00016,0.00000
84.50125,0.39000,0.99937,0.00062,0.00001,0.00000
84.75125,0.39000,0.99998,0.00002,0.00000,0.00000
85.00125,0.39000,0.99907,0.00085,0.00009,0.00000
85.25125,0.39000,0.99774,0.00220,0.00006,0.00000
85.50125,0.39000,0.99364,0.00621,0.00015,0.00000
85.75125,0.39000,0.99740,0.00239,0.00020,0.00000
86.00125,0.39000,0.99120,0.00569,0.00311,0.00000
86.25125,0.39000,0.99750,0.00234,0.00016,0.00000
86.50125,0.39000,0.99931,0.00015,0.00023,0.00031
86.75125,0.39000,0.99366,0.00403,0.00230,0.00000
87.00125,0.39000,0.99977,0.00023,0.00000,0.00000
87.25125,0.39000,0.99975,0.00001,0.00024,0.00000
87.50125,0.39000,0.99972,0.00022,0.00005,0.00000
87.75125,0.39000,1.00000,0.00000,0.00000,0.00000
88.00125,0.39000,0.99832,0.00161,0.00008,0.00000
88.25125,0.39000,0.99646,0.00127,0.00226,0.00000
88.50125,0.39000,0.99997,0.00001,0.00002,0.00000
88.75125,0.39000,0.99998,0.00002,0.00000,0.00000
89.00125,0.39000,0.99479,0.00516,0.00005,0.00000
89.25125,0.39000,0.99947,0.00043,0.00009,0.00000
89.50125,0.39000,0.99999,0.00000,0.00001,0.00000
89.75125,0.39000,0.99170,0.00785,0.00044,0.00000
90.00125,0.39000,0.99723,0.00235,0.00042,0.00000
90.25125,0.39000,0.99905,0.00000,0.00095,0.00000
90.50125,0.39000,0.82057,0.17898,0.00045,0.00000
90.75125,0.39000,0.99955,0.00044,0.00002,0.00000
91.00125,0.39000,0.99970,0.00002,0.00028,0.00000
91.25125,0.39000,0.99999,0.00001,0.00000,0.00000
91.50125,0.39000,1.00000,0.00000,0.00000,0.00000
91.75125,0.39000,0.91623,0.08168,0.00209,0.00000
92.00125,0.39000,1.00000,0.00000,0.00000,0.00000
92.25125,0.39000,1.00000,0.00000,0.00000,0.00000
92.50125,0.39000,1.00000,0.00000,0.00000,0.00000
92.75125,0.39000,1.00000,0.00000,0.00000,0.00000
93.00125,0.39000,0.99997,0.00000,0.00002,0.00001
93.25125,0.39000,1.00000,0.00000,0.00000,0.00000
93.50125,0.39000,0.99999,0.00001,0.00000,0.00000
93.75125,0.39000,0.99993,0.00001,0.00006,0.00000
94.00125,0.39000,0.99962,0.00033,0.00005,0.00000
94.25125,0.39000,0.98053,0.01947,0.00000,0.00000
94.50125,0.39000,0.99999,0.00000,0.00000,0.00000
94.75125,0.39000,0.99873,0.00003,0.00124,0.00000
95.00125,0.39000,0.99665,0.00090,0.00245,0.00000
95.25125,0.39000,0.99809,0.00065,0.00125,0.00000
95.50125,0.39000,0.99958,0.00041,0.00001,0.00000
95.75125,0.39000,0.99995,0.00001,0.00004,0.00000
96.00125,0.39000,1.00000,0.00000,0.00000,0.00000
96.25125,0.39000,0.99988,0.00012,0.00000,0.00000
96.50125,0.39000,0.99999,0.00000,0.00000,0.00001
96.75125,0.39000,0.99714,0.00014,0.00272,0.00000
97.00125,0.39000,0.99995,0.00000,0.00005,0.00000
97.25125,0.39000,0.99987,0.00011,0.00002,0.00000
97.50125,0.39000,0.98778,0.01206,0.00016,0.00000
97.75125,0.39000,0.99645,0.00324,0.00031,0.00000
98.00125,0.39000,0.99918,0.00001,0.00082,0.00000
98.25125,0.39000,0.99797,0.00007,0.00197,0.00000
98.50125,0.39000,0.99999,0.00001,0.00000,0.00000
98.75125,0.39000,0.99995,0.00003,0.00002,0.00000
99.00125,0.39000,0.99991,0.00007,0.00002,0.00000
99.25125,0.39000,0.99993,0.00003,0.00003,0.00000
99.50125,0.39000,0.99997,0.00002,0.00001,0.00000
99.75125,0.39000,0.99145,0.00854,0.00001,0.00000
100.00125,0.39000,0.99999,0.00001,0.00000,0.00000
100.25125,0.39000,1.00000,0.00000,0.00000,0.00000
100.50125,0.39000,0.99993,0.00005,0.00002,0.00000
100.75125,0.39000,1.00000,0.00000,0.00000,0.00000
101.00125,0.39000,0.99997,0.00000,0.00002,0.00000
101.25125,0.39000,0.99982,0.00015,0.00003,0.00000
101.50125,0.39000,0.99897,0.00097,0.00005,0.00000
101.75125,0.39000,0.99996,0.00003,0.00001,0.00000
102.00125,0.39000,0.99997,0.00002,0.00001,0.00000
102.25125,0.39000,1.00000,0.00000,0.00000,0.00000
102.50125,0.39000,0.99999,0.00000,0.00000,0.00000
102.75125,0.39000,0.99999,0.00000,0.00001,0.00000
103.00125,0.39000,0.99992,0.00006,0.00002,0.00000
103.25125,0.39000,0.99979,0.00019,0.00002,0.00000
103.50125,0.39000,0.99832,0.00154,0.00015,0.00000
103.75125,0.39000,0.99998,0.00002,0.00000,0.00000
104.00125,0.39000,0.99997,0.00003,0.00000,0.00000
104.25125,0.39000,0.99995,0.00004,0.00001,0.00000
104.50125,0.39000,0.99999,0.00000,0.00001,0.00000
104.75125,0.39000,0.99989,0.00001,0.00010,0.00000
105.00125,0.39000,0.99951,0.00038,0.00012,0.00000
105.25125,0.39000,0.99999,0.00001,0.00000,0.00000
105.50125,0.39000,0.99999,0.00000,0.00000,0.00000
105.75125,0.39000,0.99999,0.00001,0.00000,0.00000
106.00125,0.39000,1.00000,0.00000,0.00000,0.00000
106.25125,0.39000,0.99990,0.00009,0.00001,0.00000
106.50125,0.39000,0.99997,0.00000,0.00003,0.00000
106.75125,0.39000,0.99958,0.00028,0.00014,0.00000
107.00125,0.39000,1.00000,0.00000,0.00000,0.00000
107.25125,0.39000,0.99940,0.00056,0.00004,0.00000
107.50125,0.39000,0.99972,0.00025,0.00003,0.00000
107.75125,0.39000,0.99931,0.00060,0.00009,0.00000
108.00125,0.39000,0.99995,0.00001,0.00005,0.00000
108.25125,0.39000,0.99922,0.00075,0.00002,0.00000
108.50125,0.39000,0.99993,0.00004,0.00003,0.00000
108.75125,0.39000,0.99983,0.00015,0.00002,0.00000
109.00125,0.39000,0.99379,0.00602,0.00019,0.00000
109.25125,0.39000,0.99984,0.00002,0.00014,0.00000
109.50125,0.39000,0.99997,0.00001,0.00002,0.00000
109.75125,0.39000,0.99352,0.00029,0.00619,0.00000
110.00125,0.39000,0.87206,0.10335,0.02443,0.00016
110.25125,0.39000,0.86459,0.00249,0.00001,0.13291
110.50125,0.39000,0.92782,0.00174,0.00000,0.07044
110.75125,0.39000,0.99767,0.00163,0.00000,0.00070
111.00125,0.39000,0.99660,0.00306,0.00000,0.00034
111.25125,0.39000,0.99702,0.00297,0.00001,0.00000
111.50125,0.39000,0.99870,0.00128,0.00002,0.00000
111.75125,0.39000,0.95632,0.04350,0.00013,0.00004
112.00125,0.39000,0.99179,0.00701,0.00117,0.00003
112.25125,0.39000,0.99996,0.00004,0.00000,0.00000
112.50125,0.39000,1.00000,0.00000,0.00000,0.00000
112.75125,0.39000,1.00000,0.00000,0.00000,0.00000
113.00125,0.39000,1.00000,0.00000,0.00000,0.00000
113.25125,0.39000,0.99999,0.00001,0.00000,0.00000
113.50125,0.39000,1.00000,0.00000,0.00000,0.00000
113.75125,0.39000,0.99998,0.00001,0.00001,0.00000
114.00125,0.39000,0.99286,0.00710,0.00003,0.00000
114.25125,0.39000,0.99915,0.00079,0.00005,0.00000
114.50125,0.39000,0.97140,0.02727,0.00133,0.00000
114.75125,0.39000,0.98875,0.01117,0.00007,0.00000
115.00125,0.39000,0.99783,0.00217,0.00000,0.00000
115.25125,0.39000,0.99723,0.00060,0.00208,0.00009
115.50125,0.39000,0.99974,0.00006,0.00020,0.00000
115.75125,0.39000,0.99996,0.00001,0.00003,0.00001
116.00125,0.39000,0.99996,0.00004,0.00000,0.00000
116.25125,0.39000,0.99947,0.00053,0.00000,0.00000
116.50125,0.39000,0.99996,0.00003,0.00000,0.00001
116.75125,0.39000,0.99995,0.00003,0.00002,0.00001
117.00125,0.39000,0.94787,0.00080,0.04251,0.00882
117.25125,0.39000,0.78553,0.00257,0.21190,0.00001
117.50125,0.39000,0.99973,0.00025,0.00002,0.00000
117.75125,0.39000,0.99995,0.00003,0.00002,0.00000
118.00125,0.39000,0.99995,0.00004,0.00000,0.00000
118.25125,0.39000,0.99997,0.00002,0.00001,0.00000
118.50125,0.39000,0.99986,0.00002,0.00012,0.00000
118.75125,0.39000,0.99993,0.00004,0.00003,0.00000
119.00125,0.39000,0.99999,0.00000,0.00000,0.00000
119.25125,0.39000,0.99998,0.00000,0.00001,0.00000
119.50125,0.39000,0.99993,0.00001,0.00006,0.00000
119.75125,0.39000,0.99986,0.00012,0.00001,0.00000
120.00125,0.39000,0.99948,0.00022,0.00031,0.00000
120.25125,0.39000,0.99995,0.00004,0.00001,0.00000
120.50125,0.39000,1.00000,0.00000,0.00000,0.00000
120.75125,0.39000,1.00000,0.00000,0.00000,0.00000
121.00125,0.39000,1.00000,0.00000,0.00000,0.00000
121.25125,0.39000,0.99706,0.00294,0.00000,0.00000
121.50125,0.39000,1.00000,0.00000,0.00000,0.00000
121.75125,0.39000,0.99980,0.00014,0.00006,0.00000
122.00125,0.39000,0.99959,0.00038,0.00003,0.00000
122.25125,0.39000,0.99998,0.00001,0.00002,0.00000
122.50125,0.39000,0.99984,0.00009,0.00007,0.00000
122.75125,0.39000,0.99651,0.00223,0.00126,0.00000
123.00125,0.39000,0.99688,0.00143,0.00079,0.00090
123.25125,0.39000,0.99837,0.00043,0.00119,0.00001
123.50125,0.39000,0.99394,0.00440,0.00149,0.00018
123.75125,0.39000,0.98013,0.01111,0.00875,0.00002
124.00125,0.39000,0.53471,0.44072,0.02453,0.00004
124.25125,0.39000,0.98640,0.00995,0.00365,0.00000
124.50125,0.39000,0.99215,0.00027,0.00758,0.00000
124.75125,0.39000,0.99828,0.00150,0.00022,0.00000
125.00125,0.39000,0.94379,0.05485,0.00136,0.00000
125.25125,0.39000,0.98902,0.01040,0.00055,0.00003
125.50125,0.39000,0.99994,0.00006,0.00000,0.00000
125.75125,0.39000,0.99974,0.00022,0.00004,0.00000
126.00125,0.39000,0.99998,0.00001,0.00001,0.00000
126.25125,0.39000,0.99998,0.00001,0.00000,0.00000
126.50125,0.39000,1.00000,0.00000,0.00000,0.00000
126.75125,0.39000,0.99995,0.00003,0.00002,0.00000
127.00125,0.39000,0.99450,0.00542,0.00008,0.00000
127.25125,0.39000,1.00000,0.00000,0.00000,0.00000
127.50125,0.39000,0.99941,0.00000,0.00059,0.00000
127.75125,0.39000,0.99997,0.00001,0.00001,0.00000
128.00125,0.39000,0.99999,0.00000,0.00001,0.00000
128.25125,0.39000,1.00000,0.00000,0.00000,0.00000
128.50125,0.39000,0.99997,0.00002,0.00002,0.00000
128.75125,0.39000,0.99995,0.00005,0.00001,0.00000
129.00125,0.39000,0.99988,0.00012,0.00000,0.00000
129.25125,0.39000,0.99999,0.00001,0.00000,0.00000
129.50125,0.39000,1.00000,0.00000,0.00000,0.00000
129.75125,0.39000,0.99821,0.00161,0.00018,0.00000
130.00125,0.39000,1.00000,0.00000,0.00000,0.00000
130.25125,0.39000,0.99993,0.00000,0.00007,0.00000
130.50125,0.39000,0.99972,0.00019,0.00008,0.00000
130.75125,0.39000,0.99995,0.00003,0.00001,0.00000
131.00125,0.39000,0.99980,0.00019,0.00002,0.00000
131.25125,0.39000,0.99900,0.00020,0.00080,0.00000
131.50125,0.39000,0.99992,0.00001,0.00006,0.00000
131.75125,0.39000,0.99991,0.00007,0.00002,0.00000
132.00125,0.39000,0.99989,0.00010,0.00001,0.00000
132.25125,0.39000,0.99997,0.00001,0.00002,0.00000
132.50125,0.39000,0.99999,0.00000,0.00001,0.00000
132.75125,0.39000,0.99993,0.00006,0.00001,0.00000
133.00125,0.39000,0.99985,0.00011,0.00003,0.00000
133.25125,0.39000,0.99963,0.00025,0.00012,0.00000
133.50125,0.39000,0.99990,0.00005,0.00005,0.00000
133.75125,0.39000,0.99995,0.00004,0.00001,0.00000
134.00125,0.39000,0.99997,0.00002,0.00001,0.00000
134.25125,0.39000,0.99971,0.00022,0.00007,0.00000
134.50125,0.39000,0.99979,0.00018,0.00003,0.00000
134.75125,0.39000,0.99984,0.00015,0.00001,0.00000
135.00125,0.39000,0.99966,0.00032,0.00003,0.00000
135.25125,0.39000,0.99992,0.00007,0.00001,0.00000
135.50125,0.39000,0.99985,0.00012,0.00002,0.00000
135.75125,0.39000,0.99985,0.00013,0.00002,0.00000
136.00125,0.39000,0.99984,0.00013,0.00003,0.00000
136.25125,0.39000,0.99986,0.00011,0.00002,0.00000
136.50125,0.39000,0.99977,0.00021,0.00002,0.00000
136.75125,0.39000,0.99988,0.00009,0.00003,0.00000
137.00125,0.39000,0.99985,0.00010,0.00004,0.00000
137.25125,0.39000,0.99983,0.00008,0.00008,0.00000
137.50125,0.39000,0.99991,0.00007,0.00003,0.00000
137.75125,0.39000,0.99984,0.00015,0.00001,0.00000
138.00125,0.39000,0.99997,0.00002,0.00001,0.00000
138.25125,0.39000,0.99999,0.00000,0.00001,0.00000
138.50125,0.39000,0.99998,0.00000,0.00002,0.00000
138.75125,0.39000,0.99999,0.00000,0.00001,0.00000
139.00125,0.39000,0.99999,0.00000,0.00000,0.00000
139.25125,0.39000,0.99993,0.00004,0.00003,0.00000
139.50125,0.39000,0.99952,0.00018,0.00030,0.00000
139.75125,0.39000,0.99984,0.00013,0.00003,0.00000
140.00125,0.39000,1.00000,0.00000,0.00000,0.00000
140.25125,0.39000,0.99995,0.00000,0.00000,0.00005
140.50125,0.39000,0.99971,0.00029,0.00000,0.00000
140.75125,0.39000,1.00000,0.00000,0.00000,0.00000
141.00125,0.39000,0.99991,0.00002,0.00006,0.00000
141.25125,0.39000,0.99924,0.00064,0.00012,0.00001
141.50125,0.39000,0.99988,0.00007,0.00005,0.00000
141.75125,0.39000,1.00000,0.00000,0.00000,0.00000
142.00125,0.39000,1.00000,0.00000,0.00000,0.00000
142.25125,0.39000,0.99996,0.00002,0.00002,0.00000
142.50125,0.39000,0.99993,0.00001,0.00006,0.00000
142.75125,0.39000,0.99999,0.00000,0.00000,0.00000
143.00125,0.39000,0.99995,0.00001,0.00004,0.00000
143.25125,0.39000,0.99977,0.00015,0.00008,0.00000
143.50125,0.39000,0.99922,0.00003,0.00075,0.00000
143.75125,0.39000,0.99504,0.00495,0.00001,0.00000
144.00125,0.39000,0.99997,0.00000,0.00003,0.00000
144.25125,0.39000,0.99999,0.00000,0.00001,0.00000
144.50125,0.39000,0.30052,0.69936,0.00012,0.00000
144.75125,0.39000,0.99824,0.00166,0.00010,0.00000
145.00125,0.39000,0.99977,0.00019,0.00004,0.00000
145.25125,0.39000,0.44068,0.55922,0.00010,0.00000
145.50125,0.39000,0.99914,0.00008,0.00078,0.00000
145.75125,0.39000,0.99999,0.00000,0.00001,0.00000
146.00125,0.39000,0.95694,0.04295,0.00011,0.00000
146.25125,0.39000,0.99977,0.00004,0.00018,0.00000
146.50125,0.39000,0.99999,0.00000,0.00001,0.00000
146.75125,0.39000,0.99071,0.00928,0.00000,0.00000
147.00125,0.39000,1.00000,0.00000,0.00000,0.00000
147.25125,0.39000,1.00000,0.00000,0.00000,0.00000
147.50125,0.39000,0.99557,0.00435,0.00008,0.00000
147.75125,0.39000,0.99924,0.00038,0.00038,0.00000
148.00125,0.39000,0.99883,0.00089,0.00028,0.00000
148.25125,0.39000,0.99989,0.00011,0.00000,0.00000
148.50125,0.39000,1.00000,0.00000,0.00000,0.00000
148.75125,0.39000,0.99999,0.00001,0.00000,0.00000
149.00125,0.39000,1.00000,0.00000,0.00000,0.00000
149.25125,0.39000,0.99996,0.00000,0.00004,0.00000
149.50125,0.39000,0.99990,0.00009,0.00001,0.00000
149.75125,0.39000,0.99953,0.00046,0.00001,0.00000
150.00125,0.39000,0.99660,0.00302,0.00038,0.00000
150.25125,0.39000,0.99997,0.00003,0.00000,0.00000
150.50125,0.39000,0.99999,0.00000,0.00001,0.00000
150.75125,0.39000,0.99992,0.00008,0.00000,0.00000
151.00125,0.39000,1.00000,0.00000,0.00000,0.00000
151.25125,0.39000,0.99638,0.00334,0.00028,0.00000
151.50125,0.39000,0.99669,0.00327,0.00004,0.00000
151.75125,0.39000,1.00000,0.00000,0.00000,0.00000
152.00125,0.39000,0.99995,0.00001,0.00004,0.00000
152.25125,0.39000,0.99914,0.00077,0.00008,0.00000
152.50125,0.39000,0.99983,0.00013,0.00005,0.00000
152.75125,0.39000,0.99933,0.00065,0.00002,0.00000
153.00125,0.39000,0.99991,0.00005,0.00003,0.00000
153.25125,0.39000,0.99999,0.00000,0.00000,0.00000
153.50125,0.39000,0.99998,0.00002,0.00000,0.00000
153.75125,0.39000,0.99996,0.00004,0.00000,0.00000
154.00125,0.39000,1.00000,0.00000,0.00000,0.00000
154.25125,0.39000,0.99933,0.00065,0.00001,0.00000
154.50125,0.39000,0.99996,0.00003,0.00001,0.00000
154.75125,0.39000,1.00000,0.00000,0.00000,0.00000
155.00125,0.39000,1.00000,0.00000,0.00000,0.00000
155.25125,0.39000,0.99154,0.00002,0.00563,0.00282
155.50125,0.39000,0.99785,0.00044,0.00171,0.00000
155.75125,0.39000,0.99722,0.00082,0.00192,0.00003
156.00125,0.39000,0.94341,0.04636,0.00709,0.00315
156.25125,0.39000,0.99983,0.00016,0.00001,0.00000
156.50125,0.39000,1.00000,0.00000,0.00000,0.00000
156.75125,0.39000,1.00000,0.00000,0.00000,0.00000
157.00125,0.39000,1.00000,0.00000,0.00000,0.00000
157.25125,0.39000,1.00000,0.00000,0.00000,0.00000
157.50125,0.39000,1.00000,0.00000,0.00000,0.00000
157.75125,0.39000,0.95274,0.04705,0.00021,0.00000
158.00125,0.39000,0.99776,0.00221,0.00003,0.00000
158.25125,0.39000,0.99860,0.00139,0.00001,0.00000
158.50125,0.39000,0.53259,0.46741,0.00000,0.00000
158.75125,0.39000,0.99159,0.00841,0.00000,0.00000
159.00125,0.39000,0.99521,0.00427,0.00037,0.00016
159.25125,0.39000,0.99942,0.00057,0.00000,0.00002
159.50125,0.39000,0.99602,0.00228,0.00163,0.00008
159.75125,0.39000,0.96731,0.03241,0.00013,0.00015
160.00125,0.39000,0.96307,0.03674,0.00019,0.00000
160.25125,0.39000,0.79344,0.00179,0.20477,0.00000
160.50125,0.39000,0.18109,0.00410,0.81467,0.00013
160.75125,0.39000,0.97103,0.01730,0.01166,0.00000
161.00125,0.39000,0.99984,0.00015,0.00001,0.00000
161.25125,0.39000,0.99997,0.00002,0.00001,0.00000
161.50125,0.39000,0.99998,0.00000,0.00002,0.00000
161.75125,0.39000,0.99999,0.00000,0.00001,0.00000
162.00125,0.39000,0.99999,0.00000,0.00001,0.00000
162.25125,0.39000,0.99987,0.00012,0.00002,0.00000
162.50125,0.39000,0.99984,0.00010,0.00007,0.00000
162.75125,0.39000,0.99961,0.00028,0.00011,0.00000
163.00125,0.39000,0.99999,0.00001,0.00001,0.00000
163.25125,0.39000,0.99996,0.00003,0.00001,0.00000
163.50125,0.39000,0.99981,0.00013,0.00005,0.00000
163.75125,0.39000,0.99893,0.00041,0.00067,0.00000
164.00125,0.39000,0.99988,0.00006,0.00006,0.00000
164.25125,0.39000,1.00000,0.00000,0.00000,0.00000
164.50125,0.39000,0.99998,0.00000,0.00001,0.00000
164.75125,0.39000,0.99999,0.00000,0.00001,0.00000
165.00125,0.39000,0.99998,0.00000,0.00001,0.00000
165.25125,0.39000,0.99940,0.00045,0.00015,0.00000
165.50125,0.39000,0.99969,0.00026,0.00005,0.00000
165.75125,0.39000,0.99996,0.00003,0.00001,0.00000
166.00125,0.39000,0.99997,0.00002,0.00001,0.00000
166.25125,0.39000,0.99983,0.00006,0.00010,0.00000
166.50125,0.39000,0.99917,0.00083,0.00000,0.00000
166.75125,0.39000,0.99986,0.00002,0.00012,0.00000
167.00125,0.39000,0.99998,0.00001,0.00001,0.00000
167.25125,0.39000,0.99999,0.00001,0.00001,0.00000
167.50125,0.39000,0.99999,0.00000,0.00001,0.00000
167.75125,0.39000,0.99998,0.00000,0.00002,0.00000
168.00125,0.39000,0.99999,0.00000,0.00001,0.00000
168.25125,0.39000,0.99996,0.00002,0.00001,0.00000
168.50125,0.39000,0.99838,0.00158,0.00003,0.00000
168.75125,0.39000,0.99924,0.00070,0.00006,0.00000
169.00125,0.39000,0.99999,0.00000,0.00000,0.00000
169.25125,0.39000,0.99999,0.00000,0.00001,0.00000
169.50125,0.39000,0.99996,0.00000,0.00004,0.00000
169.75125,0.39000,0.99033,0.00967,0.00001,0.00000
170.00125,0.39000,0.99992,0.00007,0.00001,0.00000
170.25125,0.39000,0.99972,0.00028,0.00000,0.00000
170.50125,0.39000,0.99892,0.00102,0.00003,0.00004
170.75125,0.39000,0.99881,0.00044,0.00003,0.00072
171.00125,0.39000,0.99980,0.00010,0.00002,0.00007
171.25125,0.39000,0.99964,0.00002,0.00031,0.00003
171.50125,0.39000,0.99996,0.00003,0.00001,0.00000
171.75125,0.39000,0.99810,0.00106,0.00053,0.00031
172.00125,0.39000,0.97451,0.00192,0.00371,0.01986
172.25125,0.39000,0.99169,0.00057,0.00179,0.00594
172.50125,0.39000,0.99090,0.00039,0.00570,0.00302
172.75125,0.39000,0.99521,0.00003,0.00444,0.00033
173.00125,0.39000,0.99983,0.00000,0.00014,0.00002
173.25125,0.39000,0.99999,0.00000,0.00001,0.00000
173.50125,0.39000,0.99995,0.00004,0.00000,0.00000
173.75125,0.39000,0.99992,0.00005,0.00002,0.00002
174.00125,0.39000,0.88602,0.00046,0.08943,0.02408
174.25125,0.39000,0.99737,0.00057,0.00206,0.00000
174.50125,0.39000,0.99974,0.00011,0.00015,0.00000
174.75125,0.39000,0.99988,0.00011,0.00001,0.00000
175.00125,0.39000,0.99967,0.00027,0.00005,0.00000
175.25125,0.39000,0.99633,0.00345,0.00021,0.00000
175.50125,0.39000,0.99954,0.00003,0.00043,0.00000
175.75125,0.39000,0.99985,0.00014,0.00001,0.00000
176.00125,0.39000,0.99619,0.00371,0.00009,0.00000
176.25125,0.39000,0.99987,0.00007,0.00007,0.00000
176.50125,0.39000,0.99998,0.00002,0.00001,0.00000
176.75125,0.39000,1.00000,0.00000,0.00000,0.00000
177.00125,0.39000,1.00000,0.00000,0.00000,0.00000
177.25125,0.39000,0.99994,0.00005,0.00002,0.00000
177.50125,0.39000,1.00000,0.00000,0.00000,0.00000
177.75125,0.39000,1.00000,0.00000,0.00000,0.00000
178.00125,0.39000,0.99998,0.00002,0.00000,0.00000
178.25125,0.39000,1.00000,0.00000,0.00000,0.00000
178.50125,0.39000,0.99999,0.00001,0.00000,0.00000
178.75125,0.39000,0.99998,0.00001,0.00001,0.00000
179.00125,0.39000,0.99925,0.00067,0.00007,0.00000
179.25125,0.39000,0.99995,0.00004,0.00001,0.00000
179.50125,0.39000,0.99994,0.00005,0.00001,0.00000
179.75125,0.39000,0.99998,0.00001,0.00001,0.00000
180.00125,0.39000,0.99996,0.00001,0.00003,0.00000
180.25125,0.39000,0.99909,0.00071,0.00020,0.00000
180.50125,0.39000,0.99981,0.00017,0.00002,0.00000
180.75125,0.39000,0.99998,0.00001,0.00001,0.00000
181.00125,0.39000,0.99996,0.00003,0.00001,0.00000
181.25125,0.39000,0.99999,0.00000,0.00001,0.00000
181.50125,0.39000,0.99999,0.00000,0.00001,0.00000
181.75125,0.39000,0.99987,0.00006,0.00008,0.00000
182.00125,0.39000,0.99989,0.00005,0.00005,0.00000
182.25125,0.39000,0.99991,0.00007,0.00002,0.00000
182.50125,0.39000,0.99988,0.00008,0.00003,0.00000
182.75125,0.39000,0.99997,0.00001,0.00002,0.00000
183.00125,0.39000,0.99972,0.00018,0.00010,0.00000
183.25125,0.39000,0.99954,0.00036,0.00010,0.00000
183.50125,0.39000,0.99901,0.00092,0.00007,0.00000
183.75125,0.39000,0.99977,0.00013,0.00010,0.00000
184.00125,0.39000,0.99995,0.00004,0.00001,0.00000
184.25125,0.39000,0.99934,0.00063,0.00003,0.00000
184.50125,0.39000,0.99907,0.00074,0.00019,0.00000
184.75125,0.39000,0.99982,0.00003,0.00015,0.00000
185.00125,0.39000,0.99920,0.00074,0.00007,0.00000
185.25125,0.39000,0.99908,0.00089,0.00002,0.00000
185.50125,0.39000,0.99917,0.00070,0.00013,0.00000
185.75125,0.39000,0.99966,0.00026,0.00008,0.00000
186.00125,0.39000,0.99985,0.00013,0.00002,0.00000
186.25125,0.39000,0.99961,0.00036,0.00003,0.00000
186.50125,0.39000,0.99935,0.00060,0.00004,0.00000
186.75125,0.39000,0.99964,0.00033,0.00003,0.00000
187.00125,0.39000,0.99973,0.00024,0.00003,0.00000
187.25125,0.39000,0.99967,0.00030,0.00003,0.00000
187.50125,0.39000,0.99969,0.00028,0.00003,0.00000
187.75125,0.39000,0.99967,0.00030,0.00003,0.00000
188.00125,0.39000,0.99968,0.00029,0.00004,0.00000
188.25125,0.39000,0.99975,0.00023,0.00002,0.00000
188.50125,0.39000,0.99973,0.00024,0.00003,0.00000
188.75125,0.39000,0.99970,0.00026,0.00003,0.00000
189.00125,0.39000,0.99972,0.00025,0.00003,0.00000
189.25125,0.39000,0.99969,0.00027,0.00005,0.00000
189.50125,0.39000,0.99980,0.00017,0.00003,0.00000
189.75125,0.39000,0.99977,0.00019,0.00003,0.00000
190.00125,0.39000,0.99999,0.00000,0.00001,0.00000
190.25125,0.39000,0.99963,0.00036,0.00001,0.00000
190.50125,0.39000,0.99986,0.00003,0.00011,0.00000
190.75125,0.39000,0.99992,0.00002,0.00006,0.00000
191.00125,0.39000,0.99997,0.00002,0.00000,0.00000
191.25125,0.39000,0.99968,0.00031,0.00001,0.00000
191.50125,0.39000,0.99998,0.00001,0.00001,0.00000
191.75125,0.39000,0.99992,0.00001,0.00007,0.00000
192.00125,0.39000,0.99999,0.00000,0.00001,0.00000
192.25125,0.39000,1.00000,0.00000,0.00000,0.00000
192.50125,0.39000,0.99878,0.00120,0.00002,0.00000
192.75125,0.39000,0.99999,0.00000,0.00000,0.00000
193.00125,0.39000,0.99979,0.00004,0.00017,0.00000
193.25125,0.39000,0.99936,0.00057,0.00007,0.00000
193.50125,0.39000,0.99997,0.00002,0.00001,0.00000
193.75125,0.39000,0.99997,0.00002,0.00001,0.00000
194.00125,0.39000,0.99986,0.00011,0.00003,0.00000
194.25125,0.39000,0.99997,0.00000,0.00002,0.00000
194.50125,0.39000,0.99978,0.00009,0.00012,0.00000
194.75125,0.39000,0.99998,0.00001,0.00001,0.00000
195.00125,0.39000,0.99999,0.00001,0.00001,0.00000
195.25125,0.39000,0.99971,0.00028,0.00001,0.00000
195.50125,0.39000,1.00000,0.00000,0.00000,0.00000
195.75125,0.39000,1.00000,0.00000,0.00000,0.00000
196.00125,0.39000,1.00000,0.00000,0.00000,0.00000
196.25125,0.39000,0.99729,0.00252,0.00019,0.00000
196.50125,0.39000,0.99987,0.00001,0.00012,0.00000
196.75125,0.39000,1.00000,0.00000,0.00000,0.00000
197.00125,0.39000,0.99976,0.00020,0.00004,0.00000
197.25125,0.39000,0.96585,0.03404,0.00011,0.00000
197.50125,0.39000,0.99940,0.00046,0.00014,0.00000
197.75125,0.39000,0.99934,0.00060,0.00006,0.00000
198.00125,0.39000,0.99637,0.00071,0.00292,0.00000
198.25125,0.39000,0.99849,0.00053,0.00097,0.00001
198.50125,0.39000,0.99968,0.00009,0.00013,0.00010
198.75125,0.39000,0.99355,0.00003,0.00506,0.00136
199.00125,0.39000,0.99863,0.00007,0.00130,0.00000
199.25125,0.39000,0.99213,0.00207,0.00580,0.00000
199.50125,0.39000,0.89049,0.03512,0.07439,0.00000
199.75125,0.39000,0.99999,0.00000,0.00001,0.00000
200.00125,0.39000,1.00000,0.00000,0.00000,0.00000
200.25125,0.39000,0.99918,0.00077,0.00005,0.00000
200.50125,0.39000,0.99999,0.00000,0.00001,0.00000
200.75125,0.39000,0.99935,0.00041,0.00023,0.00000
201.00125,0.39000,1.00000,0.00000,0.00000,0.00000
201.25125,0.39000,1.00000,0.00000,0.00000,0.00000
201.50125,0.39000,0.99998,0.00002,0.00000,0.00000
201.75125,0.39000,0.99886,0.00113,0.00000,0.00000
202.00125,0.39000,0.99990,0.00006,0.00004,0.00000
202.25125,0.39000,0.99999,0.00000,0.00000,0.00000
202.50125,0.39000,1.00000,0.00000,0.00000,0.00000
202.75125,0.39000,0.99999,0.00000,0.00000,0.00000
203.00125,0.39000,0.99991,0.00007,0.00003,0.00000
203.25125,0.39000,0.99974,0.00009,0.00017,0.00000
203.50125,0.39000,0.99996,0.00003,0.00001,0.00000
203.75125,0.39000,0.99999,0.00000,0.00000,0.00000
204.00125,0.39000,0.99997,0.00003,0.00000,0.00000
204.25125,0.39000,0.99989,0.00009,0.00002,0.00000
204.50125,0.39000,0.99999,0.00000,0.00001,0.00000
204.75125,0.39000,0.99931,0.00015,0.00054,0.00000
205.00125,0.39000,0.99961,0.00029,0.00010,0.00000
205.25125,0.39000,0.99988,0.00012,0.00001,0.00000
205.50125,0.39000,0.99996,0.00003,0.00001,0.00000
205.75125,0.39000,0.99996,0.00002,0.00003,0.00000
206.00125,0.39000,0.99967,0.00022,0.00011,0.00000
206.25125,0.39000,0.99993,0.00002,0.00005,0.00000
206.50125,0.39000,0.99961,0.00031,0.00008,0.00000
206.75125,0.39000,0.99991,0.00002,0.00007,0.00000
207.00125,0.39000,1.00000,0.00000,0.00000,0.00000
207.25125,0.39000,0.99999,0.00000,0.00001,0.00000
207.50125,0.39000,0.99973,0.00001,0.00026,0.00000
207.75125,0.39000,0.99993,0.00003,0.00004,0.00000
208.00125,0.39000,1.00000,0.00000,0.00000,0.00000
208.25125,0.39000,0.99998,0.00000,0.00002,0.00000
208.50125,0.39000,0.99982,0.00013,0.00005,0.00000
208.75125,0.39000,0.99999,0.00001,0.00000,0.00001
209.00125,0.39000,1.00000,0.00000,0.00000,0.00000
209.25125,0.39000,1.00000,0.00000,0.00000,0.00000
209.50125,0.39000,1.00000,0.00000,0.00000,0.00000
209.75125,0.39000,0.99999,0.00000,0.00001,0.00000
210.00125,0.39000,1.00000,0.00000,0.00000,0.00000
210.25125,0.39000,1.00000,0.00000,0.00000,0.00000
210.50125,0.39000,1.00000,0.00000,0.00000,0.00000
210.75125,0.39000,1.00000,0.00000,0.00000,0.00000
211.00125,0.39000,0.99996,0.00002,0.00001,0.00000
211.25125,0.39000,1.00000,0.00000,0.00000,0.00000
211.50125,0.39000,0.98432,0.00007,0.01547,0.00014
211.75125,0.39000,0.97514,0.00014,0.02472,0.00000
212.00125,0.39000,0.76136,0.00123,0.23741,0.00000
212.25125,0.39000,0.96856,0.00041,0.03101,0.00002
212.50125,0.39000,0.88637,0.10656,0.00706,0.00000
212.75125,0.39000,0.99911,0.00071,0.00017,0.00000
213.00125,0.39000,0.98984,0.00990,0.00026,0.00000
213.25125,0.39000,0.88832,0.00105,0.11058,0.00005
213.50125,0.39000,0.97398,0.02302,0.00290,0.00010
213.75125,0.39000,0.98528,0.01468,0.00003,0.00000
214.00125,0.39000,0.66686,0.01941,0.31362,0.00011
214.25125,0.39000,0.66070,0.31771,0.01911,0.00248
214.50125,0.39000,0.99561,0.00018,0.00121,0.00301
214.75125,0.39000,0.99771,0.00000,0.00229,0.00000
215.00125,0.39000,0.98665,0.01059,0.00275,0.00000
215.25125,0.39000,0.90131,0.00034,0.08985,0.00851
215.50125,0.39000,0.97912,0.00008,0.00784,0.01296
215.75125,0.39000,0.98850,0.01011,0.00139,0.00000
216.00125,0.39000,0.24666,0.75199,0.00135,0.00000
216.25125,0.39000,0.97687,0.02313,0.00000,0.00000
216.50125,0.39000,0.99998,0.00002,0.00000,0.00000
216.75125,0.39000,1.00000,0.00000,0.00000,0.00000
217.00125,0.39000,0.99958,0.00000,0.00042,0.00000
217.25125,0.39000,0.99862,0.00052,0.00085,0.00000
217.50125,0.39000,0.99694,0.00011,0.00295,0.00000
217.75125,0.39000,0.99087,0.00042,0.00842,0.00029
218.00125,0.39000,0.98991,0.00971,0.00036,0.00002
218.25125,0.39000,0.99891,0.00095,0.00013,0.00000
218.50125,0.39000,0.96392,0.03120,0.00487,0.00000
218.75125,0.39000,0.67831,0.01153,0.31016,0.00000
219.00125,0.39000,0.99634,0.00163,0.00203,0.00000
219.25125,0.39000,0.98784,0.01189,0.00026,0.00000
219.50125,0.39000,0.97824,0.00109,0.02067,0.00000
219.75125,0.39000,0.87289,0.00005,0.11404,0.01302
220.00125,0.39000,0.53883,0.00037,0.21435,0.24645
220.25125,0.39000,0.22533,0.00099,0.77159,0.00208
220.50125,0.39000,0.98897,0.00617,0.00486,0.00000
220.75125,0.39000,0.97125,0.01392,0.01483,0.00000
221.00125,0.39000,0.81649,0.00058,0.18277,0.00016
221.25125,0.39000,0.99959,0.00000,0.00039,0.00001
221.50125,0.39000,0.99912,0.00000,0.00088,0.00000
221.75125,0.39000,0.99938,0.00001,0.00061,0.00000
222.00125,0.39000,0.90359,0.07448,0.02193,0.00000
222.25125,0.39000,0.98564,0.00325,0.01110,0.00001
222.50125,0.39000,0.99866,0.00125,0.00008,0.00000
222.75125,0.39000,0.87094,0.12872,0.00034,0.00000
223.00125,0.39000,0.96545,0.03024,0.00430,0.00000
223.25125,0.39000,0.99768,0.00210,0.00022,0.00000
223.50125,0.39000,0.94912,0.00319,0.04770,0.00000
223.75125,0.39000,0.44610,0.00038,0.44973,0.10378
224.00125,0.39000,0.99350,0.00005,0.00592,0.00053
224.25125,0.39000,0.99979,0.00000,0.00020,0.00000
224.50125,0.39000,0.99970,0.00029,0.00001,0.00000
224.75125,0.39000,0.98697,0.01292,0.00011,0.00000
225.00125,0.39000,0.99989,0.00000,0.00011,0.00000
225.25125,0.39000,0.99992,0.00000,0.00008,0.00000
225.50125,0.39000,0.99983,0.00007,0.00010,0.00000
225.75125,0.39000,0.99823,0.00001,0.00176,0.00000
226.00125,0.39000,0.99935,0.00000,0.00065,0.00000
226.25125,0.39000,0.99988,0.00004,0.00009,0.00000
226.50125,0.39000,0.99837,0.00160,0.00003,0.00000
226.75125,0.39000,0.99708,0.00127,0.00164,0.00000
227.00125,0.39000,0.99939,0.00004,0.00048,0.00009
227.25125,0.39000,0.99999,0.00000,0.00000,0.00000
227.50125,0.39000,0.99999,0.00000,0.00000,0.00000
227.75125,0.39000,0.99971,0.00016,0.00013,0.00000
228.00125,0.39000,0.99884,0.00026,0.00088,0.00002
228.25125,0.39000,0.99946,0.00003,0.00043,0.00007
228.50125,0.39000,0.99996,0.00000,0.00000,0.00004
228.75125,0.39000,0.99960,0.00039,0.00000,0.00001
229.00125,0.39000,0.99654,0.00081,0.00012,0.00254
229.25125,0.39000,0.63923,0.35918,0.00158,0.00000
229.50125,0.39000,0.99537,0.00463,0.00000,0.00000
229.75125,0.39000,0.86868,0.13096,0.00034,0.00001
230.00125,0.39000,0.98537,0.01459,0.00003,0.00001
230.25125,0.39000,0.99230,0.00769,0.00001,0.00000
230.50125,0.39000,0.97682,0.02315,0.00003,0.00000
230.75125,0.39000,0.99721,0.00279,0.00000,0.00000
231.00125,0.39000,0.99827,0.00173,0.00000,0.00000
231.25125,0.39000,0.99881,0.00118,0.00000,0.00000
231.50125,0.39000,0.99920,0.00080,0.00000,0.00000
231.75125,0.39000,0.99887,0.00113,0.00000,0.00000
232.00125,0.39000,0.99884,0.00116,0.00000,0.00000
232.25125,0.39000,0.99925,0.00075,0.00000,0.00000
232.50125,0.39000,0.99924,0.00076,0.00000,0.00000
232.75125,0.39000,0.99919,0.00081,0.00000,0.00000
233.00125,0.39000,0.99912,0.00088,0.00000,0.00000
233.25125,0.39000,0.99938,0.00062,0.00000,0.00000
233.50125,0.39000,0.99919,0.00081,0.00000,0.00000
233.75125,0.39000,0.99845,0.00155,0.00000,0.00000
234.00125,0.39000,0.96945,0.03049,0.00006,0.00000
234.25125,0.39000,0.99838,0.00154,0.00007,0.00000
234.50125,0.39000,0.99989,0.00008,0.00003,0.00000
234.75125,0.39000,0.99993,0.00005,0.00002,0.00000
235.00125,0.39000,0.99943,0.00056,0.00001,0.00000
235.25125,0.39000,0.99982,0.00014,0.00005,0.00000
235.50125,0.39000,0.99994,0.00001,0.00005,0.00000
235.75125,0.39000,1.00000,0.00000,0.00000,0.00000
236.00125,0.39000,1.00000,0.00000,0.00000,0.00000
236.25125,0.39000,0.99998,0.00001,0.00001,0.00000
236.50125,0.39000,0.93909,0.00053,0.00009,0.06029
236.75125,0.39000,0.95294,0.00856,0.00047,0.03803
237.00125,0.39000,0.92167,0.07600,0.00232,0.00000
237.25125,0.39000,0.98885,0.01094,0.00020,0.00000
237.50125,0.39000,0.95121,0.03542,0.01302,0.00035
237.75125,0.39000,0.61705,0.34656,0.03637,0.00002
238.00125,0.39000,0.88802,0.01026,0.10127,0.00044
238.25125,0.39000,0.94727,0.00826,0.04435,0.00012
238.50125,0.39000,0.99922,0.00005,0.00072,0.00001
238.75125,0.39000,0.99987,0.00002,0.00011,0.00000
239.00125,0.39000,0.97095,0.02686,0.00218,0.00001
239.25125,0.39000,0.47528,0.50942,0.01511,0.00019
239.50125,0.39000,0.76371,0.22378,0.01251,0.00001
239.75125,0.39000,0.96775,0.03137,0.00081,0.00007
240.00125,0.39000,0.83023,0.16712,0.00254,0.00011
240.25125,0.39000,0.87408,0.12574,0.00018,0.00000
240.50125,0.39000,0.96226,0.03773,0.00001,0.00000
240.75125,0.39000,0.99604,0.00395,0.00002,0.00000
241.00125,0.39000,0.95385,0.04174,0.00429,0.00012
241.25125,0.39000,0.99450,0.00212,0.00339,0.00000
241.50125,0.39000,0.99999,0.00001,0.00000,0.00000
241.75125,0.39000,0.99968,0.00026,0.00006,0.00000
242.00125,0.39000,0.99935,0.00004,0.00060,0.00000
242.25125,0.39000,0.99977,0.00019,0.00004,0.00000
242.50125,0.39000,0.99959,0.00025,0.00016,0.00000
242.75125,0.39000,0.99969,0.00000,0.00031,0.00000
243.00125,0.39000,0.99991,0.00004,0.00006,0.00000
243.25125,0.39000,0.99994,0.00005,0.00001,0.00000
243.50125,0.39000,0.99958,0.00033,0.00009,0.00000
243.75125,0.39000,0.99944,0.00046,0.00009,0.00000
244.00125,0.39000,0.99912,0.00068,0.00020,0.00000
244.25125,0.39000,1.00000,0.00000,0.00000,0.00000
244.50125,0.39000,1.00000,0.00000,0.00000,0.00000
244.75125,0.39000,0.99998,0.00001,0.00001,0.00000
245.00125,0.39000,0.99997,0.00003,0.00000,0.00000
245.25125,0.39000,0.98630,0.01343,0.00027,0.00000
245.50125,0.39000,0.99859,0.00001,0.00140,0.00000
245.75125,0.39000,0.99932,0.00000,0.00064,0.00004
246.00125,0.39000,0.99945,0.00002,0.00053,0.00000
246.25125,0.39000,0.99998,0.00000,0.00002,0.00000
246.50125,0.39000,1.00000,0.00000,0.00000,0.00000
246.75125,0.39000,0.99991,0.00002,0.00007,0.00000
247.00125,0.39000,0.77465,0.04937,0.16099,0.01499
247.25125,0.39000,0.59598,0.39585,0.00495,0.00321
247.50125,0.39000,0.82479,0.16123,0.00113,0.01285
247.75125,0.39000,0.99995,0.00000,0.00005,0.00000
248.00125,0.39000,0.99803,0.00172,0.00025,0.00000
248.25125,0.39000,0.99840,0.00005,0.00155,0.00000
248.50125,0.39000,0.99949,0.00000,0.00050,0.00001
248.75125,0.39000,0.99753,0.00156,0.00091,0.00000
249.00125,0.39000,0.39245,0.60325,0.00430,0.00000
249.25125,0.39000,0.99667,0.00333,0.00000,0.00000
249.50125,0.39000,0.99997,0.00003,0.00000,0.00000
249.75125,0.39000,0.99950,0.00047,0.00000,0.00003
250.00125,0.39000,0.99771,0.00226,0.00002,0.00001
250.25125,0.39000,0.99974,0.00023,0.00004,0.00000
250.50125,0.39000,0.99813,0.00179,0.00008,0.00000
250.75125,0.39000,0.99553,0.00428,0.00019,0.00000
251.00125,0.39000,0.99898,0.00099,0.00004,0.00000
251.25125,0.39000,0.99973,0.00026,0.00001,0.00000
251.50125,0.39000,0.99994,0.00004,0.00002,0.00000
251.75125,0.39000,0.99914,0.00030,0.00055,0.00000
252.00125,0.39000,0.99983,0.00002,0.00015,0.00000
252.25125,0.39000,0.99972,0.00021,0.00007,0.00000
252.50125,0.39000,0.99984,0.00014,0.00002,0.00000
252.75125,0.39000,0.99964,0.00034,0.00002,0.00000
253.00125,0.39000,0.99770,0.00188,0.00042,0.00000
253.25125,0.39000,0.99995,0.00000,0.00004,0.00000
253.50125,0.39000,0.99997,0.00002,0.00001,0.00000
253.75125,0.39000,0.98650,0.01344,0.00006,0.00000
254.00125,0.39000,0.99843,0.00151,0.00005,0.00000
254.25125,0.39000,0.99993,0.00006,0.00001,0.00000
254.50125,0.39000,0.99928,0.00070,0.00002,0.00000
254.75125,0.39000,0.99935,0.00059,0.00006,0.00000
255.00125,0.39000,0.99994,0.00003,0.00003,0.00000
255.25125,0.39000,0.99845,0.00152,0.00002,0.00000
255.50125,0.39000,0.99918,0.00062,0.00020,0.00000
255.75125,0.38998,0.99993,0.00005,0.00002,0.00000
256.00125,0.38998,0.99858,0.00139,0.00002,0.00000
256.25125,0.38998,0.99963,0.00014,0.00023,0.00000
256.50125,0.38998,0.99979,0.00011,0.00010,0.00000
256.75125,0.38998,0.99996,0.00003,0.00002,0.00000
257.00125,0.38998,1.00000,0.00000,0.00000,0.00000
257.25125,0.38998,0.99998,0.00001,0.00001,0.00000
257.50125,0.38998,0.99999,0.00000,0.00001,0.00000
257.75125,0.38998,0.99998,0.00000,0.00002,0.00000
258.00125,0.38998,0.99995,0.00001,0.00004,0.00000
258.25125,0.38998,0.99982,0.00013,0.00005,0.00000
258.50125,0.38998,0.99998,0.00001,0.00001,0.00000
258.75125,0.38998,0.99998,0.00000,0.00001,0.00000
259.00125,0.38998,0.99985,0.00009,0.00005,0.00000
259.25125,0.38998,0.99974,0.00011,0.00015,0.00000
259.50125,0.38998,0.99981,0.00015,0.00004,0.00000
259.75125,0.38998,0.99993,0.00005,0.00002,0.00000
260.00125,0.38998,0.99999,0.00000,0.00001,0.00000
260.25125,0.38998,0.99997,0.00002,0.00001,0.00000
260.50125,0.38998,0.99999,0.00000,0.00001,0.00000
260.75125,0.38998,0.99998,0.00000,0.00002,0.00000
261.00125,0.38998,0.99980,0.00012,0.00008,0.00000
261.25125,0.38998,0.99959,0.00032,0.00009,0.00000
261.50125,0.38998,0.99999,0.00000,0.00001,0.00000
261.75125,0.38998,0.99999,0.00001,0.00001,0.00000
262.00125,0.38998,0.99999,0.00001,0.00000,0.00000
262.25125,0.38998,0.99997,0.00001,0.00002,0.00000
262.50125,0.38998,0.99940,0.00041,0.00019,0.00000
262.75125,0.38998,0.99935,0.00056,0.00008,0.00000
263.00125,0.38998,0.99994,0.00003,0.00003,0.00000
263.25125,0.38998,0.99999,0.00000,0.00001,0.00000
263.50125,0.38998,0.99999,0.00000,0.00001,0.00000
263.75125,0.38998,0.99975,0.00014,0.00011,0.00000
264.00125,0.38998,0.99936,0.00062,0.00002,0.00000
264.25125,0.38998,0.99947,0.00049,0.00004,0.00000
264.50125,0.38998,0.99999,0.00000,0.00000,0.00000
264.75125,0.38998,0.99999,0.00001,0.00000,0.00000
265.00125,0.38998,0.99997,0.00001,0.00001,0.00000
265.25125,0.38998,0.99996,0.00000,0.00004,0.00000
265.50125,0.38998,0.99931,0.00038,0.00030,0.00000
265.75125,0.38998,0.99972,0.00021,0.00007,0.00000
266.00125,0.38998,0.99994,0.00004,0.00002,0.00000
266.25125,0.38998,0.99963,0.00035,0.00002,0.00000
266.50125,0.38998,0.99547,0.00438,0.00015,0.00000
266.75125,0.38998,0.99988,0.00000,0.00012,0.00000
267.00125,0.38998,0.99993,0.00005,0.00001,0.00000
267.25125,0.38998,0.99996,0.00002,0.00002,0.00000
267.50125,0.38998,1.00000,0.00000,0.00000,0.00000
267.75125,0.38998,0.99998,0.00001,0.00000,0.00000
268.00125,0.38998,1.00000,0.00000,0.00000,0.00000
268.25125,0.38998,0.99910,0.00089,0.00001,0.00000
268.50125,0.38998,1.00000,0.00000,0.00000,0.00000
268.75125,0.38998,0.99997,0.00001,0.00003,0.00000
269.00125,0.38998,0.99992,0.00007,0.00001,0.00000
269.25125,0.38998,0.99999,0.00000,0.00001,0.00000
269.50125,0.38998,0.99986,0.00000,0.00014,0.00000
269.75125,0.38998,0.99998,0.00000,0.00001,0.00002
270.00125,0.38998,0.99999,0.00001,0.00000,0.00000
270.25125,0.38998,0.30085,0.69906,0.00010,0.00000
270.50125,0.38998,0.99185,0.00810,0.00004,0.00001
270.75125,0.38998,0.82386,0.17606,0.00007,0.00000
271.00125,0.38998,0.97684,0.02313,0.00003,0.00000
271.25125,0.38998,0.98311,0.01445,0.00243,0.00000
271.50125,0.38998,0.91186,0.08788,0.00026,0.00000
271.75125,0.38998,0.93166,0.06830,0.00004,0.00000
272.00125,0.38998,0.99969,0.00005,0.00025,0.00001
272.25125,0.38998,0.99992,0.00002,0.00004,0.00002
272.50125,0.38998,0.99993,0.00007,0.00000,0.00000
272.75125,0.38998,0.99969,0.00028,0.00002,0.00000
273.00125,0.38998,0.99999,0.00000,0.00001,0.00000
273.25125,0.38998,0.99999,0.00000,0.00001,0.00000
273.50125,0.38998,0.99945,0.00021,0.00034,0.00000
273.75125,0.38998,0.99724,0.00258,0.00018,0.00000
274.00125,0.38998,0.99940,0.00043,0.00017,0.00000
274.25125,0.38998,0.99966,0.00030,0.00005,0.00000
274.50125,0.38998,0.99970,0.00029,0.00002,0.00000
274.75125,0.38998,0.99976,0.00023,0.00001,0.00000
275.00125,0.38998,1.00000,0.00000,0.00000,0.00000
275.25125,0.38998,0.99999,0.00000,0.00001,0.00000
275.50125,0.38998,0.99996,0.00003,0.00001,0.00000
275.75125,0.38998,0.99998,0.00001,0.00002,0.00000
276.00125,0.38998,0.99998,0.00002,0.00000,0.00000
276.25125,0.38998,1.00000,0.00000,0.00000,0.00000
276.50125,0.38998,0.99364,0.00062,0.00573,0.00000
276.75125,0.38998,1.00000,0.00000,0.00000,0.00000
277.00125,0.38998,1.00000,0.00000,0.00000,0.00000
277.25125,0.38998,1.00000,0.00000,0.00000,0.00000
277.50125,0.38998,0.99999,0.00001,0.00001,0.00000
277.75125,0.38998,0.99999,0.00001,0.00000,0.00000
278.00125,0.38998,1.00000,0.00000,0.00000,0.00000
278.25125,0.38998,0.99992,0.00005,0.00003,0.00000
278.50125,0.38998,0.99945,0.00008,0.00047,0.00000
278.75125,0.38998,0.99983,0.00015,0.00002,0.00000
279.00125,0.38998,0.99999,0.00001,0.00001,0.00000
279.25125,0.38998,0.99999,0.00000,0.00000,0.00000
279.50125,0.38998,0.99992,0.00007,0.00001,0.00000
279.75125,0.38998,0.99999,0.00000,0.00001,0.00000
280.00125,0.38998,0.99975,0.00017,0.00008,0.00000
280.25125,0.38998,0.99991,0.00008,0.00001,0.00000
280.50125,0.38998,0.99994,0.00005,0.00001,0.00000
280.75125,0.38998,0.99999,0.00001,0.00000,0.00000
281.00125,0.38998,0.99987,0.00011,0.00002,0.00000
281.25125,0.38998,0.99921,0.00059,0.00020,0.00000
281.50125,0.38998,0.99999,0.00000,0.00001,0.00000
281.75125,0.38998,0.99994,0.00004,0.00001,0.00000
282.00125,0.38998,0.99977,0.00022,0.00002,0.00000
282.25125,0.38998,0.99713,0.00282,0.00005,0.00000
282.50125,0.38998,0.99765,0.00190,0.00045,0.00000
282.75125,0.38998,0.99973,0.00011,0.00016,0.00000
283.00125,0.38998,0.99980,0.00017,0.00003,0.00000
283.25125,0.38998,0.99978,0.00015,0.00007,0.00000
283.50125,0.38998,0.99953,0.00020,0.00027,0.00000
283.75125,0.38998,0.99946,0.00046,0.00007,0.00000
284.00125,0.38998,0.99860,0.00134,0.00007,0.00000
284.25125,0.38998,0.99870,0.00073,0.00057,0.00000
284.50125,0.38998,0.99971,0.00001,0.00027,0.00000
