Time (seconds), Duration (seconds),pred_(unlabeled),pred_Jab_R,pred_Sidehook_R,pred_Uppercut_R
0.00125,0.99750,0.99999,0.00000,0.00000,0.00001
0.10125,0.99750,0.99998,0.00000,0.00000,0.00002
0.20125,0.99750,0.99997,0.00000,0.00000,0.00002
0.30125,0.99750,0.99998,0.00000,0.00000,0.00002
0.40125,0.99750,0.99998,0.00000,0.00000,0.00001
0.50125,0.99750,0.99995,0.00000,0.00002,0.00003
0.60125,0.99750,0.99976,0.00000,0.00018,0.00005
0.70125,0.99750,0.99653,0.00001,0.00341,0.00005
0.80125,0.99750,0.92544,0.00004,0.07446,0.00006
0.90125,0.99750,0.33477,0.00018,0.66501,0.00004
1.00125,0.99750,0.07304,0.00019,0.92676,0.00001
1.10125,0.99750,0.13045,0.00022,0.86932,0.00001
1.20125,0.99750,0.68124,0.00010,0.31862,0.00004
1.30125,0.99750,0.98080,0.00001,0.01907,0.00012
1.40125,0.99750,0.99890,0.00003,0.00099,0.00007
1.50125,0.99750,0.99973,0.00012,0.00009,0.00005
1.60125,0.99750,0.99993,0.00003,0.00001,0.00003
1.70125,0.99750,0.99997,0.00000,0.00000,0.00002
1.80125,0.99750,0.99998,0.00000,0.00000,0.00002
1.90125,0.99750,0.99996,0.00000,0.00000,0.00004
2.00125,0.99750,0.99997,0.00000,0.00000,0.00003
2.10125,0.99750,0.99997,0.00000,0.00000,0.00003
2.20125,0.99750,0.99998,0.00000,0.00000,0.00002
2.30125,0.99750,0.99992,0.00000,0.00003,0.00005
2.40125,0.99750,0.99966,0.00000,0.00027,0.00007
2.50125,0.99750,0.99353,0.00001,0.00637,0.00009
2.60125,0.99750,0.86230,0.00008,0.13753,0.00009
2.70125,0.99750,0.20710,0.00026,0.79261,0.00003
2.80125,0.99750,0.04793,0.00025,0.95182,0.00001
2.90125,0.99750,0.12488,0.00026,0.87484,0.00002
3.00125,0.99750,0.73843,0.00011,0.26139,0.00006
3.10125,0.99750,0.98916,0.00001,0.01076,0.00007
3.20125,0.99750,0.99915,0.00001,0.00077,0.00007
3.30125,0.99750,0.99981,0.00009,0.00006,0.00004
3.40125,0.99750,0.99993,0.00003,0.00001,0.00003
3.50125,0.99750,0.99998,0.00000,0.00000,0.00002
3.60125,0.99750,0.99998,0.00000,0.00000,0.00001
3.70125,0.99750,0.99999,0.00000,0.00000,0.00001
3.80125,0.99750,0.99999,0.00000,0.00000,0.00001
3.90125,0.99750,0.99998,0.00000,0.00000,0.00002
4.00125,0.99750,0.99997,0.00000,0.00000,0.00002
4.10125,0.99750,0.99996,0.00001,0.00000,0.00003
4.20125,0.99750,0.99996,0.00001,0.00001,0.00002
4.30125,0.99750,0.99985,0.00000,0.00010,0.00005
4.40125,0.99750,0.99841,0.00001,0.00151,0.00007
4.50125,0.99750,0.96344,0.00011,0.03631,0.00014
4.60125,0.99750,0.50177,0.00084,0.49725,0.00014
4.70125,0.99750,0.06186,0.00099,0.93711,0.00003
4.80125,0.99750,0.04762,0.00107,0.95128,0.00003
4.90125,0.99750,0.24071,0.00140,0.75776,0.00013
5.00125,0.99750,0.86550,0.00034,0.13382,0.00034
5.10125,0.99750,0.99285,0.00003,0.00676,0.00036
5.20125,0.99750,0.99914,0.00002,0.00042,0.00042
5.30125,0.99750,0.99975,0.00007,0.00002,0.00016
5.40125,0.99750,0.99989,0.00002,0.00000,0.00010
5.50125,0.99750,0.99995,0.00000,0.00000,0.00005
5.60125,0.99750,0.99993,0.00000,0.00000,0.00007
5.70125,0.99750,0.99995,0.00000,0.00000,0.00005
5.80125,0.99750,0.99998,0.00000,0.00000,0.00002
5.90125,0.99750,0.99997,0.00002,0.00000,0.00001
6.00125,0.99750,0.99996,0.00001,0.00002,0.00001
6.10125,0.99750,0.99977,0.00000,0.00020,0.00002
6.20125,0.99750,0.99540,0.00001,0.00455,0.00004
6.30125,0.99750,0.89164,0.00015,0.10817,0.00004
6.40125,0.99750,0.19704,0.00054,0.80241,0.00001
6.50125,0.99750,0.02557,0.00043,0.97400,0.00000
6.60125,0.99750,0.02944,0.00043,0.97013,0.00000
6.70125,0.99750,0.35175,0.00043,0.64780,0.00001
6.80125,0.99750,0.91052,0.00011,0.08932,0.00005
6.90125,0.99750,0.99535,0.00001,0.00451,0.00013
7.00125,0.99750,0.99978,0.00003,0.00016,0.00003
7.10125,0.99750,0.99990,0.00005,0.00002,0.00003
7.20125,0.99750,0.99997,0.00001,0.00000,0.00002
7.30125,0.99750,0.99999,0.00000,0.00000,0.00001
7.40125,0.99750,0.99998,0.00000,0.00000,0.00002
7.50125,0.99750,0.99997,0.00000,0.00000,0.00003
7.60125,0.99750,0.99998,0.00000,0.00000,0.00002
7.70125,0.99750,0.99996,0.00001,0.00000,0.00004
7.80125,0.99750,0.99990,0.00000,0.00001,0.00009
7.90125,0.99750,0.99973,0.00000,0.00008,0.00020
8.00125,0.99750,0.99881,0.00000,0.00083,0.00036
8.10125,0.99750,0.98159,0.00001,0.01799,0.00041
8.20125,0.99750,0.68820,0.00009,0.31135,0.00035
8.30125,0.99750,0.10899,0.00018,0.89076,0.00007
8.40125,0.99750,0.05258,0.00017,0.94723,0.00002
8.50125,0.99750,0.41189,0.00014,0.58786,0.00011
8.60125,0.99750,0.95039,0.00002,0.04939,0.00020
8.70125,0.99750,0.99609,0.00000,0.00376,0.00015
8.80125,0.99750,0.99982,0.00001,0.00016,0.00002
8.90125,0.99750,0.99995,0.00002,0.00001,0.00002
9.00125,0.99750,0.99998,0.00001,0.00000,0.00001
9.10125,0.99750,0.99999,0.00000,0.00000,0.00001
9.20125,0.99750,0.99999,0.00000,0.00000,0.00001
9.30125,0.99750,0.99998,0.00000,0.00000,0.00002
9.40125,0.99750,0.99998,0.00000,0.00000,0.00002
9.50125,0.99750,0.99996,0.00000,0.00000,0.00003
9.60125,0.99750,0.99994,0.00000,0.00001,0.00005
9.70125,0.99750,0.99967,0.00000,0.00013,0.00020
9.80125,0.99750,0.99765,0.00000,0.00216,0.00018
9.90125,0.99750,0.95731,0.00001,0.04249,0.00019
10.00125,0.99750,0.51509,0.00006,0.48470,0.00015
10.10125,0.99750,0.04766,0.00009,0.95224,0.00002
10.20125,0.99750,0.02187,0.00008,0.97804,0.00001
10.30125,0.99750,0.17171,0.00010,0.82816,0.00003
10.40125,0.99750,0.82105,0.00004,0.17878,0.00012
10.50125,0.99750,0.98816,0.00000,0.01170,0.00013
10.60125,0.99750,0.99944,0.00001,0.00052,0.00004
10.70125,0.99750,0.99993,0.00003,0.00002,0.00002
10.80125,0.99750,0.99998,0.00001,0.00000,0.00002
10.90125,0.99750,0.99999,0.00000,0.00000,0.00001
11.00125,0.99750,0.99998,0.00000,0.00000,0.00002
11.10125,0.99750,0.99997,0.00000,0.00000,0.00003
11.20125,0.99750,0.99998,0.00000,0.00000,0.00002
11.30125,0.99750,0.99997,0.00000,0.00000,0.00002
11.40125,0.99750,0.99997,0.00002,0.00000,0.00000
11.50125,0.99750,0.99984,0.00000,0.00013,0.00003
11.60125,0.99750,0.99863,0.00000,0.00133,0.00003
11.70125,0.99750,0.96859,0.00004,0.03134,0.00004
11.80125,0.99750,0.52861,0.00029,0.47108,0.00002
11.90125,0.99750,0.04716,0.00034,0.95250,0.00000
12.00125,0.99750,0.01536,0.00026,0.98437,0.00000
12.10125,0.99750,0.03117,0.00031,0.96851,0.00000
12.20125,0.99750,0.35225,0.00032,0.64741,0.00001
12.30125,0.99750,0.93537,0.00005,0.06454,0.00004
12.40125,0.99750,0.99683,0.00002,0.00305,0.00010
12.50125,0.99750,0.99973,0.00012,0.00012,0.00003
12.60125,0.99750,0.99991,0.00005,0.00001,0.00003
12.70125,0.99750,0.99998,0.00000,0.00000,0.00002
12.80125,0.99750,0.99996,0.00000,0.00000,0.00004
12.90125,0.99750,0.99995,0.00000,0.00000,0.00005
13.00125,0.99750,0.99996,0.00000,0.00000,0.00004
13.10125,0.99750,0.99996,0.00001,0.00000,0.00002
13.20125,0.99750,0.99996,0.00002,0.00001,0.00001
13.30125,0.99750,0.99973,0.00000,0.00021,0.00006
13.40125,0.99750,0.99835,0.00000,0.00155,0.00009
13.50125,0.99750,0.96714,0.00003,0.03267,0.00016
13.60125,0.99750,0.50742,0.00022,0.49224,0.00012
13.70125,0.99750,0.05777,0.00027,0.94194,0.00002
13.80125,0.99750,0.03412,0.00025,0.96562,0.00001
13.90125,0.99750,0.10810,0.00032,0.89155,0.00003
14.00125,0.99750,0.67148,0.00017,0.32823,0.00013
14.10125,0.99750,0.98210,0.00002,0.01770,0.00018
14.20125,0.99750,0.99852,0.00001,0.00125,0.00021
14.30125,0.99750,0.99980,0.00008,0.00006,0.00006
14.40125,0.99750,0.99990,0.00005,0.00001,0.00004
14.50125,0.99750,0.99997,0.00001,0.00000,0.00003
14.60125,0.99750,0.99998,0.00000,0.00000,0.00002
14.70125,0.99750,0.99998,0.00000,0.00000,0.00002
14.80125,0.99750,0.99997,0.00000,0.00000,0.00003
14.90125,0.99750,0.99997,0.00000,0.00000,0.00003
15.00125,0.99750,0.99997,0.00000,0.00000,0.00003
15.10125,0.99750,0.99998,0.00001,0.00000,0.00001
15.20125,0.99750,0.99991,0.00000,0.00007,0.00002
15.30125,0.99750,0.99921,0.00000,0.00078,0.00001
15.40125,0.99750,0.98229,0.00003,0.01767,0.00002
15.50125,0.99750,0.70118,0.00018,0.29864,0.00001
15.60125,0.99750,0.09935,0.00031,0.90034,0.00000
15.70125,0.99750,0.02645,0.00026,0.97330,0.00000
15.80125,0.99750,0.07756,0.00033,0.92211,0.00000
15.90125,0.99750,0.63768,0.00018,0.36213,0.00000
16.00125,0.99750,0.97736,0.00002,0.02262,0.00001
16.10125,0.99750,0.99882,0.00001,0.00117,0.00001
16.20125,0.99750,0.99991,0.00003,0.00006,0.00001
16.30125,0.99750,0.99997,0.00001,0.00000,0.00001
16.40125,0.99750,0.99999,0.00000,0.00000,0.00001
16.50125,0.99750,0.99999,0.00000,0.00000,0.00001
16.60125,0.99750,0.99997,0.00000,0.00000,0.00003
16.70125,0.99750,0.99998,0.00000,0.00000,0.00002
16.80125,0.99750,0.99998,0.00000,0.00000,0.00002
16.90125,0.99750,0.99997,0.00001,0.00000,0.00001
17.00125,0.99750,0.99989,0.00000,0.00004,0.00007
17.10125,0.99750,0.99955,0.00000,0.00037,0.00007
17.20125,0.99750,0.99295,0.00001,0.00693,0.00011
17.30125,0.99750,0.84767,0.00009,0.15217,0.00008
17.40125,0.99750,0.17739,0.00027,0.82233,0.00002
17.50125,0.99750,0.02718,0.00021,0.97261,0.00000
17.60125,0.99750,0.03532,0.00026,0.96442,0.00000
17.70125,0.99750,0.43009,0.00024,0.56964,0.00003
17.80125,0.99750,0.95582,0.00003,0.04408,0.00007
17.90125,0.99750,0.99683,0.00001,0.00306,0.00010
18.00125,0.99750,0.99983,0.00005,0.00010,0.00001
18.10125,0.99750,0.99993,0.00004,0.00001,0.00002
18.20125,0.99750,0.99998,0.00001,0.00000,0.00001
18.30125,0.99750,0.99999,0.00000,0.00000,0.00001
18.40125,0.99750,0.99997,0.00000,0.00000,0.00003
18.50125,0.99750,0.99996,0.00000,0.00000,0.00004
18.60125,0.99750,0.99997,0.00000,0.00000,0.00003
18.70125,0.99750,0.99996,0.00001,0.00000,0.00002
18.80125,0.99750,0.99996,0.00001,0.00002,0.00002
18.90125,0.99750,0.99968,0.00000,0.00029,0.00003
19.00125,0.99750,0.99495,0.00002,0.00500,0.00003
19.10125,0.99750,0.88754,0.00014,0.11229,0.00003
19.20125,0.99750,0.22684,0.00049,0.77265,0.00001
19.30125,0.99750,0.02721,0.00048,0.97231,0.00000
19.40125,0.99750,0.02868,0.00053,0.97079,0.00000
19.50125,0.99750,0.33313,0.00055,0.66632,0.00000
19.60125,0.99750,0.91212,0.00011,0.08776,0.00001
19.70125,0.99750,0.99696,0.00001,0.00301,0.00002
19.80125,0.99750,0.99983,0.00001,0.00015,0.00001
19.90125,0.99750,0.99996,0.00002,0.00001,0.00001
20.00125,0.99750,0.99999,0.00000,0.00000,0.00001
20.10125,0.99750,0.99999,0.00000,0.00000,0.00001
20.20125,0.99750,0.99998,0.00000,0.00000,0.00002
20.30125,0.99750,0.99997,0.00000,0.00000,0.00003
20.40125,0.99750,0.99998,0.00000,0.00000,0.00002
20.50125,0.99750,0.99998,0.00001,0.00000,0.00001
20.60125,0.99750,0.99994,0.00000,0.00003,0.00003
20.70125,0.99750,0.99959,0.00000,0.00033,0.00008
20.80125,0.99750,0.99415,0.00001,0.00571,0.00013
20.90125,0.99750,0.87746,0.00011,0.12234,0.00009
21.00125,0.99750,0.20581,0.00037,0.79379,0.00003
21.10125,0.99750,0.02551,0.00029,0.97420,0.00000
21.20125,0.99750,0.02725,0.00032,0.97243,0.00000
21.30125,0.99750,0.28636,0.00032,0.71330,0.00002
21.40125,0.99750,0.92005,0.00006,0.07984,0.00005
21.50125,0.99750,0.99545,0.00001,0.00442,0.00012
21.60125,0.99750,0.99983,0.00003,0.00013,0.00002
21.70125,0.99750,0.99994,0.00003,0.00001,0.00001
21.80125,0.99750,0.99999,0.00000,0.00000,0.00001
21.90125,0.99750,0.99997,0.00000,0.00000,0.00003
22.00125,0.99750,0.99993,0.00000,0.00000,0.00007
22.10125,0.99750,0.99994,0.00000,0.00000,0.00006
22.20125,0.99750,0.99994,0.00001,0.00000,0.00005
22.30125,0.99750,0.99990,0.00004,0.00002,0.00004
22.40125,0.99750,0.99936,0.00000,0.00041,0.00023
22.50125,0.99750,0.99629,0.00001,0.00345,0.00025
22.60125,0.99750,0.92897,0.00005,0.07065,0.00033
22.70125,0.99750,0.37707,0.00014,0.62269,0.00010
22.80125,0.99750,0.04430,0.00012,0.95557,0.00001
22.90125,0.99750,0.02263,0.00011,0.97725,0.00000
23.00125,0.99750,0.05540,0.00013,0.94447,0.00001
23.10125,0.99750,0.57730,0.00009,0.42256,0.00005
23.20125,0.99750,0.97149,0.00001,0.02843,0.00007
23.30125,0.99750,0.99827,0.00000,0.00165,0.00007
23.40125,0.99750,0.99988,0.00003,0.00007,0.00002
23.50125,0.99750,0.99996,0.00002,0.00001,0.00002
23.60125,0.99750,0.99998,0.00000,0.00000,0.00001
23.70125,0.99750,0.99996,0.00000,0.00000,0.00004
23.80125,0.99750,0.99993,0.00000,0.00000,0.00007
23.90125,0.99750,0.99995,0.00000,0.00000,0.00005
24.00125,0.99750,0.99992,0.00001,0.00000,0.00006
24.10125,0.99750,0.99992,0.00001,0.00001,0.00006
24.20125,0.99750,0.99953,0.00000,0.00019,0.00028
24.30125,0.99750,0.99804,0.00000,0.00148,0.00048
24.40125,0.99750,0.96851,0.00001,0.03085,0.00063
24.50125,0.99750,0.53796,0.00010,0.46148,0.00046
24.60125,0.99750,0.08427,0.00016,0.91550,0.00008
24.70125,0.99750,0.04659,0.00015,0.95323,0.00003
24.80125,0.99750,0.24472,0.00018,0.75500,0.00010
24.90125,0.99750,0.87360,0.00005,0.12605,0.00030
25.00125,0.99750,0.99348,0.00000,0.00629,0.00022
25.10125,0.99750,0.99945,0.00001,0.00039,0.00015
25.20125,0.99750,0.99991,0.00003,0.00002,0.00004
25.30125,0.99750,0.99996,0.00001,0.00000,0.00002
25.40125,0.99750,0.99998,0.00000,0.00000,0.00002
25.50125,0.99750,0.99998,0.00000,0.00000,0.00002
25.60125,0.99750,0.99996,0.00000,0.00000,0.00004
25.70125,0.99750,0.99996,0.00000,0.00000,0.00004
25.80125,0.99750,0.99995,0.00000,0.00000,0.00004
25.90125,0.99750,0.99997,0.00001,0.00000,0.00001
26.00125,0.99750,0.99981,0.00000,0.00013,0.00005
26.10125,0.99750,0.99823,0.00001,0.00169,0.00007
26.20125,0.99750,0.96499,0.00003,0.03492,0.00006
26.30125,0.99750,0.56049,0.00013,0.43935,0.00003
26.40125,0.99750,0.06089,0.00015,0.93895,0.00000
26.50125,0.99750,0.01986,0.00013,0.98001,0.00000
26.60125,0.99750,0.02503,0.00015,0.97482,0.00000
26.70125,0.99750,0.32867,0.00016,0.67115,0.00001
26.80125,0.99750,0.92532,0.00003,0.07462,0.00003
26.90125,0.99750,0.99655,0.00001,0.00336,0.00007
27.00125,0.99750,0.99981,0.00007,0.00011,0.00002
27.10125,0.99750,0.99996,0.00002,0.00001,0.00001
27.20125,0.99750,0.99998,0.00000,0.00000,0.00002
27.30125,0.99750,0.99997,0.00000,0.00000,0.00003
27.40125,0.99750,0.99993,0.00000,0.00000,0.00007
27.50125,0.99750,0.99994,0.00000,0.00000,0.00006
27.60125,0.99750,0.99996,0.00001,0.00000,0.00004
27.70125,0.99750,0.99997,0.00001,0.00001,0.00002
27.80125,0.99750,0.99977,0.00000,0.00016,0.00007
27.90125,0.99750,0.99897,0.00000,0.00090,0.00012
28.00125,0.99750,0.98200,0.00002,0.01781,0.00018
28.10125,0.99750,0.66295,0.00010,0.33683,0.00012
28.20125,0.99750,0.10614,0.00018,0.89366,0.00002
28.30125,0.99750,0.04728,0.00018,0.95254,0.00000
28.40125,0.99750,0.18505,0.00019,0.81475,0.00001
28.50125,0.99750,0.83518,0.00005,0.16473,0.00004
28.60125,0.99750,0.99321,0.00000,0.00675,0.00004
28.70125,0.99750,0.99951,0.00000,0.00042,0.00007
28.80125,0.99750,0.99995,0.00002,0.00002,0.00002
28.90125,0.99750,0.99997,0.00001,0.00001,0.00001
29.00125,0.99750,0.99994,0.00001,0.00000,0.00004
29.10125,0.99750,0.99988,0.00002,0.00000,0.00010
29.20125,0.99750,0.99987,0.00002,0.00000,0.00011
29.30125,0.99750,0.99994,0.00002,0.00000,0.00003
29.40125,0.99750,0.99987,0.00000,0.00005,0.00008
29.50125,0.99750,0.99940,0.00000,0.00046,0.00014
29.60125,0.99750,0.99295,0.00000,0.00676,0.00028
29.70125,0.99750,0.88236,0.00003,0.11739,0.00022
29.80125,0.99750,0.23334,0.00010,0.76650,0.00006
29.90125,0.99750,0.06414,0.00010,0.93575,0.00001
30.00125,0.99750,0.03904,0.00011,0.96085,0.00000
30.10125,0.99750,0.38777,0.00011,0.61210,0.00002
30.20125,0.99750,0.94734,0.00002,0.05262,0.00003
30.30125,0.99750,0.99673,0.00000,0.00312,0.00015
30.40125,0.99750,0.99987,0.00001,0.00009,0.00002
30.50125,0.99750,0.99993,0.00003,0.00001,0.00002
30.60125,0.99750,0.99998,0.00001,0.00000,0.00001
30.70125,0.99750,0.99999,0.00000,0.00000,0.00001
30.80125,0.99750,0.99999,0.00000,0.00000,0.00001
30.90125,0.99750,0.99997,0.00000,0.00000,0.00003
31.00125,0.99750,0.99996,0.00000,0.00000,0.00004
31.10125,0.99750,0.99994,0.00000,0.00000,0.00006
31.20125,0.99750,0.99991,0.00003,0.00000,0.00006
31.30125,0.99750,0.99990,0.00001,0.00004,0.00005
31.40125,0.99750,0.99935,0.00000,0.00052,0.00013
31.50125,0.99750,0.99057,0.00002,0.00925,0.00016
31.60125,0.99750,0.81758,0.00013,0.18221,0.00008
31.70125,0.99750,0.15116,0.00030,0.84852,0.00002
31.80125,0.99750,0.02870,0.00027,0.97102,0.00000
31.90125,0.99750,0.06664,0.00034,0.93302,0.00000
32.00125,0.99750,0.61569,0.00023,0.38406,0.00002
32.10125,0.99750,0.97467,0.00003,0.02528,0.00002
32.20125,0.99750,0.99883,0.00000,0.00113,0.00004
32.30125,0.99750,0.99994,0.00001,0.00004,0.00002
32.40125,0.99750,0.99997,0.00001,0.00000,0.00001
32.50125,0.99750,0.99999,0.00000,0.00000,0.00001
32.60125,0.99750,0.99999,0.00000,0.00000,0.00001
32.70125,0.99750,0.99997,0.00000,0.00000,0.00002
32.80125,0.99750,0.99997,0.00000,0.00000,0.00003
32.90125,0.99750,0.99995,0.00000,0.00000,0.00005
33.00125,0.99750,0.99997,0.00002,0.00000,0.00000
33.10125,0.99750,0.99992,0.00000,0.00005,0.00002
33.20125,0.99750,0.99941,0.00000,0.00054,0.00005
33.30125,0.99750,0.98896,0.00001,0.01097,0.00006
33.40125,0.99750,0.80818,0.00008,0.19170,0.00003
33.50125,0.99750,0.13647,0.00019,0.86334,0.00001
33.60125,0.99750,0.02749,0.00016,0.97235,0.00000
33.70125,0.99750,0.09976,0.00022,0.90002,0.00001
33.80125,0.99750,0.62040,0.00014,0.37944,0.00002
33.90125,0.99750,0.97382,0.00002,0.02614,0.00002
34.00125,0.99750,0.99852,0.00000,0.00130,0.00017
34.10125,0.99750,0.99989,0.00004,0.00004,0.00003
34.20125,0.99750,0.99994,0.00003,0.00001,0.00002
34.30125,0.99750,0.99998,0.00000,0.00000,0.00002
34.40125,0.99750,0.99997,0.00000,0.00000,0.00003
34.50125,0.99750,0.99993,0.00000,0.00000,0.00007
34.60125,0.99750,0.99995,0.00000,0.00000,0.00005
34.70125,0.99750,0.99996,0.00001,0.00000,0.00004
34.80125,0.99750,0.99997,0.00002,0.00001,0.00000
34.90125,0.99750,0.99983,0.00000,0.00014,0.00002
35.00125,0.99750,0.99874,0.00001,0.00124,0.00002
35.10125,0.99750,0.98050,0.00003,0.01945,0.00001
35.20125,0.99750,0.70204,0.00014,0.29781,0.00001
35.30125,0.99750,0.07691,0.00022,0.92287,0.00000
35.40125,0.99750,0.02244,0.00019,0.97737,0.00000
35.50125,0.99750,0.05931,0.00031,0.94038,0.00000
35.60125,0.99750,0.50292,0.00024,0.49684,0.00001
35.70125,0.99750,0.96738,0.00002,0.03259,0.00001
35.80125,0.99750,0.99825,0.00001,0.00169,0.00005
35.90125,0.99750,0.99986,0.00005,0.00008,0.00002
36.00125,0.99750,0.99995,0.00002,0.00001,0.00002
36.10125,0.99750,0.99998,0.00000,0.00000,0.00002
36.20125,0.99750,0.99995,0.00000,0.00000,0.00005
36.30125,0.99750,0.99994,0.00000,0.00000,0.00006
36.40125,0.99750,0.99995,0.00000,0.00000,0.00004
36.50125,0.99750,0.99995,0.00001,0.00000,0.00003
36.60125,0.99750,0.99995,0.00002,0.00002,0.00001
36.70125,0.99750,0.99951,0.00001,0.00045,0.00003
36.80125,0.99750,0.99415,0.00002,0.00578,0.00005
36.90125,0.99750,0.89811,0.00009,0.10175,0.00005
37.00125,0.99750,0.27660,0.00021,0.72317,0.00002
37.10125,0.99750,0.03258,0.00014,0.96728,0.00000
37.20125,0.99750,0.02111,0.00010,0.97879,0.00000
37.30125,0.99750,0.04634,0.00010,0.95356,0.00000
37.40125,0.99750,0.38872,0.00011,0.61115,0.00003
37.50125,0.99750,0.92333,0.00003,0.07656,0.00008
37.60125,0.99750,0.99423,0.00004,0.00544,0.00029
37.70125,0.99750,0.99949,0.00012,0.00026,0.00013
37.80125,0.99750,0.99938,0.00025,0.00014,0.00024
37.90125,0.99750,0.99924,0.00018,0.00006,0.00052
38.00125,0.99750,0.99834,0.00019,0.00004,0.00143
38.10125,0.99750,0.99835,0.00041,0.00005,0.00119
38.20125,0.99750,0.99836,0.00073,0.00005,0.00085
38.30125,0.99750,0.99897,0.00057,0.00025,0.00021
38.40125,0.99750,0.99483,0.00005,0.00425,0.00087
38.50125,0.99750,0.97269,0.00005,0.02588,0.00138
38.60125,0.99750,0.64417,0.00015,0.35480,0.00087
38.70125,0.99750,0.15387,0.00013,0.84585,0.00016
38.80125,0.99750,0.08056,0.00008,0.91933,0.00004
38.90125,0.99750,0.02447,0.00007,0.97546,0.00001
39.00125,0.99750,0.03078,0.00007,0.96914,0.00001
39.10125,0.99750,0.41671,0.00007,0.58316,0.00006
39.20125,0.99750,0.96244,0.00001,0.03742,0.00012
39.30125,0.99750,0.99752,0.00000,0.00223,0.00025
39.40125,0.99750,0.99985,0.00004,0.00007,0.00004
39.50125,0.99750,0.99996,0.00001,0.00001,0.00002
39.60125,0.99750,0.99998,0.00000,0.00000,0.00002
39.70125,0.99750,0.99997,0.00000,0.00000,0.00003
39.80125,0.99750,0.99995,0.00000,0.00000,0.00005
39.90125,0.99750,0.99996,0.00000,0.00000,0.00004
40.00125,0.99750,0.99994,0.00001,0.00000,0.00005
40.10125,0.99750,0.99995,0.00001,0.00001,0.00003
40.20125,0.99750,0.99959,0.00000,0.00023,0.00017
40.30125,0.99750,0.99787,0.00000,0.00187,0.00026
40.40125,0.99750,0.96464,0.00002,0.03512,0.00022
40.50125,0.99750,0.53234,0.00010,0.46744,0.00012
40.60125,0.99750,0.05745,0.00013,0.94241,0.00001
40.70125,0.99750,0.02094,0.00012,0.97894,0.00000
40.80125,0.99750,0.03150,0.00013,0.96836,0.00001
40.90125,0.99750,0.30825,0.00015,0.69155,0.00005
41.00125,0.99750,0.90623,0.00004,0.09364,0.00009
41.10125,0.99750,0.99528,0.00003,0.00458,0.00011
41.20125,0.99750,0.99966,0.00013,0.00018,0.00003
41.30125,0.99750,0.99991,0.00005,0.00002,0.00002
41.40125,0.99750,0.99997,0.00001,0.00000,0.00002
41.50125,0.99750,0.99998,0.00000,0.00000,0.00002
41.60125,0.99750,0.99999,0.00000,0.00000,0.00001
41.70125,0.99750,0.99998,0.00000,0.00000,0.00002
41.80125,0.99750,0.99998,0.00000,0.00000,0.00002
41.90125,0.99750,0.99998,0.00000,0.00000,0.00001
42.00125,0.99750,0.99998,0.00001,0.00000,0.00000
42.10125,0.99750,0.99994,0.00000,0.00004,0.00002
42.20125,0.99750,0.99955,0.00000,0.00043,0.00002
42.30125,0.99750,0.99181,0.00002,0.00815,0.00002
42.40125,0.99750,0.84337,0.00011,0.15650,0.00002
42.50125,0.99750,0.18741,0.00025,0.81233,0.00001
42.60125,0.99750,0.02807,0.00018,0.97175,0.00000
42.70125,0.99750,0.02135,0.00015,0.97850,0.00000
42.80125,0.99750,0.09376,0.00015,0.90609,0.00000
42.90125,0.99750,0.73189,0.00007,0.26802,0.00001
43.00125,0.99750,0.98219,0.00001,0.01774,0.00006
43.10125,0.99750,0.99934,0.00008,0.00057,0.00001
43.20125,0.99750,0.99987,0.00005,0.00006,0.00002
43.30125,0.99750,0.99998,0.00001,0.00000,0.00001
43.40125,0.99750,0.99998,0.00000,0.00000,0.00002
43.50125,0.99750,0.99993,0.00000,0.00000,0.00007
43.60125,0.99750,0.99990,0.00000,0.00000,0.00010
43.70125,0.99750,0.99992,0.00000,0.00000,0.00008
43.80125,0.99750,0.99991,0.00003,0.00000,0.00006
43.90125,0.99750,0.99986,0.00002,0.00005,0.00007
44.00125,0.99750,0.99902,0.00001,0.00081,0.00016
44.10125,0.99750,0.98806,0.00002,0.01168,0.00024
44.20125,0.99750,0.80570,0.00008,0.19405,0.00017
44.30125,0.99750,0.15720,0.00017,0.84259,0.00003
44.40125,0.99750,0.04237,0.00016,0.95747,0.00000
44.50125,0.99750,0.02340,0.00015,0.97644,0.00000
44.60125,0.99750,0.26634,0.00017,0.73348,0.00001
44.70125,0.99750,0.89540,0.00005,0.10452,0.00003
44.80125,0.99750,0.99529,0.00000,0.00464,0.00007
44.90125,0.99750,0.99970,0.00001,0.00027,0.00002
45.00125,0.99750,0.99994,0.00002,0.00002,0.00002
45.10125,0.99750,0.99998,0.00001,0.00000,0.00001
45.20125,0.99750,0.99999,0.00000,0.00000,0.00001
45.30125,0.99750,0.99996,0.00000,0.00000,0.00004
45.40125,0.99750,0.99994,0.00000,0.00000,0.00006
45.50125,0.99750,0.99995,0.00000,0.00000,0.00005
45.60125,0.99750,0.99993,0.00002,0.00000,0.00004
45.70125,0.99750,0.99991,0.00001,0.00004,0.00003
45.80125,0.99750,0.99927,0.00000,0.00065,0.00008
45.90125,0.99750,0.99120,0.00001,0.00868,0.00011
46.00125,0.99750,0.84408,0.00009,0.15573,0.00011
46.10125,0.99750,0.19072,0.00021,0.80905,0.00003
46.20125,0.99750,0.03465,0.00019,0.96515,0.00000
46.30125,0.99750,0.01772,0.00019,0.98209,0.00000
46.40125,0.99750,0.06000,0.00025,0.93974,0.00001
46.50125,0.99750,0.61675,0.00020,0.38300,0.00005
46.60125,0.99750,0.97845,0.00002,0.02137,0.00016
46.70125,0.99750,0.99892,0.00003,0.00098,0.00007
46.80125,0.99750,0.99980,0.00008,0.00007,0.00004
46.90125,0.99750,0.99995,0.00002,0.00000,0.00003
47.00125,0.99750,0.99995,0.00001,0.00000,0.00004
47.10125,0.99750,0.99990,0.00001,0.00000,0.00009
47.20125,0.99750,0.99991,0.00001,0.00000,0.00008
47.30125,0.99750,0.99994,0.00001,0.00000,0.00004
47.40125,0.99750,0.99994,0.00005,0.00001,0.00000
47.50125,0.99750,0.99976,0.00001,0.00022,0.00001
47.60125,0.99750,0.99815,0.00001,0.00182,0.00002
47.70125,0.99750,0.96580,0.00007,0.03411,0.00002
47.80125,0.99750,0.54474,0.00037,0.45488,0.00002
47.90125,0.99750,0.06105,0.00046,0.93849,0.00000
48.00125,0.99750,0.02098,0.00035,0.97867,0.00000
48.10125,0.99750,0.02730,0.00033,0.97238,0.00000
48.20125,0.99750,0.28060,0.00034,0.71906,0.00000
48.30125,0.99750,0.90633,0.00007,0.09358,0.00002
48.40125,0.99750,0.99628,0.00001,0.00360,0.00011
48.50125,0.99750,0.99975,0.00008,0.00014,0.00003
48.60125,0.99750,0.99992,0.00004,0.00002,0.00002
48.70125,0.99750,0.99998,0.00001,0.00000,0.00002
48.80125,0.99750,0.99997,0.00000,0.00000,0.00002
48.90125,0.99750,0.99995,0.00000,0.00000,0.00005
49.00125,0.99750,0.99995,0.00000,0.00000,0.00005
49.10125,0.99750,0.99996,0.00000,0.00000,0.00003
49.20125,0.99750,0.99998,0.00001,0.00000,0.00001
49.30125,0.99750,0.99986,0.00000,0.00011,0.00003
49.40125,0.99750,0.99916,0.00000,0.00080,0.00004
49.50125,0.99750,0.98207,0.00002,0.01786,0.00005
49.60125,0.99750,0.71132,0.00018,0.28846,0.00004
49.70125,0.99750,0.12232,0.00040,0.87727,0.00001
49.80125,0.99750,0.02891,0.00028,0.97080,0.00000
49.90125,0.99750,0.04668,0.00028,0.95303,0.00000
50.00125,0.99750,0.43649,0.00029,0.56320,0.00002
50.10125,0.99750,0.95367,0.00004,0.04624,0.00005
50.20125,0.99750,0.99725,0.00002,0.00259,0.00014
50.30125,0.99750,0.99971,0.00014,0.00012,0.00004
50.40125,0.99750,0.99985,0.00010,0.00001,0.00004
50.50125,0.99750,0.99994,0.00002,0.00000,0.00004
50.60125,0.99750,0.99997,0.00000,0.00000,0.00003
50.70125,0.99750,0.99993,0.00000,0.00000,0.00007
50.80125,0.99750,0.99993,0.00000,0.00000,0.00007
50.90125,0.99750,0.99995,0.00000,0.00000,0.00004
51.00125,0.99750,0.99994,0.00004,0.00000,0.00001
51.10125,0.99750,0.99990,0.00004,0.00005,0.00001
51.20125,0.99750,0.99948,0.00001,0.00049,0.00003
51.30125,0.99750,0.99313,0.00003,0.00679,0.00005
51.40125,0.99750,0.87891,0.00019,0.12087,0.00003
51.50125,0.99750,0.20928,0.00054,0.79017,0.00001
51.60125,0.99750,0.02203,0.00045,0.97752,0.00000
51.70125,0.99750,0.03392,0.00060,0.96547,0.00000
51.80125,0.99750,0.23002,0.00073,0.76924,0.00001
51.90125,0.99750,0.85634,0.00025,0.14339,0.00003
52.00125,0.99750,0.99489,0.00002,0.00490,0.00019
52.10125,0.99750,0.99974,0.00003,0.00018,0.00005
52.20125,0.99750,0.99988,0.00007,0.00002,0.00003
52.30125,0.99750,0.99997,0.00001,0.00000,0.00002
52.40125,0.99750,0.99995,0.00001,0.00000,0.00005
52.50125,0.99750,0.99991,0.00001,0.00000,0.00008
52.60125,0.99750,0.99991,0.00001,0.00000,0.00008
52.70125,0.99750,0.99992,0.00002,0.00000,0.00006
52.80125,0.99750,0.99990,0.00007,0.00002,0.00001
52.90125,0.99750,0.99939,0.00002,0.00056,0.00004
53.00125,0.99750,0.99349,0.00003,0.00643,0.00004
53.10125,0.99750,0.89440,0.00015,0.10540,0.00005
53.20125,0.99750,0.24350,0.00038,0.75611,0.00001
53.30125,0.99750,0.02591,0.00032,0.97377,0.00000
53.40125,0.99750,0.01457,0.00030,0.98513,0.00000
53.50125,0.99750,0.02209,0.00030,0.97760,0.00000
53.60125,0.99750,0.20706,0.00042,0.79252,0.00001
53.70125,0.99750,0.85357,0.00017,0.14624,0.00002
53.80125,0.99750,0.99159,0.00004,0.00827,0.00010
53.90125,0.99750,0.99953,0.00015,0.00030,0.00002
54.00125,0.99750,0.99989,0.00007,0.00002,0.00002
54.10125,0.99750,0.99997,0.00001,0.00000,0.00002
54.20125,0.99750,0.99994,0.00000,0.00000,0.00005
54.30125,0.99750,0.99987,0.00000,0.00000,0.00013
54.40125,0.99750,0.99988,0.00000,0.00000,0.00012
54.50125,0.99750,0.99986,0.00001,0.00000,0.00013
54.60125,0.99750,0.99990,0.00006,0.00002,0.00002
54.70125,0.99750,0.99953,0.00001,0.00037,0.00010
54.80125,0.99750,0.99653,0.00001,0.00329,0.00017
54.90125,0.99750,0.95502,0.00002,0.04463,0.00033
55.00125,0.99750,0.46781,0.00008,0.53194,0.00017
55.10125,0.99750,0.07024,0.00009,0.92964,0.00002
55.20125,0.99750,0.02695,0.00008,0.97297,0.00000
55.30125,0.99750,0.02406,0.00007,0.97587,0.00000
55.40125,0.99750,0.15456,0.00008,0.84534,0.00002
55.50125,0.99750,0.84895,0.00003,0.15097,0.00005
55.60125,0.99750,0.98875,0.00001,0.01095,0.00029
55.70125,0.99750,0.99955,0.00006,0.00035,0.00004
55.80125,0.99750,0.99986,0.00006,0.00005,0.00004
55.90125,0.99750,0.99996,0.00001,0.00000,0.00002
56.00125,0.99750,0.99992,0.00001,0.00000,0.00007
56.10125,0.99750,0.99985,0.00001,0.00000,0.00013
56.20125,0.99750,0.99983,0.00002,0.00000,0.00015
56.30125,0.99750,0.99986,0.00003,0.00000,0.00010
56.40125,0.99750,0.99987,0.00002,0.00005,0.00006
56.50125,0.99750,0.99914,0.00001,0.00069,0.00017
56.60125,0.99750,0.99187,0.00002,0.00784,0.00027
56.70125,0.99750,0.86476,0.00009,0.13488,0.00026
56.80125,0.99750,0.20088,0.00025,0.79880,0.00007
56.90125,0.99750,0.03609,0.00024,0.96366,0.00001
57.00125,0.99750,0.03674,0.00025,0.96300,0.00001
57.10125,0.99750,0.24646,0.00031,0.75318,0.00004
57.20125,0.99750,0.84657,0.00015,0.15313,0.00015
57.30125,0.99750,0.99279,0.00001,0.00700,0.00020
57.40125,0.99750,0.99950,0.00002,0.00034,0.00013
57.50125,0.99750,0.99985,0.00006,0.00003,0.00007
57.60125,0.99750,0.99994,0.00001,0.00000,0.00004
57.70125,0.99750,0.99988,0.00001,0.00000,0.00011
57.80125,0.99750,0.99982,0.00001,0.00000,0.00016
57.90125,0.99750,0.99985,0.00002,0.00000,0.00014
58.00125,0.99750,0.99985,0.00005,0.00000,0.00010
58.10125,0.99750,0.99981,0.00015,0.00003,0.00001
58.20125,0.99750,0.99925,0.00002,0.00067,0.00006
58.30125,0.99750,0.99454,0.00003,0.00533,0.00010
58.40125,0.99750,0.91935,0.00011,0.08036,0.00017
58.50125,0.99750,0.32097,0.00031,0.67865,0.00007
58.60125,0.99750,0.03563,0.00027,0.96409,0.00001
58.70125,0.99750,0.02025,0.00024,0.97951,0.00000
58.80125,0.99750,0.09256,0.00029,0.90715,0.00001
58.90125,0.99750,0.35544,0.00026,0.64425,0.00005
59.00125,0.99750,0.90532,0.00005,0.09451,0.00012
59.10125,0.99750,0.98875,0.00002,0.01048,0.00075
59.20125,0.99750,0.99864,0.00020,0.00088,0.00028
59.30125,0.99750,0.99872,0.00030,0.00046,0.00052
59.40125,0.99750,0.99883,0.00017,0.00014,0.00086
59.50125,0.99750,0.99826,0.00004,0.00002,0.00168
59.60125,0.99750,0.99784,0.00000,0.00000,0.00216
59.70125,0.99750,0.99780,0.00000,0.00000,0.00219
59.80125,0.99750,0.99794,0.00000,0.00000,0.00206
