Time (seconds), Duration (seconds),pred_(unlabeled),pred_Jab_R,pred_Sidehook_R,pred_Uppercut_R
0.00125,0.99750,0.99956,0.00000,0.00000,0.00044
0.10125,0.99750,0.99935,0.00000,0.00000,0.00065
0.20125,0.99750,0.99975,0.00000,0.00000,0.00025
0.30125,0.99750,0.99994,0.00000,0.00000,0.00006
0.40125,0.99750,0.99995,0.00000,0.00000,0.00005
0.50125,0.99750,0.99994,0.00000,0.00000,0.00006
0.60125,0.99750,0.99994,0.00000,0.00000,0.00006
0.70125,0.99750,0.99995,0.00000,0.00000,0.00005
0.80125,0.99750,0.99991,0.00000,0.00000,0.00009
0.90125,0.99750,0.99997,0.00000,0.00000,0.00003
1.00125,0.99750,0.99998,0.00000,0.00000,0.00002
1.10125,0.99750,0.99999,0.00000,0.00000,0.00001
1.20125,0.99750,1.00000,0.00000,0.00000,0.00000
1.30125,0.99750,1.00000,0.00000,0.00000,0.00000
1.40125,0.99750,1.00000,0.00000,0.00000,0.00000
1.50125,0.99750,1.00000,0.00000,0.00000,0.00000
1.60125,0.99750,1.00000,0.00000,0.00000,0.00000
1.70125,0.99750,1.00000,0.00000,0.00000,0.00000
1.80125,0.99750,1.00000,0.00000,0.00000,0.00000
1.90125,0.99750,1.00000,0.00000,0.00000,0.00000
2.00125,0.99750,1.00000,0.00000,0.00000,0.00000
2.10125,0.99750,1.00000,0.00000,0.00000,0.00000
2.20125,0.99750,1.00000,0.00000,0.00000,0.00000
2.30125,0.99750,1.00000,0.00000,0.00000,0.00000
2.40125,0.99750,1.00000,0.00000,0.00000,0.00000
2.50125,0.99750,0.99995,0.00000,0.00000,0.00005
2.60125,0.99750,0.99996,0.00000,0.00000,0.00004
2.70125,0.99750,0.99997,0.00000,0.00000,0.00003
2.80125,0.99750,0.99997,0.00000,0.00000,0.00003
2.90125,0.99750,0.99997,0.00000,0.00000,0.00003
3.00125,0.99750,0.99999,0.00000,0.00000,0.00001
3.10125,0.99750,0.99999,0.00000,0.00000,0.00001
3.20125,0.99750,0.99999,0.00000,0.00000,0.00001
3.30125,0.99750,0.99999,0.00000,0.00000,0.00001
3.40125,0.99750,0.99999,0.00000,0.00000,0.00001
3.50125,0.99750,0.99999,0.00000,0.00000,0.00001
3.60125,0.99750,0.99993,0.00000,0.00000,0.00007
3.70125,0.99750,0.99994,0.00000,0.00000,0.00006
3.80125,0.99750,0.99988,0.00000,0.00000,0.00012
3.90125,0.99750,0.99753,0.00000,0.00000,0.00246
4.00125,0.99750,0.96693,0.00002,0.00000,0.03305
4.10125,0.99750,0.94159,0.00010,0.00000,0.05831
4.20125,0.99750,0.44702,0.00029,0.00000,0.55269
4.30125,0.99750,0.07229,0.00097,0.00000,0.92674
4.40125,0.99750,0.94631,0.00106,0.00000,0.05263
4.50125,0.99750,0.99988,0.00011,0.00000,0.00002
4.60125,0.99750,0.99990,0.00008,0.00000,0.00001
4.70125,0.99750,0.99999,0.00001,0.00000,0.00000
4.80125,0.99750,1.00000,0.00000,0.00000,0.00000
4.90125,0.99750,1.00000,0.00000,0.00000,0.00000
5.00125,0.99750,1.00000,0.00000,0.00000,0.00000
5.10125,0.99750,1.00000,0.00000,0.00000,0.00000
5.20125,0.99750,1.00000,0.00000,0.00000,0.00000
5.30125,0.99750,1.00000,0.00000,0.00000,0.00000
5.40125,0.99750,1.00000,0.00000,0.00000,0.00000
5.50125,0.99750,0.99995,0.00000,0.00000,0.00005
5.60125,0.99750,0.99997,0.00000,0.00000,0.00003
5.70125,0.99750,0.99989,0.00000,0.00000,0.00011
5.80125,0.99750,0.96239,0.00001,0.00000,0.03760
5.90125,0.99750,0.92166,0.00002,0.00000,0.07831
6.00125,0.99750,0.22254,0.00004,0.00000,0.77742
6.10125,0.99750,0.11647,0.00035,0.00000,0.88318
6.20125,0.99750,0.99482,0.00159,0.00000,0.00359
6.30125,0.99750,0.99860,0.00035,0.00000,0.00105
6.40125,0.99750,0.99948,0.00014,0.00000,0.00038
6.50125,0.99750,0.99946,0.00003,0.00000,0.00051
6.60125,0.99750,0.99987,0.00000,0.00000,0.00012
6.70125,0.99750,0.99995,0.00000,0.00000,0.00004
6.80125,0.99750,0.99997,0.00000,0.00000,0.00002
6.90125,0.99750,1.00000,0.00000,0.00000,0.00000
7.00125,0.99750,1.00000,0.00000,0.00000,0.00000
7.10125,0.99750,1.00000,0.00000,0.00000,0.00000
7.20125,0.99750,0.99992,0.00000,0.00000,0.00008
7.30125,0.99750,0.99996,0.00000,0.00000,0.00004
7.40125,0.99750,0.99996,0.00000,0.00000,0.00004
7.50125,0.99750,0.99996,0.00000,0.00000,0.00004
7.60125,0.99750,0.99991,0.00000,0.00000,0.00009
7.70125,0.99750,0.98222,0.00000,0.00000,0.01778
7.80125,0.99750,0.87285,0.00003,0.00000,0.12712
7.90125,0.99750,0.09377,0.00009,0.00000,0.90615
8.00125,0.99750,0.80558,0.00113,0.00000,0.19328
8.10125,0.99750,0.99454,0.00019,0.00000,0.00527
8.20125,0.99750,0.99953,0.00003,0.00000,0.00044
8.30125,0.99750,0.99920,0.00003,0.00000,0.00076
8.40125,0.99750,0.99945,0.00005,0.00000,0.00050
8.50125,0.99750,0.99988,0.00000,0.00003,0.00009
8.60125,0.99750,0.99998,0.00000,0.00000,0.00002
8.70125,0.99750,0.99999,0.00000,0.00000,0.00000
8.80125,0.99750,1.00000,0.00000,0.00000,0.00000
8.90125,0.99750,1.00000,0.00000,0.00000,0.00000
9.00125,0.99750,0.99999,0.00000,0.00000,0.00001
9.10125,0.99750,0.99997,0.00000,0.00000,0.00003
9.20125,0.99750,0.99998,0.00000,0.00000,0.00002
9.30125,0.99750,0.99999,0.00000,0.00000,0.00001
9.40125,0.99750,0.99982,0.00000,0.00000,0.00018
9.50125,0.99750,0.99719,0.00000,0.00000,0.00281
9.60125,0.99750,0.96427,0.00001,0.00000,0.03572
9.70125,0.99750,0.86329,0.00014,0.00000,0.13657
9.80125,0.99750,0.12101,0.00035,0.00000,0.87864
9.90125,0.99750,0.53954,0.00066,0.00002,0.45979
10.00125,0.99750,0.99130,0.00066,0.00002,0.00801
10.10125,0.99750,0.99932,0.00042,0.00005,0.00021
10.20125,0.99750,0.99915,0.00023,0.00009,0.00053
10.30125,0.99750,0.99984,0.00002,0.00001,0.00013
10.40125,0.99750,0.99991,0.00000,0.00000,0.00009
10.50125,0.99750,0.99997,0.00001,0.00001,0.00002
10.60125,0.99750,0.99997,0.00001,0.00002,0.00001
10.70125,0.99750,0.99998,0.00000,0.00001,0.00001
10.80125,0.99750,0.99999,0.00000,0.00000,0.00001
10.90125,0.99750,0.99999,0.00000,0.00000,0.00000
11.00125,0.99750,0.99993,0.00000,0.00000,0.00007
11.10125,0.99750,0.99969,0.00000,0.00000,0.00031
11.20125,0.99750,0.99914,0.00000,0.00000,0.00086
11.30125,0.99750,0.99892,0.00000,0.00000,0.00108
11.40125,0.99750,0.95753,0.00000,0.00000,0.04246
11.50125,0.99750,0.85948,0.00001,0.00000,0.14052
11.60125,0.99750,0.39897,0.00000,0.00000,0.60102
11.70125,0.99750,0.89850,0.00000,0.00000,0.10150
11.80125,0.99750,0.99721,0.00003,0.00000,0.00276
11.90125,0.99750,0.99991,0.00003,0.00000,0.00006
12.00125,0.99750,0.99997,0.00000,0.00000,0.00003
12.10125,0.99750,1.00000,0.00000,0.00000,0.00000
12.20125,0.99750,1.00000,0.00000,0.00000,0.00000
12.30125,0.99750,1.00000,0.00000,0.00000,0.00000
12.40125,0.99750,1.00000,0.00000,0.00000,0.00000
12.50125,0.99750,1.00000,0.00000,0.00000,0.00000
12.60125,0.99750,1.00000,0.00000,0.00000,0.00000
12.70125,0.99750,1.00000,0.00000,0.00000,0.00000
12.80125,0.99750,0.99972,0.00000,0.00000,0.00028
12.90125,0.99750,0.99993,0.00000,0.00000,0.00007
13.00125,0.99750,0.99992,0.00000,0.00000,0.00008
13.10125,0.99750,0.99764,0.00000,0.00000,0.00236
13.20125,0.99750,0.95047,0.00000,0.00000,0.04953
13.30125,0.99750,0.15947,0.00000,0.00000,0.84053
13.40125,0.99750,0.40353,0.00002,0.00000,0.59645
13.50125,0.99750,0.97168,0.00011,0.00002,0.02819
13.60125,0.99750,0.99996,0.00003,0.00001,0.00001
13.70125,0.99750,0.99998,0.00001,0.00000,0.00001
13.80125,0.99750,0.99999,0.00000,0.00000,0.00001
13.90125,0.99750,1.00000,0.00000,0.00000,0.00000
14.00125,0.99750,1.00000,0.00000,0.00000,0.00000
14.10125,0.99750,1.00000,0.00000,0.00000,0.00000
14.20125,0.99750,1.00000,0.00000,0.00000,0.00000
14.30125,0.99750,1.00000,0.00000,0.00000,0.00000
14.40125,0.99750,1.00000,0.00000,0.00000,0.00000
14.50125,0.99750,1.00000,0.00000,0.00000,0.00000
14.60125,0.99750,0.99986,0.00000,0.00000,0.00014
14.70125,0.99750,0.99992,0.00000,0.00000,0.00008
14.80125,0.99750,0.99987,0.00000,0.00000,0.00013
14.90125,0.99750,0.99824,0.00000,0.00000,0.00176
15.00125,0.99750,0.96819,0.00000,0.00000,0.03180
15.10125,0.99750,0.18111,0.00000,0.00000,0.81888
15.20125,0.99750,0.43768,0.00001,0.00000,0.56230
15.30125,0.99750,0.94803,0.00008,0.00002,0.05187
15.40125,0.99750,0.99991,0.00002,0.00001,0.00006
15.50125,0.99750,0.99982,0.00001,0.00001,0.00017
15.60125,0.99750,0.99998,0.00000,0.00000,0.00002
15.70125,0.99750,1.00000,0.00000,0.00000,0.00000
15.80125,0.99750,1.00000,0.00000,0.00000,0.00000
15.90125,0.99750,1.00000,0.00000,0.00000,0.00000
16.00125,0.99750,1.00000,0.00000,0.00000,0.00000
16.10125,0.99750,1.00000,0.00000,0.00000,0.00000
16.20125,0.99750,1.00000,0.00000,0.00000,0.00000
16.30125,0.99750,0.99949,0.00000,0.00000,0.00051
16.40125,0.99750,0.99999,0.00000,0.00000,0.00001
16.50125,0.99750,0.99242,0.00000,0.00000,0.00758
16.60125,0.99750,0.97642,0.00000,0.00000,0.02357
16.70125,0.99750,0.87189,0.00001,0.00000,0.12810
16.80125,0.99750,0.21500,0.00001,0.00000,0.78499
16.90125,0.99750,0.43348,0.00008,0.00009,0.56636
17.00125,0.99750,0.99009,0.00007,0.00016,0.00968
17.10125,0.99750,0.99979,0.00002,0.00003,0.00017
17.20125,0.99750,0.99996,0.00000,0.00001,0.00003
17.30125,0.99750,0.99998,0.00000,0.00001,0.00001
17.40125,0.99750,0.99999,0.00000,0.00000,0.00000
17.50125,0.99750,1.00000,0.00000,0.00000,0.00000
17.60125,0.99750,1.00000,0.00000,0.00000,0.00000
17.70125,0.99750,1.00000,0.00000,0.00000,0.00000
17.80125,0.99750,1.00000,0.00000,0.00000,0.00000
17.90125,0.99750,1.00000,0.00000,0.00000,0.00000
18.00125,0.99750,0.99999,0.00000,0.00000,0.00001
18.10125,0.99750,0.99988,0.00000,0.00000,0.00012
18.20125,0.99750,0.99952,0.00000,0.00000,0.00048
18.30125,0.99750,0.98781,0.00000,0.00000,0.01219
18.40125,0.99750,0.86926,0.00001,0.00000,0.13074
18.50125,0.99750,0.35095,0.00001,0.00000,0.64904
18.60125,0.99750,0.58179,0.00006,0.00001,0.41814
18.70125,0.99750,0.97616,0.00008,0.00004,0.02372
18.80125,0.99750,0.99995,0.00000,0.00001,0.00004
18.90125,0.99750,0.99998,0.00000,0.00000,0.00001
19.00125,0.99750,0.99998,0.00000,0.00001,0.00001
19.10125,0.99750,1.00000,0.00000,0.00000,0.00000
19.20125,0.99750,1.00000,0.00000,0.00000,0.00000
19.30125,0.99750,1.00000,0.00000,0.00000,0.00000
19.40125,0.99750,1.00000,0.00000,0.00000,0.00000
19.50125,0.99750,1.00000,0.00000,0.00000,0.00000
19.60125,0.99750,1.00000,0.00000,0.00000,0.00000
19.70125,0.99750,0.99997,0.00000,0.00000,0.00003
19.80125,0.99750,0.99985,0.00000,0.00000,0.00015
19.90125,0.99750,0.99997,0.00000,0.00000,0.00003
20.00125,0.99750,0.99143,0.00000,0.00000,0.00857
20.10125,0.99750,0.93998,0.00001,0.00000,0.06001
20.20125,0.99750,0.17565,0.00003,0.00000,0.82432
20.30125,0.99750,0.18776,0.00003,0.00000,0.81221
20.40125,0.99750,0.70171,0.00031,0.00000,0.29798
20.50125,0.99750,0.99921,0.00025,0.00000,0.00054
20.60125,0.99750,0.99991,0.00002,0.00000,0.00008
20.70125,0.99750,0.99996,0.00000,0.00000,0.00003
20.80125,0.99750,1.00000,0.00000,0.00000,0.00000
20.90125,0.99750,1.00000,0.00000,0.00000,0.00000
21.00125,0.99750,1.00000,0.00000,0.00000,0.00000
21.10125,0.99750,1.00000,0.00000,0.00000,0.00000
21.20125,0.99750,1.00000,0.00000,0.00000,0.00000
21.30125,0.99750,1.00000,0.00000,0.00000,0.00000
21.40125,0.99750,1.00000,0.00000,0.00000,0.00000
21.50125,0.99750,0.99999,0.00000,0.00000,0.00001
21.60125,0.99750,0.99999,0.00000,0.00000,0.00001
21.70125,0.99750,0.99554,0.00000,0.00000,0.00446
21.80125,0.99750,0.98128,0.00001,0.00000,0.01870
21.90125,0.99750,0.30315,0.00004,0.00000,0.69681
22.00125,0.99750,0.35494,0.00011,0.00000,0.64495
22.10125,0.99750,0.87297,0.00053,0.00000,0.12650
22.20125,0.99750,0.99989,0.00002,0.00000,0.00009
22.30125,0.99750,0.99996,0.00000,0.00000,0.00004
22.40125,0.99750,0.99999,0.00000,0.00000,0.00001
22.50125,0.99750,1.00000,0.00000,0.00000,0.00000
22.60125,0.99750,1.00000,0.00000,0.00000,0.00000
22.70125,0.99750,1.00000,0.00000,0.00000,0.00000
22.80125,0.99750,1.00000,0.00000,0.00000,0.00000
22.90125,0.99750,1.00000,0.00000,0.00000,0.00000
23.00125,0.99750,1.00000,0.00000,0.00000,0.00000
23.10125,0.99750,0.99987,0.00000,0.00000,0.00013
23.20125,0.99750,0.99998,0.00000,0.00000,0.00002
23.30125,0.99750,0.99557,0.00000,0.00000,0.00443
23.40125,0.99750,0.94604,0.00001,0.00000,0.05396
23.50125,0.99750,0.16111,0.00002,0.00000,0.83887
23.60125,0.99750,0.16968,0.00028,0.00000,0.83004
23.70125,0.99750,0.74781,0.00205,0.00000,0.25014
23.80125,0.99750,0.99981,0.00011,0.00000,0.00008
23.90125,0.99750,0.99996,0.00002,0.00000,0.00001
24.00125,0.99750,0.99998,0.00000,0.00000,0.00002
24.10125,0.99750,1.00000,0.00000,0.00000,0.00000
24.20125,0.99750,1.00000,0.00000,0.00000,0.00000
24.30125,0.99750,1.00000,0.00000,0.00000,0.00000
24.40125,0.99750,1.00000,0.00000,0.00000,0.00000
24.50125,0.99750,1.00000,0.00000,0.00000,0.00000
24.60125,0.99750,1.00000,0.00000,0.00000,0.00000
24.70125,0.99750,1.00000,0.00000,0.00000,0.00000
24.80125,0.99750,0.99985,0.00000,0.00000,0.00015
24.90125,0.99750,0.99999,0.00000,0.00000,0.00000
25.00125,0.99750,0.99570,0.00000,0.00000,0.00430
25.10125,0.99750,0.92793,0.00003,0.00000,0.07204
25.20125,0.99750,0.10682,0.00001,0.00000,0.89316
25.30125,0.99750,0.15165,0.00007,0.00000,0.84828
25.40125,0.99750,0.85738,0.00049,0.00000,0.14213
25.50125,0.99750,0.99943,0.00004,0.00000,0.00053
25.60125,0.99750,0.99999,0.00000,0.00000,0.00001
25.70125,0.99750,1.00000,0.00000,0.00000,0.00000
25.80125,0.99750,1.00000,0.00000,0.00000,0.00000
25.90125,0.99750,1.00000,0.00000,0.00000,0.00000
26.00125,0.99750,1.00000,0.00000,0.00000,0.00000
26.10125,0.99750,1.00000,0.00000,0.00000,0.00000
26.20125,0.99750,1.00000,0.00000,0.00000,0.00000
26.30125,0.99750,1.00000,0.00000,0.00000,0.00000
26.40125,0.99750,1.00000,0.00000,0.00000,0.00000
26.50125,0.99750,0.99979,0.00000,0.00000,0.00021
26.60125,0.99750,0.99913,0.00000,0.00000,0.00087
26.70125,0.99750,0.96851,0.00000,0.00000,0.03149
26.80125,0.99750,0.93777,0.00000,0.00000,0.06223
26.90125,0.99750,0.07942,0.00002,0.00000,0.92056
27.00125,0.99750,0.07392,0.00015,0.00000,0.92593
27.10125,0.99750,0.99288,0.00024,0.00000,0.00688
27.20125,0.99750,0.99983,0.00001,0.00000,0.00016
27.30125,0.99750,0.99987,0.00000,0.00000,0.00013
27.40125,0.99750,0.99998,0.00000,0.00000,0.00002
27.50125,0.99750,0.99999,0.00000,0.00000,0.00001
27.60125,0.99750,1.00000,0.00000,0.00000,0.00000
27.70125,0.99750,1.00000,0.00000,0.00000,0.00000
27.80125,0.99750,1.00000,0.00000,0.00000,0.00000
27.90125,0.99750,1.00000,0.00000,0.00000,0.00000
28.00125,0.99750,1.00000,0.00000,0.00000,0.00000
28.10125,0.99750,0.99976,0.00000,0.00000,0.00024
28.20125,0.99750,0.93954,0.00001,0.00000,0.06046
28.30125,0.99750,0.95418,0.00005,0.00000,0.04578
28.40125,0.99750,0.43959,0.00087,0.00000,0.55954
28.50125,0.99750,0.09475,0.00335,0.00000,0.90191
28.60125,0.99750,0.99080,0.00295,0.00000,0.00625
28.70125,0.99750,0.99961,0.00032,0.00000,0.00007
28.80125,0.99750,0.99985,0.00006,0.00000,0.00009
28.90125,0.99750,0.99996,0.00001,0.00000,0.00003
29.00125,0.99750,0.99999,0.00000,0.00000,0.00001
29.10125,0.99750,0.99999,0.00000,0.00000,0.00001
29.20125,0.99750,0.99999,0.00000,0.00000,0.00001
29.30125,0.99750,1.00000,0.00000,0.00000,0.00000
29.40125,0.99750,1.00000,0.00000,0.00000,0.00000
29.50125,0.99750,1.00000,0.00000,0.00000,0.00000
29.60125,0.99750,0.99991,0.00000,0.00000,0.00009
29.70125,0.99750,0.99998,0.00000,0.00000,0.00002
29.80125,0.99750,0.99898,0.00000,0.00000,0.00102
29.90125,0.99750,0.98722,0.00000,0.00000,0.01278
30.00125,0.99750,0.76771,0.00001,0.00000,0.23228
30.10125,0.99750,0.36704,0.00004,0.00000,0.63292
30.20125,0.99750,0.90928,0.00020,0.00000,0.09053
30.30125,0.99750,0.97125,0.00249,0.00000,0.02625
30.40125,0.99750,0.99904,0.00026,0.00000,0.00070
30.50125,0.99750,0.99941,0.00004,0.00000,0.00055
30.60125,0.99750,0.99994,0.00000,0.00001,0.00005
30.70125,0.99750,0.99993,0.00000,0.00000,0.00007
30.80125,0.99750,0.99983,0.00001,0.00011,0.00005
30.90125,0.99750,0.99993,0.00000,0.00004,0.00002
31.00125,0.99750,0.99997,0.00001,0.00001,0.00002
31.10125,0.99750,0.99992,0.00003,0.00000,0.00005
31.20125,0.99750,0.99991,0.00000,0.00000,0.00009
31.30125,0.99750,0.99293,0.00000,0.00000,0.00707
31.40125,0.99750,0.95948,0.00001,0.00000,0.04051
31.50125,0.99750,0.63716,0.00002,0.00000,0.36282
31.60125,0.99750,0.12702,0.00003,0.00000,0.87294
31.70125,0.99750,0.85851,0.00007,0.00000,0.14142
31.80125,0.99750,0.99923,0.00005,0.00000,0.00072
31.90125,0.99750,0.99999,0.00000,0.00000,0.00001
32.00125,0.99750,0.99999,0.00000,0.00000,0.00001
32.10125,0.99750,0.99999,0.00000,0.00000,0.00001
32.20125,0.99750,0.99997,0.00000,0.00000,0.00003
32.30125,0.99750,0.99999,0.00000,0.00000,0.00001
32.40125,0.99750,1.00000,0.00000,0.00000,0.00000
32.50125,0.99750,1.00000,0.00000,0.00000,0.00000
32.60125,0.99750,1.00000,0.00000,0.00000,0.00000
32.70125,0.99750,0.99999,0.00000,0.00000,0.00001
32.80125,0.99750,0.99982,0.00000,0.00000,0.00018
32.90125,0.99750,0.99998,0.00000,0.00000,0.00002
33.00125,0.99750,0.99998,0.00000,0.00000,0.00002
33.10125,0.99750,0.99997,0.00000,0.00000,0.00003
33.20125,0.99750,0.99993,0.00000,0.00000,0.00007
33.30125,0.99750,0.99980,0.00000,0.00000,0.00020
33.40125,0.99750,0.99757,0.00000,0.00000,0.00243
33.50125,0.99750,0.97764,0.00000,0.00000,0.02236
33.60125,0.99750,0.90356,0.00001,0.00000,0.09644
33.70125,0.99750,0.14201,0.00001,0.00000,0.85798
33.80125,0.99750,0.45855,0.00009,0.00000,0.54135
33.90125,0.99750,0.99581,0.00028,0.00000,0.00390
34.00125,0.99750,0.99978,0.00006,0.00000,0.00017
34.10125,0.99750,0.99996,0.00003,0.00000,0.00001
34.20125,0.99750,0.99997,0.00003,0.00000,0.00001
34.30125,0.99750,0.99999,0.00000,0.00001,0.00000
34.40125,0.99750,0.99997,0.00000,0.00002,0.00000
34.50125,0.99750,1.00000,0.00000,0.00000,0.00000
34.60125,0.99750,1.00000,0.00000,0.00000,0.00000
34.70125,0.99750,1.00000,0.00000,0.00000,0.00000
34.80125,0.99750,1.00000,0.00000,0.00000,0.00000
34.90125,0.99750,1.00000,0.00000,0.00000,0.00000
35.00125,0.99750,0.99996,0.00000,0.00000,0.00004
35.10125,0.99750,0.99451,0.00000,0.00000,0.00549
35.20125,0.99750,0.97749,0.00000,0.00000,0.02251
35.30125,0.99750,0.15587,0.00000,0.00000,0.84413
35.40125,0.99750,0.15236,0.00002,0.00000,0.84762
35.50125,0.99750,0.88128,0.00015,0.00000,0.11858
35.60125,0.99750,0.99991,0.00003,0.00000,0.00005
35.70125,0.99750,0.99998,0.00001,0.00000,0.00001
35.80125,0.99750,1.00000,0.00000,0.00000,0.00000
35.90125,0.99750,1.00000,0.00000,0.00000,0.00000
36.00125,0.99750,1.00000,0.00000,0.00000,0.00000
36.10125,0.99750,1.00000,0.00000,0.00000,0.00000
36.20125,0.99750,1.00000,0.00000,0.00000,0.00000
36.30125,0.99750,1.00000,0.00000,0.00000,0.00000
36.40125,0.99750,1.00000,0.00000,0.00000,0.00000
36.50125,0.99750,1.00000,0.00000,0.00000,0.00000
36.60125,0.99750,0.99973,0.00000,0.00000,0.00027
36.70125,0.99750,0.99655,0.00000,0.00000,0.00345
36.80125,0.99750,0.96611,0.00000,0.00000,0.03389
36.90125,0.99750,0.44342,0.00000,0.00000,0.55658
37.00125,0.99750,0.12432,0.00000,0.00000,0.87568
37.10125,0.99750,0.84511,0.00013,0.00000,0.15475
37.20125,0.99750,0.99978,0.00006,0.00000,0.00016
37.30125,0.99750,0.99991,0.00002,0.00000,0.00007
37.40125,0.99750,1.00000,0.00000,0.00000,0.00000
37.50125,0.99750,1.00000,0.00000,0.00000,0.00000
37.60125,0.99750,1.00000,0.00000,0.00000,0.00000
37.70125,0.99750,1.00000,0.00000,0.00000,0.00000
37.80125,0.99750,1.00000,0.00000,0.00000,0.00000
37.90125,0.99750,1.00000,0.00000,0.00000,0.00000
38.00125,0.99750,1.00000,0.00000,0.00000,0.00000
38.10125,0.99750,1.00000,0.00000,0.00000,0.00000
38.20125,0.99750,1.00000,0.00000,0.00000,0.00000
38.30125,0.99750,0.99929,0.00000,0.00000,0.00071
38.40125,0.99750,0.98840,0.00002,0.00000,0.01158
38.50125,0.99750,0.76041,0.00009,0.00000,0.23950
38.60125,0.99750,0.27903,0.00084,0.00000,0.72013
38.70125,0.99750,0.34819,0.00973,0.00002,0.64207
38.80125,0.99750,0.99617,0.00197,0.00001,0.00186
38.90125,0.99750,0.99946,0.00046,0.00000,0.00008
39.00125,0.99750,0.99994,0.00004,0.00000,0.00001
39.10125,0.99750,1.00000,0.00000,0.00000,0.00000
39.20125,0.99750,1.00000,0.00000,0.00000,0.00000
39.30125,0.99750,1.00000,0.00000,0.00000,0.00000
39.40125,0.99750,1.00000,0.00000,0.00000,0.00000
39.50125,0.99750,1.00000,0.00000,0.00000,0.00000
39.60125,0.99750,1.00000,0.00000,0.00000,0.00000
39.70125,0.99750,1.00000,0.00000,0.00000,0.00000
39.80125,0.99750,0.99979,0.00000,0.00000,0.00021
39.90125,0.99750,0.99355,0.00000,0.00000,0.00645
40.00125,0.99750,0.36531,0.00000,0.00000,0.63469
40.10125,0.99750,0.10659,0.00001,0.00000,0.89341
40.20125,0.99750,0.19222,0.00006,0.00000,0.80772
40.30125,0.99750,0.99570,0.00045,0.00000,0.00386
40.40125,0.99750,0.99941,0.00002,0.00000,0.00057
40.50125,0.99750,0.99948,0.00000,0.00000,0.00051
40.60125,0.99750,0.99997,0.00000,0.00000,0.00003
40.70125,0.99750,0.99997,0.00000,0.00000,0.00003
40.80125,0.99750,0.99999,0.00000,0.00000,0.00000
40.90125,0.99750,0.99999,0.00000,0.00000,0.00000
41.00125,0.99750,1.00000,0.00000,0.00000,0.00000
41.10125,0.99750,1.00000,0.00000,0.00000,0.00000
41.20125,0.99750,0.99991,0.00000,0.00000,0.00009
41.30125,0.99750,0.99991,0.00000,0.00000,0.00009
41.40125,0.99750,0.99723,0.00000,0.00000,0.00277
41.50125,0.99750,0.95288,0.00000,0.00000,0.04712
41.60125,0.99750,0.23154,0.00000,0.00000,0.76846
41.70125,0.99750,0.10185,0.00002,0.00000,0.89813
41.80125,0.99750,0.59706,0.00057,0.00000,0.40237
41.90125,0.99750,0.99118,0.00004,0.00000,0.00878
42.00125,0.99750,0.99223,0.00001,0.00000,0.00775
42.10125,0.99750,0.99957,0.00000,0.00000,0.00042
42.20125,0.99750,0.99996,0.00000,0.00000,0.00004
42.30125,0.99750,0.99998,0.00000,0.00000,0.00002
42.40125,0.99750,0.99997,0.00000,0.00002,0.00001
42.50125,0.99750,0.99999,0.00000,0.00000,0.00001
42.60125,0.99750,0.99999,0.00000,0.00000,0.00001
42.70125,0.99750,0.99999,0.00000,0.00000,0.00000
42.80125,0.99750,0.99989,0.00002,0.00000,0.00009
42.90125,0.99750,0.99985,0.00000,0.00000,0.00015
43.00125,0.99750,0.99752,0.00001,0.00000,0.00247
43.10125,0.99750,0.35523,0.00005,0.00000,0.64472
43.20125,0.99750,0.09322,0.00025,0.00000,0.90653
43.30125,0.99750,0.54149,0.00692,0.00000,0.45159
43.40125,0.99750,0.99690,0.00028,0.00000,0.00282
43.50125,0.99750,0.99831,0.00014,0.00000,0.00156
43.60125,0.99750,0.99841,0.00007,0.00000,0.00153
43.70125,0.99750,0.99935,0.00014,0.00000,0.00051
43.80125,0.99750,0.99995,0.00000,0.00002,0.00003
43.90125,0.99750,0.99991,0.00001,0.00008,0.00001
44.00125,0.99750,0.99999,0.00000,0.00001,0.00000
44.10125,0.99750,1.00000,0.00000,0.00000,0.00000
44.20125,0.99750,1.00000,0.00000,0.00000,0.00000
44.30125,0.99750,0.99990,0.00000,0.00000,0.00010
44.40125,0.99750,0.99990,0.00000,0.00000,0.00010
44.50125,0.99750,0.99999,0.00000,0.00000,0.00001
44.60125,0.99750,0.99927,0.00000,0.00000,0.00073
44.70125,0.99750,0.87931,0.00001,0.00000,0.12068
44.80125,0.99750,0.09137,0.00001,0.00000,0.90862
44.90125,0.99750,0.08679,0.00013,0.00000,0.91309
45.00125,0.99750,0.89685,0.00082,0.00000,0.10233
45.10125,0.99750,0.99890,0.00018,0.00000,0.00092
45.20125,0.99750,0.99970,0.00002,0.00000,0.00029
45.30125,0.99750,0.99992,0.00000,0.00000,0.00008
45.40125,0.99750,0.99997,0.00000,0.00000,0.00003
45.50125,0.99750,0.99999,0.00000,0.00000,0.00001
45.60125,0.99750,0.99994,0.00000,0.00004,0.00001
45.70125,0.99750,0.99998,0.00000,0.00001,0.00001
45.80125,0.99750,1.00000,0.00000,0.00000,0.00000
45.90125,0.99750,0.99998,0.00000,0.00000,0.00002
46.00125,0.99750,0.99986,0.00000,0.00000,0.00014
46.10125,0.99750,0.99372,0.00000,0.00000,0.00628
46.20125,0.99750,0.85609,0.00001,0.00000,0.14391
46.30125,0.99750,0.17890,0.00001,0.00000,0.82109
46.40125,0.99750,0.15728,0.00005,0.00000,0.84268
46.50125,0.99750,0.81769,0.00014,0.00000,0.18217
46.60125,0.99750,0.99995,0.00001,0.00000,0.00004
46.70125,0.99750,1.00000,0.00000,0.00000,0.00000
46.80125,0.99750,1.00000,0.00000,0.00000,0.00000
46.90125,0.99750,1.00000,0.00000,0.00000,0.00000
47.00125,0.99750,1.00000,0.00000,0.00000,0.00000
47.10125,0.99750,1.00000,0.00000,0.00000,0.00000
47.20125,0.99750,1.00000,0.00000,0.00000,0.00000
47.30125,0.99750,1.00000,0.00000,0.00000,0.00000
47.40125,0.99750,1.00000,0.00000,0.00000,0.00000
47.50125,0.99750,0.99999,0.00000,0.00000,0.00001
47.60125,0.99750,0.99896,0.00000,0.00000,0.00104
47.70125,0.99750,0.99134,0.00000,0.00000,0.00866
47.80125,0.99750,0.81096,0.00004,0.00000,0.18900
47.90125,0.99750,0.09671,0.00003,0.00000,0.90326
48.00125,0.99750,0.26180,0.00014,0.00000,0.73806
48.10125,0.99750,0.98189,0.00002,0.00000,0.01809
48.20125,0.99750,0.99996,0.00000,0.00000,0.00004
48.30125,0.99750,0.99999,0.00000,0.00000,0.00001
48.40125,0.99750,0.99999,0.00000,0.00000,0.00001
48.50125,0.99750,1.00000,0.00000,0.00000,0.00000
48.60125,0.99750,1.00000,0.00000,0.00000,0.00000
48.70125,0.99750,1.00000,0.00000,0.00000,0.00000
48.80125,0.99750,1.00000,0.00000,0.00000,0.00000
48.90125,0.99750,1.00000,0.00000,0.00000,0.00000
49.00125,0.99750,1.00000,0.00000,0.00000,0.00000
49.10125,0.99750,0.99999,0.00000,0.00000,0.00001
49.20125,0.99750,0.99989,0.00000,0.00000,0.00010
49.30125,0.99750,0.99944,0.00000,0.00000,0.00056
49.40125,0.99750,0.65723,0.00000,0.00000,0.34276
49.50125,0.99750,0.55020,0.00001,0.00000,0.44979
49.60125,0.99750,0.60800,0.00005,0.00000,0.39195
49.70125,0.99750,0.99268,0.00002,0.00000,0.00730
49.80125,0.99750,0.99999,0.00000,0.00000,0.00000
49.90125,0.99750,1.00000,0.00000,0.00000,0.00000
50.00125,0.99750,1.00000,0.00000,0.00000,0.00000
50.10125,0.99750,1.00000,0.00000,0.00000,0.00000
50.20125,0.99750,1.00000,0.00000,0.00000,0.00000
50.30125,0.99750,1.00000,0.00000,0.00000,0.00000
50.40125,0.99750,1.00000,0.00000,0.00000,0.00000
50.50125,0.99750,1.00000,0.00000,0.00000,0.00000
50.60125,0.99750,1.00000,0.00000,0.00000,0.00000
50.70125,0.99750,0.99989,0.00000,0.00000,0.00011
50.80125,0.99750,0.99985,0.00000,0.00000,0.00015
50.90125,0.99750,0.99979,0.00000,0.00000,0.00021
51.00125,0.99750,0.97437,0.00000,0.00000,0.02563
51.10125,0.99750,0.83846,0.00000,0.00000,0.16153
51.20125,0.99750,0.08169,0.00000,0.00000,0.91830
51.30125,0.99750,0.15705,0.00002,0.00000,0.84292
51.40125,0.99750,0.98720,0.00006,0.00000,0.01274
51.50125,0.99750,0.99995,0.00001,0.00000,0.00004
51.60125,0.99750,0.99999,0.00000,0.00000,0.00001
51.70125,0.99750,1.00000,0.00000,0.00000,0.00000
51.80125,0.99750,1.00000,0.00000,0.00000,0.00000
51.90125,0.99750,1.00000,0.00000,0.00000,0.00000
52.00125,0.99750,1.00000,0.00000,0.00000,0.00000
52.10125,0.99750,1.00000,0.00000,0.00000,0.00000
52.20125,0.99750,1.00000,0.00000,0.00000,0.00000
52.30125,0.99750,1.00000,0.00000,0.00000,0.00000
52.40125,0.99750,0.99993,0.00000,0.00000,0.00008
52.50125,0.99750,0.99924,0.00000,0.00000,0.00076
52.60125,0.99750,0.99542,0.00000,0.00000,0.00458
52.70125,0.99750,0.92718,0.00000,0.00000,0.07282
52.80125,0.99750,0.44547,0.00000,0.00000,0.55453
52.90125,0.99750,0.07219,0.00001,0.00000,0.92780
53.00125,0.99750,0.42690,0.00006,0.00000,0.57304
53.10125,0.99750,0.99903,0.00003,0.00000,0.00095
53.20125,0.99750,0.99994,0.00000,0.00000,0.00006
53.30125,0.99750,0.99998,0.00000,0.00000,0.00002
53.40125,0.99750,0.99997,0.00000,0.00000,0.00003
53.50125,0.99750,0.99999,0.00000,0.00000,0.00001
53.60125,0.99750,1.00000,0.00000,0.00000,0.00000
53.70125,0.99750,1.00000,0.00000,0.00000,0.00000
53.80125,0.99750,1.00000,0.00000,0.00000,0.00000
53.90125,0.99750,1.00000,0.00000,0.00000,0.00000
54.00125,0.99750,0.99999,0.00000,0.00000,0.00001
54.10125,0.99750,0.99977,0.00000,0.00000,0.00023
54.20125,0.99750,0.99997,0.00000,0.00000,0.00003
54.30125,0.99750,0.99975,0.00000,0.00000,0.00025
54.40125,0.99750,0.98027,0.00001,0.00000,0.01972
54.50125,0.99750,0.40924,0.00002,0.00000,0.59074
54.60125,0.99750,0.28708,0.00011,0.00000,0.71280
54.70125,0.99750,0.30050,0.00035,0.00000,0.69914
54.80125,0.99750,0.99198,0.00009,0.00000,0.00793
54.90125,0.99750,0.99991,0.00000,0.00000,0.00009
55.00125,0.99750,0.99998,0.00000,0.00000,0.00002
55.10125,0.99750,1.00000,0.00000,0.00000,0.00000
55.20125,0.99750,1.00000,0.00000,0.00000,0.00000
55.30125,0.99750,1.00000,0.00000,0.00000,0.00000
55.40125,0.99750,1.00000,0.00000,0.00000,0.00000
55.50125,0.99750,1.00000,0.00000,0.00000,0.00000
55.60125,0.99750,1.00000,0.00000,0.00000,0.00000
55.70125,0.99750,0.99998,0.00000,0.00000,0.00002
55.80125,0.99750,0.99688,0.00000,0.00000,0.00312
55.90125,0.99750,0.98971,0.00000,0.00000,0.01029
56.00125,0.99750,0.86974,0.00001,0.00000,0.13024
56.10125,0.99750,0.36652,0.00001,0.00000,0.63346
56.20125,0.99750,0.04396,0.00001,0.00000,0.95603
56.30125,0.99750,0.82261,0.00019,0.00000,0.17720
56.40125,0.99750,0.99820,0.00004,0.00000,0.00176
56.50125,0.99750,0.99994,0.00000,0.00000,0.00005
56.60125,0.99750,0.99996,0.00000,0.00000,0.00003
56.70125,0.99750,0.99993,0.00000,0.00001,0.00006
56.80125,0.99750,0.99999,0.00000,0.00000,0.00001
56.90125,0.99750,0.99999,0.00000,0.00000,0.00001
57.00125,0.99750,1.00000,0.00000,0.00000,0.00000
57.10125,0.99750,1.00000,0.00000,0.00000,0.00000
57.20125,0.99750,1.00000,0.00000,0.00000,0.00000
57.30125,0.99750,1.00000,0.00000,0.00000,0.00000
57.40125,0.99750,0.99996,0.00000,0.00000,0.00004
57.50125,0.99750,0.99996,0.00000,0.00000,0.00004
57.60125,0.99750,0.99997,0.00000,0.00000,0.00003
57.70125,0.99750,0.99985,0.00000,0.00000,0.00015
57.80125,0.99750,0.99991,0.00000,0.00000,0.00009
57.90125,0.99750,0.99722,0.00000,0.00000,0.00278
58.00125,0.99750,0.94567,0.00005,0.00000,0.05428
58.10125,0.99750,0.14859,0.00005,0.00000,0.85135
58.20125,0.99750,0.52833,0.00028,0.00000,0.47139
58.30125,0.99750,0.99556,0.00003,0.00000,0.00441
58.40125,0.99750,0.99989,0.00000,0.00000,0.00010
58.50125,0.99750,0.99999,0.00000,0.00000,0.00001
58.60125,0.99750,1.00000,0.00000,0.00000,0.00000
58.70125,0.99750,1.00000,0.00000,0.00000,0.00000
58.80125,0.99750,1.00000,0.00000,0.00000,0.00000
58.90125,0.99750,1.00000,0.00000,0.00000,0.00000
59.00125,0.99750,1.00000,0.00000,0.00000,0.00000
59.10125,0.99750,1.00000,0.00000,0.00000,0.00000
59.20125,0.99750,1.00000,0.00000,0.00000,0.00000
59.30125,0.99750,0.99990,0.00000,0.00000,0.00010
59.40125,0.99750,0.99905,0.00000,0.00000,0.00095
59.50125,0.99750,0.99987,0.00000,0.00000,0.00013
59.60125,0.99750,0.97543,0.00000,0.00000,0.02457
59.70125,0.99750,0.89255,0.00002,0.00000,0.10743
59.80125,0.99750,0.19174,0.00004,0.00000,0.80822
59.90125,0.99750,0.46601,0.00047,0.00000,0.53352
60.00125,0.99750,0.99192,0.00126,0.00000,0.00682
60.10125,0.99750,0.99972,0.00005,0.00000,0.00024
60.20125,0.99750,0.99965,0.00001,0.00000,0.00034
60.30125,0.99750,0.99995,0.00000,0.00000,0.00004
60.40125,0.99750,1.00000,0.00000,0.00000,0.00000
60.50125,0.99750,1.00000,0.00000,0.00000,0.00000
60.60125,0.99750,1.00000,0.00000,0.00000,0.00000
60.70125,0.99750,1.00000,0.00000,0.00000,0.00000
60.80125,0.99750,1.00000,0.00000,0.00000,0.00000
60.90125,0.99750,1.00000,0.00000,0.00000,0.00000
61.00125,0.99750,1.00000,0.00000,0.00000,0.00000
61.10125,0.99750,1.00000,0.00000,0.00000,0.00000
61.20125,0.99750,1.00000,0.00000,0.00000,0.00000
61.30125,0.99750,0.99999,0.00000,0.00000,0.00001
61.40125,0.99750,0.99986,0.00000,0.00000,0.00014
61.50125,0.99750,0.98230,0.00000,0.00000,0.01769
61.60125,0.99750,0.27413,0.00002,0.00000,0.72586
61.70125,0.99750,0.28997,0.00006,0.00000,0.70997
61.80125,0.99750,0.82242,0.00038,0.00000,0.17720
61.90125,0.99750,0.99982,0.00006,0.00000,0.00012
62.00125,0.99750,0.99999,0.00000,0.00000,0.00001
62.10125,0.99750,1.00000,0.00000,0.00000,0.00000
62.20125,0.99750,1.00000,0.00000,0.00000,0.00000
62.30125,0.99750,1.00000,0.00000,0.00000,0.00000
62.40125,0.99750,1.00000,0.00000,0.00000,0.00000
62.50125,0.99750,1.00000,0.00000,0.00000,0.00000
62.60125,0.99750,1.00000,0.00000,0.00000,0.00000
62.70125,0.99750,1.00000,0.00000,0.00000,0.00000
62.80125,0.99750,1.00000,0.00000,0.00000,0.00000
62.90125,0.99750,0.99994,0.00000,0.00000,0.00006
63.00125,0.99750,0.99987,0.00000,0.00000,0.00013
63.10125,0.99750,0.99988,0.00000,0.00000,0.00012
63.20125,0.99751,0.99973,0.00000,0.00000,0.00027
63.30125,0.99750,0.99991,0.00000,0.00000,0.00009
63.40125,0.99750,0.99946,0.00000,0.00000,0.00054
63.50125,0.99750,0.98463,0.00001,0.00000,0.01536
63.60125,0.99750,0.87911,0.00036,0.00000,0.12054
63.70125,0.99751,0.29876,0.00141,0.00000,0.69983
63.80125,0.99750,0.20442,0.00268,0.00000,0.79290
63.90125,0.99750,0.96646,0.00055,0.00000,0.03299
64.00125,0.99750,0.99859,0.00010,0.00000,0.00131
64.10125,0.99750,0.99992,0.00001,0.00000,0.00007
64.20125,0.99751,0.99997,0.00000,0.00000,0.00003
64.30125,0.99751,1.00000,0.00000,0.00000,0.00000
64.40125,0.99750,0.99999,0.00000,0.00000,0.00001
64.50125,0.99750,1.00000,0.00000,0.00000,0.00000
64.60125,0.99750,1.00000,0.00000,0.00000,0.00000
64.70125,0.99751,1.00000,0.00000,0.00000,0.00000
64.80125,0.99751,1.00000,0.00000,0.00000,0.00000
64.90125,0.99750,0.99999,0.00000,0.00000,0.00001
65.00125,0.99750,0.99978,0.00000,0.00000,0.00022
65.10125,0.99750,0.99954,0.00000,0.00000,0.00046
65.20125,0.99751,0.99990,0.00000,0.00000,0.00010
65.30125,0.99751,0.99503,0.00000,0.00000,0.00497
65.40125,0.99750,0.91533,0.00000,0.00000,0.08467
65.50125,0.99750,0.17254,0.00001,0.00000,0.82745
65.60125,0.99750,0.54092,0.00008,0.00000,0.45900
65.70125,0.99751,0.99184,0.00003,0.00000,0.00812
65.80125,0.99751,0.99999,0.00000,0.00000,0.00001
65.90125,0.99750,1.00000,0.00000,0.00000,0.00000
66.00125,0.99750,1.00000,0.00000,0.00000,0.00000
66.10125,0.99750,1.00000,0.00000,0.00000,0.00000
66.20125,0.99751,1.00000,0.00000,0.00000,0.00000
66.30125,0.99751,1.00000,0.00000,0.00000,0.00000
66.40125,0.99750,1.00000,0.00000,0.00000,0.00000
66.50125,0.99750,1.00000,0.00000,0.00000,0.00000
66.60125,0.99750,1.00000,0.00000,0.00000,0.00000
66.70125,0.99751,1.00000,0.00000,0.00000,0.00000
66.80125,0.99751,0.99991,0.00000,0.00000,0.00009
66.90125,0.99750,0.99951,0.00000,0.00000,0.00049
67.00125,0.99750,0.97772,0.00000,0.00000,0.02228
67.10125,0.99750,0.66985,0.00000,0.00000,0.33014
67.20125,0.99751,0.75028,0.00002,0.00000,0.24971
67.30125,0.99751,0.05584,0.00001,0.00000,0.94415
67.40125,0.99750,0.63026,0.00005,0.00000,0.36969
67.50125,0.99750,0.94956,0.00004,0.00000,0.05041
67.60125,0.99750,0.98955,0.00000,0.00000,0.01045
67.70125,0.99751,0.99633,0.00000,0.00000,0.00367
67.80125,0.99751,0.99917,0.00000,0.00000,0.00083
67.90125,0.99750,0.99972,0.00000,0.00000,0.00028
68.00125,0.99750,0.99988,0.00000,0.00000,0.00012
68.10125,0.99750,0.99996,0.00000,0.00000,0.00004
68.20125,0.99751,0.99995,0.00000,0.00000,0.00005
68.30125,0.99751,0.99997,0.00000,0.00000,0.00003
68.40125,0.99750,0.99778,0.00000,0.00000,0.00222
68.50125,0.99750,0.99937,0.00000,0.00000,0.00063
68.60125,0.99750,0.99597,0.00000,0.00000,0.00403
68.70125,0.99751,0.95858,0.00001,0.00000,0.04142
68.80125,0.99751,0.23013,0.00002,0.00000,0.76985
68.90125,0.99750,0.13055,0.00013,0.00000,0.86932
69.00125,0.99750,0.93102,0.00117,0.00000,0.06781
69.10125,0.99750,0.99958,0.00008,0.00000,0.00034
69.20125,0.99751,0.99953,0.00001,0.00000,0.00046
69.30125,0.99751,0.99992,0.00000,0.00000,0.00007
69.40125,0.99750,0.99997,0.00000,0.00000,0.00003
69.50125,0.99750,0.99999,0.00000,0.00000,0.00001
69.60125,0.99750,1.00000,0.00000,0.00000,0.00000
69.70125,0.99751,1.00000,0.00000,0.00000,0.00000
69.80125,0.99751,1.00000,0.00000,0.00000,0.00000
69.90125,0.99750,1.00000,0.00000,0.00000,0.00000
70.00125,0.99750,0.99986,0.00000,0.00000,0.00014
70.10125,0.99750,0.99983,0.00000,0.00000,0.00017
70.20125,0.99751,0.99997,0.00000,0.00000,0.00003
70.30125,0.99751,0.99987,0.00000,0.00000,0.00013
70.40125,0.99750,0.98836,0.00000,0.00000,0.01164
70.50125,0.99750,0.85014,0.00003,0.00000,0.14984
70.60125,0.99750,0.06360,0.00006,0.00000,0.93635
70.70125,0.99751,0.64279,0.00089,0.00000,0.35632
70.80125,0.99751,0.99924,0.00035,0.00000,0.00040
70.90125,0.99750,0.99992,0.00006,0.00000,0.00002
71.00125,0.99750,0.99998,0.00001,0.00000,0.00001
71.10125,0.99750,1.00000,0.00000,0.00000,0.00000
71.20125,0.99751,1.00000,0.00000,0.00000,0.00000
71.30125,0.99751,1.00000,0.00000,0.00000,0.00000
71.40125,0.99750,1.00000,0.00000,0.00000,0.00000
71.50125,0.99750,1.00000,0.00000,0.00000,0.00000
71.60125,0.99750,1.00000,0.00000,0.00000,0.00000
71.70125,0.99751,0.99999,0.00000,0.00000,0.00001
71.80125,0.99751,0.99969,0.00000,0.00000,0.00031
71.90125,0.99750,0.99928,0.00000,0.00000,0.00072
72.00125,0.99750,0.99968,0.00000,0.00000,0.00032
72.10125,0.99750,0.99194,0.00000,0.00000,0.00806
72.20125,0.99751,0.95013,0.00001,0.00000,0.04986
72.30125,0.99751,0.18774,0.00004,0.00000,0.81222
72.40125,0.99750,0.36333,0.00029,0.00000,0.63638
72.50125,0.99750,0.99556,0.00010,0.00000,0.00434
72.60125,0.99750,0.99975,0.00002,0.00000,0.00023
72.70125,0.99751,0.99978,0.00001,0.00000,0.00021
72.80125,0.99751,0.99977,0.00000,0.00000,0.00022
72.90125,0.99750,0.99999,0.00000,0.00000,0.00001
73.00125,0.99750,1.00000,0.00000,0.00000,0.00000
73.10125,0.99750,1.00000,0.00000,0.00000,0.00000
73.20125,0.99751,1.00000,0.00000,0.00000,0.00000
73.30125,0.99751,1.00000,0.00000,0.00000,0.00000
73.40125,0.99750,0.99999,0.00000,0.00000,0.00001
73.50125,0.99750,0.99993,0.00000,0.00000,0.00007
73.60125,0.99750,0.99990,0.00000,0.00000,0.00010
73.70125,0.99751,0.99984,0.00000,0.00000,0.00016
73.80125,0.99751,0.95938,0.00000,0.00000,0.04062
73.90125,0.99750,0.29498,0.00000,0.00000,0.70502
74.00125,0.99750,0.32827,0.00003,0.00000,0.67170
74.10125,0.99750,0.99097,0.00028,0.00000,0.00875
74.20125,0.99751,0.99984,0.00010,0.00000,0.00006
74.30125,0.99751,0.99988,0.00002,0.00000,0.00009
74.40125,0.99750,0.99997,0.00000,0.00000,0.00003
74.50125,0.99750,0.99995,0.00000,0.00000,0.00005
74.60125,0.99750,0.99999,0.00000,0.00000,0.00001
74.70125,0.99751,1.00000,0.00000,0.00000,0.00000
74.80125,0.99751,1.00000,0.00000,0.00000,0.00000
74.90125,0.99750,1.00000,0.00000,0.00000,0.00000
75.00125,0.99750,0.99998,0.00000,0.00000,0.00002
75.10125,0.99750,0.99874,0.00000,0.00000,0.00126
75.20125,0.99751,0.99904,0.00000,0.00000,0.00096
75.30125,0.99751,0.99927,0.00000,0.00000,0.00073
75.40125,0.99750,0.89029,0.00000,0.00000,0.10971
75.50125,0.99750,0.49481,0.00003,0.00000,0.50517
75.60125,0.99750,0.12118,0.00009,0.00000,0.87874
75.70125,0.99751,0.92803,0.00205,0.00000,0.06992
75.80125,0.99751,0.99978,0.00012,0.00000,0.00010
75.90125,0.99750,0.99996,0.00003,0.00000,0.00001
76.00125,0.99750,0.99998,0.00001,0.00000,0.00001
76.10125,0.99750,0.99996,0.00001,0.00000,0.00003
76.20125,0.99751,1.00000,0.00000,0.00000,0.00000
76.30125,0.99751,1.00000,0.00000,0.00000,0.00000
76.40125,0.99750,1.00000,0.00000,0.00000,0.00000
76.50125,0.99750,1.00000,0.00000,0.00000,0.00000
76.60125,0.99750,1.00000,0.00000,0.00000,0.00000
76.70125,0.99751,0.99984,0.00000,0.00000,0.00016
76.80125,0.99751,0.99679,0.00000,0.00000,0.00321
76.90125,0.99750,0.99979,0.00000,0.00000,0.00021
77.00125,0.99750,0.99945,0.00000,0.00000,0.00055
77.10125,0.99750,0.98766,0.00000,0.00000,0.01234
77.20125,0.99751,0.96267,0.00000,0.00000,0.03732
77.30125,0.99751,0.59874,0.00002,0.00000,0.40124
77.40125,0.99750,0.33757,0.00005,0.00000,0.66238
77.50125,0.99750,0.95098,0.00024,0.00000,0.04879
77.60125,0.99750,0.99994,0.00001,0.00000,0.00005
77.70125,0.99751,0.99998,0.00000,0.00000,0.00002
77.80125,0.99751,0.99999,0.00000,0.00000,0.00001
77.90125,0.99750,0.99999,0.00000,0.00000,0.00001
78.00125,0.99750,1.00000,0.00000,0.00000,0.00000
78.10125,0.99750,1.00000,0.00000,0.00000,0.00000
78.20125,0.99751,1.00000,0.00000,0.00000,0.00000
78.30125,0.99751,1.00000,0.00000,0.00000,0.00000
78.40125,0.99750,1.00000,0.00000,0.00000,0.00000
78.50125,0.99750,0.99967,0.00000,0.00000,0.00033
78.60125,0.99750,0.99970,0.00000,0.00000,0.00030
78.70125,0.99751,0.99930,0.00000,0.00000,0.00070
78.80125,0.99751,0.82051,0.00001,0.00000,0.17948
78.90125,0.99750,0.50847,0.00003,0.00000,0.49150
79.00125,0.99750,0.26662,0.00004,0.00000,0.73334
79.10125,0.99750,0.97224,0.00001,0.00000,0.02774
79.20125,0.99751,0.99976,0.00000,0.00000,0.00024
79.30125,0.99751,0.99979,0.00000,0.00000,0.00021
79.40125,0.99750,0.99983,0.00000,0.00000,0.00017
79.50125,0.99750,0.99991,0.00000,0.00000,0.00009
79.60125,0.99750,0.99995,0.00000,0.00000,0.00005
79.70125,0.99751,1.00000,0.00000,0.00000,0.00000
79.80125,0.99751,1.00000,0.00000,0.00000,0.00000
79.90125,0.99750,1.00000,0.00000,0.00000,0.00000
80.00125,0.99750,1.00000,0.00000,0.00000,0.00000
80.10125,0.99750,0.99996,0.00000,0.00000,0.00004
80.20125,0.99751,0.99996,0.00000,0.00000,0.00004
80.30125,0.99751,0.99994,0.00000,0.00000,0.00006
80.40125,0.99750,0.99995,0.00000,0.00000,0.00005
80.50125,0.99750,0.92496,0.00001,0.00000,0.07503
80.60125,0.99750,0.82891,0.00002,0.00000,0.17106
80.70125,0.99751,0.39015,0.00015,0.00000,0.60970
80.80125,0.99751,0.67089,0.00073,0.00000,0.32839
80.90125,0.99750,0.99174,0.00010,0.00000,0.00815
81.00125,0.99750,0.99755,0.00005,0.00000,0.00240
81.10125,0.99750,0.99958,0.00000,0.00000,0.00042
81.20125,0.99751,0.99985,0.00000,0.00000,0.00015
81.30125,0.99751,0.99997,0.00000,0.00000,0.00002
81.40125,0.99750,0.99999,0.00000,0.00000,0.00001
81.50125,0.99750,1.00000,0.00000,0.00000,0.00000
81.60125,0.99750,1.00000,0.00000,0.00000,0.00000
81.70125,0.99751,0.99999,0.00000,0.00000,0.00001
81.80125,0.99751,0.99997,0.00000,0.00000,0.00003
81.90125,0.99750,0.99914,0.00000,0.00000,0.00086
82.00125,0.99750,0.99997,0.00000,0.00000,0.00003
82.10125,0.99750,0.99685,0.00000,0.00000,0.00315
82.20125,0.99751,0.95635,0.00000,0.00000,0.04365
82.30125,0.99751,0.78540,0.00000,0.00003,0.21457
82.40125,0.99750,0.16008,0.00001,0.00007,0.83984
82.50125,0.99750,0.78227,0.00004,0.00039,0.21730
82.60125,0.99750,0.96083,0.00000,0.00006,0.03911
82.70125,0.99751,0.98750,0.00000,0.00004,0.01246
82.80125,0.99751,0.99735,0.00000,0.00005,0.00259
82.90125,0.99750,0.99709,0.00000,0.00004,0.00287
83.00125,0.99750,0.99872,0.00000,0.00000,0.00128
83.10125,0.99750,0.99974,0.00000,0.00000,0.00025
83.20125,0.99751,0.99988,0.00000,0.00000,0.00012
83.30125,0.99751,0.99982,0.00000,0.00000,0.00018
83.40125,0.99750,0.99984,0.00000,0.00000,0.00016
83.50125,0.99750,0.99948,0.00000,0.00000,0.00052
83.60125,0.99750,0.99982,0.00000,0.00000,0.00018
83.70125,0.99751,0.97105,0.00000,0.00000,0.02895
83.80125,0.99751,0.96086,0.00000,0.00000,0.03914
83.90125,0.99750,0.25185,0.00002,0.00000,0.74812
84.00125,0.99750,0.12059,0.00011,0.00000,0.87930
84.10125,0.99750,0.99173,0.00023,0.00000,0.00804
84.20125,0.99751,0.99994,0.00003,0.00000,0.00002
84.30125,0.99751,0.99999,0.00001,0.00000,0.00000
84.40125,0.99750,0.99996,0.00002,0.00000,0.00001
84.50125,0.99750,0.99987,0.00000,0.00012,0.00001
84.60125,0.99750,0.99995,0.00000,0.00004,0.00000
84.70125,0.99751,0.99907,0.00004,0.00089,0.00000
84.80125,0.99751,0.99993,0.00003,0.00004,0.00000
84.90125,0.99750,0.99987,0.00012,0.00001,0.00000
85.00125,0.99750,0.99989,0.00010,0.00000,0.00000
85.10125,0.99750,0.99949,0.00002,0.00000,0.00049
85.20125,0.99751,0.91969,0.00037,0.00000,0.07994
85.30125,0.99751,0.82201,0.00059,0.00000,0.17740
85.40125,0.99750,0.65316,0.00093,0.00000,0.34591
85.50125,0.99750,0.23302,0.00078,0.00000,0.76620
85.60125,0.99750,0.89004,0.00022,0.00000,0.10974
85.70125,0.99751,0.97430,0.00004,0.00000,0.02566
85.80125,0.99751,0.98862,0.00003,0.00000,0.01136
85.90125,0.99750,0.95262,0.00016,0.00000,0.04722
86.00125,0.99750,0.99562,0.00000,0.00001,0.00437
86.10125,0.99750,0.99544,0.00000,0.00000,0.00455
86.20125,0.99751,0.99777,0.00001,0.00027,0.00196
86.30125,0.99751,0.99845,0.00000,0.00015,0.00139
86.40125,0.99750,0.99864,0.00000,0.00004,0.00132
86.50125,0.99750,0.99421,0.00002,0.00005,0.00572
86.60125,0.99750,0.99858,0.00001,0.00000,0.00141
86.70125,0.99751,0.99965,0.00000,0.00000,0.00035
86.80125,0.99751,0.97191,0.00001,0.00000,0.02809
86.90125,0.99750,0.85826,0.00027,0.00000,0.14148
87.00125,0.99750,0.78130,0.00106,0.00000,0.21763
87.10125,0.99750,0.60024,0.00182,0.00000,0.39794
87.20125,0.99751,0.78094,0.00026,0.00000,0.21879
87.30125,0.99751,0.84739,0.00014,0.00000,0.15246
87.40125,0.99750,0.82976,0.00003,0.00001,0.17020
87.50125,0.99750,0.98844,0.00002,0.00001,0.01153
87.60125,0.99750,0.99911,0.00000,0.00004,0.00084
87.70125,0.99751,0.99971,0.00000,0.00001,0.00027
87.80125,0.99751,0.99953,0.00000,0.00026,0.00021
87.90125,0.99750,0.99961,0.00001,0.00019,0.00020
88.00125,0.99750,0.99984,0.00001,0.00002,0.00014
88.10125,0.99750,0.99990,0.00002,0.00000,0.00008
88.20125,0.99751,0.99998,0.00000,0.00000,0.00001
88.30125,0.99751,0.99958,0.00001,0.00000,0.00041
88.40125,0.99750,0.98682,0.00005,0.00000,0.01314
88.50125,0.99750,0.10188,0.00002,0.00000,0.89809
88.60125,0.99750,0.41735,0.00004,0.00000,0.58261
88.70125,0.99751,0.98668,0.00001,0.00000,0.01331
88.80125,0.99751,0.99997,0.00000,0.00000,0.00003
88.90125,0.99750,1.00000,0.00000,0.00000,0.00000
89.00125,0.99750,0.99999,0.00000,0.00000,0.00000
89.10125,0.99750,1.00000,0.00000,0.00000,0.00000
89.20125,0.99751,1.00000,0.00000,0.00000,0.00000
89.30125,0.99751,0.99999,0.00000,0.00001,0.00000
89.40125,0.99750,0.99999,0.00000,0.00001,0.00000
89.50125,0.99750,0.99999,0.00000,0.00001,0.00000
89.60125,0.99750,0.99999,0.00000,0.00000,0.00000
89.70125,0.99751,0.99999,0.00000,0.00000,0.00001
89.80125,0.99751,0.99949,0.00001,0.00000,0.00050
89.90125,0.99750,0.99623,0.00002,0.00000,0.00375
90.00125,0.99750,0.99943,0.00000,0.00000,0.00057
90.10125,0.99750,0.89627,0.00008,0.00000,0.10365
90.20125,0.99751,0.85625,0.00008,0.00000,0.14367
90.30125,0.99751,0.75775,0.00003,0.00000,0.24223
90.40125,0.99750,0.99281,0.00003,0.00000,0.00716
90.50125,0.99750,0.99941,0.00025,0.00000,0.00034
90.60125,0.99750,0.99993,0.00003,0.00000,0.00003
90.70125,0.99751,0.99999,0.00000,0.00000,0.00000
90.80125,0.99751,1.00000,0.00000,0.00000,0.00000
90.90125,0.99750,1.00000,0.00000,0.00000,0.00000
91.00125,0.99750,1.00000,0.00000,0.00000,0.00000
91.10125,0.99750,1.00000,0.00000,0.00000,0.00000
91.20125,0.99751,1.00000,0.00000,0.00000,0.00000
91.30125,0.99751,1.00000,0.00000,0.00000,0.00000
91.40125,0.99750,0.99981,0.00000,0.00000,0.00019
91.50125,0.99750,0.99979,0.00000,0.00000,0.00021
91.60125,0.99750,0.99610,0.00000,0.00000,0.00390
91.70125,0.99751,0.91805,0.00000,0.00000,0.08194
91.80125,0.99751,0.68184,0.00008,0.00001,0.31807
91.90125,0.99750,0.60995,0.00099,0.00007,0.38899
92.00125,0.99750,0.83864,0.00106,0.00011,0.16019
92.10125,0.99750,0.92424,0.00224,0.00011,0.07340
92.20125,0.99751,0.94393,0.00046,0.00005,0.05557
92.30125,0.99751,0.96244,0.00005,0.00008,0.03742
92.40125,0.99750,0.97310,0.00000,0.00050,0.02640
92.50125,0.99750,0.98955,0.00000,0.00002,0.01043
92.60125,0.99750,0.99774,0.00000,0.00000,0.00226
92.70125,0.99751,0.99906,0.00000,0.00000,0.00094
92.80125,0.99751,0.99992,0.00000,0.00000,0.00008
92.90125,0.99750,0.99997,0.00000,0.00000,0.00003
93.00125,0.99750,0.99986,0.00000,0.00000,0.00014
93.10125,0.99750,0.99978,0.00000,0.00000,0.00022
93.20125,0.99751,0.99978,0.00000,0.00000,0.00022
93.30125,0.99751,0.99996,0.00000,0.00000,0.00004
93.40125,0.99750,0.99996,0.00000,0.00000,0.00004
93.50125,0.99750,0.99768,0.00000,0.00000,0.00232
93.60125,0.99750,0.92233,0.00001,0.00000,0.07767
93.70125,0.99751,0.14104,0.00001,0.00000,0.85895
93.80125,0.99751,0.72828,0.00003,0.00000,0.27169
93.90125,0.99750,0.99501,0.00000,0.00000,0.00499
94.00125,0.99750,0.99983,0.00000,0.00000,0.00017
94.10125,0.99750,0.99988,0.00000,0.00000,0.00012
94.20125,0.99751,0.99973,0.00000,0.00000,0.00027
94.30125,0.99751,0.99974,0.00000,0.00021,0.00005
94.40125,0.99750,0.99995,0.00000,0.00004,0.00001
94.50125,0.99750,0.99946,0.00001,0.00053,0.00000
94.60125,0.99750,0.99978,0.00000,0.00021,0.00000
94.70125,0.99751,0.99961,0.00000,0.00038,0.00001
94.80125,0.99751,0.99815,0.00011,0.00130,0.00044
94.90125,0.99750,0.99392,0.00057,0.00355,0.00195
95.00125,0.99750,0.99634,0.00027,0.00006,0.00333
95.10125,0.99750,0.99958,0.00003,0.00026,0.00012
95.20125,0.99751,0.98569,0.00001,0.00002,0.01428
95.30125,0.99751,0.91115,0.00004,0.00002,0.08879
95.40125,0.99750,0.76667,0.00007,0.00009,0.23317
95.50125,0.99750,0.64124,0.00003,0.00004,0.35869
95.60125,0.99750,0.97199,0.00001,0.00001,0.02798
95.70125,0.99751,0.98141,0.00000,0.00001,0.01858
95.80125,0.99751,0.98631,0.00000,0.00001,0.01368
95.90125,0.99750,0.99134,0.00000,0.00003,0.00862
96.00125,0.99750,0.99508,0.00000,0.00024,0.00468
96.10125,0.99750,0.99458,0.00000,0.00023,0.00519
96.20125,0.99751,0.81645,0.00000,0.00510,0.17845
96.30125,0.99751,0.99010,0.00000,0.00288,0.00701
96.40125,0.99750,0.97903,0.00000,0.00303,0.01794
96.50125,0.99750,0.98581,0.00001,0.00621,0.00797
96.60125,0.99750,0.98834,0.00001,0.00487,0.00678
96.70125,0.99751,0.99910,0.00001,0.00027,0.00062
96.80125,0.99751,0.96023,0.00003,0.00000,0.03974
96.90125,0.99750,0.99357,0.00000,0.00000,0.00643
97.00125,0.99750,0.93734,0.00001,0.00000,0.06265
97.10125,0.99750,0.95164,0.00003,0.00000,0.04833
97.20125,0.99751,0.73558,0.00003,0.00000,0.26440
97.30125,0.99751,0.76950,0.00005,0.00000,0.23046
97.40125,0.99750,0.62700,0.00028,0.00000,0.37273
97.50125,0.99750,0.84309,0.00005,0.00000,0.15686
97.60125,0.99750,0.97848,0.00000,0.00000,0.02152
97.70125,0.99751,0.99954,0.00000,0.00000,0.00046
97.80125,0.99751,0.99891,0.00000,0.00000,0.00109
97.90125,0.99750,0.99981,0.00000,0.00000,0.00019
98.00125,0.99750,0.99998,0.00000,0.00000,0.00002
98.10125,0.99750,0.99999,0.00000,0.00000,0.00001
98.20125,0.99751,0.99997,0.00000,0.00000,0.00003
98.30125,0.99751,0.99914,0.00000,0.00000,0.00086
98.40125,0.99750,0.99996,0.00000,0.00000,0.00004
98.50125,0.99750,0.99824,0.00000,0.00000,0.00176
98.60125,0.99750,0.94022,0.00000,0.00000,0.05978
98.70125,0.99751,0.37597,0.00001,0.00000,0.62402
98.80125,0.99751,0.17951,0.00010,0.00000,0.82039
98.90125,0.99750,0.95439,0.00112,0.00001,0.04448
99.00125,0.99750,0.99575,0.00057,0.00001,0.00367
99.10125,0.99750,0.99662,0.00017,0.00001,0.00320
99.20125,0.99751,0.99809,0.00001,0.00000,0.00190
99.30125,0.99751,0.99888,0.00000,0.00000,0.00111
99.40125,0.99750,0.99968,0.00000,0.00000,0.00032
99.50125,0.99750,0.99982,0.00000,0.00000,0.00017
99.60125,0.99750,0.99997,0.00000,0.00000,0.00003
99.70125,0.99751,0.99999,0.00000,0.00000,0.00001
99.80125,0.99751,0.99891,0.00000,0.00000,0.00109
99.90125,0.99750,0.97638,0.00000,0.00000,0.02362
100.00125,0.99750,0.95963,0.00000,0.00000,0.04037
100.10125,0.99750,0.47685,0.00000,0.00000,0.52315
100.20125,0.99751,0.33204,0.00001,0.00000,0.66795
100.30125,0.99751,0.99259,0.00006,0.00000,0.00734
100.40125,0.99750,0.99984,0.00010,0.00000,0.00006
100.50125,0.99750,0.99998,0.00002,0.00000,0.00000
100.60125,0.99750,1.00000,0.00000,0.00000,0.00000
100.70125,0.99751,1.00000,0.00000,0.00000,0.00000
100.80125,0.99751,1.00000,0.00000,0.00000,0.00000
100.90125,0.99750,1.00000,0.00000,0.00000,0.00000
101.00125,0.99750,1.00000,0.00000,0.00000,0.00000
101.10125,0.99750,1.00000,0.00000,0.00000,0.00000
101.20125,0.99751,1.00000,0.00000,0.00000,0.00000
101.30125,0.99751,0.99997,0.00000,0.00000,0.00003
101.40125,0.99750,0.99991,0.00000,0.00000,0.00009
101.50125,0.99750,0.99012,0.00000,0.00000,0.00988
101.60125,0.99750,0.66423,0.00000,0.00000,0.33577
101.70125,0.99751,0.29374,0.00001,0.00000,0.70624
101.80125,0.99751,0.95864,0.00012,0.00000,0.04124
101.90125,0.99750,0.96677,0.00053,0.00001,0.03270
102.00125,0.99750,0.98886,0.00019,0.00001,0.01094
102.10125,0.99750,0.99199,0.00021,0.00001,0.00778
102.20125,0.99751,0.99637,0.00015,0.00005,0.00343
102.30125,0.99751,0.99773,0.00006,0.00024,0.00197
102.40125,0.99750,0.99548,0.00068,0.00020,0.00363
102.50125,0.99750,0.99837,0.00012,0.00007,0.00144
102.60125,0.99750,0.99723,0.00008,0.00000,0.00269
102.70125,0.99751,0.97925,0.00008,0.00000,0.02067
102.80125,0.99751,0.94544,0.00035,0.00000,0.05420
102.90125,0.99750,0.99168,0.00001,0.00000,0.00831
103.00125,0.99750,0.99800,0.00000,0.00000,0.00200
103.10125,0.99750,0.99816,0.00000,0.00000,0.00184
103.20125,0.99751,0.99911,0.00000,0.00000,0.00089
103.30125,0.99751,0.99943,0.00000,0.00000,0.00057
103.40125,0.99750,0.99328,0.00000,0.00000,0.00672
103.50125,0.99750,0.99781,0.00000,0.00000,0.00219
103.60125,0.99750,0.99514,0.00000,0.00000,0.00486
103.70125,0.99751,0.99408,0.00000,0.00000,0.00592
103.80125,0.99751,0.98386,0.00000,0.00000,0.01614
103.90125,0.99750,0.98815,0.00000,0.00000,0.01185
104.00125,0.99750,0.99730,0.00000,0.00000,0.00270
