Time (seconds), Duration (seconds),pred_(unlabeled),pred_Jab_R,pred_Sidehook_R,pred_Uppercut_R
0.00125,0.49750,0.99996,0.00000,0.00001,0.00003
0.14375,0.49750,0.99995,0.00000,0.00001,0.00004
0.28625,0.49750,0.99996,0.00001,0.00002,0.00002
0.42875,0.49750,0.99988,0.00008,0.00004,0.00001
0.57125,0.49750,0.99969,0.00004,0.00028,0.00000
0.71375,0.49750,0.99986,0.00001,0.00013,0.00000
0.85625,0.49750,0.99994,0.00000,0.00003,0.00003
0.99875,0.49750,0.99991,0.00000,0.00001,0.00008
1.14125,0.49750,0.99993,0.00000,0.00004,0.00003
1.28375,0.49750,0.99971,0.00000,0.00028,0.00001
1.42625,0.49750,0.99929,0.00003,0.00069,0.00000
1.56875,0.49750,0.99915,0.00004,0.00081,0.00000
1.71125,0.49750,0.99983,0.00002,0.00015,0.00000
1.85375,0.49750,0.99998,0.00000,0.00001,0.00001
1.99625,0.49750,0.99998,0.00000,0.00002,0.00000
2.13875,0.49750,0.99995,0.00000,0.00002,0.00003
2.28125,0.49750,0.99991,0.00000,0.00005,0.00004
2.42375,0.49750,0.99937,0.00000,0.00049,0.00014
2.56625,0.49750,0.99754,0.00000,0.00240,0.00006
2.70875,0.49750,0.99983,0.00003,0.00012,0.00003
2.85125,0.49750,0.99913,0.00079,0.00007,0.00001
2.99375,0.49750,0.99686,0.00312,0.00000,0.00001
3.13625,0.49750,0.99713,0.00286,0.00001,0.00000
3.27875,0.49750,0.99993,0.00005,0.00002,0.00000
3.42125,0.49750,0.99996,0.00001,0.00002,0.00001
3.56375,0.49750,0.99997,0.00000,0.00002,0.00001
3.70625,0.49750,0.99995,0.00000,0.00003,0.00001
3.84875,0.49750,0.99997,0.00000,0.00002,0.00001
3.99125,0.49750,0.99996,0.00000,0.00001,0.00003
4.13375,0.49750,0.99993,0.00000,0.00001,0.00006
4.27625,0.49750,0.99989,0.00000,0.00000,0.00010
4.41875,0.49750,0.99969,0.00000,0.00000,0.00030
4.56125,0.49750,0.99979,0.00000,0.00000,0.00021
4.70375,0.49750,0.99989,0.00000,0.00000,0.00010
4.84625,0.49750,0.99994,0.00000,0.00001,0.00005
4.98875,0.49750,0.99993,0.00000,0.00004,0.00003
5.13125,0.49750,0.99995,0.00000,0.00001,0.00003
5.27375,0.49750,0.99994,0.00000,0.00000,0.00006
5.41625,0.49750,0.99993,0.00000,0.00000,0.00007
5.55875,0.49750,0.99991,0.00001,0.00000,0.00008
5.70125,0.49750,0.99983,0.00003,0.00000,0.00014
5.84375,0.49750,0.99981,0.00002,0.00000,0.00017
5.98625,0.49750,0.99987,0.00000,0.00000,0.00013
6.12875,0.49750,0.99980,0.00000,0.00000,0.00020
6.27125,0.49750,0.99971,0.00000,0.00000,0.00029
6.41375,0.49750,0.99995,0.00001,0.00001,0.00003
6.55625,0.49750,0.99984,0.00005,0.00009,0.00002
6.69875,0.49750,0.99967,0.00031,0.00001,0.00001
6.84125,0.49750,0.99944,0.00054,0.00000,0.00002
6.98375,0.49750,0.99985,0.00006,0.00000,0.00009
7.12625,0.49750,0.99998,0.00000,0.00000,0.00002
7.26875,0.49750,0.99999,0.00000,0.00000,0.00001
7.41125,0.49750,0.99998,0.00000,0.00000,0.00001
7.55375,0.49750,0.99998,0.00000,0.00000,0.00002
7.69625,0.49750,0.99998,0.00000,0.00001,0.00001
7.83875,0.49750,0.99997,0.00000,0.00001,0.00002
7.98125,0.49750,0.99998,0.00000,0.00000,0.00001
8.12375,0.49750,0.99997,0.00000,0.00000,0.00002
8.26625,0.49750,0.99996,0.00000,0.00000,0.00004
8.40875,0.49750,0.99996,0.00000,0.00000,0.00003
8.55125,0.49750,0.99994,0.00000,0.00000,0.00006
8.69375,0.49750,0.99985,0.00000,0.00000,0.00015
8.83625,0.49750,0.99997,0.00001,0.00000,0.00002
8.97875,0.49750,0.99999,0.00000,0.00000,0.00001
9.12125,0.49750,0.99998,0.00000,0.00002,0.00000
9.26375,0.49750,0.99997,0.00000,0.00001,0.00002
9.40625,0.49750,0.99996,0.00001,0.00000,0.00003
9.54875,0.49750,0.99998,0.00000,0.00000,0.00002
9.69125,0.49750,0.99997,0.00001,0.00000,0.00002
9.83375,0.49750,0.99992,0.00000,0.00000,0.00008
9.97625,0.49750,0.99986,0.00000,0.00001,0.00013
10.11875,0.49750,0.99993,0.00001,0.00002,0.00004
10.26125,0.49750,0.99990,0.00001,0.00007,0.00002
10.40375,0.49750,0.99995,0.00004,0.00000,0.00001
10.54625,0.49750,0.99998,0.00000,0.00000,0.00002
10.68875,0.49750,0.99994,0.00002,0.00000,0.00004
10.83125,0.49750,0.99997,0.00001,0.00001,0.00002
10.97375,0.49750,0.99986,0.00001,0.00012,0.00001
11.11625,0.49750,0.99992,0.00000,0.00007,0.00001
11.25875,0.49750,0.99975,0.00000,0.00023,0.00001
11.40125,0.49750,0.99986,0.00001,0.00012,0.00001
11.54375,0.49750,0.99988,0.00000,0.00009,0.00003
11.68625,0.49750,0.99992,0.00000,0.00005,0.00003
11.82875,0.49750,0.99990,0.00000,0.00000,0.00009
11.97125,0.49750,0.99987,0.00000,0.00000,0.00012
12.11375,0.49750,0.99996,0.00000,0.00000,0.00004
12.25625,0.49750,0.99989,0.00010,0.00000,0.00000
12.39875,0.49750,0.99952,0.00047,0.00002,0.00000
12.54125,0.49750,0.99981,0.00014,0.00005,0.00000
12.68375,0.49750,0.99995,0.00001,0.00005,0.00000
12.82625,0.49750,0.99996,0.00000,0.00003,0.00001
12.96875,0.49750,0.99982,0.00000,0.00009,0.00009
13.11125,0.49750,0.99961,0.00000,0.00010,0.00029
13.25375,0.49750,0.99953,0.00000,0.00003,0.00044
13.39625,0.49750,0.99970,0.00001,0.00001,0.00029
13.53875,0.49750,0.99993,0.00002,0.00001,0.00004
13.68125,0.49750,0.99979,0.00018,0.00002,0.00001
13.82375,0.49750,0.99973,0.00010,0.00017,0.00000
13.96625,0.49750,0.99978,0.00001,0.00022,0.00000
14.10875,0.49750,0.99985,0.00000,0.00015,0.00000
14.25125,0.49750,0.99974,0.00000,0.00026,0.00000
14.39375,0.49750,0.99934,0.00002,0.00064,0.00000
14.53625,0.49750,0.99880,0.00039,0.00080,0.00000
14.67875,0.49750,0.99961,0.00015,0.00024,0.00000
14.82125,0.49750,0.99993,0.00001,0.00006,0.00001
14.96375,0.49750,0.99996,0.00000,0.00002,0.00002
15.10625,0.49750,0.99997,0.00000,0.00001,0.00003
15.24875,0.49750,0.99997,0.00001,0.00001,0.00001
15.39125,0.49750,0.99997,0.00001,0.00000,0.00002
15.53375,0.49750,0.99998,0.00000,0.00001,0.00001
15.67625,0.49750,0.99992,0.00000,0.00000,0.00008
15.81875,0.49750,0.99962,0.00000,0.00000,0.00038
15.96125,0.49750,0.99969,0.00000,0.00000,0.00031
16.10375,0.49750,0.99984,0.00002,0.00001,0.00013
16.24625,0.49750,0.99977,0.00021,0.00001,0.00001
16.38875,0.49750,0.99907,0.00092,0.00002,0.00000
16.53125,0.49750,0.99907,0.00092,0.00001,0.00000
16.67375,0.49750,0.99963,0.00036,0.00001,0.00000
16.81625,0.49750,0.99986,0.00013,0.00000,0.00001
16.95875,0.49750,0.99983,0.00016,0.00000,0.00001
17.10125,0.49750,0.99961,0.00038,0.00000,0.00001
17.24375,0.49750,0.99852,0.00147,0.00000,0.00001
17.38625,0.49750,0.99849,0.00151,0.00000,0.00001
17.52875,0.49750,0.99889,0.00111,0.00000,0.00000
17.67125,0.49750,0.99925,0.00074,0.00001,0.00000
17.81375,0.49750,0.99940,0.00058,0.00002,0.00000
17.95625,0.49750,0.99935,0.00063,0.00002,0.00000
18.09875,0.49750,0.99861,0.00137,0.00001,0.00001
18.24125,0.49750,0.99783,0.00215,0.00001,0.00001
18.38375,0.49750,0.99681,0.00317,0.00001,0.00001
18.52625,0.49750,0.99595,0.00404,0.00001,0.00001
18.66875,0.49750,0.99765,0.00234,0.00001,0.00001
18.81125,0.49750,0.99969,0.00028,0.00003,0.00001
18.95375,0.49750,0.99990,0.00004,0.00006,0.00000
19.09625,0.49750,0.99989,0.00002,0.00009,0.00000
19.23875,0.49750,0.99995,0.00001,0.00004,0.00000
19.38125,0.49750,0.99995,0.00002,0.00003,0.00000
19.52375,0.49750,0.99996,0.00001,0.00001,0.00002
19.66625,0.49750,0.99994,0.00001,0.00001,0.00004
19.80875,0.49750,0.99990,0.00002,0.00004,0.00004
19.95125,0.49750,0.99962,0.00024,0.00012,0.00001
20.09375,0.49750,0.99961,0.00031,0.00007,0.00001
20.23625,0.49750,0.99983,0.00009,0.00008,0.00000
20.37875,0.49750,0.99996,0.00000,0.00003,0.00001
20.52125,0.49750,0.99992,0.00000,0.00007,0.00001
20.66375,0.49750,0.99993,0.00000,0.00003,0.00004
20.80625,0.49750,0.99996,0.00000,0.00002,0.00003
20.94875,0.49750,0.99996,0.00001,0.00002,0.00001
21.09125,0.49750,0.99992,0.00002,0.00003,0.00003
21.23375,0.49750,0.99991,0.00001,0.00005,0.00003
21.37625,0.49750,0.99990,0.00000,0.00006,0.00004
21.51875,0.49750,0.99989,0.00000,0.00008,0.00004
21.66125,0.49750,0.99992,0.00000,0.00006,0.00001
21.80375,0.49750,0.99993,0.00000,0.00005,0.00002
21.94625,0.49750,0.99995,0.00000,0.00002,0.00002
22.08875,0.49750,0.99990,0.00002,0.00007,0.00001
22.23125,0.49750,0.99900,0.00001,0.00098,0.00001
22.37375,0.49750,0.99849,0.00000,0.00150,0.00001
22.51625,0.49750,0.99920,0.00000,0.00078,0.00002
22.65875,0.49750,0.99990,0.00000,0.00006,0.00003
22.80125,0.49750,0.99995,0.00000,0.00003,0.00002
22.94375,0.49750,0.99994,0.00000,0.00005,0.00001
23.08625,0.49750,0.99993,0.00000,0.00007,0.00000
23.22875,0.49750,0.99988,0.00001,0.00010,0.00000
23.37125,0.49750,0.99980,0.00003,0.00017,0.00000
23.51375,0.49750,0.99995,0.00000,0.00003,0.00001
23.65625,0.49750,0.99996,0.00000,0.00002,0.00002
23.79875,0.49750,0.99996,0.00000,0.00001,0.00003
23.94125,0.49750,0.99996,0.00000,0.00002,0.00002
24.08375,0.49750,0.99995,0.00000,0.00002,0.00002
24.22625,0.49750,0.99993,0.00003,0.00001,0.00003
24.36875,0.49750,0.99990,0.00006,0.00001,0.00003
24.51125,0.49750,0.99989,0.00007,0.00001,0.00003
24.65375,0.49750,0.99984,0.00011,0.00004,0.00001
24.79625,0.49750,0.99983,0.00010,0.00006,0.00001
24.93875,0.49750,0.99984,0.00003,0.00013,0.00000
25.08125,0.49750,0.99990,0.00000,0.00009,0.00001
25.22375,0.49750,0.99991,0.00000,0.00008,0.00001
25.36625,0.49750,0.99995,0.00000,0.00004,0.00001
25.50875,0.49750,0.99989,0.00002,0.00009,0.00001
25.65125,0.49750,0.99987,0.00004,0.00008,0.00001
25.79375,0.49750,0.99993,0.00000,0.00005,0.00001
25.93625,0.49750,0.99995,0.00000,0.00003,0.00001
26.07875,0.49750,0.99996,0.00000,0.00001,0.00002
26.22125,0.49750,0.99993,0.00002,0.00001,0.00005
26.36375,0.49750,0.99991,0.00002,0.00001,0.00007
26.50625,0.49750,0.99991,0.00000,0.00000,0.00009
26.64875,0.49750,0.99986,0.00000,0.00001,0.00014
26.79125,0.49750,0.99991,0.00000,0.00002,0.00006
26.93375,0.49750,0.99991,0.00000,0.00007,0.00002
27.07625,0.49750,0.99973,0.00000,0.00027,0.00000
27.21875,0.49750,0.99987,0.00000,0.00012,0.00000
27.36125,0.49750,0.99995,0.00001,0.00003,0.00001
27.50375,0.49750,0.99973,0.00024,0.00001,0.00001
27.64625,0.49750,0.99975,0.00021,0.00000,0.00004
27.78875,0.49750,0.99960,0.00037,0.00000,0.00002
27.93125,0.49750,0.99923,0.00075,0.00001,0.00001
28.07375,0.49750,0.99904,0.00093,0.00002,0.00000
28.21625,0.49750,0.99952,0.00044,0.00003,0.00000
28.35875,0.49750,0.99981,0.00016,0.00003,0.00000
28.50125,0.49750,0.99993,0.00005,0.00001,0.00001
28.64375,0.49750,0.99989,0.00002,0.00003,0.00006
28.78625,0.49750,0.99943,0.00001,0.00015,0.00041
28.92875,0.49750,0.99945,0.00001,0.00013,0.00041
29.07125,0.49750,0.99974,0.00002,0.00008,0.00016
29.21375,0.49750,0.99976,0.00020,0.00001,0.00002
29.35625,0.49750,0.99948,0.00050,0.00001,0.00001
29.49875,0.49750,0.99943,0.00055,0.00001,0.00001
29.64125,0.49750,0.99952,0.00046,0.00001,0.00001
29.78375,0.49750,0.99952,0.00046,0.00001,0.00001
29.92625,0.49750,0.99965,0.00033,0.00001,0.00001
30.06875,0.49750,0.99977,0.00021,0.00000,0.00001
30.21125,0.49750,0.99986,0.00012,0.00000,0.00002
30.35375,0.49750,0.99986,0.00012,0.00000,0.00002
30.49625,0.49750,0.99985,0.00012,0.00000,0.00002
30.63875,0.49750,0.99981,0.00016,0.00000,0.00002
30.78125,0.49750,0.99977,0.00020,0.00000,0.00002
30.92375,0.49750,0.99975,0.00022,0.00000,0.00002
31.06625,0.49750,0.99975,0.00022,0.00000,0.00002
31.20875,0.49750,0.99976,0.00021,0.00000,0.00003
31.35125,0.49750,0.99978,0.00018,0.00000,0.00003
31.49375,0.49750,0.99979,0.00019,0.00000,0.00002
31.63625,0.49750,0.99972,0.00025,0.00000,0.00002
31.77875,0.49750,0.99958,0.00039,0.00001,0.00002
31.92125,0.49750,0.99941,0.00057,0.00001,0.00002
32.06375,0.49750,0.99936,0.00061,0.00001,0.00002
32.20625,0.49750,0.99940,0.00058,0.00001,0.00002
32.34875,0.49750,0.99948,0.00049,0.00001,0.00002
32.49125,0.49750,0.99962,0.00036,0.00001,0.00001
32.63375,0.49750,0.99965,0.00032,0.00001,0.00001
32.77625,0.49750,0.99960,0.00037,0.00001,0.00002
32.91875,0.49750,0.99954,0.00044,0.00001,0.00002
33.06125,0.49750,0.99945,0.00053,0.00001,0.00002
33.20375,0.49750,0.99953,0.00044,0.00001,0.00002
33.34625,0.49750,0.99957,0.00040,0.00001,0.00002
33.48875,0.49750,0.99961,0.00036,0.00001,0.00002
33.63125,0.49750,0.99959,0.00038,0.00001,0.00002
33.77375,0.49750,0.99959,0.00039,0.00001,0.00002
33.91625,0.49750,0.99965,0.00033,0.00001,0.00002
34.05875,0.49750,0.99963,0.00035,0.00001,0.00002
34.20125,0.49750,0.99960,0.00037,0.00001,0.00001
34.34375,0.49750,0.99960,0.00038,0.00001,0.00001
34.48625,0.49750,0.99936,0.00062,0.00002,0.00000
34.62875,0.49750,0.99929,0.00069,0.00002,0.00000
34.77125,0.49750,0.99948,0.00050,0.00002,0.00000
34.91375,0.49750,0.99967,0.00031,0.00001,0.00000
35.05625,0.49750,0.99981,0.00017,0.00001,0.00000
35.19875,0.49750,0.99980,0.00018,0.00002,0.00000
35.34125,0.49750,0.99990,0.00008,0.00002,0.00000
35.48375,0.49750,0.99993,0.00005,0.00001,0.00000
35.62625,0.49750,0.99997,0.00002,0.00001,0.00001
35.76875,0.49750,0.99997,0.00000,0.00002,0.00000
35.91125,0.49750,0.99996,0.00000,0.00003,0.00001
36.05375,0.49750,0.99996,0.00000,0.00003,0.00001
36.19625,0.49750,0.99997,0.00000,0.00002,0.00002
36.33875,0.49750,0.99987,0.00000,0.00001,0.00012
36.48125,0.49750,0.99952,0.00000,0.00001,0.00047
36.62375,0.49750,0.99932,0.00001,0.00001,0.00067
36.76625,0.49750,0.99972,0.00000,0.00001,0.00026
36.90875,0.49750,0.99990,0.00000,0.00001,0.00009
37.05125,0.49750,0.99993,0.00000,0.00001,0.00005
37.19375,0.49750,0.99994,0.00000,0.00001,0.00004
37.33625,0.49750,0.99994,0.00000,0.00001,0.00004
37.47875,0.49750,0.99995,0.00000,0.00001,0.00003
37.62125,0.49750,0.99996,0.00000,0.00001,0.00003
37.76375,0.49750,0.99995,0.00000,0.00001,0.00004
37.90625,0.49750,0.99996,0.00000,0.00001,0.00003
38.04875,0.49750,0.99995,0.00000,0.00001,0.00003
38.19125,0.49750,0.99995,0.00000,0.00002,0.00004
38.33375,0.49750,0.99994,0.00000,0.00002,0.00004
38.47625,0.49750,0.99994,0.00000,0.00002,0.00004
38.61875,0.49750,0.99994,0.00000,0.00002,0.00004
38.76125,0.49750,0.99995,0.00000,0.00002,0.00003
38.90375,0.49750,0.99996,0.00000,0.00001,0.00003
39.04625,0.49750,0.99996,0.00000,0.00001,0.00002
39.18875,0.49750,0.99996,0.00000,0.00002,0.00002
39.33125,0.49750,0.99996,0.00000,0.00002,0.00002
39.47375,0.49750,0.99996,0.00000,0.00002,0.00002
39.61625,0.49750,0.99996,0.00000,0.00002,0.00002
39.75875,0.49750,0.99995,0.00000,0.00002,0.00003
39.90125,0.49750,0.99994,0.00000,0.00002,0.00003
40.04375,0.49750,0.99994,0.00000,0.00002,0.00003
40.18625,0.49750,0.99994,0.00001,0.00003,0.00003
40.32875,0.49750,0.99993,0.00001,0.00003,0.00004
40.47125,0.49750,0.99990,0.00001,0.00004,0.00005
40.61375,0.49750,0.99987,0.00001,0.00006,0.00006
40.75625,0.49750,0.99987,0.00002,0.00006,0.00005
40.89875,0.49750,0.99991,0.00002,0.00004,0.00003
41.04125,0.49750,0.99994,0.00002,0.00003,0.00001
41.18375,0.49750,0.99995,0.00002,0.00002,0.00001
41.32625,0.49750,0.99991,0.00005,0.00004,0.00001
41.46875,0.49750,0.99982,0.00010,0.00007,0.00001
41.61125,0.49750,0.99968,0.00022,0.00008,0.00002
41.75375,0.49750,0.99958,0.00024,0.00015,0.00003
41.89625,0.49750,0.99946,0.00026,0.00022,0.00006
42.03875,0.49750,0.99946,0.00027,0.00023,0.00005
42.18125,0.49750,0.99960,0.00021,0.00016,0.00003
42.32375,0.49750,0.99969,0.00018,0.00012,0.00002
42.46625,0.49750,0.99974,0.00014,0.00011,0.00001
42.60875,0.49750,0.99980,0.00009,0.00010,0.00001
42.75125,0.49750,0.99980,0.00008,0.00010,0.00002
42.89375,0.49750,0.99983,0.00007,0.00008,0.00002
43.03625,0.49750,0.99985,0.00006,0.00006,0.00003
43.17875,0.49750,0.99984,0.00007,0.00006,0.00002
43.32125,0.49750,0.99985,0.00005,0.00007,0.00003
43.46375,0.49750,0.99982,0.00005,0.00009,0.00005
43.60625,0.49750,0.99979,0.00006,0.00010,0.00005
43.74875,0.49750,0.99979,0.00005,0.00010,0.00005
43.89125,0.49750,0.99981,0.00006,0.00009,0.00004
44.03375,0.49750,0.99983,0.00006,0.00009,0.00003
44.17625,0.49750,0.99984,0.00005,0.00008,0.00003
44.31875,0.49750,0.99985,0.00004,0.00008,0.00003
44.46125,0.49750,0.99987,0.00004,0.00007,0.00003
44.60375,0.49750,0.99989,0.00003,0.00007,0.00002
44.74625,0.49750,0.99990,0.00002,0.00006,0.00002
44.88875,0.49750,0.99993,0.00001,0.00005,0.00002
45.03125,0.49750,0.99994,0.00001,0.00004,0.00001
45.17375,0.49750,0.99994,0.00001,0.00003,0.00002
45.31625,0.49750,0.99994,0.00001,0.00003,0.00002
45.45875,0.49750,0.99992,0.00001,0.00004,0.00003
45.60125,0.49750,0.99992,0.00001,0.00005,0.00003
45.74375,0.49750,0.99994,0.00000,0.00003,0.00002
45.88625,0.49750,0.99996,0.00000,0.00002,0.00002
46.02875,0.49750,0.99996,0.00000,0.00002,0.00002
46.17125,0.49750,0.99996,0.00000,0.00001,0.00003
46.31375,0.49750,0.99996,0.00000,0.00001,0.00003
46.45625,0.49750,0.99995,0.00000,0.00002,0.00003
46.59875,0.49750,0.99995,0.00000,0.00002,0.00003
46.74125,0.49750,0.99995,0.00000,0.00002,0.00002
46.88375,0.49750,0.99996,0.00000,0.00002,0.00003
47.02625,0.49750,0.99996,0.00000,0.00001,0.00003
47.16875,0.49750,0.99996,0.00000,0.00001,0.00003
47.31125,0.49750,0.99995,0.00000,0.00001,0.00003
47.45375,0.49750,0.99996,0.00000,0.00002,0.00003
47.59625,0.49750,0.99996,0.00000,0.00002,0.00003
47.73875,0.49750,0.99996,0.00000,0.00002,0.00003
47.88125,0.49750,0.99996,0.00000,0.00002,0.00002
48.02375,0.49750,0.99996,0.00000,0.00002,0.00003
48.16625,0.49750,0.99996,0.00000,0.00001,0.00003
48.30875,0.49750,0.99996,0.00000,0.00001,0.00003
48.45125,0.49750,0.99995,0.00000,0.00001,0.00003
48.59375,0.49750,0.99996,0.00000,0.00001,0.00003
48.73625,0.49750,0.99996,0.00000,0.00001,0.00003
48.87875,0.49750,0.99995,0.00000,0.00001,0.00003
49.02125,0.49750,0.99995,0.00000,0.00001,0.00003
49.16375,0.49750,0.99995,0.00000,0.00002,0.00003
49.30625,0.49750,0.99995,0.00000,0.00001,0.00004
49.44875,0.49750,0.99995,0.00000,0.00002,0.00003
49.59125,0.49750,0.99995,0.00000,0.00001,0.00003
49.73375,0.49750,0.99996,0.00000,0.00002,0.00002
49.87625,0.49750,0.99996,0.00000,0.00002,0.00002
50.01875,0.49750,0.99995,0.00000,0.00002,0.00003
50.16125,0.49750,0.99995,0.00000,0.00001,0.00003
50.30375,0.49750,0.99996,0.00000,0.00001,0.00003
50.44625,0.49750,0.99996,0.00000,0.00001,0.00002
50.58875,0.49750,0.99996,0.00000,0.00001,0.00002
50.73125,0.49750,0.99996,0.00000,0.00001,0.00003
50.87375,0.49750,0.99995,0.00000,0.00001,0.00003
51.01625,0.49750,0.99996,0.00000,0.00001,0.00003
51.15875,0.49750,0.99996,0.00000,0.00002,0.00002
51.30125,0.49750,0.99996,0.00000,0.00002,0.00002
51.44375,0.49750,0.99997,0.00000,0.00002,0.00002
51.58625,0.49750,0.99997,0.00000,0.00001,0.00002
51.72875,0.49750,0.99997,0.00000,0.00001,0.00002
51.87125,0.49750,0.99997,0.00000,0.00001,0.00002
52.01375,0.49750,0.99996,0.00000,0.00001,0.00003
52.15625,0.49750,0.99996,0.00000,0.00000,0.00004
52.29875,0.49750,0.99996,0.00000,0.00000,0.00004
52.44125,0.49750,0.99995,0.00000,0.00001,0.00005
52.58375,0.49750,0.99985,0.00000,0.00002,0.00013
52.72625,0.49750,0.99836,0.00000,0.00039,0.00125
52.86875,0.49750,0.98051,0.00000,0.00639,0.01309
53.01125,0.49750,0.96443,0.00001,0.00701,0.02855
53.15375,0.49750,0.99144,0.00002,0.00117,0.00737
53.29625,0.49750,0.99854,0.00002,0.00008,0.00137
53.43875,0.49750,0.99970,0.00001,0.00002,0.00027
53.58125,0.49750,0.99979,0.00000,0.00002,0.00019
53.72375,0.49750,0.99985,0.00000,0.00001,0.00013
53.86625,0.49750,0.99990,0.00000,0.00001,0.00009
54.00875,0.49750,0.99993,0.00000,0.00001,0.00006
54.15125,0.49750,0.99994,0.00000,0.00002,0.00003
54.29375,0.49750,0.99992,0.00000,0.00005,0.00002
54.43625,0.49750,0.99987,0.00001,0.00010,0.00001
54.57875,0.49750,0.99978,0.00005,0.00016,0.00002
54.72125,0.49750,0.99989,0.00002,0.00008,0.00001
54.86375,0.49750,0.99986,0.00003,0.00010,0.00001
55.00625,0.49750,0.99966,0.00007,0.00025,0.00002
55.14875,0.49750,0.99915,0.00004,0.00073,0.00007
55.29125,0.49750,0.99804,0.00013,0.00173,0.00010
55.43375,0.49750,0.99792,0.00044,0.00154,0.00010
55.57625,0.49750,0.99620,0.00232,0.00136,0.00012
55.71875,0.49750,0.98981,0.00942,0.00061,0.00016
55.86125,0.49750,0.98093,0.01833,0.00047,0.00027
56.00375,0.49750,0.97463,0.02465,0.00038,0.00034
56.14625,0.49750,0.98258,0.01673,0.00047,0.00022
56.28875,0.49750,0.99345,0.00604,0.00039,0.00012
56.43125,0.49750,0.99578,0.00334,0.00021,0.00067
56.57375,0.49750,0.99484,0.00208,0.00115,0.00192
56.71625,0.49750,0.98291,0.00047,0.01494,0.00167
56.85875,0.49750,0.95526,0.00053,0.04326,0.00095
57.00125,0.49750,0.94737,0.00033,0.05206,0.00024
57.14375,0.49750,0.99630,0.00067,0.00290,0.00013
57.28625,0.49750,0.99901,0.00044,0.00048,0.00008
57.42875,0.49750,0.99958,0.00010,0.00029,0.00003
57.57125,0.49750,0.99947,0.00029,0.00024,0.00000
57.71375,0.49750,0.99806,0.00188,0.00005,0.00000
57.85625,0.49750,0.97345,0.02651,0.00004,0.00000
57.99875,0.49750,0.99459,0.00535,0.00006,0.00000
58.14125,0.49750,0.99954,0.00037,0.00008,0.00001
58.28375,0.49750,0.99968,0.00002,0.00028,0.00001
58.42625,0.49750,0.99965,0.00010,0.00024,0.00001
58.56875,0.49750,0.99821,0.00078,0.00101,0.00000
58.71125,0.49750,0.99659,0.00026,0.00315,0.00000
58.85375,0.49750,0.99735,0.00005,0.00260,0.00000
58.99625,0.49750,0.99995,0.00002,0.00003,0.00000
59.13875,0.49750,0.99967,0.00002,0.00030,0.00000
59.28125,0.49750,0.99949,0.00045,0.00005,0.00001
59.42375,0.49750,0.99435,0.00523,0.00041,0.00001
59.56625,0.49750,0.99452,0.00546,0.00003,0.00000
59.70875,0.49750,0.99926,0.00071,0.00001,0.00001
59.85125,0.49750,0.99996,0.00000,0.00004,0.00000
59.99375,0.49750,0.99996,0.00000,0.00002,0.00002
60.13625,0.49750,0.99950,0.00001,0.00047,0.00001
60.27875,0.49750,0.99985,0.00006,0.00008,0.00000
60.42125,0.49750,0.99998,0.00001,0.00001,0.00000
60.56375,0.49750,0.99999,0.00001,0.00000,0.00000
60.70625,0.49750,0.99999,0.00001,0.00000,0.00000
60.84875,0.49750,0.99997,0.00002,0.00000,0.00000
60.99125,0.49750,0.99705,0.00295,0.00000,0.00000
61.13375,0.49750,0.99816,0.00180,0.00004,0.00000
61.27625,0.49750,0.99993,0.00003,0.00004,0.00000
61.41875,0.49750,0.99996,0.00000,0.00002,0.00002
61.56125,0.49750,0.99994,0.00000,0.00001,0.00005
61.70375,0.49750,0.99994,0.00000,0.00004,0.00002
61.84625,0.49750,0.99995,0.00000,0.00003,0.00001
61.98875,0.49750,0.99996,0.00000,0.00000,0.00004
62.13125,0.49750,0.99991,0.00000,0.00000,0.00008
62.27375,0.49750,0.99984,0.00003,0.00003,0.00010
62.41625,0.49750,0.99982,0.00003,0.00012,0.00003
62.55875,0.49750,0.99971,0.00006,0.00019,0.00003
62.70125,0.49750,0.99988,0.00003,0.00008,0.00001
62.84375,0.49750,0.99996,0.00000,0.00002,0.00002
62.98625,0.49750,0.99995,0.00000,0.00003,0.00002
63.12875,0.49750,0.99995,0.00000,0.00003,0.00002
63.27125,0.49750,0.99993,0.00000,0.00006,0.00001
63.41375,0.49750,0.99995,0.00001,0.00002,0.00001
63.55625,0.49750,0.99992,0.00002,0.00004,0.00001
63.69875,0.49750,0.99995,0.00000,0.00002,0.00003
63.84125,0.49750,0.99991,0.00000,0.00007,0.00002
63.98375,0.49750,0.99994,0.00000,0.00006,0.00001
64.12625,0.49750,0.99994,0.00000,0.00005,0.00000
64.26875,0.49750,0.99997,0.00000,0.00002,0.00001
64.41125,0.49751,0.99996,0.00000,0.00002,0.00002
64.55375,0.49750,0.99990,0.00000,0.00005,0.00006
64.69625,0.49750,0.99990,0.00000,0.00005,0.00005
64.83875,0.49750,0.99991,0.00000,0.00005,0.00004
64.98125,0.49751,0.99996,0.00000,0.00002,0.00002
65.12375,0.49750,0.99994,0.00000,0.00002,0.00003
65.26625,0.49750,0.99989,0.00000,0.00003,0.00007
65.40875,0.49750,0.99986,0.00000,0.00005,0.00009
65.55125,0.49751,0.99973,0.00002,0.00004,0.00020
65.69375,0.49751,0.99942,0.00003,0.00007,0.00048
65.83625,0.49750,0.99952,0.00003,0.00007,0.00038
65.97875,0.49750,0.99967,0.00003,0.00003,0.00026
66.12125,0.49751,0.99988,0.00004,0.00001,0.00006
66.26375,0.49751,0.99992,0.00005,0.00001,0.00001
66.40625,0.49750,0.99996,0.00003,0.00001,0.00000
66.54875,0.49750,0.99997,0.00001,0.00002,0.00000
66.69125,0.49750,0.99996,0.00000,0.00004,0.00000
66.83375,0.49751,0.99990,0.00000,0.00007,0.00002
66.97625,0.49750,0.99974,0.00001,0.00005,0.00021
67.11875,0.49750,0.99982,0.00000,0.00005,0.00012
67.26125,0.49750,0.99990,0.00000,0.00007,0.00003
67.40375,0.49751,0.99993,0.00000,0.00006,0.00000
67.54625,0.49750,0.99984,0.00004,0.00012,0.00000
67.68875,0.49750,0.99930,0.00062,0.00008,0.00000
67.83125,0.49750,0.99860,0.00124,0.00017,0.00000
67.97375,0.49751,0.99666,0.00324,0.00010,0.00000
68.11625,0.49750,0.99944,0.00052,0.00004,0.00000
68.25875,0.49750,0.99981,0.00013,0.00005,0.00001
68.40125,0.49750,0.99992,0.00002,0.00004,0.00001
68.54375,0.49751,0.99994,0.00001,0.00004,0.00001
68.68625,0.49750,0.99995,0.00000,0.00003,0.00002
68.82875,0.49750,0.99995,0.00000,0.00001,0.00004
68.97125,0.49750,0.99991,0.00000,0.00000,0.00008
69.11375,0.49751,0.99995,0.00000,0.00002,0.00004
69.25625,0.49751,0.99996,0.00000,0.00001,0.00002
69.39875,0.49750,0.99995,0.00000,0.00004,0.00001
69.54125,0.49750,0.99996,0.00000,0.00002,0.00001
69.68375,0.49751,0.99996,0.00000,0.00001,0.00003
69.82625,0.49751,0.99995,0.00000,0.00001,0.00004
69.96875,0.49750,0.99994,0.00000,0.00001,0.00004
70.11125,0.49750,0.99994,0.00000,0.00002,0.00003
70.25375,0.49750,0.99993,0.00000,0.00004,0.00003
70.39625,0.49751,0.99993,0.00000,0.00005,0.00002
70.53875,0.49750,0.99995,0.00000,0.00003,0.00002
70.68125,0.49750,0.99996,0.00000,0.00003,0.00002
70.82375,0.49750,0.99995,0.00000,0.00003,0.00002
70.96625,0.49751,0.99995,0.00000,0.00002,0.00002
71.10875,0.49750,0.99995,0.00000,0.00001,0.00003
71.25125,0.49750,0.99996,0.00000,0.00001,0.00003
71.39375,0.49750,0.99997,0.00000,0.00001,0.00002
71.53625,0.49751,0.99996,0.00000,0.00001,0.00003
71.67875,0.49750,0.99996,0.00000,0.00002,0.00003
71.82125,0.49750,0.99995,0.00000,0.00002,0.00003
71.96375,0.49750,0.99994,0.00000,0.00003,0.00003
72.10625,0.49751,0.99995,0.00000,0.00002,0.00002
72.24875,0.49750,0.99996,0.00000,0.00002,0.00002
72.39125,0.49750,0.99996,0.00000,0.00001,0.00002
72.53375,0.49750,0.99996,0.00000,0.00001,0.00003
72.67625,0.49751,0.99996,0.00000,0.00001,0.00003
72.81875,0.49751,0.99996,0.00000,0.00001,0.00003
72.96125,0.49750,0.99996,0.00000,0.00001,0.00003
73.10375,0.49750,0.99996,0.00000,0.00002,0.00003
73.24625,0.49751,0.99995,0.00000,0.00002,0.00003
73.38875,0.49751,0.99995,0.00000,0.00002,0.00003
73.53125,0.49750,0.99995,0.00000,0.00002,0.00003
73.67375,0.49750,0.99996,0.00000,0.00001,0.00003
73.81625,0.49750,0.99996,0.00000,0.00001,0.00003
73.95875,0.49751,0.99996,0.00000,0.00001,0.00003
74.10125,0.49750,0.99995,0.00000,0.00002,0.00004
74.24375,0.49750,0.99993,0.00000,0.00003,0.00003
74.38625,0.49750,0.99989,0.00001,0.00008,0.00002
74.52875,0.49751,0.99982,0.00003,0.00013,0.00001
74.67125,0.49750,0.99991,0.00002,0.00006,0.00002
74.81375,0.49750,0.99993,0.00001,0.00001,0.00005
74.95625,0.49750,0.99995,0.00000,0.00001,0.00004
75.09875,0.49751,0.99996,0.00000,0.00001,0.00003
75.24125,0.49750,0.99996,0.00000,0.00002,0.00001
75.38375,0.49750,0.99993,0.00000,0.00006,0.00001
75.52625,0.49750,0.99991,0.00000,0.00008,0.00001
75.66875,0.49751,0.99970,0.00001,0.00029,0.00000
75.81125,0.49750,0.99971,0.00002,0.00027,0.00000
75.95375,0.49750,0.99983,0.00006,0.00010,0.00001
76.09625,0.49750,0.99980,0.00012,0.00001,0.00007
76.23875,0.49751,0.99961,0.00003,0.00000,0.00036
76.38125,0.49751,0.99934,0.00010,0.00000,0.00055
76.52375,0.49750,0.99983,0.00002,0.00004,0.00011
76.66625,0.49750,0.99971,0.00003,0.00021,0.00005
76.80875,0.49751,0.99975,0.00002,0.00021,0.00001
76.95125,0.49751,0.99992,0.00003,0.00004,0.00001
77.09375,0.49750,0.99986,0.00011,0.00000,0.00003
77.23625,0.49750,0.99982,0.00013,0.00000,0.00005
77.37875,0.49750,0.99960,0.00017,0.00001,0.00022
77.52125,0.49751,0.99931,0.00008,0.00004,0.00056
77.66375,0.49750,0.99946,0.00003,0.00006,0.00046
77.80625,0.49750,0.99980,0.00003,0.00004,0.00013
77.94875,0.49750,0.99990,0.00002,0.00001,0.00006
78.09125,0.49751,0.99984,0.00009,0.00006,0.00001
78.23375,0.49750,0.99981,0.00012,0.00006,0.00001
78.37625,0.49750,0.99986,0.00003,0.00010,0.00001
78.51875,0.49750,0.99991,0.00001,0.00006,0.00002
78.66125,0.49751,0.99993,0.00000,0.00001,0.00006
78.80375,0.49750,0.99993,0.00001,0.00000,0.00006
78.94625,0.49750,0.99994,0.00000,0.00000,0.00006
79.08875,0.49750,0.99990,0.00000,0.00000,0.00010
79.23125,0.49751,0.99993,0.00000,0.00001,0.00006
79.37375,0.49750,0.99992,0.00000,0.00005,0.00004
79.51625,0.49750,0.99985,0.00000,0.00014,0.00001
79.65875,0.49750,0.99985,0.00000,0.00014,0.00001
79.80125,0.49751,0.99995,0.00000,0.00003,0.00002
79.94375,0.49751,0.99992,0.00000,0.00003,0.00004
80.08625,0.49750,0.99992,0.00002,0.00004,0.00003
80.22875,0.49750,0.99967,0.00022,0.00011,0.00001
80.37125,0.49751,0.99985,0.00008,0.00007,0.00001
80.51375,0.49751,0.99982,0.00012,0.00005,0.00001
80.65625,0.49750,0.99993,0.00003,0.00001,0.00003
80.79875,0.49750,0.99991,0.00003,0.00001,0.00005
80.94125,0.49750,0.99986,0.00007,0.00001,0.00006
81.08375,0.49751,0.99964,0.00031,0.00002,0.00003
81.22625,0.49750,0.99913,0.00083,0.00003,0.00001
81.36875,0.49750,0.99868,0.00127,0.00004,0.00001
81.51125,0.49750,0.99898,0.00098,0.00002,0.00002
81.65375,0.49751,0.99934,0.00061,0.00003,0.00001
81.79625,0.49750,0.99989,0.00006,0.00004,0.00001
81.93875,0.49750,0.99994,0.00000,0.00005,0.00001
82.08125,0.49750,0.99993,0.00000,0.00006,0.00001
82.22375,0.49751,0.99985,0.00000,0.00014,0.00000
82.36625,0.49750,0.99958,0.00001,0.00041,0.00000
82.50875,0.49750,0.99951,0.00000,0.00048,0.00000
82.65125,0.49750,0.99985,0.00000,0.00014,0.00002
82.79375,0.49751,0.99993,0.00000,0.00004,0.00003
82.93625,0.49750,0.99995,0.00000,0.00002,0.00002
83.07875,0.49750,0.99996,0.00000,0.00002,0.00001
83.22125,0.49750,0.99993,0.00003,0.00003,0.00000
83.36375,0.49751,0.99936,0.00056,0.00008,0.00000
83.50625,0.49751,0.99855,0.00107,0.00038,0.00000
83.64875,0.49750,0.99967,0.00020,0.00011,0.00001
83.79125,0.49750,0.99989,0.00005,0.00004,0.00002
83.93375,0.49751,0.99993,0.00002,0.00001,0.00004
84.07625,0.49751,0.99994,0.00004,0.00001,0.00002
84.21875,0.49750,0.99991,0.00006,0.00001,0.00003
84.36125,0.49750,0.99989,0.00004,0.00000,0.00007
84.50375,0.49750,0.99991,0.00003,0.00001,0.00005
84.64625,0.49751,0.99994,0.00003,0.00001,0.00003
84.78875,0.49750,0.99996,0.00002,0.00001,0.00001
84.93125,0.49750,0.99997,0.00001,0.00001,0.00001
85.07375,0.49750,0.99996,0.00000,0.00001,0.00002
85.21625,0.49751,0.99996,0.00000,0.00001,0.00003
85.35875,0.49750,0.99993,0.00000,0.00000,0.00007
85.50125,0.49750,0.99990,0.00001,0.00000,0.00009
85.64375,0.49750,0.99990,0.00002,0.00000,0.00007
85.78625,0.49751,0.99992,0.00006,0.00001,0.00001
85.92875,0.49750,0.99984,0.00013,0.00002,0.00000
86.07125,0.49750,0.99985,0.00011,0.00004,0.00000
86.21375,0.49750,0.99991,0.00006,0.00002,0.00001
86.35625,0.49751,0.99995,0.00001,0.00001,0.00002
86.49875,0.49750,0.99996,0.00000,0.00001,0.00003
86.64125,0.49750,0.99995,0.00001,0.00004,0.00001
86.78375,0.49750,0.99993,0.00001,0.00005,0.00001
86.92625,0.49751,0.99995,0.00001,0.00003,0.00001
87.06875,0.49751,0.99994,0.00002,0.00004,0.00001
87.21125,0.49750,0.99991,0.00004,0.00004,0.00001
87.35375,0.49750,0.99989,0.00002,0.00009,0.00000
87.49625,0.49751,0.99989,0.00000,0.00010,0.00000
87.63875,0.49751,0.99996,0.00000,0.00003,0.00001
87.78125,0.49750,0.99996,0.00000,0.00001,0.00004
87.92375,0.49750,0.99996,0.00000,0.00002,0.00002
88.06625,0.49750,0.99990,0.00001,0.00008,0.00001
88.20875,0.49751,0.99989,0.00004,0.00006,0.00001
88.35125,0.49750,0.99992,0.00004,0.00002,0.00001
88.49375,0.49750,0.99994,0.00000,0.00001,0.00005
88.63625,0.49750,0.99992,0.00000,0.00000,0.00007
88.77875,0.49751,0.99996,0.00000,0.00001,0.00003
88.92125,0.49750,0.99996,0.00000,0.00002,0.00001
89.06375,0.49750,0.99993,0.00003,0.00004,0.00000
89.20625,0.49750,0.99975,0.00018,0.00007,0.00000
89.34875,0.49751,0.99991,0.00003,0.00006,0.00000
89.49125,0.49750,0.99995,0.00001,0.00003,0.00001
89.63375,0.49750,0.99995,0.00000,0.00001,0.00003
89.77625,0.49750,0.99995,0.00001,0.00002,0.00003
89.91875,0.49751,0.99992,0.00002,0.00004,0.00001
90.06125,0.49750,0.99986,0.00006,0.00007,0.00001
90.20375,0.49750,0.99989,0.00002,0.00008,0.00001
90.34625,0.49750,0.99989,0.00003,0.00008,0.00001
90.48875,0.49751,0.99983,0.00010,0.00006,0.00000
90.63125,0.49751,0.99876,0.00121,0.00003,0.00000
90.77375,0.49750,0.99989,0.00010,0.00001,0.00000
90.91625,0.49750,0.99992,0.00004,0.00003,0.00001
91.05875,0.49751,0.99770,0.00001,0.00091,0.00138
91.20125,0.49751,0.97426,0.00009,0.00307,0.02258
91.34375,0.49750,0.92711,0.00027,0.00647,0.06615
91.48625,0.49750,0.98496,0.00018,0.00034,0.01452
91.62875,0.49750,0.99797,0.00002,0.00004,0.00197
91.77125,0.49751,0.99951,0.00028,0.00001,0.00020
91.91375,0.49750,0.99376,0.00614,0.00000,0.00010
92.05625,0.49750,0.95836,0.04162,0.00000,0.00002
92.19875,0.49750,0.98835,0.01163,0.00000,0.00002
92.34125,0.49751,0.99990,0.00007,0.00000,0.00003
92.48375,0.49750,0.99994,0.00002,0.00001,0.00003
92.62625,0.49750,0.99991,0.00000,0.00001,0.00008
92.76875,0.49750,0.99991,0.00001,0.00001,0.00007
92.91125,0.49751,0.99990,0.00003,0.00001,0.00007
93.05375,0.49750,0.99984,0.00006,0.00000,0.00009
93.19625,0.49750,0.99984,0.00009,0.00000,0.00007
93.33875,0.49750,0.99985,0.00009,0.00001,0.00005
93.48125,0.49751,0.99981,0.00015,0.00001,0.00003
93.62375,0.49750,0.99954,0.00040,0.00005,0.00001
93.76625,0.49750,0.99973,0.00022,0.00004,0.00001
93.90875,0.49750,0.99982,0.00011,0.00007,0.00001
94.05125,0.49751,0.99984,0.00009,0.00007,0.00000
94.19375,0.49751,0.99984,0.00006,0.00009,0.00000
94.33625,0.49750,0.99940,0.00037,0.00022,0.00000
94.47875,0.49750,0.99939,0.00048,0.00012,0.00000
94.62125,0.49751,0.99957,0.00037,0.00006,0.00000
94.76375,0.49751,0.99991,0.00005,0.00004,0.00000
94.90625,0.49750,0.99994,0.00001,0.00003,0.00002
95.04875,0.49750,0.99991,0.00001,0.00004,0.00004
95.19125,0.49750,0.99986,0.00001,0.00008,0.00005
95.33375,0.49751,0.99987,0.00002,0.00003,0.00008
95.47625,0.49750,0.99987,0.00005,0.00005,0.00003
95.61875,0.49750,0.99992,0.00004,0.00003,0.00001
95.76125,0.49750,0.99990,0.00007,0.00003,0.00000
95.90375,0.49751,0.99993,0.00004,0.00002,0.00000
96.04625,0.49750,0.99990,0.00006,0.00003,0.00000
96.18875,0.49750,0.99979,0.00017,0.00004,0.00000
96.33125,0.49750,0.99970,0.00013,0.00017,0.00000
96.47375,0.49751,0.99994,0.00004,0.00002,0.00001
96.61625,0.49750,0.99996,0.00001,0.00001,0.00003
96.75875,0.49750,0.99985,0.00001,0.00000,0.00014
96.90125,0.49750,0.99989,0.00002,0.00000,0.00009
97.04375,0.49751,0.99995,0.00003,0.00001,0.00002
97.18625,0.49750,0.99992,0.00006,0.00002,0.00001
97.32875,0.49750,0.99996,0.00002,0.00002,0.00001
97.47125,0.49750,0.99997,0.00001,0.00001,0.00002
97.61375,0.49751,0.99989,0.00001,0.00000,0.00010
97.75625,0.49751,0.99977,0.00000,0.00000,0.00023
97.89875,0.49750,0.99982,0.00000,0.00000,0.00017
98.04125,0.49750,0.99985,0.00000,0.00000,0.00015
98.18375,0.49751,0.99995,0.00000,0.00000,0.00005
98.32625,0.49751,0.99998,0.00001,0.00000,0.00002
98.46875,0.49750,0.99995,0.00002,0.00000,0.00003
98.61125,0.49750,0.99985,0.00008,0.00000,0.00007
98.75375,0.49750,0.99967,0.00003,0.00000,0.00031
98.89625,0.49751,0.99981,0.00001,0.00000,0.00017
99.03875,0.49750,0.99995,0.00000,0.00001,0.00004
99.18125,0.49750,0.99997,0.00000,0.00000,0.00002
99.32375,0.49750,0.99993,0.00000,0.00000,0.00006
99.46625,0.49751,0.99996,0.00000,0.00001,0.00003
99.60875,0.49750,0.99990,0.00003,0.00002,0.00005
99.75125,0.49750,0.99990,0.00002,0.00005,0.00003
99.89375,0.49750,0.99995,0.00000,0.00001,0.00004
100.03625,0.49751,0.99980,0.00001,0.00000,0.00019
100.17875,0.49750,0.99993,0.00001,0.00002,0.00004
100.32125,0.49750,0.99984,0.00012,0.00003,0.00001
100.46375,0.49750,0.99992,0.00002,0.00005,0.00001
100.60625,0.49751,0.99990,0.00001,0.00008,0.00001
100.74875,0.49750,0.99996,0.00000,0.00001,0.00003
100.89125,0.49750,0.99991,0.00000,0.00001,0.00008
101.03375,0.49750,0.99987,0.00000,0.00000,0.00013
101.17625,0.49751,0.99978,0.00000,0.00000,0.00022
101.31875,0.49751,0.99957,0.00001,0.00000,0.00042
101.46125,0.49750,0.99961,0.00001,0.00000,0.00039
101.60375,0.49750,0.99921,0.00001,0.00000,0.00078
101.74625,0.49751,0.99971,0.00000,0.00000,0.00028
101.88875,0.49751,0.99977,0.00000,0.00009,0.00014
102.03125,0.49750,0.99973,0.00000,0.00019,0.00007
102.17375,0.49750,0.99981,0.00000,0.00012,0.00007
102.31625,0.49750,0.99983,0.00000,0.00004,0.00013
102.45875,0.49751,0.99979,0.00001,0.00001,0.00020
102.60125,0.49750,0.99986,0.00001,0.00000,0.00012
102.74375,0.49750,0.99979,0.00002,0.00000,0.00019
102.88625,0.49750,0.99988,0.00002,0.00000,0.00010
103.02875,0.49751,0.99993,0.00003,0.00001,0.00003
103.17125,0.49750,0.99995,0.00001,0.00003,0.00001
103.31375,0.49750,0.99994,0.00000,0.00006,0.00000
103.45625,0.49750,0.99997,0.00000,0.00002,0.00001
103.59875,0.49751,0.99997,0.00000,0.00001,0.00002
103.74125,0.49750,0.99996,0.00000,0.00001,0.00003
103.88375,0.49750,0.99996,0.00000,0.00001,0.00003
104.02625,0.49750,0.99996,0.00000,0.00003,0.00002
104.16875,0.49751,0.99996,0.00000,0.00001,0.00002
104.31125,0.49750,0.99993,0.00001,0.00005,0.00001
104.45375,0.49750,0.99986,0.00007,0.00006,0.00001
104.59625,0.49750,0.99991,0.00002,0.00006,0.00001
104.73875,0.49751,0.99994,0.00001,0.00004,0.00001
104.88125,0.49751,0.99996,0.00000,0.00001,0.00003
105.02375,0.49750,0.99994,0.00000,0.00001,0.00005
105.16625,0.49750,0.99995,0.00000,0.00001,0.00004
105.30875,0.49751,0.99995,0.00000,0.00001,0.00003
105.45125,0.49751,0.99993,0.00002,0.00002,0.00002
105.59375,0.49750,0.99985,0.00011,0.00002,0.00002
105.73625,0.49750,0.99985,0.00010,0.00003,0.00002
105.87875,0.49750,0.99968,0.00017,0.00014,0.00000
106.02125,0.49751,0.99757,0.00191,0.00051,0.00000
106.16375,0.49750,0.98794,0.01015,0.00191,0.00000
106.30625,0.49750,0.99260,0.00699,0.00041,0.00000
106.44875,0.49750,0.99983,0.00009,0.00008,0.00000
106.59125,0.49751,0.99997,0.00000,0.00002,0.00001
106.73375,0.49750,0.99989,0.00000,0.00001,0.00009
106.87625,0.49750,0.99990,0.00000,0.00001,0.00009
107.01875,0.49750,0.99989,0.00000,0.00001,0.00010
107.16125,0.49751,0.99992,0.00000,0.00002,0.00007
107.30375,0.49750,0.99993,0.00000,0.00003,0.00004
107.44625,0.49750,0.99993,0.00000,0.00004,0.00004
107.58875,0.49750,0.99992,0.00000,0.00004,0.00004
107.73125,0.49751,0.99991,0.00001,0.00005,0.00002
107.87375,0.49750,0.99989,0.00005,0.00003,0.00003
108.01625,0.49750,0.99904,0.00087,0.00002,0.00007
108.15875,0.49750,0.98174,0.01811,0.00001,0.00015
108.30125,0.49751,0.99486,0.00493,0.00001,0.00020
108.44375,0.49751,0.99989,0.00004,0.00001,0.00005
108.58625,0.49750,0.99995,0.00000,0.00001,0.00004
108.72875,0.49750,0.99991,0.00000,0.00008,0.00001
108.87125,0.49751,0.99984,0.00002,0.00014,0.00000
109.01375,0.49751,0.99977,0.00002,0.00020,0.00000
109.15625,0.49750,0.99993,0.00001,0.00006,0.00001
109.29875,0.49750,0.99995,0.00000,0.00000,0.00005
109.44125,0.49750,0.99993,0.00000,0.00000,0.00006
109.58375,0.49751,0.99992,0.00002,0.00001,0.00004
109.72625,0.49750,0.99990,0.00006,0.00002,0.00002
109.86875,0.49750,0.99991,0.00004,0.00005,0.00001
110.01125,0.49750,0.99994,0.00002,0.00002,0.00002
110.15375,0.49751,0.99992,0.00003,0.00004,0.00001
110.29625,0.49750,0.99992,0.00003,0.00005,0.00001
110.43875,0.49750,0.99985,0.00002,0.00012,0.00000
110.58125,0.49750,0.99992,0.00000,0.00006,0.00001
110.72375,0.49751,0.99995,0.00000,0.00003,0.00002
110.86625,0.49750,0.99996,0.00000,0.00001,0.00003
111.00875,0.49750,0.99995,0.00000,0.00001,0.00004
111.15125,0.49750,0.99997,0.00000,0.00001,0.00002
111.29375,0.49751,0.99997,0.00001,0.00001,0.00001
111.43625,0.49750,0.99994,0.00002,0.00003,0.00001
111.57875,0.49750,0.99997,0.00001,0.00001,0.00001
111.72125,0.49750,0.99996,0.00000,0.00001,0.00003
111.86375,0.49751,0.99996,0.00000,0.00001,0.00003
112.00625,0.49751,0.99996,0.00000,0.00001,0.00003
112.14875,0.49750,0.99995,0.00000,0.00003,0.00001
112.29125,0.49750,0.99994,0.00002,0.00003,0.00001
112.43375,0.49751,0.99996,0.00001,0.00002,0.00001
112.57625,0.49751,0.99996,0.00001,0.00002,0.00002
112.71875,0.49750,0.99996,0.00000,0.00001,0.00003
112.86125,0.49750,0.99996,0.00000,0.00001,0.00003
113.00375,0.49750,0.99996,0.00000,0.00003,0.00002
113.14625,0.49751,0.99995,0.00000,0.00001,0.00003
113.28875,0.49750,0.99993,0.00003,0.00001,0.00003
113.43125,0.49750,0.99986,0.00009,0.00004,0.00001
113.57375,0.49750,0.99979,0.00016,0.00004,0.00001
113.71625,0.49751,0.99992,0.00003,0.00005,0.00001
113.85875,0.49750,0.99994,0.00002,0.00001,0.00004
114.00125,0.49750,0.99985,0.00000,0.00000,0.00014
114.14375,0.49750,0.99988,0.00000,0.00000,0.00011
114.28625,0.49751,0.99993,0.00000,0.00000,0.00007
114.42875,0.49750,0.99996,0.00000,0.00001,0.00003
114.57125,0.49750,0.99996,0.00000,0.00002,0.00002
114.71375,0.49750,0.99993,0.00000,0.00006,0.00001
114.85625,0.49751,0.99994,0.00000,0.00004,0.00001
114.99875,0.49750,0.99995,0.00000,0.00003,0.00002
115.14125,0.49750,0.99995,0.00000,0.00002,0.00003
115.28375,0.49750,0.99995,0.00000,0.00001,0.00004
115.42625,0.49751,0.99996,0.00000,0.00003,0.00002
115.56875,0.49751,0.99994,0.00002,0.00004,0.00000
115.71125,0.49750,0.99970,0.00017,0.00013,0.00000
115.85375,0.49750,0.99982,0.00007,0.00011,0.00000
115.99625,0.49751,0.99994,0.00000,0.00005,0.00001
116.13875,0.49751,0.99995,0.00000,0.00002,0.00002
116.28125,0.49750,0.99995,0.00000,0.00001,0.00004
116.42375,0.49750,0.99996,0.00000,0.00003,0.00001
116.56625,0.49750,0.99996,0.00000,0.00003,0.00001
116.70875,0.49751,0.99989,0.00004,0.00006,0.00001
116.85125,0.49750,0.99990,0.00007,0.00002,0.00001
116.99375,0.49750,0.99992,0.00003,0.00001,0.00004
117.13625,0.49750,0.99992,0.00003,0.00001,0.00005
117.27875,0.49751,0.99992,0.00004,0.00001,0.00003
117.42125,0.49750,0.99978,0.00016,0.00004,0.00002
117.56375,0.49750,0.99970,0.00025,0.00003,0.00002
117.70625,0.49750,0.99986,0.00008,0.00001,0.00005
117.84875,0.49751,0.99985,0.00009,0.00000,0.00006
117.99125,0.49750,0.99970,0.00027,0.00001,0.00001
118.13375,0.49750,0.99936,0.00060,0.00003,0.00001
118.27625,0.49750,0.99986,0.00008,0.00006,0.00000
118.41875,0.49751,0.99994,0.00002,0.00000,0.00003
118.56125,0.49750,0.99998,0.00000,0.00001,0.00001
118.70375,0.49750,0.99998,0.00001,0.00000,0.00001
118.84625,0.49750,1.00000,0.00000,0.00000,0.00000
118.98875,0.49751,1.00000,0.00000,0.00000,0.00000
119.13125,0.49751,0.99998,0.00000,0.00000,0.00002
119.27375,0.49750,0.99993,0.00000,0.00000,0.00007
119.41625,0.49750,0.99996,0.00000,0.00003,0.00001
119.55875,0.49751,0.99993,0.00006,0.00001,0.00001
119.70125,0.49751,0.99996,0.00002,0.00001,0.00000
119.84375,0.49750,0.99998,0.00001,0.00000,0.00001
119.98625,0.49750,0.99995,0.00000,0.00000,0.00005
120.12875,0.49750,0.99992,0.00000,0.00000,0.00008
120.27125,0.49751,0.99988,0.00000,0.00000,0.00011
120.41375,0.49750,0.99995,0.00001,0.00001,0.00003
120.55625,0.49750,0.99989,0.00004,0.00001,0.00007
120.69875,0.49750,0.99992,0.00004,0.00000,0.00004
120.84125,0.49751,0.99965,0.00001,0.00000,0.00034
120.98375,0.49750,0.99944,0.00001,0.00000,0.00054
121.12625,0.49750,0.99959,0.00002,0.00000,0.00039
121.26875,0.49750,0.99936,0.00005,0.00000,0.00059
121.41125,0.49751,0.99941,0.00004,0.00000,0.00055
121.55375,0.49750,0.99955,0.00001,0.00000,0.00043
121.69625,0.49750,0.99979,0.00000,0.00000,0.00021
121.83875,0.49750,0.99985,0.00000,0.00000,0.00014
121.98125,0.49751,0.99996,0.00000,0.00001,0.00003
122.12375,0.49750,0.99995,0.00000,0.00002,0.00003
122.26625,0.49750,0.99993,0.00000,0.00002,0.00004
122.40875,0.49750,0.99992,0.00000,0.00002,0.00006
122.55125,0.49751,0.99991,0.00000,0.00001,0.00007
122.69375,0.49751,0.99991,0.00000,0.00000,0.00008
122.83625,0.49750,0.99990,0.00001,0.00000,0.00009
122.97875,0.49750,0.99981,0.00001,0.00000,0.00018
123.12125,0.49751,0.99965,0.00000,0.00000,0.00034
123.26375,0.49751,0.99982,0.00000,0.00001,0.00018
123.40625,0.49750,0.99984,0.00000,0.00001,0.00015
123.54875,0.49750,0.99992,0.00000,0.00002,0.00005
123.69125,0.49750,0.99994,0.00000,0.00001,0.00005
123.83375,0.49751,0.99985,0.00001,0.00000,0.00014
123.97625,0.49750,0.99974,0.00002,0.00000,0.00024
124.11875,0.49750,0.99986,0.00001,0.00000,0.00013
124.26125,0.49750,0.99978,0.00000,0.00000,0.00022
124.40375,0.49751,0.99982,0.00000,0.00000,0.00017
124.54625,0.49750,0.99982,0.00000,0.00001,0.00017
124.68875,0.49750,0.99987,0.00000,0.00003,0.00010
124.83125,0.49750,0.99985,0.00000,0.00011,0.00004
124.97375,0.49751,0.99980,0.00000,0.00019,0.00002
125.11625,0.49750,0.99993,0.00000,0.00002,0.00006
125.25875,0.49750,0.99993,0.00000,0.00001,0.00006
125.40125,0.49750,0.99985,0.00000,0.00000,0.00015
125.54375,0.49751,0.99993,0.00000,0.00000,0.00007
125.68625,0.49750,0.99998,0.00001,0.00000,0.00001
125.82875,0.49750,0.99999,0.00000,0.00001,0.00000
125.97125,0.49750,0.99991,0.00000,0.00009,0.00000
126.11375,0.49751,0.99996,0.00000,0.00003,0.00000
126.25625,0.49751,0.99997,0.00000,0.00001,0.00002
126.39875,0.49750,0.99996,0.00000,0.00001,0.00003
126.54125,0.49750,0.99996,0.00000,0.00001,0.00003
126.68375,0.49751,0.99996,0.00000,0.00003,0.00001
126.82625,0.49751,0.99997,0.00000,0.00002,0.00001
126.96875,0.49750,0.99996,0.00000,0.00002,0.00002
127.11125,0.49750,0.99996,0.00000,0.00001,0.00003
127.25375,0.49750,0.99992,0.00000,0.00001,0.00007
127.39625,0.49751,0.99994,0.00000,0.00003,0.00003
127.53875,0.49751,0.99993,0.00000,0.00001,0.00006
127.68125,0.49751,0.99987,0.00001,0.00001,0.00011
127.82375,0.49749,0.99989,0.00001,0.00001,0.00009
127.96625,0.49750,0.99990,0.00004,0.00001,0.00005
128.10875,0.49750,0.99994,0.00002,0.00001,0.00003
128.25125,0.49750,0.99995,0.00001,0.00002,0.00002
128.39375,0.49750,0.99994,0.00002,0.00001,0.00003
128.53625,0.49750,0.99994,0.00002,0.00002,0.00002
128.67876,0.49750,0.99990,0.00003,0.00007,0.00001
128.82124,0.49751,0.99996,0.00001,0.00003,0.00001
128.96375,0.49750,0.99997,0.00000,0.00001,0.00002
129.10625,0.49750,0.99996,0.00000,0.00001,0.00002
129.24875,0.49750,0.99996,0.00000,0.00001,0.00002
129.39125,0.49750,0.99995,0.00001,0.00001,0.00003
129.53375,0.49750,0.99994,0.00001,0.00001,0.00004
129.67625,0.49750,0.99993,0.00001,0.00002,0.00005
129.81876,0.49750,0.99989,0.00005,0.00005,0.00001
129.96124,0.49751,0.99987,0.00002,0.00010,0.00001
130.10374,0.49751,0.99993,0.00003,0.00003,0.00001
130.24625,0.49750,0.99994,0.00002,0.00001,0.00004
130.38875,0.49750,0.99993,0.00002,0.00001,0.00004
130.53125,0.49750,0.99989,0.00007,0.00002,0.00002
130.67375,0.49750,0.99985,0.00010,0.00004,0.00002
130.81625,0.49750,0.99988,0.00007,0.00003,0.00003
130.95876,0.49750,0.99989,0.00006,0.00002,0.00003
131.10126,0.49750,0.99993,0.00002,0.00001,0.00003
131.24374,0.49751,0.99992,0.00004,0.00003,0.00001
131.38625,0.49750,0.99995,0.00001,0.00002,0.00002
131.52875,0.49750,0.99995,0.00001,0.00002,0.00002
131.67125,0.49750,0.99995,0.00001,0.00002,0.00002
131.81375,0.49750,0.99995,0.00001,0.00001,0.00003
131.95625,0.49750,0.99992,0.00001,0.00001,0.00006
132.09875,0.49750,0.99994,0.00001,0.00003,0.00003
132.24126,0.49750,0.99993,0.00003,0.00003,0.00002
132.38374,0.49751,0.99994,0.00001,0.00004,0.00001
132.52625,0.49750,0.99994,0.00002,0.00002,0.00003
132.66875,0.49750,0.99992,0.00001,0.00001,0.00006
132.81125,0.49750,0.99992,0.00003,0.00003,0.00002
132.95375,0.49750,0.99985,0.00009,0.00006,0.00001
133.09625,0.49750,0.99985,0.00004,0.00010,0.00000
133.23875,0.49750,0.99994,0.00003,0.00001,0.00001
133.38126,0.49750,0.99995,0.00001,0.00001,0.00003
133.52374,0.49751,0.99994,0.00002,0.00001,0.00002
133.66624,0.49751,0.99990,0.00004,0.00005,0.00001
133.80875,0.49750,0.99989,0.00006,0.00004,0.00001
133.95125,0.49750,0.99993,0.00003,0.00002,0.00002
134.09375,0.49750,0.99993,0.00003,0.00001,0.00004
134.23625,0.49750,0.99990,0.00002,0.00000,0.00007
134.37875,0.49750,0.99991,0.00001,0.00000,0.00007
134.52126,0.49750,0.99992,0.00001,0.00001,0.00006
134.66376,0.49750,0.99994,0.00001,0.00003,0.00002
134.80624,0.49751,0.99989,0.00003,0.00008,0.00001
134.94875,0.49750,0.99990,0.00003,0.00006,0.00001
135.09125,0.49750,0.99994,0.00001,0.00004,0.00001
135.23375,0.49750,0.99995,0.00000,0.00002,0.00002
135.37625,0.49750,0.99995,0.00000,0.00004,0.00001
135.51875,0.49750,0.99995,0.00000,0.00004,0.00001
135.66125,0.49750,0.99996,0.00000,0.00003,0.00001
135.80376,0.49750,0.99995,0.00001,0.00001,0.00002
135.94624,0.49751,0.99993,0.00001,0.00001,0.00004
136.08875,0.49750,0.99992,0.00003,0.00001,0.00004
136.23125,0.49750,0.99993,0.00001,0.00003,0.00003
136.37375,0.49750,0.99993,0.00002,0.00004,0.00001
136.51625,0.49750,0.99992,0.00002,0.00005,0.00001
136.65875,0.49750,0.99993,0.00002,0.00004,0.00001
136.80125,0.49750,0.99994,0.00001,0.00001,0.00004
136.94376,0.49750,0.99993,0.00001,0.00001,0.00006
137.08624,0.49751,0.99991,0.00005,0.00003,0.00001
137.22874,0.49751,0.99980,0.00010,0.00009,0.00000
137.37125,0.49750,0.99989,0.00003,0.00008,0.00000
137.51375,0.49750,0.99996,0.00002,0.00001,0.00002
137.65625,0.49750,0.99993,0.00000,0.00001,0.00006
137.79875,0.49750,0.99993,0.00004,0.00002,0.00002
137.94125,0.49750,0.99984,0.00008,0.00007,0.00000
138.08376,0.49750,0.99989,0.00005,0.00005,0.00001
138.22626,0.49750,0.99994,0.00003,0.00001,0.00002
138.36874,0.49751,0.99990,0.00001,0.00000,0.00008
138.51125,0.49750,0.99992,0.00003,0.00001,0.00004
138.65375,0.49750,0.99991,0.00003,0.00004,0.00001
138.79625,0.49750,0.99989,0.00002,0.00008,0.00001
138.93875,0.49750,0.99996,0.00001,0.00002,0.00002
139.08125,0.49750,0.99996,0.00000,0.00001,0.00003
139.22375,0.49750,0.99996,0.00000,0.00001,0.00003
139.36626,0.49750,0.99995,0.00001,0.00003,0.00002
139.50874,0.49751,0.99991,0.00002,0.00005,0.00002
139.65125,0.49750,0.99994,0.00002,0.00001,0.00003
139.79375,0.49750,0.99993,0.00002,0.00001,0.00004
139.93625,0.49750,0.99993,0.00002,0.00001,0.00004
140.07875,0.49750,0.99993,0.00002,0.00002,0.00003
140.22125,0.49750,0.99993,0.00002,0.00003,0.00002
140.36375,0.49750,0.99994,0.00002,0.00002,0.00002
140.50626,0.49750,0.99995,0.00001,0.00002,0.00002
140.64874,0.49751,0.99995,0.00001,0.00002,0.00002
140.79124,0.49751,0.99994,0.00001,0.00002,0.00003
140.93375,0.49750,0.99993,0.00002,0.00002,0.00003
141.07625,0.49750,0.99992,0.00003,0.00001,0.00004
141.21875,0.49750,0.99992,0.00003,0.00001,0.00004
141.36125,0.49750,0.99992,0.00003,0.00001,0.00003
141.50375,0.49750,0.99993,0.00003,0.00002,0.00002
141.64626,0.49750,0.99994,0.00002,0.00002,0.00002
141.78876,0.49750,0.99994,0.00002,0.00002,0.00002
141.93124,0.49751,0.99995,0.00001,0.00002,0.00002
142.07375,0.49750,0.99994,0.00002,0.00002,0.00002
142.21625,0.49750,0.99993,0.00002,0.00002,0.00003
142.35875,0.49750,0.99994,0.00002,0.00001,0.00003
142.50125,0.49750,0.99993,0.00002,0.00001,0.00004
142.64375,0.49750,0.99994,0.00002,0.00002,0.00003
142.78625,0.49750,0.99993,0.00002,0.00002,0.00003
142.92876,0.49750,0.99993,0.00002,0.00003,0.00002
143.07124,0.49751,0.99995,0.00001,0.00002,0.00002
143.21375,0.49750,0.99996,0.00001,0.00001,0.00002
143.35625,0.49750,0.99996,0.00001,0.00001,0.00002
143.49875,0.49750,0.99995,0.00001,0.00001,0.00003
143.64125,0.49750,0.99994,0.00001,0.00001,0.00003
143.78375,0.49750,0.99992,0.00004,0.00003,0.00002
143.92625,0.49750,0.99993,0.00001,0.00005,0.00001
144.06876,0.49750,0.99995,0.00001,0.00002,0.00002
144.21124,0.49751,0.99995,0.00000,0.00001,0.00003
144.35374,0.49751,0.99995,0.00001,0.00001,0.00004
144.49625,0.49750,0.99994,0.00002,0.00001,0.00003
144.63875,0.49750,0.99993,0.00002,0.00002,0.00004
144.78125,0.49750,0.99993,0.00002,0.00002,0.00003
144.92375,0.49750,0.99993,0.00002,0.00003,0.00002
145.06625,0.49750,0.99995,0.00001,0.00002,0.00002
145.20876,0.49750,0.99996,0.00000,0.00002,0.00002
145.35126,0.49750,0.99996,0.00000,0.00001,0.00002
145.49374,0.49751,0.99996,0.00000,0.00001,0.00002
145.63625,0.49750,0.99994,0.00001,0.00002,0.00002
145.77875,0.49750,0.99993,0.00002,0.00002,0.00003
145.92125,0.49750,0.99992,0.00003,0.00001,0.00004
146.06375,0.49750,0.99992,0.00002,0.00001,0.00005
146.20625,0.49750,0.99993,0.00002,0.00001,0.00004
146.34875,0.49750,0.99993,0.00002,0.00002,0.00003
146.49126,0.49750,0.99993,0.00002,0.00002,0.00003
146.63374,0.49751,0.99992,0.00004,0.00003,0.00001
146.77625,0.49750,0.99995,0.00001,0.00002,0.00002
146.91875,0.49750,0.99995,0.00001,0.00002,0.00002
147.06125,0.49750,0.99995,0.00001,0.00002,0.00002
147.20375,0.49750,0.99995,0.00001,0.00002,0.00002
147.34625,0.49750,0.99993,0.00002,0.00001,0.00004
147.48875,0.49750,0.99993,0.00002,0.00001,0.00004
147.63126,0.49750,0.99994,0.00002,0.00001,0.00003
147.77374,0.49751,0.99993,0.00002,0.00003,0.00001
147.91624,0.49751,0.99995,0.00001,0.00002,0.00002
148.05875,0.49750,0.99995,0.00001,0.00001,0.00002
148.20125,0.49750,0.99995,0.00001,0.00001,0.00002
148.34375,0.49750,0.99995,0.00001,0.00001,0.00002
148.48625,0.49750,0.99994,0.00002,0.00002,0.00002
148.62875,0.49750,0.99994,0.00002,0.00001,0.00004
148.77126,0.49750,0.99993,0.00002,0.00001,0.00004
148.91376,0.49750,0.99993,0.00002,0.00002,0.00003
149.05624,0.49751,0.99993,0.00003,0.00002,0.00002
149.19875,0.49750,0.99991,0.00002,0.00005,0.00001
149.34125,0.49750,0.99994,0.00001,0.00003,0.00002
149.48375,0.49750,0.99995,0.00000,0.00001,0.00004
149.62625,0.49750,0.99995,0.00000,0.00001,0.00004
149.76875,0.49750,0.99994,0.00002,0.00002,0.00002
149.91125,0.49750,0.99990,0.00003,0.00006,0.00001
150.05376,0.49750,0.99995,0.00001,0.00002,0.00002
150.19624,0.49751,0.99994,0.00000,0.00001,0.00005
150.33875,0.49750,0.99993,0.00000,0.00001,0.00005
150.48125,0.49750,0.99994,0.00002,0.00002,0.00002
150.62375,0.49750,0.99991,0.00003,0.00006,0.00001
150.76625,0.49750,0.99994,0.00001,0.00003,0.00001
150.90875,0.49750,0.99996,0.00000,0.00001,0.00002
151.05125,0.49750,0.99996,0.00000,0.00001,0.00003
151.19376,0.49750,0.99995,0.00000,0.00002,0.00002
151.33624,0.49751,0.99994,0.00001,0.00003,0.00002
151.47874,0.49751,0.99992,0.00002,0.00003,0.00003
151.62125,0.49750,0.99992,0.00002,0.00003,0.00003
151.76375,0.49750,0.99993,0.00002,0.00002,0.00003
151.90625,0.49750,0.99994,0.00001,0.00002,0.00003
152.04875,0.49750,0.99994,0.00001,0.00002,0.00002
152.19125,0.49750,0.99994,0.00001,0.00002,0.00002
152.33376,0.49750,0.99994,0.00001,0.00002,0.00003
152.47626,0.49750,0.99994,0.00001,0.00002,0.00003
152.61874,0.49751,0.99994,0.00001,0.00002,0.00003
152.76125,0.49750,0.99993,0.00001,0.00002,0.00003
152.90375,0.49750,0.99993,0.00002,0.00002,0.00003
153.04625,0.49750,0.99992,0.00002,0.00002,0.00004
153.18875,0.49750,0.99992,0.00002,0.00002,0.00004
153.33125,0.49750,0.99993,0.00002,0.00002,0.00003
153.47375,0.49750,0.99993,0.00002,0.00002,0.00003
153.61626,0.49750,0.99993,0.00002,0.00002,0.00003
153.75874,0.49751,0.99993,0.00003,0.00002,0.00003
153.90125,0.49750,0.99993,0.00002,0.00002,0.00003
154.04375,0.49750,0.99993,0.00002,0.00002,0.00003
154.18625,0.49750,0.99993,0.00002,0.00002,0.00003
154.32875,0.49750,0.99994,0.00002,0.00002,0.00003
154.47125,0.49750,0.99994,0.00001,0.00002,0.00003
154.61375,0.49750,0.99994,0.00001,0.00002,0.00003
154.75626,0.49750,0.99994,0.00001,0.00002,0.00003
154.89874,0.49751,0.99994,0.00001,0.00002,0.00003
155.04124,0.49751,0.99994,0.00001,0.00002,0.00003
155.18375,0.49750,0.99994,0.00001,0.00002,0.00003
155.32625,0.49750,0.99994,0.00002,0.00002,0.00003
155.46875,0.49750,0.99993,0.00002,0.00002,0.00003
155.61125,0.49750,0.99994,0.00001,0.00002,0.00003
155.75375,0.49750,0.99994,0.00002,0.00002,0.00003
155.89626,0.49750,0.99993,0.00002,0.00002,0.00003
156.03876,0.49750,0.99994,0.00002,0.00002,0.00003
156.18124,0.49751,0.99994,0.00001,0.00002,0.00003
156.32375,0.49750,0.99994,0.00001,0.00002,0.00003
156.46625,0.49750,0.99994,0.00001,0.00002,0.00002
156.60875,0.49750,0.99994,0.00001,0.00002,0.00003
156.75125,0.49750,0.99995,0.00001,0.00002,0.00002
156.89375,0.49750,0.99995,0.00001,0.00002,0.00003
157.03625,0.49750,0.99994,0.00001,0.00002,0.00003
157.17876,0.49750,0.99994,0.00001,0.00002,0.00003
157.32124,0.49751,0.99994,0.00001,0.00002,0.00003
157.46375,0.49750,0.99994,0.00001,0.00002,0.00003
157.60625,0.49750,0.99994,0.00001,0.00002,0.00003
157.74875,0.49750,0.99994,0.00001,0.00002,0.00003
157.89125,0.49750,0.99994,0.00001,0.00002,0.00003
158.03375,0.49750,0.99994,0.00001,0.00002,0.00003
158.17625,0.49750,0.99995,0.00001,0.00002,0.00003
158.31876,0.49750,0.99994,0.00001,0.00002,0.00003
158.46124,0.49751,0.99994,0.00001,0.00002,0.00003
158.60374,0.49751,0.99994,0.00001,0.00002,0.00003
158.74625,0.49750,0.99994,0.00001,0.00002,0.00003
158.88875,0.49750,0.99994,0.00001,0.00002,0.00003
159.03125,0.49750,0.99994,0.00001,0.00002,0.00003
159.17375,0.49750,0.99994,0.00002,0.00002,0.00003
159.31625,0.49750,0.99993,0.00002,0.00002,0.00003
159.45876,0.49750,0.99994,0.00002,0.00002,0.00003
159.60126,0.49750,0.99993,0.00002,0.00002,0.00003
159.74374,0.49751,0.99994,0.00002,0.00002,0.00003
159.88625,0.49750,0.99994,0.00001,0.00002,0.00002
160.02875,0.49750,0.99995,0.00001,0.00002,0.00002
160.17125,0.49750,0.99995,0.00001,0.00002,0.00002
160.31375,0.49750,0.99994,0.00001,0.00001,0.00003
160.45625,0.49750,0.99993,0.00002,0.00004,0.00001
160.59875,0.49750,0.99985,0.00005,0.00010,0.00000
160.74126,0.49750,0.99997,0.00002,0.00001,0.00000
160.88374,0.49751,1.00000,0.00000,0.00000,0.00000
161.02625,0.49750,1.00000,0.00000,0.00000,0.00000
161.16875,0.49750,0.99999,0.00000,0.00000,0.00000
161.31125,0.49750,0.99998,0.00000,0.00000,0.00001
161.45375,0.49750,0.99996,0.00002,0.00001,0.00001
161.59625,0.49750,0.99991,0.00005,0.00003,0.00001
161.73875,0.49750,0.99961,0.00003,0.00036,0.00000
161.88126,0.49750,0.99958,0.00002,0.00040,0.00000
162.02374,0.49751,0.99983,0.00000,0.00016,0.00001
162.16624,0.49751,0.99994,0.00000,0.00003,0.00002
162.30875,0.49750,0.99996,0.00000,0.00003,0.00001
162.45125,0.49750,0.99996,0.00001,0.00002,0.00001
162.59375,0.49750,0.99992,0.00005,0.00002,0.00001
162.73625,0.49750,0.99993,0.00003,0.00003,0.00001
162.87875,0.49750,0.99997,0.00000,0.00002,0.00001
163.02126,0.49750,0.99996,0.00000,0.00004,0.00000
163.16376,0.49750,0.99997,0.00000,0.00002,0.00001
163.30624,0.49751,0.99999,0.00000,0.00000,0.00001
163.44875,0.49750,0.99999,0.00000,0.00000,0.00000
163.59125,0.49750,0.99996,0.00001,0.00003,0.00000
163.73375,0.49750,0.99994,0.00000,0.00006,0.00000
163.87625,0.49750,0.99949,0.00000,0.00051,0.00000
164.01875,0.49750,0.99998,0.00000,0.00000,0.00002
164.16125,0.49750,0.99997,0.00000,0.00000,0.00003
164.30376,0.49750,0.99997,0.00000,0.00000,0.00003
164.44624,0.49751,0.99997,0.00000,0.00000,0.00002
164.58875,0.49750,0.99989,0.00001,0.00009,0.00002
164.73125,0.49750,0.99993,0.00002,0.00002,0.00003
164.87375,0.49750,0.99994,0.00001,0.00001,0.00004
165.01625,0.49750,0.99993,0.00001,0.00001,0.00004
165.15875,0.49750,0.99992,0.00002,0.00001,0.00004
165.30125,0.49750,0.99988,0.00007,0.00002,0.00003
165.44376,0.49750,0.99975,0.00021,0.00003,0.00002
165.58624,0.49751,0.99975,0.00020,0.00003,0.00002
165.72874,0.49751,0.99979,0.00016,0.00003,0.00002
165.87125,0.49750,0.99981,0.00014,0.00002,0.00003
166.01375,0.49750,0.99977,0.00018,0.00002,0.00003
166.15625,0.49750,0.99974,0.00021,0.00002,0.00003
166.29875,0.49750,0.99974,0.00020,0.00002,0.00003
166.44125,0.49750,0.99975,0.00019,0.00002,0.00003
166.58376,0.49750,0.99975,0.00020,0.00002,0.00003
166.72626,0.49750,0.99968,0.00027,0.00002,0.00003
166.86874,0.49751,0.99965,0.00031,0.00002,0.00002
