Time (seconds), Duration (seconds),pred_(unlabeled),pred_Jab_R,pred_Sidehook_R,pred_Uppercut_R
0.00125,0.99750,0.99999,0.00000,0.00000,0.00001
0.10125,0.99750,0.99999,0.00000,0.00000,0.00001
0.20125,0.99750,0.99999,0.00000,0.00000,0.00001
0.30125,0.99750,0.99999,0.00000,0.00000,0.00001
0.40125,0.99750,0.99999,0.00000,0.00000,0.00001
0.50125,0.99750,0.99998,0.00000,0.00000,0.00002
0.60125,0.99750,0.99998,0.00000,0.00000,0.00002
0.70125,0.99750,0.99996,0.00000,0.00000,0.00004
0.80125,0.99750,0.99995,0.00000,0.00000,0.00005
0.90125,0.99750,0.99992,0.00000,0.00000,0.00008
1.00125,0.99750,0.99988,0.00000,0.00000,0.00012
1.10125,0.99750,0.99985,0.00000,0.00000,0.00015
1.20125,0.99750,0.99984,0.00000,0.00000,0.00016
1.30125,0.99750,0.99979,0.00000,0.00000,0.00021
1.40125,0.99750,0.99946,0.00000,0.00000,0.00054
1.50125,0.99750,0.99831,0.00000,0.00000,0.00168
1.60125,0.99750,0.99289,0.00000,0.00000,0.00711
1.70125,0.99750,0.97177,0.00000,0.00000,0.02823
1.80125,0.99750,0.91213,0.00000,0.00000,0.08787
1.90125,0.99750,0.86541,0.00000,0.00001,0.13458
2.00125,0.99750,0.90289,0.00000,0.00001,0.09710
2.10125,0.99750,0.91277,0.00000,0.00001,0.08722
2.20125,0.99750,0.90314,0.00000,0.00002,0.09685
2.30125,0.99750,0.97056,0.00000,0.00000,0.02944
2.40125,0.99750,0.98850,0.00000,0.00000,0.01150
2.50125,0.99750,0.99732,0.00000,0.00000,0.00268
2.60125,0.99750,0.99968,0.00000,0.00000,0.00032
2.70125,0.99750,0.99996,0.00000,0.00000,0.00004
2.80125,0.99750,0.99999,0.00000,0.00000,0.00001
2.90125,0.99750,0.99999,0.00000,0.00000,0.00001
3.00125,0.99750,0.99999,0.00000,0.00000,0.00001
3.10125,0.99750,0.99999,0.00000,0.00000,0.00001
3.20125,0.99750,0.99999,0.00000,0.00000,0.00001
3.30125,0.99750,0.99999,0.00000,0.00000,0.00001
3.40125,0.99750,0.99999,0.00000,0.00000,0.00000
3.50125,0.99750,0.99999,0.00000,0.00000,0.00001
3.60125,0.99750,0.99998,0.00000,0.00000,0.00002
3.70125,0.99750,0.99993,0.00000,0.00000,0.00007
3.80125,0.99750,0.99976,0.00000,0.00000,0.00024
3.90125,0.99750,0.99848,0.00000,0.00000,0.00152
4.00125,0.99750,0.99095,0.00000,0.00000,0.00905
4.10125,0.99750,0.95411,0.00000,0.00000,0.04588
4.20125,0.99750,0.81508,0.00000,0.00004,0.18488
4.30125,0.99750,0.74930,0.00000,0.00006,0.25064
4.40125,0.99750,0.76092,0.00001,0.00009,0.23899
4.50125,0.99750,0.81457,0.00001,0.00007,0.18535
4.60125,0.99750,0.94144,0.00000,0.00001,0.05855
4.70125,0.99750,0.98313,0.00000,0.00000,0.01686
4.80125,0.99750,0.99596,0.00000,0.00000,0.00404
4.90125,0.99750,0.99951,0.00000,0.00000,0.00049
5.00125,0.99750,0.99994,0.00000,0.00000,0.00006
5.10125,0.99750,0.99999,0.00000,0.00000,0.00001
5.20125,0.99750,0.99999,0.00000,0.00000,0.00001
5.30125,0.99750,1.00000,0.00000,0.00000,0.00000
5.40125,0.99750,1.00000,0.00000,0.00000,0.00000
5.50125,0.99750,1.00000,0.00000,0.00000,0.00000
5.60125,0.99750,1.00000,0.00000,0.00000,0.00000
5.70125,0.99750,1.00000,0.00000,0.00000,0.00000
5.80125,0.99750,1.00000,0.00000,0.00000,0.00000
5.90125,0.99750,0.99998,0.00000,0.00000,0.00002
6.00125,0.99750,0.99994,0.00000,0.00000,0.00006
6.10125,0.99750,0.99977,0.00000,0.00000,0.00023
6.20125,0.99750,0.99847,0.00000,0.00000,0.00153
6.30125,0.99750,0.99157,0.00000,0.00000,0.00843
6.40125,0.99750,0.95544,0.00000,0.00000,0.04456
6.50125,0.99750,0.82362,0.00001,0.00002,0.17635
6.60125,0.99750,0.75830,0.00001,0.00005,0.24164
6.70125,0.99750,0.74100,0.00002,0.00005,0.25893
6.80125,0.99750,0.80432,0.00001,0.00004,0.19564
6.90125,0.99750,0.93116,0.00000,0.00000,0.06883
7.00125,0.99750,0.98248,0.00000,0.00000,0.01752
7.10125,0.99750,0.99672,0.00000,0.00000,0.00328
7.20125,0.99750,0.99952,0.00000,0.00000,0.00048
7.30125,0.99750,0.99994,0.00000,0.00000,0.00006
7.40125,0.99750,0.99999,0.00000,0.00000,0.00001
7.50125,0.99750,1.00000,0.00000,0.00000,0.00000
7.60125,0.99750,1.00000,0.00000,0.00000,0.00000
7.70125,0.99750,1.00000,0.00000,0.00000,0.00000
7.80125,0.99750,1.00000,0.00000,0.00000,0.00000
7.90125,0.99750,1.00000,0.00000,0.00000,0.00000
8.00125,0.99750,1.00000,0.00000,0.00000,0.00000
8.10125,0.99750,1.00000,0.00000,0.00000,0.00000
8.20125,0.99750,0.99999,0.00000,0.00000,0.00001
8.30125,0.99750,0.99998,0.00000,0.00000,0.00002
8.40125,0.99750,0.99992,0.00000,0.00000,0.00008
8.50125,0.99750,0.99970,0.00000,0.00000,0.00030
8.60125,0.99750,0.99803,0.00000,0.00000,0.00197
8.70125,0.99750,0.98764,0.00000,0.00000,0.01236
8.80125,0.99750,0.93386,0.00000,0.00000,0.06614
8.90125,0.99750,0.74845,0.00001,0.00001,0.25153
9.00125,0.99750,0.65897,0.00002,0.00002,0.34100
9.10125,0.99750,0.65367,0.00002,0.00002,0.34628
9.20125,0.99750,0.77160,0.00001,0.00002,0.22837
9.30125,0.99750,0.88503,0.00000,0.00000,0.11496
9.40125,0.99750,0.94746,0.00000,0.00000,0.05253
9.50125,0.99750,0.98478,0.00000,0.00000,0.01522
9.60125,0.99750,0.99807,0.00000,0.00000,0.00193
9.70125,0.99750,0.99965,0.00000,0.00000,0.00035
9.80125,0.99750,0.99992,0.00000,0.00000,0.00008
9.90125,0.99750,0.99996,0.00000,0.00000,0.00004
10.00125,0.99750,0.99998,0.00000,0.00000,0.00002
10.10125,0.99750,0.99998,0.00000,0.00000,0.00002
10.20125,0.99750,0.99997,0.00000,0.00000,0.00003
10.30125,0.99750,0.99990,0.00000,0.00000,0.00009
10.40125,0.99750,0.99974,0.00000,0.00000,0.00026
10.50125,0.99750,0.99840,0.00000,0.00000,0.00160
10.60125,0.99750,0.98994,0.00000,0.00000,0.01006
10.70125,0.99750,0.96220,0.00000,0.00000,0.03780
10.80125,0.99750,0.86747,0.00002,0.00001,0.13249
10.90125,0.99750,0.84836,0.00005,0.00004,0.15156
11.00125,0.99750,0.82182,0.00006,0.00005,0.17807
11.10125,0.99750,0.85997,0.00004,0.00004,0.13994
11.20125,0.99750,0.91456,0.00003,0.00002,0.08540
11.30125,0.99750,0.96850,0.00001,0.00000,0.03149
11.40125,0.99750,0.98948,0.00000,0.00000,0.01052
11.50125,0.99750,0.99807,0.00000,0.00000,0.00193
11.60125,0.99750,0.99964,0.00000,0.00000,0.00036
11.70125,0.99750,0.99993,0.00000,0.00000,0.00007
11.80125,0.99750,0.99997,0.00000,0.00000,0.00003
11.90125,0.99750,0.99997,0.00000,0.00000,0.00003
12.00125,0.99750,0.99997,0.00000,0.00000,0.00003
12.10125,0.99750,0.99996,0.00000,0.00000,0.00004
12.20125,0.99750,0.99991,0.00000,0.00000,0.00009
12.30125,0.99750,0.99973,0.00000,0.00000,0.00027
12.40125,0.99750,0.99900,0.00000,0.00000,0.00100
12.50125,0.99750,0.99414,0.00001,0.00000,0.00585
12.60125,0.99750,0.97046,0.00001,0.00000,0.02953
12.70125,0.99750,0.85391,0.00000,0.00001,0.14608
12.80125,0.99750,0.63419,0.00001,0.00006,0.36574
12.90125,0.99750,0.57341,0.00001,0.00010,0.42648
13.00125,0.99750,0.66641,0.00001,0.00006,0.33352
13.10125,0.99750,0.84079,0.00000,0.00001,0.15920
13.20125,0.99750,0.95128,0.00000,0.00000,0.04872
13.30125,0.99750,0.98653,0.00000,0.00000,0.01347
13.40125,0.99750,0.99698,0.00000,0.00000,0.00302
13.50125,0.99750,0.99961,0.00000,0.00000,0.00039
13.60125,0.99750,0.99993,0.00000,0.00000,0.00007
13.70125,0.99750,0.99999,0.00000,0.00000,0.00001
13.80125,0.99750,1.00000,0.00000,0.00000,0.00000
13.90125,0.99750,1.00000,0.00000,0.00000,0.00000
14.00125,0.99750,0.99999,0.00000,0.00000,0.00001
14.10125,0.99750,0.99999,0.00000,0.00000,0.00001
14.20125,0.99750,0.99999,0.00000,0.00000,0.00001
14.30125,0.99750,0.99995,0.00000,0.00000,0.00005
14.40125,0.99750,0.99982,0.00000,0.00000,0.00018
14.50125,0.99750,0.99921,0.00000,0.00000,0.00079
14.60125,0.99750,0.99544,0.00001,0.00000,0.00455
14.70125,0.99750,0.97241,0.00002,0.00000,0.02758
14.80125,0.99750,0.85196,0.00001,0.00002,0.14802
14.90125,0.99750,0.65970,0.00002,0.00018,0.34010
15.00125,0.99750,0.34859,0.00004,0.00071,0.65066
15.10125,0.99750,0.38550,0.00003,0.00042,0.61406
15.20125,0.99750,0.76933,0.00002,0.00014,0.23050
15.30125,0.99750,0.91227,0.00002,0.00005,0.08767
15.40125,0.99750,0.97747,0.00000,0.00000,0.02253
15.50125,0.99750,0.99428,0.00000,0.00000,0.00571
15.60125,0.99750,0.99923,0.00000,0.00000,0.00077
15.70125,0.99750,0.99987,0.00000,0.00000,0.00013
15.80125,0.99750,0.99998,0.00000,0.00000,0.00002
15.90125,0.99750,0.99999,0.00000,0.00000,0.00001
16.00125,0.99750,1.00000,0.00000,0.00000,0.00000
16.10125,0.99750,1.00000,0.00000,0.00000,0.00000
16.20125,0.99750,1.00000,0.00000,0.00000,0.00000
16.30125,0.99750,0.99999,0.00000,0.00000,0.00001
16.40125,0.99750,0.99995,0.00000,0.00000,0.00005
16.50125,0.99750,0.99983,0.00000,0.00000,0.00017
16.60125,0.99750,0.99883,0.00000,0.00000,0.00117
16.70125,0.99750,0.99186,0.00001,0.00000,0.00814
16.80125,0.99750,0.95362,0.00001,0.00000,0.04637
16.90125,0.99750,0.81020,0.00001,0.00001,0.18977
17.00125,0.99750,0.64574,0.00004,0.00005,0.35417
17.10125,0.99750,0.64555,0.00005,0.00007,0.35433
17.20125,0.99750,0.77760,0.00005,0.00006,0.22230
17.30125,0.99750,0.89508,0.00001,0.00001,0.10490
17.40125,0.99750,0.97551,0.00000,0.00000,0.02449
17.50125,0.99750,0.99380,0.00000,0.00000,0.00620
17.60125,0.99750,0.99910,0.00000,0.00000,0.00090
17.70125,0.99750,0.99988,0.00000,0.00000,0.00012
17.80125,0.99750,0.99998,0.00000,0.00000,0.00002
17.90125,0.99750,1.00000,0.00000,0.00000,0.00000
18.00125,0.99750,1.00000,0.00000,0.00000,0.00000
18.10125,0.99750,1.00000,0.00000,0.00000,0.00000
18.20125,0.99750,1.00000,0.00000,0.00000,0.00000
18.30125,0.99750,1.00000,0.00000,0.00000,0.00000
18.40125,0.99750,0.99999,0.00000,0.00000,0.00001
18.50125,0.99750,0.99998,0.00000,0.00000,0.00002
18.60125,0.99750,0.99990,0.00000,0.00000,0.00010
18.70125,0.99750,0.99948,0.00000,0.00000,0.00052
18.80125,0.99750,0.99642,0.00000,0.00000,0.00358
18.90125,0.99750,0.97786,0.00000,0.00000,0.02213
19.00125,0.99750,0.90368,0.00000,0.00001,0.09631
19.10125,0.99750,0.74540,0.00001,0.00004,0.25456
19.20125,0.99750,0.73247,0.00001,0.00004,0.26748
19.30125,0.99750,0.79333,0.00001,0.00004,0.20662
19.40125,0.99750,0.90887,0.00000,0.00001,0.09111
19.50125,0.99750,0.97018,0.00000,0.00000,0.02982
19.60125,0.99750,0.99290,0.00000,0.00000,0.00710
19.70125,0.99750,0.99847,0.00000,0.00000,0.00153
19.80125,0.99750,0.99980,0.00000,0.00000,0.00020
19.90125,0.99750,0.99997,0.00000,0.00000,0.00003
20.00125,0.99750,0.99999,0.00000,0.00000,0.00001
20.10125,0.99750,1.00000,0.00000,0.00000,0.00000
20.20125,0.99750,1.00000,0.00000,0.00000,0.00000
20.30125,0.99750,1.00000,0.00000,0.00000,0.00000
20.40125,0.99750,1.00000,0.00000,0.00000,0.00000
20.50125,0.99750,0.99999,0.00000,0.00000,0.00001
20.60125,0.99750,0.99997,0.00000,0.00000,0.00003
20.70125,0.99750,0.99987,0.00000,0.00000,0.00013
20.80125,0.99750,0.99922,0.00000,0.00000,0.00078
20.90125,0.99750,0.99499,0.00001,0.00000,0.00500
21.00125,0.99750,0.96516,0.00001,0.00002,0.03482
21.10125,0.99750,0.88820,0.00001,0.00011,0.11167
21.20125,0.99750,0.71019,0.00006,0.00076,0.28898
21.30125,0.99750,0.74468,0.00006,0.00076,0.25450
21.40125,0.99750,0.73162,0.00002,0.00019,0.26817
21.50125,0.99750,0.78488,0.00004,0.00022,0.21486
21.60125,0.99750,0.86669,0.00003,0.00009,0.13319
21.70125,0.99750,0.94930,0.00001,0.00002,0.05068
21.80125,0.99750,0.98803,0.00000,0.00003,0.01194
21.90125,0.99750,0.99700,0.00000,0.00000,0.00299
22.00125,0.99750,0.99961,0.00000,0.00000,0.00039
22.10125,0.99750,0.99984,0.00000,0.00000,0.00016
22.20125,0.99750,0.99990,0.00000,0.00000,0.00010
22.30125,0.99750,0.99992,0.00000,0.00000,0.00008
22.40125,0.99750,0.99994,0.00000,0.00000,0.00006
22.50125,0.99750,0.99991,0.00000,0.00000,0.00009
22.60125,0.99750,0.99975,0.00000,0.00000,0.00025
22.70125,0.99750,0.99904,0.00000,0.00000,0.00096
22.80125,0.99750,0.99534,0.00000,0.00000,0.00466
22.90125,0.99750,0.98006,0.00000,0.00000,0.01993
23.00125,0.99750,0.92311,0.00000,0.00000,0.07688
23.10125,0.99750,0.83308,0.00000,0.00002,0.16690
23.20125,0.99750,0.85702,0.00000,0.00002,0.14296
23.30125,0.99750,0.83212,0.00000,0.00003,0.16786
23.40125,0.99750,0.83437,0.00000,0.00003,0.16560
23.50125,0.99750,0.94935,0.00000,0.00000,0.05064
23.60125,0.99750,0.98334,0.00000,0.00000,0.01666
23.70125,0.99750,0.99532,0.00000,0.00000,0.00468
23.80125,0.99750,0.99905,0.00000,0.00000,0.00095
23.90125,0.99750,0.99985,0.00000,0.00000,0.00015
24.00125,0.99750,0.99994,0.00000,0.00000,0.00006
24.10125,0.99750,0.99994,0.00000,0.00000,0.00006
24.20125,0.99750,0.99995,0.00000,0.00000,0.00005
24.30125,0.99750,0.99993,0.00000,0.00000,0.00007
24.40125,0.99750,0.99980,0.00000,0.00000,0.00020
24.50125,0.99750,0.99928,0.00000,0.00000,0.00072
24.60125,0.99750,0.99700,0.00001,0.00000,0.00299
24.70125,0.99750,0.98656,0.00002,0.00000,0.01342
24.80125,0.99750,0.93871,0.00002,0.00000,0.06127
24.90125,0.99750,0.81241,0.00002,0.00001,0.18757
25.00125,0.99750,0.59944,0.00004,0.00003,0.40050
25.10125,0.99750,0.48881,0.00005,0.00006,0.51109
25.20125,0.99750,0.57369,0.00003,0.00003,0.42625
25.30125,0.99750,0.79198,0.00001,0.00000,0.20801
25.40125,0.99750,0.89439,0.00000,0.00000,0.10560
25.50125,0.99750,0.96070,0.00000,0.00000,0.03930
25.60125,0.99750,0.99195,0.00000,0.00000,0.00804
25.70125,0.99750,0.99862,0.00000,0.00000,0.00138
25.80125,0.99750,0.99978,0.00000,0.00000,0.00022
25.90125,0.99750,0.99993,0.00000,0.00000,0.00007
26.00125,0.99750,0.99997,0.00000,0.00000,0.00003
26.10125,0.99750,0.99998,0.00000,0.00000,0.00002
26.20125,0.99750,0.99998,0.00000,0.00000,0.00002
26.30125,0.99750,0.99996,0.00000,0.00000,0.00004
26.40125,0.99750,0.99990,0.00000,0.00000,0.00010
26.50125,0.99750,0.99967,0.00000,0.00000,0.00033
26.60125,0.99750,0.99862,0.00000,0.00000,0.00137
26.70125,0.99750,0.99106,0.00001,0.00000,0.00894
26.80125,0.99750,0.95931,0.00001,0.00001,0.04067
26.90125,0.99750,0.80845,0.00000,0.00009,0.19145
27.00125,0.99750,0.60785,0.00001,0.00029,0.39185
27.10125,0.99750,0.52869,0.00001,0.00048,0.47083
27.20125,0.99750,0.64948,0.00000,0.00025,0.35027
27.30125,0.99750,0.82675,0.00000,0.00006,0.17319
27.40125,0.99750,0.93241,0.00000,0.00001,0.06758
27.50125,0.99750,0.98338,0.00000,0.00000,0.01662
27.60125,0.99750,0.99665,0.00000,0.00000,0.00335
27.70125,0.99750,0.99960,0.00000,0.00000,0.00040
27.80125,0.99750,0.99994,0.00000,0.00000,0.00006
27.90125,0.99750,0.99999,0.00000,0.00000,0.00001
28.00125,0.99750,0.99999,0.00000,0.00000,0.00001
28.10125,0.99750,0.99999,0.00000,0.00000,0.00001
28.20125,0.99750,0.99998,0.00000,0.00000,0.00002
28.30125,0.99750,0.99994,0.00000,0.00000,0.00006
28.40125,0.99750,0.99968,0.00000,0.00000,0.00032
28.50125,0.99750,0.99752,0.00000,0.00000,0.00247
28.60125,0.99750,0.98419,0.00000,0.00000,0.01581
28.70125,0.99750,0.91391,0.00000,0.00001,0.08608
28.80125,0.99750,0.79340,0.00001,0.00004,0.20656
28.90125,0.99750,0.78554,0.00001,0.00004,0.21440
29.00125,0.99750,0.81885,0.00001,0.00005,0.18110
29.10125,0.99750,0.91918,0.00000,0.00001,0.08080
29.20125,0.99750,0.97841,0.00000,0.00000,0.02159
29.30125,0.99750,0.99337,0.00000,0.00000,0.00663
29.40125,0.99750,0.99776,0.00000,0.00000,0.00224
29.50125,0.99750,0.99951,0.00000,0.00000,0.00049
29.60125,0.99750,0.99992,0.00000,0.00000,0.00008
29.70125,0.99750,0.99998,0.00000,0.00000,0.00002
29.80125,0.99750,0.99999,0.00000,0.00000,0.00001
29.90125,0.99750,0.99998,0.00000,0.00000,0.00002
30.00125,0.99750,0.99997,0.00000,0.00000,0.00003
30.10125,0.99750,0.99996,0.00000,0.00000,0.00004
30.20125,0.99750,0.99993,0.00000,0.00000,0.00007
30.30125,0.99750,0.99990,0.00000,0.00000,0.00010
30.40125,0.99750,0.99989,0.00000,0.00000,0.00011
30.50125,0.99750,0.99988,0.00000,0.00000,0.00012
30.60125,0.99750,0.99985,0.00000,0.00000,0.00015
30.70125,0.99750,0.99982,0.00000,0.00000,0.00018
30.80125,0.99750,0.99986,0.00000,0.00000,0.00014
30.90125,0.99750,0.99989,0.00000,0.00000,0.00011
31.00125,0.99750,0.99993,0.00000,0.00000,0.00007
31.10125,0.99750,0.99995,0.00000,0.00000,0.00005
31.20125,0.99750,0.99997,0.00000,0.00000,0.00003
31.30125,0.99750,0.99998,0.00000,0.00000,0.00002
31.40125,0.99750,0.99999,0.00000,0.00000,0.00001
31.50125,0.99750,0.99999,0.00000,0.00000,0.00001
31.60125,0.99750,0.99999,0.00000,0.00000,0.00001
31.70125,0.99750,0.99999,0.00000,0.00000,0.00001
31.80125,0.99750,0.99999,0.00000,0.00000,0.00001
31.90125,0.99750,0.99999,0.00000,0.00000,0.00001
32.00125,0.99750,1.00000,0.00000,0.00000,0.00000
32.10125,0.99750,1.00000,0.00000,0.00000,0.00000
32.20125,0.99750,1.00000,0.00000,0.00000,0.00000
32.30125,0.99750,1.00000,0.00000,0.00000,0.00000
32.40125,0.99750,1.00000,0.00000,0.00000,0.00000
32.50125,0.99750,1.00000,0.00000,0.00000,0.00000
32.60125,0.99750,1.00000,0.00000,0.00000,0.00000
32.70125,0.99750,1.00000,0.00000,0.00000,0.00000
32.80125,0.99750,1.00000,0.00000,0.00000,0.00000
32.90125,0.99750,1.00000,0.00000,0.00000,0.00000
33.00125,0.99750,1.00000,0.00000,0.00000,0.00000
33.10125,0.99750,1.00000,0.00000,0.00000,0.00000
33.20125,0.99750,1.00000,0.00000,0.00000,0.00000
33.30125,0.99750,1.00000,0.00000,0.00000,0.00000
33.40125,0.99750,0.99999,0.00000,0.00000,0.00001
33.50125,0.99750,1.00000,0.00000,0.00000,0.00000
33.60125,0.99750,1.00000,0.00000,0.00000,0.00000
33.70125,0.99750,1.00000,0.00000,0.00000,0.00000
33.80125,0.99750,1.00000,0.00000,0.00000,0.00000
33.90125,0.99750,1.00000,0.00000,0.00000,0.00000
34.00125,0.99750,1.00000,0.00000,0.00000,0.00000
34.10125,0.99750,0.99999,0.00000,0.00000,0.00001
34.20125,0.99750,1.00000,0.00000,0.00000,0.00000
34.30125,0.99750,1.00000,0.00000,0.00000,0.00000
34.40125,0.99750,0.99999,0.00000,0.00000,0.00001
34.50125,0.99750,0.99999,0.00000,0.00000,0.00001
34.60125,0.99750,0.99999,0.00000,0.00000,0.00001
34.70125,0.99750,0.99999,0.00000,0.00000,0.00001
34.80125,0.99750,0.99999,0.00000,0.00000,0.00001
34.90125,0.99750,0.99999,0.00000,0.00000,0.00001
35.00125,0.99750,0.99999,0.00000,0.00000,0.00001
35.10125,0.99750,0.99999,0.00000,0.00000,0.00001
35.20125,0.99750,0.99999,0.00000,0.00000,0.00001
35.30125,0.99750,0.99999,0.00000,0.00000,0.00001
35.40125,0.99750,0.99999,0.00000,0.00000,0.00001
35.50125,0.99750,0.99999,0.00000,0.00000,0.00001
35.60125,0.99750,0.99999,0.00000,0.00000,0.00001
35.70125,0.99750,0.99999,0.00000,0.00000,0.00000
35.80125,0.99750,0.99999,0.00000,0.00000,0.00001
35.90125,0.99750,0.99999,0.00000,0.00000,0.00001
36.00125,0.99750,0.99999,0.00000,0.00000,0.00001
36.10125,0.99750,0.99999,0.00000,0.00000,0.00001
36.20125,0.99750,0.99999,0.00000,0.00000,0.00001
36.30125,0.99750,0.99999,0.00000,0.00000,0.00001
36.40125,0.99750,0.99999,0.00000,0.00000,0.00001
36.50125,0.99750,0.99999,0.00000,0.00000,0.00001
36.60125,0.99750,0.99999,0.00000,0.00000,0.00001
36.70125,0.99750,0.99999,0.00000,0.00000,0.00001
36.80125,0.99750,0.99999,0.00000,0.00000,0.00001
36.90125,0.99750,0.99999,0.00000,0.00000,0.00001
37.00125,0.99750,0.99999,0.00000,0.00000,0.00001
37.10125,0.99750,0.99999,0.00000,0.00000,0.00001
37.20125,0.99750,1.00000,0.00000,0.00000,0.00000
37.30125,0.99750,1.00000,0.00000,0.00000,0.00000
37.40125,0.99750,1.00000,0.00000,0.00000,0.00000
37.50125,0.99750,1.00000,0.00000,0.00000,0.00000
37.60125,0.99750,1.00000,0.00000,0.00000,0.00000
37.70125,0.99750,1.00000,0.00000,0.00000,0.00000
37.80125,0.99750,1.00000,0.00000,0.00000,0.00000
37.90125,0.99750,1.00000,0.00000,0.00000,0.00000
38.00125,0.99750,1.00000,0.00000,0.00000,0.00000
38.10125,0.99750,1.00000,0.00000,0.00000,0.00000
38.20125,0.99750,0.99999,0.00000,0.00000,0.00001
38.30125,0.99750,0.99999,0.00000,0.00000,0.00001
38.40125,0.99750,0.99999,0.00000,0.00000,0.00001
38.50125,0.99750,0.99999,0.00000,0.00000,0.00001
38.60125,0.99750,0.99999,0.00000,0.00000,0.00001
38.70125,0.99750,0.99999,0.00000,0.00000,0.00001
38.80125,0.99750,0.99999,0.00000,0.00000,0.00001
38.90125,0.99750,0.99999,0.00000,0.00000,0.00001
39.00125,0.99750,0.99998,0.00000,0.00000,0.00002
39.10125,0.99750,0.99995,0.00000,0.00000,0.00005
39.20125,0.99750,0.99982,0.00000,0.00000,0.00018
39.30125,0.99750,0.99930,0.00000,0.00000,0.00070
39.40125,0.99750,0.99591,0.00001,0.00000,0.00407
39.50125,0.99750,0.97401,0.00001,0.00000,0.02598
39.60125,0.99750,0.85743,0.00002,0.00006,0.14249
39.70125,0.99750,0.57318,0.00003,0.00022,0.42657
39.80125,0.99750,0.48079,0.00004,0.00026,0.51891
39.90125,0.99750,0.61590,0.00002,0.00013,0.38395
40.00125,0.99750,0.83303,0.00001,0.00002,0.16695
40.10125,0.99750,0.93775,0.00000,0.00000,0.06225
40.20125,0.99750,0.98137,0.00000,0.00000,0.01863
40.30125,0.99750,0.99647,0.00000,0.00000,0.00353
40.40125,0.99750,0.99953,0.00000,0.00000,0.00047
40.50125,0.99750,0.99993,0.00000,0.00000,0.00007
40.60125,0.99750,0.99999,0.00000,0.00000,0.00001
40.70125,0.99750,0.99999,0.00000,0.00000,0.00001
40.80125,0.99750,0.99996,0.00000,0.00000,0.00004
40.90125,0.99750,0.99986,0.00000,0.00000,0.00014
41.00125,0.99750,0.99914,0.00000,0.00000,0.00086
41.10125,0.99750,0.99410,0.00000,0.00000,0.00590
41.20125,0.99750,0.96546,0.00000,0.00002,0.03453
41.30125,0.99750,0.84759,0.00000,0.00016,0.15225
41.40125,0.99750,0.75945,0.00001,0.00024,0.24030
41.50125,0.99750,0.73349,0.00001,0.00030,0.26620
41.60125,0.99750,0.82606,0.00000,0.00011,0.17382
41.70125,0.99750,0.94322,0.00000,0.00001,0.05677
41.80125,0.99750,0.98603,0.00000,0.00000,0.01397
41.90125,0.99750,0.99670,0.00000,0.00000,0.00330
42.00125,0.99750,0.99950,0.00000,0.00000,0.00050
42.10125,0.99750,0.99994,0.00000,0.00000,0.00006
42.20125,0.99750,0.99997,0.00000,0.00000,0.00003
42.30125,0.99750,0.99997,0.00000,0.00000,0.00003
42.40125,0.99750,0.99987,0.00000,0.00000,0.00013
42.50125,0.99750,0.99901,0.00000,0.00000,0.00099
42.60125,0.99750,0.99239,0.00000,0.00000,0.00761
42.70125,0.99750,0.96301,0.00000,0.00000,0.03698
42.80125,0.99750,0.92309,0.00000,0.00000,0.07691
42.90125,0.99750,0.87457,0.00000,0.00001,0.12542
43.00125,0.99750,0.89504,0.00000,0.00001,0.10494
43.10125,0.99750,0.91140,0.00000,0.00001,0.08859
43.20125,0.99750,0.96980,0.00000,0.00000,0.03020
43.30125,0.99750,0.99153,0.00000,0.00000,0.00847
43.40125,0.99750,0.99828,0.00000,0.00000,0.00172
43.50125,0.99750,0.99980,0.00000,0.00000,0.00020
43.60125,0.99750,0.99998,0.00000,0.00000,0.00002
43.70125,0.99750,0.99999,0.00000,0.00000,0.00001
43.80125,0.99750,1.00000,0.00000,0.00000,0.00000
43.90125,0.99750,1.00000,0.00000,0.00000,0.00000
44.00125,0.99750,1.00000,0.00000,0.00000,0.00000
44.10125,0.99750,1.00000,0.00000,0.00000,0.00000
44.20125,0.99750,1.00000,0.00000,0.00000,0.00000
44.30125,0.99750,1.00000,0.00000,0.00000,0.00000
44.40125,0.99750,1.00000,0.00000,0.00000,0.00000
44.50125,0.99750,1.00000,0.00000,0.00000,0.00000
44.60125,0.99750,1.00000,0.00000,0.00000,0.00000
44.70125,0.99750,0.99999,0.00000,0.00000,0.00001
44.80125,0.99750,0.99996,0.00000,0.00000,0.00004
44.90125,0.99750,0.99985,0.00000,0.00000,0.00015
45.00125,0.99750,0.99911,0.00000,0.00000,0.00089
45.10125,0.99750,0.99406,0.00000,0.00000,0.00594
45.20125,0.99750,0.95872,0.00000,0.00000,0.04127
45.30125,0.99750,0.82632,0.00001,0.00001,0.17367
45.40125,0.99750,0.65522,0.00003,0.00003,0.34472
45.50125,0.99750,0.61116,0.00005,0.00004,0.38874
45.60125,0.99750,0.79375,0.00006,0.00004,0.20616
45.70125,0.99750,0.92682,0.00001,0.00000,0.07316
45.80125,0.99750,0.98055,0.00000,0.00000,0.01945
45.90125,0.99750,0.99549,0.00000,0.00000,0.00451
46.00125,0.99750,0.99937,0.00000,0.00000,0.00063
46.10125,0.99750,0.99992,0.00000,0.00000,0.00008
46.20125,0.99750,0.99999,0.00000,0.00000,0.00001
46.30125,0.99750,1.00000,0.00000,0.00000,0.00000
46.40125,0.99750,1.00000,0.00000,0.00000,0.00000
46.50125,0.99750,0.99999,0.00000,0.00000,0.00001
46.60125,0.99750,0.99993,0.00000,0.00000,0.00007
46.70125,0.99750,0.99961,0.00000,0.00000,0.00039
46.80125,0.99750,0.99722,0.00000,0.00000,0.00278
46.90125,0.99750,0.98035,0.00000,0.00000,0.01964
47.00125,0.99750,0.93629,0.00000,0.00002,0.06369
47.10125,0.99750,0.77971,0.00001,0.00020,0.22008
47.20125,0.99750,0.65158,0.00002,0.00050,0.34790
47.30125,0.99750,0.66916,0.00002,0.00051,0.33031
47.40125,0.99750,0.85159,0.00001,0.00010,0.14831
47.50125,0.99750,0.95542,0.00000,0.00001,0.04457
47.60125,0.99750,0.98854,0.00000,0.00000,0.01146
47.70125,0.99750,0.99772,0.00000,0.00000,0.00228
47.80125,0.99750,0.99967,0.00000,0.00000,0.00033
47.90125,0.99750,0.99996,0.00000,0.00000,0.00004
48.00125,0.99750,0.99998,0.00000,0.00000,0.00002
48.10125,0.99750,0.99998,0.00000,0.00000,0.00002
48.20125,0.99750,0.99995,0.00000,0.00000,0.00005
48.30125,0.99750,0.99981,0.00000,0.00000,0.00019
48.40125,0.99750,0.99887,0.00000,0.00000,0.00113
48.50125,0.99750,0.99225,0.00000,0.00000,0.00775
48.60125,0.99750,0.95864,0.00000,0.00001,0.04136
48.70125,0.99750,0.83700,0.00001,0.00004,0.16295
48.80125,0.99750,0.70338,0.00004,0.00014,0.29644
48.90125,0.99750,0.70334,0.00004,0.00014,0.29648
49.00125,0.99750,0.76878,0.00003,0.00008,0.23110
49.10125,0.99750,0.92720,0.00001,0.00001,0.07278
49.20125,0.99750,0.97711,0.00000,0.00000,0.02288
49.30125,0.99750,0.99450,0.00000,0.00000,0.00550
49.40125,0.99750,0.99912,0.00000,0.00000,0.00088
49.50125,0.99750,0.99989,0.00000,0.00000,0.00011
49.60125,0.99750,0.99998,0.00000,0.00000,0.00002
49.70125,0.99750,0.99999,0.00000,0.00000,0.00001
49.80125,0.99750,0.99998,0.00000,0.00000,0.00002
49.90125,0.99750,0.99994,0.00000,0.00000,0.00006
50.00125,0.99750,0.99983,0.00000,0.00000,0.00017
50.10125,0.99750,0.99882,0.00000,0.00000,0.00117
50.20125,0.99750,0.99164,0.00000,0.00000,0.00835
50.30125,0.99750,0.95153,0.00001,0.00000,0.04846
50.40125,0.99750,0.80949,0.00002,0.00002,0.19047
50.50125,0.99750,0.69350,0.00006,0.00005,0.30639
50.60125,0.99750,0.72718,0.00007,0.00006,0.27268
50.70125,0.99750,0.89366,0.00004,0.00002,0.10628
50.80125,0.99750,0.96580,0.00001,0.00000,0.03419
50.90125,0.99750,0.99151,0.00000,0.00000,0.00849
51.00125,0.99750,0.99764,0.00000,0.00000,0.00236
51.10125,0.99750,0.99967,0.00000,0.00000,0.00033
51.20125,0.99750,0.99995,0.00000,0.00000,0.00005
51.30125,0.99750,0.99999,0.00000,0.00000,0.00001
51.40125,0.99750,1.00000,0.00000,0.00000,0.00000
51.50125,0.99750,1.00000,0.00000,0.00000,0.00000
51.60125,0.99750,0.99999,0.00000,0.00000,0.00001
51.70125,0.99750,0.99995,0.00000,0.00000,0.00005
51.80125,0.99750,0.99980,0.00000,0.00000,0.00020
51.90125,0.99750,0.99859,0.00000,0.00000,0.00140
52.00125,0.99750,0.99121,0.00001,0.00000,0.00879
52.10125,0.99750,0.94884,0.00000,0.00001,0.05114
52.20125,0.99750,0.80785,0.00001,0.00004,0.19210
52.30125,0.99750,0.61248,0.00003,0.00014,0.38735
52.40125,0.99750,0.55198,0.00004,0.00016,0.44782
52.50125,0.99750,0.74922,0.00002,0.00006,0.25071
52.60125,0.99750,0.90799,0.00000,0.00001,0.09200
52.70125,0.99750,0.97160,0.00000,0.00000,0.02840
52.80125,0.99750,0.99192,0.00000,0.00000,0.00808
52.90125,0.99750,0.99901,0.00000,0.00000,0.00099
53.00125,0.99750,0.99986,0.00000,0.00000,0.00014
53.10125,0.99750,0.99998,0.00000,0.00000,0.00002
53.20125,0.99750,1.00000,0.00000,0.00000,0.00000
53.30125,0.99750,1.00000,0.00000,0.00000,0.00000
53.40125,0.99750,0.99999,0.00000,0.00000,0.00001
53.50125,0.99750,0.99997,0.00000,0.00000,0.00003
53.60125,0.99750,0.99989,0.00000,0.00000,0.00011
53.70125,0.99750,0.99933,0.00000,0.00000,0.00067
53.80125,0.99750,0.99549,0.00000,0.00000,0.00451
53.90125,0.99750,0.96982,0.00000,0.00001,0.03017
54.00125,0.99750,0.87281,0.00001,0.00008,0.12710
54.10125,0.99750,0.77712,0.00001,0.00022,0.22265
54.20125,0.99750,0.81525,0.00004,0.00056,0.18415
54.30125,0.99750,0.88233,0.00004,0.00054,0.11709
54.40125,0.99750,0.96086,0.00001,0.00007,0.03906
54.50125,0.99750,0.99023,0.00000,0.00001,0.00976
54.60125,0.99750,0.99758,0.00000,0.00000,0.00241
54.70125,0.99750,0.99960,0.00000,0.00000,0.00040
54.80125,0.99750,0.99994,0.00000,0.00000,0.00006
54.90125,0.99750,0.99999,0.00000,0.00000,0.00001
55.00125,0.99750,1.00000,0.00000,0.00000,0.00000
55.10125,0.99750,1.00000,0.00000,0.00000,0.00000
55.20125,0.99750,0.99998,0.00000,0.00000,0.00002
55.30125,0.99750,0.99992,0.00000,0.00000,0.00008
55.40125,0.99750,0.99961,0.00000,0.00000,0.00039
55.50125,0.99750,0.99716,0.00000,0.00000,0.00284
55.60125,0.99750,0.98392,0.00000,0.00000,0.01608
55.70125,0.99750,0.91721,0.00000,0.00001,0.08278
55.80125,0.99750,0.71808,0.00002,0.00007,0.28183
55.90125,0.99750,0.55353,0.00005,0.00015,0.44628
56.00125,0.99750,0.63635,0.00009,0.00024,0.36332
56.10125,0.99750,0.85167,0.00004,0.00005,0.14824
56.20125,0.99750,0.94849,0.00001,0.00001,0.05149
56.30125,0.99750,0.98600,0.00000,0.00000,0.01400
56.40125,0.99750,0.99694,0.00000,0.00000,0.00306
56.50125,0.99750,0.99958,0.00000,0.00000,0.00042
56.60125,0.99750,0.99995,0.00000,0.00000,0.00005
56.70125,0.99750,0.99999,0.00000,0.00000,0.00001
56.80125,0.99750,0.99999,0.00000,0.00000,0.00001
56.90125,0.99750,0.99998,0.00000,0.00000,0.00002
57.00125,0.99750,0.99991,0.00000,0.00000,0.00009
57.10125,0.99750,0.99943,0.00000,0.00000,0.00057
57.20125,0.99750,0.99635,0.00000,0.00000,0.00365
57.30125,0.99750,0.97623,0.00000,0.00000,0.02377
57.40125,0.99750,0.88772,0.00000,0.00001,0.11227
57.50125,0.99750,0.72908,0.00001,0.00004,0.27086
57.60125,0.99750,0.61629,0.00002,0.00009,0.38360
57.70125,0.99750,0.71370,0.00003,0.00014,0.28614
57.80125,0.99750,0.89851,0.00001,0.00002,0.10147
57.90125,0.99750,0.97152,0.00000,0.00000,0.02848
58.00125,0.99750,0.99271,0.00000,0.00000,0.00728
58.10125,0.99750,0.99853,0.00000,0.00000,0.00147
58.20125,0.99750,0.99978,0.00000,0.00000,0.00022
58.30125,0.99750,0.99997,0.00000,0.00000,0.00003
58.40125,0.99750,0.99999,0.00000,0.00000,0.00001
58.50125,0.99750,1.00000,0.00000,0.00000,0.00000
58.60125,0.99750,0.99999,0.00000,0.00000,0.00001
58.70125,0.99750,0.99995,0.00000,0.00000,0.00005
58.80125,0.99750,0.99979,0.00000,0.00000,0.00021
58.90125,0.99750,0.99878,0.00000,0.00000,0.00122
59.00125,0.99750,0.99174,0.00001,0.00000,0.00826
59.10125,0.99750,0.94968,0.00001,0.00000,0.05031
59.20125,0.99750,0.79161,0.00002,0.00002,0.20835
59.30125,0.99750,0.61949,0.00004,0.00008,0.38039
59.40125,0.99750,0.52976,0.00007,0.00012,0.47004
59.50125,0.99750,0.80799,0.00008,0.00007,0.19185
59.60125,0.99750,0.93271,0.00003,0.00001,0.06725
59.70125,0.99750,0.97431,0.00001,0.00000,0.02568
59.80125,0.99750,0.99205,0.00000,0.00000,0.00795
59.90125,0.99750,0.99862,0.00000,0.00000,0.00138
60.00125,0.99750,0.99982,0.00000,0.00000,0.00018
60.10125,0.99750,0.99998,0.00000,0.00000,0.00002
60.20125,0.99750,0.99999,0.00000,0.00000,0.00001
60.30125,0.99750,0.99999,0.00000,0.00000,0.00001
60.40125,0.99750,0.99998,0.00000,0.00000,0.00002
60.50125,0.99750,0.99989,0.00000,0.00000,0.00011
60.60125,0.99750,0.99942,0.00000,0.00000,0.00058
60.70125,0.99750,0.99761,0.00000,0.00000,0.00239
60.80125,0.99750,0.98263,0.00000,0.00000,0.01737
60.90125,0.99750,0.89877,0.00000,0.00000,0.10122
61.00125,0.99750,0.69622,0.00001,0.00001,0.30377
61.10125,0.99750,0.56174,0.00001,0.00002,0.43823
61.20125,0.99750,0.59946,0.00002,0.00003,0.40050
61.30125,0.99750,0.78001,0.00001,0.00000,0.21998
61.40125,0.99750,0.92349,0.00000,0.00000,0.07651
61.50125,0.99750,0.97924,0.00000,0.00000,0.02076
61.60125,0.99750,0.99579,0.00000,0.00000,0.00421
61.70125,0.99750,0.99942,0.00000,0.00000,0.00058
61.80125,0.99750,0.99994,0.00000,0.00000,0.00006
61.90125,0.99750,0.99998,0.00000,0.00000,0.00002
62.00125,0.99750,0.99997,0.00000,0.00000,0.00003
62.10125,0.99750,0.99994,0.00000,0.00000,0.00006
62.20125,0.99750,0.99974,0.00000,0.00000,0.00026
62.30125,0.99750,0.99866,0.00000,0.00000,0.00134
62.40125,0.99750,0.99182,0.00000,0.00000,0.00818
62.50125,0.99750,0.94924,0.00000,0.00000,0.05075
62.60125,0.99750,0.79410,0.00001,0.00002,0.20587
62.70125,0.99750,0.64274,0.00002,0.00006,0.35719
62.80125,0.99750,0.65147,0.00003,0.00010,0.34840
62.90125,0.99750,0.81576,0.00003,0.00004,0.18417
63.00125,0.99750,0.93058,0.00001,0.00001,0.06940
63.10125,0.99750,0.98064,0.00000,0.00000,0.01935
63.20125,0.99751,0.99559,0.00000,0.00000,0.00441
63.30125,0.99750,0.99937,0.00000,0.00000,0.00063
63.40125,0.99750,0.99992,0.00000,0.00000,0.00008
63.50125,0.99750,0.99999,0.00000,0.00000,0.00001
63.60125,0.99750,0.99999,0.00000,0.00000,0.00001
63.70125,0.99751,1.00000,0.00000,0.00000,0.00000
63.80125,0.99750,1.00000,0.00000,0.00000,0.00000
63.90125,0.99750,0.99998,0.00000,0.00000,0.00002
64.00125,0.99750,0.99993,0.00000,0.00000,0.00007
64.10125,0.99750,0.99964,0.00000,0.00000,0.00036
64.20125,0.99751,0.99747,0.00000,0.00000,0.00253
64.30125,0.99751,0.98500,0.00001,0.00000,0.01499
64.40125,0.99750,0.90693,0.00000,0.00001,0.09306
64.50125,0.99750,0.73868,0.00002,0.00005,0.26125
64.60125,0.99750,0.56041,0.00005,0.00018,0.43936
64.70125,0.99751,0.62727,0.00007,0.00027,0.37239
64.80125,0.99751,0.84426,0.00003,0.00007,0.15563
64.90125,0.99750,0.95551,0.00001,0.00001,0.04448
65.00125,0.99750,0.98901,0.00000,0.00000,0.01099
65.10125,0.99750,0.99757,0.00000,0.00000,0.00243
65.20125,0.99751,0.99966,0.00000,0.00000,0.00034
65.30125,0.99751,0.99995,0.00000,0.00000,0.00005
65.40125,0.99750,0.99999,0.00000,0.00000,0.00001
65.50125,0.99750,1.00000,0.00000,0.00000,0.00000
65.60125,0.99750,1.00000,0.00000,0.00000,0.00000
65.70125,0.99751,0.99999,0.00000,0.00000,0.00001
65.80125,0.99751,0.99994,0.00000,0.00000,0.00006
65.90125,0.99750,0.99965,0.00000,0.00000,0.00035
66.00125,0.99750,0.99768,0.00001,0.00000,0.00232
66.10125,0.99750,0.98300,0.00001,0.00000,0.01699
66.20125,0.99751,0.89507,0.00001,0.00000,0.10492
66.30125,0.99751,0.64575,0.00001,0.00001,0.35423
66.40125,0.99750,0.53014,0.00002,0.00002,0.46983
66.50125,0.99750,0.55331,0.00002,0.00002,0.44665
66.60125,0.99750,0.82300,0.00001,0.00001,0.17698
66.70125,0.99751,0.93732,0.00000,0.00000,0.06268
66.80125,0.99751,0.98422,0.00000,0.00000,0.01578
66.90125,0.99750,0.99656,0.00000,0.00000,0.00344
67.00125,0.99750,0.99955,0.00000,0.00000,0.00045
67.10125,0.99750,0.99995,0.00000,0.00000,0.00005
67.20125,0.99751,0.99999,0.00000,0.00000,0.00001
67.30125,0.99751,1.00000,0.00000,0.00000,0.00000
67.40125,0.99750,1.00000,0.00000,0.00000,0.00000
67.50125,0.99750,1.00000,0.00000,0.00000,0.00000
67.60125,0.99750,0.99998,0.00000,0.00000,0.00002
67.70125,0.99751,0.99992,0.00000,0.00000,0.00008
67.80125,0.99751,0.99959,0.00000,0.00000,0.00041
67.90125,0.99750,0.99735,0.00000,0.00000,0.00265
68.00125,0.99750,0.97769,0.00000,0.00000,0.02230
68.10125,0.99750,0.86090,0.00000,0.00002,0.13908
68.20125,0.99751,0.56849,0.00001,0.00007,0.43144
68.30125,0.99751,0.41949,0.00001,0.00014,0.58036
68.40125,0.99750,0.50800,0.00001,0.00011,0.49188
68.50125,0.99750,0.78234,0.00000,0.00002,0.21764
68.60125,0.99750,0.92373,0.00000,0.00000,0.07626
68.70125,0.99751,0.97534,0.00000,0.00000,0.02466
68.80125,0.99751,0.99355,0.00000,0.00000,0.00645
68.90125,0.99750,0.99897,0.00000,0.00000,0.00103
69.00125,0.99750,0.99987,0.00000,0.00000,0.00013
69.10125,0.99750,0.99998,0.00000,0.00000,0.00002
69.20125,0.99751,0.99999,0.00000,0.00000,0.00001
69.30125,0.99751,0.99999,0.00000,0.00000,0.00001
69.40125,0.99750,0.99999,0.00000,0.00000,0.00001
69.50125,0.99750,0.99999,0.00000,0.00000,0.00001
69.60125,0.99750,0.99999,0.00000,0.00000,0.00001
69.70125,0.99751,0.99999,0.00000,0.00000,0.00000
69.80125,0.99751,1.00000,0.00000,0.00000,0.00000
69.90125,0.99750,1.00000,0.00000,0.00000,0.00000
70.00125,0.99750,1.00000,0.00000,0.00000,0.00000
70.10125,0.99750,1.00000,0.00000,0.00000,0.00000
70.20125,0.99751,1.00000,0.00000,0.00000,0.00000
70.30125,0.99751,1.00000,0.00000,0.00000,0.00000
70.40125,0.99750,1.00000,0.00000,0.00000,0.00000
70.50125,0.99750,1.00000,0.00000,0.00000,0.00000
70.60125,0.99750,0.99999,0.00000,0.00000,0.00001
70.70125,0.99751,0.99999,0.00000,0.00000,0.00001
70.80125,0.99751,0.99999,0.00000,0.00000,0.00001
70.90125,0.99750,0.99999,0.00000,0.00000,0.00001
71.00125,0.99750,0.99999,0.00000,0.00000,0.00001
71.10125,0.99750,0.99999,0.00000,0.00000,0.00001
71.20125,0.99751,0.99999,0.00000,0.00000,0.00001
71.30125,0.99751,0.99999,0.00000,0.00000,0.00001
71.40125,0.99750,0.99999,0.00000,0.00000,0.00001
71.50125,0.99750,0.99999,0.00000,0.00000,0.00001
71.60125,0.99750,1.00000,0.00000,0.00000,0.00000
71.70125,0.99751,1.00000,0.00000,0.00000,0.00000
71.80125,0.99751,1.00000,0.00000,0.00000,0.00000
71.90125,0.99750,1.00000,0.00000,0.00000,0.00000
72.00125,0.99750,1.00000,0.00000,0.00000,0.00000
72.10125,0.99750,1.00000,0.00000,0.00000,0.00000
72.20125,0.99751,1.00000,0.00000,0.00000,0.00000
72.30125,0.99751,1.00000,0.00000,0.00000,0.00000
72.40125,0.99750,1.00000,0.00000,0.00000,0.00000
72.50125,0.99750,1.00000,0.00000,0.00000,0.00000
72.60125,0.99750,1.00000,0.00000,0.00000,0.00000
72.70125,0.99751,1.00000,0.00000,0.00000,0.00000
72.80125,0.99751,1.00000,0.00000,0.00000,0.00000
72.90125,0.99750,1.00000,0.00000,0.00000,0.00000
73.00125,0.99750,1.00000,0.00000,0.00000,0.00000
73.10125,0.99750,1.00000,0.00000,0.00000,0.00000
73.20125,0.99751,1.00000,0.00000,0.00000,0.00000
73.30125,0.99751,1.00000,0.00000,0.00000,0.00000
73.40125,0.99750,1.00000,0.00000,0.00000,0.00000
73.50125,0.99750,1.00000,0.00000,0.00000,0.00000
73.60125,0.99750,1.00000,0.00000,0.00000,0.00000
73.70125,0.99751,1.00000,0.00000,0.00000,0.00000
73.80125,0.99751,1.00000,0.00000,0.00000,0.00000
73.90125,0.99750,1.00000,0.00000,0.00000,0.00000
74.00125,0.99750,1.00000,0.00000,0.00000,0.00000
74.10125,0.99750,1.00000,0.00000,0.00000,0.00000
74.20125,0.99751,1.00000,0.00000,0.00000,0.00000
74.30125,0.99751,1.00000,0.00000,0.00000,0.00000
74.40125,0.99750,1.00000,0.00000,0.00000,0.00000
74.50125,0.99750,1.00000,0.00000,0.00000,0.00000
74.60125,0.99750,1.00000,0.00000,0.00000,0.00000
74.70125,0.99751,1.00000,0.00000,0.00000,0.00000
74.80125,0.99751,1.00000,0.00000,0.00000,0.00000
74.90125,0.99750,1.00000,0.00000,0.00000,0.00000
75.00125,0.99750,1.00000,0.00000,0.00000,0.00000
75.10125,0.99750,1.00000,0.00000,0.00000,0.00000
75.20125,0.99751,1.00000,0.00000,0.00000,0.00000
75.30125,0.99751,1.00000,0.00000,0.00000,0.00000
75.40125,0.99750,1.00000,0.00000,0.00000,0.00000
75.50125,0.99750,1.00000,0.00000,0.00000,0.00000
75.60125,0.99750,1.00000,0.00000,0.00000,0.00000
75.70125,0.99751,1.00000,0.00000,0.00000,0.00000
75.80125,0.99751,1.00000,0.00000,0.00000,0.00000
75.90125,0.99750,1.00000,0.00000,0.00000,0.00000
76.00125,0.99750,1.00000,0.00000,0.00000,0.00000
76.10125,0.99750,1.00000,0.00000,0.00000,0.00000
76.20125,0.99751,1.00000,0.00000,0.00000,0.00000
76.30125,0.99751,1.00000,0.00000,0.00000,0.00000
76.40125,0.99750,1.00000,0.00000,0.00000,0.00000
76.50125,0.99750,1.00000,0.00000,0.00000,0.00000
76.60125,0.99750,1.00000,0.00000,0.00000,0.00000
76.70125,0.99751,1.00000,0.00000,0.00000,0.00000
76.80125,0.99751,1.00000,0.00000,0.00000,0.00000
76.90125,0.99750,1.00000,0.00000,0.00000,0.00000
77.00125,0.99750,1.00000,0.00000,0.00000,0.00000
77.10125,0.99750,1.00000,0.00000,0.00000,0.00000
77.20125,0.99751,1.00000,0.00000,0.00000,0.00000
77.30125,0.99751,1.00000,0.00000,0.00000,0.00000
77.40125,0.99750,1.00000,0.00000,0.00000,0.00000
77.50125,0.99750,1.00000,0.00000,0.00000,0.00000
77.60125,0.99750,1.00000,0.00000,0.00000,0.00000
77.70125,0.99751,1.00000,0.00000,0.00000,0.00000
77.80125,0.99751,1.00000,0.00000,0.00000,0.00000
77.90125,0.99750,0.99999,0.00000,0.00000,0.00001
78.00125,0.99750,0.99999,0.00000,0.00000,0.00001
78.10125,0.99750,0.99999,0.00000,0.00000,0.00001
78.20125,0.99751,0.99998,0.00000,0.00000,0.00002
78.30125,0.99751,0.99998,0.00000,0.00000,0.00002
78.40125,0.99750,0.99998,0.00000,0.00000,0.00002
78.50125,0.99750,0.99997,0.00000,0.00000,0.00003
78.60125,0.99750,0.99997,0.00000,0.00000,0.00003
78.70125,0.99751,0.99996,0.00000,0.00000,0.00004
78.80125,0.99751,0.99994,0.00000,0.00000,0.00006
78.90125,0.99750,0.99985,0.00000,0.00000,0.00015
79.00125,0.99750,0.99958,0.00000,0.00000,0.00042
79.10125,0.99750,0.99817,0.00000,0.00000,0.00182
79.20125,0.99751,0.98783,0.00000,0.00000,0.01217
79.30125,0.99751,0.92011,0.00000,0.00001,0.07989
79.40125,0.99750,0.77264,0.00000,0.00001,0.22735
79.50125,0.99750,0.71173,0.00000,0.00001,0.28826
79.60125,0.99750,0.72327,0.00001,0.00003,0.27669
79.70125,0.99751,0.77560,0.00001,0.00005,0.22434
79.80125,0.99751,0.84681,0.00001,0.00004,0.15315
79.90125,0.99750,0.93375,0.00000,0.00001,0.06624
80.00125,0.99750,0.98478,0.00000,0.00000,0.01521
80.10125,0.99750,0.99789,0.00000,0.00000,0.00210
80.20125,0.99751,0.99975,0.00000,0.00000,0.00025
80.30125,0.99751,0.99996,0.00000,0.00000,0.00004
80.40125,0.99750,0.99999,0.00000,0.00000,0.00001
80.50125,0.99750,0.99999,0.00000,0.00000,0.00001
80.60125,0.99750,0.99998,0.00000,0.00000,0.00002
80.70125,0.99751,0.99992,0.00000,0.00000,0.00008
80.80125,0.99751,0.99979,0.00000,0.00000,0.00021
80.90125,0.99750,0.99876,0.00000,0.00000,0.00124
81.00125,0.99750,0.98937,0.00000,0.00000,0.01063
81.10125,0.99750,0.93703,0.00000,0.00001,0.06296
81.20125,0.99751,0.83771,0.00000,0.00002,0.16227
81.30125,0.99751,0.80356,0.00000,0.00003,0.19641
81.40125,0.99750,0.83468,0.00001,0.00012,0.16519
81.50125,0.99750,0.87099,0.00001,0.00007,0.12894
81.60125,0.99750,0.96287,0.00000,0.00001,0.03713
81.70125,0.99751,0.98962,0.00000,0.00000,0.01038
81.80125,0.99751,0.99609,0.00000,0.00000,0.00390
81.90125,0.99750,0.99911,0.00000,0.00000,0.00089
82.00125,0.99750,0.99989,0.00000,0.00000,0.00011
82.10125,0.99750,0.99997,0.00000,0.00000,0.00003
82.20125,0.99751,0.99998,0.00000,0.00000,0.00002
82.30125,0.99751,0.99999,0.00000,0.00000,0.00001
82.40125,0.99750,0.99999,0.00000,0.00000,0.00001
82.50125,0.99750,0.99999,0.00000,0.00000,0.00001
82.60125,0.99750,0.99998,0.00000,0.00000,0.00002
82.70125,0.99751,0.99994,0.00000,0.00000,0.00006
82.80125,0.99751,0.99987,0.00000,0.00000,0.00013
82.90125,0.99750,0.99955,0.00000,0.00000,0.00045
83.00125,0.99750,0.99743,0.00000,0.00000,0.00257
83.10125,0.99750,0.98620,0.00000,0.00000,0.01380
83.20125,0.99751,0.91397,0.00000,0.00002,0.08601
83.30125,0.99751,0.68121,0.00001,0.00008,0.31869
83.40125,0.99750,0.42837,0.00004,0.00024,0.57135
83.50125,0.99750,0.54318,0.00006,0.00031,0.45645
83.60125,0.99750,0.74897,0.00003,0.00009,0.25091
83.70125,0.99751,0.90951,0.00001,0.00002,0.09047
83.80125,0.99751,0.97284,0.00000,0.00000,0.02716
83.90125,0.99750,0.99404,0.00000,0.00000,0.00596
84.00125,0.99750,0.99911,0.00000,0.00000,0.00089
84.10125,0.99750,0.99986,0.00000,0.00000,0.00014
84.20125,0.99751,0.99998,0.00000,0.00000,0.00002
84.30125,0.99751,0.99999,0.00000,0.00000,0.00001
84.40125,0.99750,1.00000,0.00000,0.00000,0.00000
84.50125,0.99750,1.00000,0.00000,0.00000,0.00000
84.60125,0.99750,0.99999,0.00000,0.00000,0.00001
84.70125,0.99751,0.99997,0.00000,0.00000,0.00003
84.80125,0.99751,0.99990,0.00000,0.00000,0.00009
84.90125,0.99750,0.99966,0.00001,0.00000,0.00033
85.00125,0.99750,0.99865,0.00005,0.00001,0.00130
85.10125,0.99750,0.99357,0.00023,0.00001,0.00618
85.20125,0.99751,0.95247,0.00031,0.00007,0.04716
85.30125,0.99751,0.75998,0.00066,0.00101,0.23835
85.40125,0.99750,0.41614,0.00027,0.00921,0.57439
85.50125,0.99750,0.29668,0.00021,0.00906,0.69405
85.60125,0.99750,0.41450,0.00009,0.00210,0.58331
85.70125,0.99751,0.60165,0.00004,0.00049,0.39782
85.80125,0.99751,0.80404,0.00001,0.00005,0.19590
85.90125,0.99750,0.92462,0.00000,0.00001,0.07537
86.00125,0.99750,0.97815,0.00000,0.00000,0.02185
86.10125,0.99750,0.99632,0.00000,0.00000,0.00368
86.20125,0.99751,0.99948,0.00000,0.00000,0.00052
86.30125,0.99751,0.99992,0.00000,0.00000,0.00008
86.40125,0.99750,0.99999,0.00000,0.00000,0.00001
86.50125,0.99750,0.99999,0.00000,0.00000,0.00001
86.60125,0.99750,1.00000,0.00000,0.00000,0.00000
86.70125,0.99751,1.00000,0.00000,0.00000,0.00000
86.80125,0.99751,0.99999,0.00000,0.00000,0.00001
86.90125,0.99750,0.99996,0.00000,0.00000,0.00004
87.00125,0.99750,0.99985,0.00000,0.00000,0.00015
87.10125,0.99750,0.99902,0.00000,0.00000,0.00098
87.20125,0.99751,0.99288,0.00000,0.00000,0.00712
87.30125,0.99751,0.95222,0.00000,0.00001,0.04777
87.40125,0.99750,0.80479,0.00001,0.00003,0.19517
87.50125,0.99750,0.70841,0.00002,0.00005,0.29152
87.60125,0.99750,0.70546,0.00002,0.00007,0.29444
87.70125,0.99751,0.80506,0.00002,0.00004,0.19488
87.80125,0.99751,0.93638,0.00000,0.00000,0.06361
87.90125,0.99750,0.98134,0.00000,0.00000,0.01866
88.00125,0.99750,0.99562,0.00000,0.00000,0.00438
88.10125,0.99750,0.99935,0.00000,0.00000,0.00065
88.20125,0.99751,0.99991,0.00000,0.00000,0.00009
88.30125,0.99751,0.99999,0.00000,0.00000,0.00001
88.40125,0.99750,1.00000,0.00000,0.00000,0.00000
88.50125,0.99750,1.00000,0.00000,0.00000,0.00000
88.60125,0.99750,1.00000,0.00000,0.00000,0.00000
88.70125,0.99751,0.99999,0.00000,0.00000,0.00001
88.80125,0.99751,0.99997,0.00000,0.00000,0.00003
88.90125,0.99750,0.99989,0.00000,0.00000,0.00011
89.00125,0.99750,0.99938,0.00000,0.00000,0.00061
89.10125,0.99750,0.99593,0.00001,0.00000,0.00407
89.20125,0.99751,0.97075,0.00000,0.00000,0.02924
89.30125,0.99751,0.85615,0.00001,0.00003,0.14382
89.40125,0.99750,0.66134,0.00002,0.00009,0.33855
89.50125,0.99750,0.48899,0.00003,0.00019,0.51079
89.60125,0.99750,0.64203,0.00004,0.00017,0.35776
89.70125,0.99751,0.83291,0.00001,0.00002,0.16706
89.80125,0.99751,0.94783,0.00000,0.00000,0.05216
89.90125,0.99750,0.98499,0.00000,0.00000,0.01501
90.00125,0.99750,0.99628,0.00000,0.00000,0.00372
90.10125,0.99750,0.99948,0.00000,0.00000,0.00052
90.20125,0.99751,0.99994,0.00000,0.00000,0.00006
90.30125,0.99751,0.99998,0.00000,0.00000,0.00002
90.40125,0.99750,0.99999,0.00000,0.00000,0.00001
90.50125,0.99750,0.99999,0.00000,0.00000,0.00001
90.60125,0.99750,0.99999,0.00000,0.00000,0.00001
90.70125,0.99751,0.99999,0.00000,0.00000,0.00001
90.80125,0.99751,0.99998,0.00000,0.00000,0.00002
90.90125,0.99750,0.99994,0.00000,0.00000,0.00006
91.00125,0.99750,0.99977,0.00000,0.00000,0.00023
91.10125,0.99750,0.99859,0.00000,0.00000,0.00141
91.20125,0.99751,0.99187,0.00001,0.00000,0.00813
91.30125,0.99751,0.95617,0.00000,0.00000,0.04383
91.40125,0.99750,0.83797,0.00001,0.00001,0.16201
91.50125,0.99750,0.62863,0.00001,0.00003,0.37133
91.60125,0.99750,0.50011,0.00003,0.00005,0.49981
91.70125,0.99751,0.81992,0.00010,0.00015,0.17983
91.80125,0.99751,0.88370,0.00006,0.00007,0.11616
91.90125,0.99750,0.95712,0.00003,0.00001,0.04284
92.00125,0.99750,0.98517,0.00001,0.00000,0.01482
92.10125,0.99750,0.99735,0.00000,0.00000,0.00265
92.20125,0.99751,0.99964,0.00000,0.00000,0.00036
92.30125,0.99751,0.99996,0.00000,0.00000,0.00004
92.40125,0.99750,0.99999,0.00000,0.00000,0.00001
92.50125,0.99750,0.99999,0.00000,0.00000,0.00001
92.60125,0.99750,1.00000,0.00000,0.00000,0.00000
92.70125,0.99751,0.99998,0.00000,0.00000,0.00002
92.80125,0.99751,0.99995,0.00000,0.00000,0.00005
92.90125,0.99750,0.99987,0.00000,0.00000,0.00013
93.00125,0.99750,0.99938,0.00000,0.00000,0.00062
93.10125,0.99750,0.99517,0.00002,0.00000,0.00482
93.20125,0.99751,0.97369,0.00004,0.00000,0.02627
93.30125,0.99751,0.88241,0.00006,0.00003,0.11749
93.40125,0.99750,0.60696,0.00027,0.00016,0.39261
93.50125,0.99750,0.40800,0.00061,0.00037,0.59101
93.60125,0.99750,0.60856,0.00060,0.00026,0.39057
93.70125,0.99751,0.85313,0.00035,0.00012,0.14641
93.80125,0.99751,0.93935,0.00006,0.00001,0.06057
93.90125,0.99750,0.98375,0.00001,0.00000,0.01624
94.00125,0.99750,0.99676,0.00000,0.00000,0.00324
94.10125,0.99750,0.99959,0.00000,0.00000,0.00041
94.20125,0.99751,0.99994,0.00000,0.00000,0.00006
94.30125,0.99751,0.99999,0.00000,0.00000,0.00001
94.40125,0.99750,1.00000,0.00000,0.00000,0.00000
94.50125,0.99750,1.00000,0.00000,0.00000,0.00000
94.60125,0.99750,0.99998,0.00000,0.00000,0.00002
94.70125,0.99751,0.99992,0.00000,0.00000,0.00008
94.80125,0.99751,0.99969,0.00000,0.00000,0.00031
94.90125,0.99750,0.99815,0.00000,0.00000,0.00184
95.00125,0.99750,0.98810,0.00001,0.00000,0.01188
95.10125,0.99750,0.91946,0.00001,0.00000,0.08053
95.20125,0.99751,0.72556,0.00002,0.00001,0.27440
95.30125,0.99751,0.50901,0.00009,0.00008,0.49082
95.40125,0.99750,0.49131,0.00012,0.00010,0.50847
95.50125,0.99750,0.77819,0.00013,0.00008,0.22160
95.60125,0.99750,0.90040,0.00003,0.00001,0.09955
95.70125,0.99751,0.97395,0.00001,0.00000,0.02604
95.80125,0.99751,0.99386,0.00000,0.00000,0.00614
95.90125,0.99750,0.99886,0.00000,0.00000,0.00114
96.00125,0.99750,0.99982,0.00000,0.00000,0.00018
96.10125,0.99750,0.99998,0.00000,0.00000,0.00002
96.20125,0.99751,0.99999,0.00000,0.00000,0.00001
96.30125,0.99751,1.00000,0.00000,0.00000,0.00000
96.40125,0.99750,1.00000,0.00000,0.00000,0.00000
96.50125,0.99750,0.99999,0.00000,0.00000,0.00001
96.60125,0.99750,0.99996,0.00000,0.00000,0.00004
96.70125,0.99751,0.99984,0.00000,0.00000,0.00016
96.80125,0.99751,0.99905,0.00000,0.00000,0.00095
96.90125,0.99750,0.99369,0.00001,0.00000,0.00630
97.00125,0.99750,0.95879,0.00000,0.00000,0.04120
97.10125,0.99750,0.83012,0.00001,0.00001,0.16987
97.20125,0.99751,0.60815,0.00003,0.00005,0.39178
97.30125,0.99751,0.53506,0.00007,0.00010,0.46477
97.40125,0.99750,0.79946,0.00013,0.00015,0.20026
97.50125,0.99750,0.90496,0.00005,0.00006,0.09493
97.60125,0.99750,0.95514,0.00002,0.00001,0.04483
97.70125,0.99751,0.98726,0.00000,0.00000,0.01274
97.80125,0.99751,0.99760,0.00000,0.00000,0.00240
97.90125,0.99750,0.99963,0.00000,0.00000,0.00037
98.00125,0.99750,0.99996,0.00000,0.00000,0.00004
98.10125,0.99750,0.99999,0.00000,0.00000,0.00001
98.20125,0.99751,0.99999,0.00000,0.00000,0.00001
98.30125,0.99751,1.00000,0.00000,0.00000,0.00000
98.40125,0.99750,0.99998,0.00000,0.00000,0.00002
98.50125,0.99750,0.99992,0.00000,0.00000,0.00008
98.60125,0.99750,0.99978,0.00000,0.00000,0.00022
98.70125,0.99751,0.99845,0.00000,0.00000,0.00154
98.80125,0.99751,0.99024,0.00001,0.00000,0.00975
98.90125,0.99750,0.93715,0.00000,0.00000,0.06284
99.00125,0.99750,0.77060,0.00002,0.00000,0.22938
99.10125,0.99750,0.68912,0.00002,0.00000,0.31085
99.20125,0.99751,0.75878,0.00005,0.00001,0.24117
99.30125,0.99751,0.86005,0.00014,0.00001,0.13980
99.40125,0.99750,0.90050,0.00010,0.00000,0.09939
99.50125,0.99750,0.96295,0.00003,0.00000,0.03702
99.60125,0.99750,0.99070,0.00000,0.00000,0.00930
99.70125,0.99751,0.99859,0.00000,0.00000,0.00141
99.80125,0.99751,0.99980,0.00000,0.00000,0.00020
99.90125,0.99750,0.99996,0.00000,0.00000,0.00004
100.00125,0.99750,0.99999,0.00000,0.00000,0.00001
100.10125,0.99750,0.99999,0.00000,0.00000,0.00001
100.20125,0.99751,0.99999,0.00000,0.00000,0.00001
100.30125,0.99751,0.99996,0.00000,0.00000,0.00004
100.40125,0.99750,0.99991,0.00000,0.00000,0.00009
100.50125,0.99750,0.99967,0.00000,0.00000,0.00033
100.60125,0.99750,0.99834,0.00000,0.00000,0.00166
100.70125,0.99751,0.98950,0.00001,0.00000,0.01049
100.80125,0.99751,0.93973,0.00001,0.00000,0.06026
100.90125,0.99750,0.75589,0.00001,0.00001,0.24409
101.00125,0.99750,0.53616,0.00002,0.00004,0.46378
101.10125,0.99750,0.45876,0.00003,0.00006,0.54114
101.20125,0.99751,0.73543,0.00004,0.00005,0.26447
101.30125,0.99751,0.89021,0.00001,0.00001,0.10977
101.40125,0.99750,0.96984,0.00000,0.00000,0.03016
101.50125,0.99750,0.99281,0.00000,0.00000,0.00719
101.60125,0.99750,0.99863,0.00000,0.00000,0.00137
101.70125,0.99751,0.99979,0.00000,0.00000,0.00021
101.80125,0.99751,0.99998,0.00000,0.00000,0.00002
101.90125,0.99750,0.99999,0.00000,0.00000,0.00001
102.00125,0.99750,0.99999,0.00000,0.00000,0.00001
102.10125,0.99750,0.99998,0.00000,0.00000,0.00002
102.20125,0.99751,0.99991,0.00000,0.00000,0.00009
102.30125,0.99751,0.99952,0.00000,0.00000,0.00048
102.40125,0.99750,0.99665,0.00001,0.00000,0.00335
102.50125,0.99750,0.98114,0.00001,0.00000,0.01885
102.60125,0.99750,0.91735,0.00001,0.00001,0.08263
102.70125,0.99751,0.68106,0.00005,0.00007,0.31881
102.80125,0.99751,0.47802,0.00012,0.00019,0.52167
102.90125,0.99750,0.73291,0.00029,0.00029,0.26651
103.00125,0.99750,0.86821,0.00036,0.00022,0.13121
103.10125,0.99750,0.94117,0.00009,0.00003,0.05871
103.20125,0.99751,0.98130,0.00002,0.00000,0.01867
103.30125,0.99751,0.99499,0.00000,0.00000,0.00501
103.40125,0.99750,0.99923,0.00000,0.00000,0.00077
103.50125,0.99750,0.99987,0.00000,0.00000,0.00013
103.60125,0.99750,0.99997,0.00000,0.00000,0.00003
103.70125,0.99751,0.99999,0.00000,0.00000,0.00001
103.80125,0.99751,0.99998,0.00000,0.00000,0.00002
103.90125,0.99750,0.99989,0.00000,0.00000,0.00011
104.00125,0.99750,0.99951,0.00000,0.00000,0.00049
104.10125,0.99750,0.99805,0.00000,0.00000,0.00194
104.20125,0.99751,0.98786,0.00000,0.00000,0.01214
104.30125,0.99751,0.92435,0.00000,0.00000,0.07565
104.40125,0.99750,0.73681,0.00000,0.00001,0.26317
104.50125,0.99750,0.56688,0.00001,0.00003,0.43308
104.60125,0.99750,0.50365,0.00001,0.00005,0.49629
104.70125,0.99751,0.62117,0.00001,0.00005,0.37877
104.80125,0.99751,0.85472,0.00000,0.00000,0.14527
104.90125,0.99750,0.95474,0.00000,0.00000,0.04526
105.00125,0.99750,0.98718,0.00000,0.00000,0.01282
105.10125,0.99750,0.99776,0.00000,0.00000,0.00224
105.20125,0.99751,0.99970,0.00000,0.00000,0.00030
105.30125,0.99751,0.99996,0.00000,0.00000,0.00004
105.40125,0.99750,0.99999,0.00000,0.00000,0.00001
105.50125,0.99750,0.99999,0.00000,0.00000,0.00001
105.60125,0.99750,0.99996,0.00000,0.00000,0.00004
105.70125,0.99751,0.99983,0.00000,0.00000,0.00017
105.80125,0.99751,0.99905,0.00000,0.00000,0.00095
105.90125,0.99750,0.99428,0.00002,0.00000,0.00571
106.00125,0.99750,0.96854,0.00002,0.00000,0.03144
106.10125,0.99750,0.87046,0.00003,0.00000,0.12951
106.20125,0.99751,0.65395,0.00009,0.00001,0.34596
106.30125,0.99751,0.55681,0.00014,0.00002,0.44304
106.40125,0.99750,0.75103,0.00018,0.00002,0.24877
106.50125,0.99750,0.87482,0.00005,0.00000,0.12512
106.60125,0.99750,0.96743,0.00001,0.00000,0.03256
106.70125,0.99751,0.98818,0.00000,0.00000,0.01181
106.80125,0.99751,0.99688,0.00000,0.00000,0.00312
106.90125,0.99750,0.99951,0.00000,0.00000,0.00049
107.00125,0.99750,0.99993,0.00000,0.00000,0.00007
107.10125,0.99750,0.99998,0.00000,0.00000,0.00002
107.20125,0.99751,0.99999,0.00000,0.00000,0.00001
107.30125,0.99751,0.99997,0.00000,0.00000,0.00003
107.40125,0.99750,0.99986,0.00000,0.00000,0.00014
107.50125,0.99750,0.99935,0.00000,0.00000,0.00065
107.60125,0.99750,0.99540,0.00002,0.00000,0.00458
107.70125,0.99751,0.97835,0.00001,0.00000,0.02164
107.80125,0.99751,0.90173,0.00000,0.00000,0.09826
107.90125,0.99750,0.68198,0.00002,0.00001,0.31798
108.00125,0.99750,0.54154,0.00004,0.00003,0.45839
108.10125,0.99750,0.62586,0.00006,0.00004,0.37404
108.20125,0.99751,0.75246,0.00003,0.00001,0.24750
108.30125,0.99751,0.87245,0.00001,0.00000,0.12754
108.40125,0.99750,0.95655,0.00000,0.00000,0.04345
108.50125,0.99750,0.98752,0.00000,0.00000,0.01248
108.60125,0.99750,0.99807,0.00000,0.00000,0.00193
108.70125,0.99751,0.99977,0.00000,0.00000,0.00023
108.80125,0.99751,0.99993,0.00000,0.00000,0.00007
108.90125,0.99750,0.99990,0.00000,0.00000,0.00010
109.00125,0.99750,0.99977,0.00000,0.00000,0.00022
109.10125,0.99750,0.99888,0.00000,0.00000,0.00111
109.20125,0.99751,0.99418,0.00001,0.00000,0.00581
109.30125,0.99751,0.97353,0.00001,0.00000,0.02646
109.40125,0.99750,0.89985,0.00001,0.00000,0.10014
109.50125,0.99750,0.69583,0.00004,0.00001,0.30411
109.60125,0.99750,0.65635,0.00007,0.00002,0.34356
109.70125,0.99751,0.83216,0.00035,0.00007,0.16742
109.80125,0.99751,0.88129,0.00016,0.00002,0.11853
109.90125,0.99750,0.93344,0.00006,0.00000,0.06650
110.00125,0.99750,0.97827,0.00002,0.00000,0.02171
110.10125,0.99750,0.99513,0.00000,0.00000,0.00487
110.20125,0.99751,0.99919,0.00000,0.00000,0.00081
110.30125,0.99751,0.99990,0.00000,0.00000,0.00010
110.40125,0.99750,0.99997,0.00000,0.00000,0.00003
110.50125,0.99750,0.99998,0.00000,0.00000,0.00002
110.60125,0.99750,0.99994,0.00000,0.00000,0.00006
110.70125,0.99751,0.99959,0.00000,0.00000,0.00041
110.80125,0.99751,0.99820,0.00000,0.00000,0.00180
110.90125,0.99750,0.99127,0.00000,0.00000,0.00872
111.00125,0.99750,0.95374,0.00000,0.00000,0.04626
111.10125,0.99750,0.83724,0.00001,0.00000,0.16274
111.20125,0.99751,0.69753,0.00003,0.00001,0.30243
111.30125,0.99751,0.74886,0.00022,0.00006,0.25086
111.40125,0.99750,0.74400,0.00040,0.00004,0.25557
111.50125,0.99750,0.83075,0.00014,0.00001,0.16910
111.60125,0.99750,0.93779,0.00005,0.00000,0.06216
111.70125,0.99751,0.97890,0.00002,0.00000,0.02108
111.80125,0.99751,0.99538,0.00000,0.00000,0.00461
111.90125,0.99750,0.99941,0.00000,0.00000,0.00059
112.00125,0.99750,0.99989,0.00000,0.00000,0.00010
112.10125,0.99750,0.99992,0.00000,0.00000,0.00008
112.20125,0.99751,0.99988,0.00000,0.00000,0.00012
112.30125,0.99751,0.99932,0.00000,0.00000,0.00068
112.40125,0.99750,0.99684,0.00000,0.00000,0.00316
112.50125,0.99750,0.98652,0.00001,0.00000,0.01347
112.60125,0.99750,0.93952,0.00001,0.00000,0.06047
112.70125,0.99751,0.80282,0.00002,0.00000,0.19716
112.80125,0.99751,0.69697,0.00003,0.00001,0.30300
112.90125,0.99750,0.68670,0.00004,0.00001,0.31324
113.00125,0.99750,0.73421,0.00011,0.00004,0.26565
113.10125,0.99750,0.81417,0.00007,0.00001,0.18575
113.20125,0.99751,0.93729,0.00002,0.00000,0.06269
113.30125,0.99751,0.98286,0.00000,0.00000,0.01714
113.40125,0.99750,0.99688,0.00000,0.00000,0.00312
113.50125,0.99750,0.99948,0.00000,0.00000,0.00052
113.60125,0.99750,0.99991,0.00000,0.00000,0.00009
113.70125,0.99751,0.99998,0.00000,0.00000,0.00002
113.80125,0.99751,0.99998,0.00000,0.00000,0.00002
113.90125,0.99750,0.99998,0.00000,0.00000,0.00002
114.00125,0.99750,0.99998,0.00000,0.00000,0.00002
114.10125,0.99750,0.99998,0.00000,0.00000,0.00002
114.20125,0.99751,0.99997,0.00000,0.00000,0.00003
114.30125,0.99751,0.99996,0.00000,0.00000,0.00004
114.40125,0.99750,0.99993,0.00000,0.00000,0.00007
114.50125,0.99750,0.99988,0.00000,0.00000,0.00012
