Time (seconds), Duration (seconds),pred_(unlabeled),pred_Jab_R,pred_Sidehook_R,pred_Uppercut_R
0.00125,0.49750,0.99996,0.00000,0.00002,0.00002
0.10125,0.49750,0.99994,0.00000,0.00002,0.00004
0.20125,0.49750,0.99991,0.00000,0.00002,0.00007
0.30125,0.49750,0.99992,0.00000,0.00001,0.00007
0.40125,0.49750,0.99993,0.00000,0.00001,0.00007
0.50125,0.49750,0.99993,0.00000,0.00001,0.00007
0.60125,0.49750,0.99986,0.00000,0.00000,0.00013
0.70125,0.49750,0.99975,0.00000,0.00000,0.00025
0.80125,0.49750,0.99978,0.00000,0.00000,0.00022
0.90125,0.49750,0.99983,0.00000,0.00001,0.00016
1.00125,0.49750,0.99993,0.00000,0.00000,0.00007
1.10125,0.49750,0.99998,0.00000,0.00000,0.00001
1.20125,0.49750,0.99999,0.00000,0.00000,0.00001
1.30125,0.49750,0.99999,0.00000,0.00000,0.00001
1.40125,0.49750,0.99999,0.00000,0.00000,0.00001
1.50125,0.49750,0.99998,0.00000,0.00000,0.00002
1.60125,0.49750,0.99995,0.00000,0.00000,0.00005
1.70125,0.49750,0.99995,0.00000,0.00000,0.00004
1.80125,0.49750,0.99997,0.00000,0.00000,0.00003
1.90125,0.49750,0.99998,0.00000,0.00001,0.00002
2.00125,0.49750,0.99999,0.00000,0.00000,0.00001
2.10125,0.49750,0.99996,0.00000,0.00002,0.00002
2.20125,0.49750,0.99957,0.00000,0.00030,0.00013
2.30125,0.49750,0.99533,0.00000,0.00405,0.00062
2.40125,0.49750,0.99023,0.00001,0.00943,0.00034
2.50125,0.49750,0.96906,0.00003,0.03075,0.00017
2.60125,0.49750,0.98829,0.00001,0.01168,0.00002
2.70125,0.49750,0.99944,0.00000,0.00056,0.00000
2.80125,0.49750,0.99995,0.00000,0.00005,0.00000
2.90125,0.49750,0.99991,0.00000,0.00009,0.00000
3.00125,0.49750,0.99971,0.00001,0.00028,0.00001
3.10125,0.49750,0.99695,0.00029,0.00275,0.00001
3.20125,0.49750,0.85248,0.01046,0.13685,0.00021
3.30125,0.49750,0.12761,0.01766,0.85417,0.00055
3.40125,0.49750,0.04691,0.01345,0.93960,0.00004
3.50125,0.49750,0.04047,0.00374,0.95569,0.00009
3.60125,0.49750,0.07963,0.00209,0.91642,0.00186
3.70125,0.49750,0.23629,0.00661,0.75007,0.00703
3.80125,0.49750,0.55788,0.01114,0.41572,0.01527
3.90125,0.49750,0.62719,0.00320,0.29968,0.06993
4.00125,0.49750,0.89738,0.00019,0.05343,0.04900
4.10125,0.49750,0.97928,0.00001,0.00881,0.01190
4.20125,0.49750,0.99049,0.00002,0.00394,0.00555
4.30125,0.49750,0.99579,0.00019,0.00386,0.00017
4.40125,0.49750,0.95252,0.00228,0.04510,0.00010
4.50125,0.49750,0.35185,0.01073,0.63694,0.00048
4.60125,0.49750,0.07571,0.03519,0.88907,0.00003
4.70125,0.49750,0.03285,0.01417,0.95297,0.00001
4.80125,0.49750,0.05416,0.00390,0.94176,0.00018
4.90125,0.49750,0.17848,0.00770,0.81176,0.00207
5.00125,0.49750,0.51976,0.02304,0.45363,0.00357
5.10125,0.49750,0.66718,0.00373,0.27850,0.05059
5.20125,0.49750,0.90933,0.00021,0.04623,0.04422
5.30125,0.49750,0.99138,0.00000,0.00486,0.00375
5.40125,0.49750,0.99943,0.00000,0.00046,0.00010
5.50125,0.49750,0.99996,0.00000,0.00004,0.00000
5.60125,0.49750,0.99999,0.00000,0.00001,0.00000
5.70125,0.49750,0.99999,0.00000,0.00001,0.00000
5.80125,0.49750,0.99999,0.00000,0.00001,0.00000
5.90125,0.49750,0.99999,0.00000,0.00001,0.00000
6.00125,0.49750,0.99999,0.00000,0.00001,0.00000
6.10125,0.49750,0.99999,0.00000,0.00001,0.00000
6.20125,0.49750,0.99998,0.00000,0.00002,0.00000
6.30125,0.49750,0.99984,0.00000,0.00016,0.00000
6.40125,0.49750,0.99480,0.00092,0.00428,0.00000
6.50125,0.49750,0.79666,0.02862,0.17465,0.00007
6.60125,0.49750,0.14453,0.08100,0.77436,0.00011
6.70125,0.49750,0.05609,0.05742,0.88647,0.00001
6.80125,0.49750,0.07304,0.01289,0.91391,0.00017
6.90125,0.49750,0.12933,0.00288,0.85953,0.00826
7.00125,0.49750,0.32309,0.00621,0.65158,0.01912
7.10125,0.49750,0.75101,0.00144,0.21690,0.03065
7.20125,0.49750,0.93700,0.00007,0.04818,0.01474
7.30125,0.49750,0.99135,0.00000,0.00661,0.00203
7.40125,0.49750,0.99944,0.00000,0.00047,0.00009
7.50125,0.49750,0.99997,0.00000,0.00003,0.00000
7.60125,0.49750,0.99999,0.00000,0.00001,0.00000
7.70125,0.49750,0.99999,0.00000,0.00001,0.00000
7.80125,0.49750,0.99999,0.00000,0.00001,0.00000
7.90125,0.49750,0.99999,0.00000,0.00001,0.00000
8.00125,0.49750,0.99999,0.00000,0.00001,0.00000
8.10125,0.49750,0.99999,0.00000,0.00001,0.00000
8.20125,0.49750,0.99999,0.00000,0.00001,0.00000
8.30125,0.49750,0.99993,0.00000,0.00007,0.00000
8.40125,0.49750,0.99746,0.00008,0.00245,0.00000
8.50125,0.49750,0.86834,0.00163,0.12997,0.00006
8.60125,0.49750,0.17362,0.01294,0.81322,0.00022
8.70125,0.49750,0.03413,0.02995,0.93590,0.00002
8.80125,0.49750,0.03326,0.00989,0.95677,0.00007
8.90125,0.49750,0.07814,0.00457,0.91513,0.00216
9.00125,0.49750,0.31377,0.02167,0.65749,0.00707
9.10125,0.49750,0.59518,0.00597,0.37688,0.02198
9.20125,0.49750,0.89854,0.00018,0.06923,0.03205
9.30125,0.49750,0.98293,0.00001,0.01165,0.00541
9.40125,0.49750,0.99842,0.00000,0.00114,0.00043
9.50125,0.49750,0.99990,0.00000,0.00008,0.00002
9.60125,0.49750,0.99999,0.00000,0.00001,0.00000
9.70125,0.49750,0.99999,0.00000,0.00001,0.00000
9.80125,0.49750,0.99999,0.00000,0.00001,0.00000
9.90125,0.49750,0.99999,0.00000,0.00001,0.00000
10.00125,0.49750,0.99999,0.00000,0.00001,0.00000
10.10125,0.49750,0.99999,0.00000,0.00001,0.00000
10.20125,0.49750,0.99999,0.00000,0.00001,0.00000
10.30125,0.49750,0.99999,0.00000,0.00001,0.00000
10.40125,0.49750,0.99998,0.00000,0.00002,0.00000
10.50125,0.49750,0.99977,0.00000,0.00022,0.00000
10.60125,0.49750,0.99296,0.00030,0.00674,0.00001
10.70125,0.49750,0.66235,0.00282,0.33446,0.00038
10.80125,0.49750,0.14172,0.01482,0.84324,0.00023
10.90125,0.49750,0.06796,0.00508,0.92689,0.00007
11.00125,0.49750,0.08296,0.00071,0.91601,0.00032
11.10125,0.49750,0.12716,0.00039,0.87158,0.00087
11.20125,0.49750,0.38940,0.00208,0.60778,0.00074
11.30125,0.49750,0.27772,0.00071,0.71834,0.00323
11.40125,0.49750,0.25150,0.00033,0.74599,0.00218
11.50125,0.49750,0.76301,0.00009,0.23414,0.00277
11.60125,0.49750,0.97916,0.00000,0.02011,0.00073
11.70125,0.49750,0.99843,0.00000,0.00150,0.00007
11.80125,0.49750,0.99991,0.00000,0.00008,0.00000
11.90125,0.49750,0.99999,0.00000,0.00001,0.00000
12.00125,0.49750,0.99999,0.00000,0.00001,0.00000
12.10125,0.49750,0.99999,0.00000,0.00001,0.00000
12.20125,0.49750,0.99999,0.00000,0.00001,0.00000
12.30125,0.49750,0.99990,0.00000,0.00010,0.00000
12.40125,0.49750,0.99695,0.00012,0.00292,0.00001
12.50125,0.49750,0.88584,0.00223,0.11171,0.00022
12.60125,0.49750,0.20167,0.01676,0.78113,0.00044
12.70125,0.49750,0.07303,0.01480,0.91210,0.00007
12.80125,0.49750,0.04961,0.00395,0.94638,0.00006
12.90125,0.49750,0.07877,0.00146,0.91946,0.00031
13.00125,0.49750,0.21188,0.00591,0.78166,0.00055
13.10125,0.49750,0.36308,0.00252,0.63206,0.00235
13.20125,0.49750,0.44976,0.00085,0.54224,0.00714
13.30125,0.49750,0.79896,0.00012,0.19199,0.00893
13.40125,0.49750,0.97307,0.00001,0.02409,0.00283
13.50125,0.49750,0.99804,0.00000,0.00165,0.00031
13.60125,0.49750,0.99988,0.00000,0.00011,0.00002
13.70125,0.49750,0.99998,0.00000,0.00002,0.00000
13.80125,0.49750,0.99999,0.00000,0.00001,0.00000
13.90125,0.49750,0.99999,0.00000,0.00001,0.00000
14.00125,0.49750,0.99999,0.00000,0.00001,0.00000
14.10125,0.49750,0.99996,0.00000,0.00004,0.00000
14.20125,0.49750,0.99898,0.00004,0.00098,0.00001
14.30125,0.49750,0.95097,0.00133,0.04760,0.00010
14.40125,0.49750,0.36200,0.01073,0.62647,0.00080
14.50125,0.49750,0.06857,0.01409,0.91726,0.00007
14.60125,0.49750,0.02717,0.00702,0.96578,0.00003
14.70125,0.49750,0.05376,0.00298,0.94295,0.00031
14.80125,0.49750,0.18222,0.00673,0.80962,0.00143
14.90125,0.49750,0.44652,0.00374,0.54618,0.00356
15.00125,0.49750,0.58900,0.00061,0.39176,0.01863
15.10125,0.49750,0.89733,0.00004,0.09277,0.00986
15.20125,0.49750,0.99087,0.00000,0.00819,0.00094
15.30125,0.49750,0.99929,0.00000,0.00066,0.00005
15.40125,0.49750,0.99994,0.00000,0.00006,0.00000
15.50125,0.49750,0.99998,0.00000,0.00002,0.00000
15.60125,0.49750,0.99998,0.00000,0.00002,0.00000
15.70125,0.49750,0.99990,0.00000,0.00009,0.00001
15.80125,0.49750,0.99801,0.00005,0.00193,0.00001
15.90125,0.49750,0.90996,0.00140,0.08840,0.00024
16.00125,0.49750,0.23569,0.00500,0.75789,0.00141
16.10125,0.49750,0.03727,0.00965,0.95304,0.00003
16.20125,0.49750,0.01113,0.00885,0.98002,0.00000
16.30125,0.49750,0.01809,0.00693,0.97497,0.00000
16.40125,0.49750,0.06873,0.03090,0.90036,0.00002
16.50125,0.49750,0.21736,0.08101,0.70156,0.00007
16.60125,0.49750,0.39753,0.01333,0.58736,0.00178
16.70125,0.49750,0.79814,0.00069,0.18638,0.01479
16.80125,0.49750,0.97310,0.00002,0.01984,0.00704
16.90125,0.49750,0.99781,0.00000,0.00177,0.00042
17.00125,0.49750,0.99981,0.00000,0.00017,0.00002
17.10125,0.49750,0.99997,0.00000,0.00003,0.00000
17.20125,0.49750,0.99999,0.00000,0.00001,0.00000
17.30125,0.49750,0.99997,0.00000,0.00003,0.00000
17.40125,0.49750,0.99980,0.00000,0.00019,0.00001
17.50125,0.49750,0.99356,0.00005,0.00631,0.00008
17.60125,0.49750,0.74256,0.00055,0.25459,0.00231
17.70125,0.49750,0.16854,0.00385,0.82701,0.00061
17.80125,0.49750,0.03120,0.00310,0.96569,0.00002
17.90125,0.49750,0.01663,0.00084,0.98253,0.00001
18.00125,0.49750,0.03888,0.00122,0.95989,0.00001
18.10125,0.49750,0.23789,0.01197,0.75011,0.00003
18.20125,0.49750,0.26873,0.00593,0.72470,0.00064
18.30125,0.49750,0.60206,0.00115,0.38781,0.00898
18.40125,0.49750,0.95533,0.00004,0.03686,0.00778
18.50125,0.49750,0.99401,0.00000,0.00458,0.00140
18.60125,0.49750,0.99935,0.00000,0.00058,0.00007
18.70125,0.49750,0.99995,0.00000,0.00004,0.00000
18.80125,0.49750,0.99998,0.00000,0.00002,0.00000
18.90125,0.49750,0.99999,0.00000,0.00001,0.00000
19.00125,0.49750,0.99999,0.00000,0.00001,0.00000
19.10125,0.49750,0.99998,0.00000,0.00002,0.00000
19.20125,0.49750,0.99981,0.00000,0.00018,0.00000
19.30125,0.49750,0.99516,0.00030,0.00452,0.00002
19.40125,0.49750,0.83535,0.00529,0.15884,0.00051
19.50125,0.49750,0.13984,0.01451,0.84481,0.00084
19.60125,0.49750,0.02719,0.01791,0.95487,0.00003
19.70125,0.49750,0.02521,0.00808,0.96655,0.00016
19.80125,0.49750,0.05595,0.00558,0.93583,0.00264
19.90125,0.49750,0.19701,0.02092,0.77588,0.00620
20.00125,0.49750,0.62999,0.01162,0.34268,0.01571
20.10125,0.49750,0.89164,0.00043,0.07955,0.02838
20.20125,0.49750,0.99243,0.00001,0.00621,0.00135
20.30125,0.49750,0.99906,0.00000,0.00088,0.00006
20.40125,0.49750,0.99992,0.00000,0.00008,0.00000
20.50125,0.49750,0.99999,0.00000,0.00001,0.00000
20.60125,0.49750,0.99999,0.00000,0.00001,0.00000
20.70125,0.49750,0.99999,0.00000,0.00001,0.00000
20.80125,0.49750,0.99996,0.00000,0.00003,0.00000
20.90125,0.49750,0.99917,0.00004,0.00079,0.00001
21.00125,0.49750,0.95820,0.00057,0.04104,0.00020
21.10125,0.49750,0.29251,0.00354,0.70140,0.00256
21.20125,0.49750,0.03373,0.01237,0.95384,0.00005
21.30125,0.49750,0.00786,0.00466,0.98748,0.00000
21.40125,0.49750,0.00900,0.00188,0.98912,0.00000
21.50125,0.49750,0.03581,0.01936,0.94483,0.00001
21.60125,0.49750,0.13003,0.07638,0.79354,0.00004
21.70125,0.49750,0.23186,0.01212,0.75435,0.00168
21.80125,0.49750,0.84294,0.00069,0.14803,0.00834
21.90125,0.49750,0.98689,0.00002,0.00963,0.00345
22.00125,0.49750,0.99869,0.00000,0.00103,0.00028
22.10125,0.49750,0.99991,0.00000,0.00008,0.00001
22.20125,0.49750,0.99999,0.00000,0.00001,0.00000
22.30125,0.49750,0.99996,0.00000,0.00003,0.00000
22.40125,0.49750,0.99966,0.00001,0.00033,0.00001
22.50125,0.49750,0.99008,0.00025,0.00962,0.00005
22.60125,0.49750,0.56204,0.00280,0.43294,0.00222
22.70125,0.49750,0.06145,0.00716,0.93121,0.00018
22.80125,0.49750,0.00937,0.00747,0.98315,0.00000
22.90125,0.49750,0.00791,0.00362,0.98847,0.00000
23.00125,0.49750,0.01740,0.00807,0.97453,0.00000
23.10125,0.49750,0.09678,0.10115,0.80206,0.00000
23.20125,0.49750,0.20333,0.05496,0.74148,0.00024
23.30125,0.49750,0.49301,0.00868,0.48705,0.01126
23.40125,0.49750,0.84248,0.00050,0.11836,0.03866
23.50125,0.49750,0.98102,0.00002,0.01446,0.00450
23.60125,0.49750,0.99865,0.00000,0.00124,0.00012
23.70125,0.49750,0.99987,0.00000,0.00013,0.00000
23.80125,0.49750,0.99994,0.00000,0.00006,0.00000
23.90125,0.49750,0.99970,0.00000,0.00029,0.00000
24.00125,0.49750,0.99046,0.00010,0.00942,0.00002
24.10125,0.49750,0.53406,0.00071,0.46458,0.00065
24.20125,0.49750,0.06248,0.00326,0.93395,0.00030
24.30125,0.49750,0.02159,0.00637,0.97198,0.00006
24.40125,0.49750,0.02348,0.00170,0.97460,0.00021
24.50125,0.49750,0.07300,0.00398,0.92114,0.00189
24.60125,0.49750,0.39160,0.04630,0.55662,0.00549
24.70125,0.49750,0.70945,0.00521,0.25379,0.03155
24.80125,0.49750,0.90359,0.00020,0.05703,0.03918
24.90125,0.49750,0.98731,0.00001,0.00811,0.00457
25.00125,0.49750,0.99911,0.00000,0.00074,0.00014
25.10125,0.49750,0.99994,0.00000,0.00006,0.00000
25.20125,0.49750,0.99999,0.00000,0.00001,0.00000
25.30125,0.49750,0.99999,0.00000,0.00001,0.00000
25.40125,0.49750,1.00000,0.00000,0.00000,0.00000
25.50125,0.49750,0.99999,0.00000,0.00001,0.00000
25.60125,0.49750,0.99976,0.00000,0.00023,0.00000
25.70125,0.49750,0.99078,0.00004,0.00917,0.00002
25.80125,0.49750,0.68643,0.00048,0.31285,0.00024
25.90125,0.49750,0.06916,0.00997,0.92083,0.00004
26.00125,0.49750,0.01337,0.00937,0.97726,0.00000
26.10125,0.49750,0.01640,0.00553,0.97806,0.00001
26.20125,0.49750,0.04490,0.01424,0.94085,0.00002
26.30125,0.49750,0.18295,0.06211,0.75479,0.00015
26.40125,0.49750,0.41916,0.00552,0.56994,0.00538
26.50125,0.49750,0.90331,0.00023,0.08535,0.01112
26.60125,0.49750,0.98904,0.00001,0.00793,0.00303
26.70125,0.49750,0.99910,0.00000,0.00079,0.00010
26.80125,0.49750,0.99994,0.00000,0.00006,0.00000
26.90125,0.49750,0.99999,0.00000,0.00001,0.00000
27.00125,0.49750,0.99999,0.00000,0.00001,0.00000
27.10125,0.49750,0.99999,0.00000,0.00001,0.00000
27.20125,0.49750,0.99999,0.00000,0.00001,0.00000
27.30125,0.49750,0.99997,0.00000,0.00003,0.00000
27.40125,0.49750,0.99930,0.00004,0.00066,0.00000
27.50125,0.49750,0.97013,0.00081,0.02904,0.00002
27.60125,0.49750,0.48347,0.00466,0.51139,0.00047
27.70125,0.49750,0.06952,0.01850,0.91190,0.00008
27.80125,0.49750,0.02424,0.00679,0.96896,0.00002
27.90125,0.49750,0.04051,0.00161,0.95772,0.00016
28.00125,0.49750,0.16640,0.00782,0.82486,0.00093
28.10125,0.49750,0.38742,0.01167,0.59844,0.00247
28.20125,0.49750,0.56279,0.00125,0.40909,0.02687
28.30125,0.49750,0.91978,0.00006,0.06832,0.01184
28.40125,0.49750,0.99262,0.00000,0.00643,0.00095
28.50125,0.49750,0.99926,0.00000,0.00071,0.00003
28.60125,0.49750,0.99995,0.00000,0.00005,0.00000
28.70125,0.49750,0.99999,0.00000,0.00001,0.00000
28.80125,0.49750,0.99996,0.00000,0.00004,0.00000
28.90125,0.49750,0.99955,0.00001,0.00044,0.00001
29.00125,0.49750,0.98829,0.00054,0.01116,0.00002
29.10125,0.49750,0.51069,0.00401,0.48474,0.00056
29.20125,0.49750,0.05648,0.00480,0.93859,0.00013
29.30125,0.49750,0.02424,0.00312,0.97263,0.00001
29.40125,0.49750,0.02207,0.00071,0.97722,0.00001
29.50125,0.49750,0.04178,0.00042,0.95777,0.00003
29.60125,0.49750,0.23034,0.00530,0.76428,0.00008
29.70125,0.49750,0.34372,0.00548,0.64974,0.00106
29.80125,0.49750,0.36925,0.00192,0.61236,0.01647
29.90125,0.49750,0.85196,0.00024,0.13539,0.01241
30.00125,0.49750,0.98664,0.00001,0.01243,0.00092
30.10125,0.49750,0.99888,0.00000,0.00108,0.00004
30.20125,0.49750,0.99992,0.00000,0.00008,0.00000
30.30125,0.49750,0.99999,0.00000,0.00001,0.00000
30.40125,0.49750,0.99999,0.00000,0.00001,0.00000
30.50125,0.49750,0.99997,0.00000,0.00003,0.00000
30.60125,0.49750,0.99951,0.00000,0.00048,0.00001
30.70125,0.49750,0.97880,0.00010,0.02087,0.00023
30.80125,0.49750,0.28897,0.00050,0.70427,0.00626
30.90125,0.49750,0.02677,0.00077,0.97200,0.00046
31.00125,0.49750,0.00975,0.00083,0.98938,0.00004
31.10125,0.49750,0.01059,0.00042,0.98895,0.00004
31.20125,0.49750,0.03008,0.00135,0.96853,0.00005
31.30125,0.49750,0.19694,0.02010,0.78283,0.00014
31.40125,0.49750,0.27963,0.00804,0.71039,0.00194
31.50125,0.49750,0.35136,0.00265,0.64183,0.00416
31.60125,0.49750,0.75658,0.00042,0.23605,0.00695
31.70125,0.49750,0.97365,0.00002,0.02512,0.00121
31.80125,0.49750,0.99769,0.00000,0.00225,0.00005
31.90125,0.49750,0.99985,0.00000,0.00014,0.00000
32.00125,0.49750,0.99998,0.00000,0.00002,0.00000
32.10125,0.49750,0.99998,0.00000,0.00002,0.00000
32.20125,0.49750,0.99987,0.00000,0.00011,0.00002
32.30125,0.49750,0.99799,0.00008,0.00187,0.00006
32.40125,0.49750,0.89412,0.00154,0.10261,0.00173
32.50125,0.49750,0.16130,0.00125,0.83113,0.00632
32.60125,0.49750,0.02061,0.00074,0.97843,0.00021
32.70125,0.49750,0.00771,0.00082,0.99145,0.00002
32.80125,0.49750,0.01562,0.00063,0.98354,0.00021
32.90125,0.49750,0.06706,0.00516,0.92674,0.00103
33.00125,0.49750,0.28022,0.04631,0.67071,0.00276
33.10125,0.49750,0.52769,0.02171,0.43767,0.01294
33.20125,0.49750,0.89853,0.00066,0.07766,0.02316
33.30125,0.49750,0.98575,0.00002,0.01179,0.00244
33.40125,0.49750,0.99851,0.00000,0.00136,0.00013
33.50125,0.49750,0.99990,0.00000,0.00009,0.00000
33.60125,0.49750,0.99999,0.00000,0.00001,0.00000
33.70125,0.49750,0.99998,0.00000,0.00002,0.00000
33.80125,0.49750,0.99992,0.00000,0.00007,0.00001
33.90125,0.49750,0.99895,0.00002,0.00100,0.00002
34.00125,0.49750,0.94588,0.00078,0.05267,0.00066
34.10125,0.49750,0.25097,0.00254,0.74114,0.00535
34.20125,0.49750,0.04099,0.00631,0.95263,0.00008
34.30125,0.49750,0.01127,0.00389,0.98483,0.00000
34.40125,0.49750,0.01365,0.00245,0.98390,0.00000
34.50125,0.49750,0.04413,0.00770,0.94817,0.00001
34.60125,0.49750,0.18621,0.04126,0.77250,0.00003
34.70125,0.49750,0.28693,0.01112,0.70012,0.00182
34.80125,0.49750,0.52054,0.00228,0.45884,0.01834
34.90125,0.49750,0.93870,0.00009,0.05114,0.01007
35.00125,0.49750,0.99425,0.00000,0.00466,0.00108
35.10125,0.49750,0.99945,0.00000,0.00051,0.00004
35.20125,0.49750,0.99996,0.00000,0.00004,0.00000
35.30125,0.49750,0.99999,0.00000,0.00001,0.00000
35.40125,0.49750,0.99998,0.00000,0.00002,0.00000
35.50125,0.49750,0.99975,0.00000,0.00024,0.00001
35.60125,0.49750,0.99174,0.00004,0.00806,0.00015
35.70125,0.49750,0.53353,0.00034,0.45982,0.00631
35.80125,0.49750,0.06642,0.00078,0.93228,0.00052
35.90125,0.49750,0.01415,0.00123,0.98452,0.00010
36.00125,0.49750,0.01557,0.00036,0.98392,0.00015
36.10125,0.49750,0.04439,0.00068,0.95459,0.00034
36.20125,0.49750,0.32066,0.01037,0.66792,0.00105
36.30125,0.49750,0.44043,0.00322,0.54012,0.01623
36.40125,0.49750,0.59112,0.00060,0.37004,0.03825
36.50125,0.49750,0.93722,0.00005,0.05317,0.00956
36.60125,0.49750,0.99332,0.00000,0.00612,0.00056
36.70125,0.49750,0.99891,0.00000,0.00106,0.00003
36.80125,0.49750,0.99991,0.00000,0.00008,0.00000
36.90125,0.49750,0.99998,0.00000,0.00001,0.00000
37.00125,0.49750,0.99999,0.00000,0.00001,0.00000
37.10125,0.49750,0.99999,0.00000,0.00001,0.00000
37.20125,0.49750,0.99999,0.00000,0.00001,0.00000
37.30125,0.49750,0.99999,0.00000,0.00001,0.00000
37.40125,0.49750,0.99995,0.00000,0.00005,0.00000
37.50125,0.49750,0.99804,0.00006,0.00189,0.00001
37.60125,0.49750,0.90016,0.00063,0.09864,0.00057
37.70125,0.49750,0.22215,0.00419,0.77305,0.00060
37.80125,0.49750,0.02558,0.00883,0.96557,0.00002
37.90125,0.49750,0.00731,0.00387,0.98882,0.00000
38.00125,0.49750,0.01500,0.00405,0.98095,0.00000
38.10125,0.49750,0.09114,0.03573,0.87313,0.00000
38.20125,0.49750,0.22457,0.02055,0.75482,0.00005
38.30125,0.49750,0.38258,0.00323,0.61183,0.00236
38.40125,0.49750,0.52001,0.00076,0.45529,0.02393
38.50125,0.49750,0.85683,0.00011,0.12971,0.01335
38.60125,0.49750,0.97597,0.00001,0.02246,0.00156
38.70125,0.49750,0.99753,0.00000,0.00240,0.00007
38.80125,0.49750,0.99980,0.00000,0.00019,0.00000
38.90125,0.49750,0.99996,0.00000,0.00004,0.00000
39.00125,0.49750,0.99992,0.00000,0.00008,0.00000
39.10125,0.49750,0.99871,0.00001,0.00127,0.00001
39.20125,0.49750,0.95394,0.00014,0.04564,0.00028
39.30125,0.49750,0.28762,0.00059,0.70907,0.00272
39.40125,0.49750,0.04714,0.00178,0.95092,0.00017
39.50125,0.49750,0.01283,0.00182,0.98534,0.00001
39.60125,0.49750,0.01380,0.00073,0.98546,0.00001
39.70125,0.49750,0.04797,0.00285,0.94917,0.00001
39.80125,0.49750,0.19001,0.01722,0.79274,0.00004
39.90125,0.49750,0.24861,0.00850,0.74191,0.00097
40.00125,0.49750,0.45600,0.00151,0.53200,0.01050
40.10125,0.49750,0.86361,0.00014,0.12377,0.01248
40.20125,0.49750,0.98137,0.00001,0.01718,0.00144
40.30125,0.49750,0.99636,0.00000,0.00349,0.00015
40.40125,0.49750,0.99968,0.00000,0.00031,0.00001
40.50125,0.49750,0.99995,0.00000,0.00005,0.00000
40.60125,0.49750,0.99997,0.00000,0.00003,0.00000
40.70125,0.49750,0.99997,0.00000,0.00003,0.00000
40.80125,0.49750,0.99986,0.00000,0.00014,0.00000
40.90125,0.49750,0.99564,0.00003,0.00431,0.00001
41.00125,0.49750,0.79666,0.00024,0.20265,0.00045
41.10125,0.49750,0.13785,0.00067,0.86079,0.00069
41.20125,0.49750,0.02044,0.00128,0.97820,0.00008
41.30125,0.49750,0.01580,0.00047,0.98367,0.00005
41.40125,0.49750,0.04648,0.00088,0.95246,0.00018
41.50125,0.49750,0.27540,0.01462,0.70923,0.00075
41.60125,0.49750,0.46361,0.01162,0.52087,0.00389
41.70125,0.49750,0.68154,0.00197,0.28624,0.03025
41.80125,0.49750,0.91056,0.00016,0.05399,0.03529
41.90125,0.49750,0.97676,0.00001,0.01643,0.00679
42.00125,0.49750,0.99772,0.00000,0.00197,0.00032
42.10125,0.49750,0.99986,0.00000,0.00013,0.00002
42.20125,0.49750,0.99997,0.00000,0.00003,0.00000
42.30125,0.49750,0.99998,0.00000,0.00002,0.00000
42.40125,0.49750,0.99999,0.00000,0.00001,0.00000
42.50125,0.49750,0.99998,0.00000,0.00002,0.00000
42.60125,0.49750,0.99982,0.00000,0.00018,0.00000
42.70125,0.49750,0.99365,0.00022,0.00611,0.00002
42.80125,0.49750,0.65731,0.00162,0.33957,0.00149
42.90125,0.49750,0.16376,0.00991,0.82603,0.00030
43.00125,0.49750,0.01977,0.01509,0.96513,0.00001
43.10125,0.49750,0.01416,0.00360,0.98224,0.00001
43.20125,0.49750,0.03305,0.00560,0.96134,0.00002
43.30125,0.49750,0.20151,0.06675,0.73167,0.00007
43.40125,0.49750,0.27507,0.01219,0.71159,0.00115
43.50125,0.49750,0.77983,0.00074,0.21095,0.00848
43.60125,0.49750,0.97112,0.00004,0.02244,0.00641
43.70125,0.49750,0.99498,0.00000,0.00371,0.00131
43.80125,0.49750,0.99951,0.00000,0.00043,0.00006
43.90125,0.49750,0.99997,0.00000,0.00003,0.00000
44.00125,0.49750,0.99998,0.00000,0.00001,0.00000
44.10125,0.49750,0.99999,0.00000,0.00001,0.00000
44.20125,0.49750,0.99998,0.00000,0.00002,0.00000
44.30125,0.49750,0.99951,0.00001,0.00048,0.00000
44.40125,0.49750,0.97168,0.00020,0.02804,0.00007
44.50125,0.49750,0.42394,0.00106,0.57401,0.00098
44.60125,0.49750,0.03316,0.00465,0.96216,0.00003
44.70125,0.49750,0.00762,0.00419,0.98818,0.00000
44.80125,0.49750,0.00717,0.00232,0.99051,0.00000
44.90125,0.49750,0.03427,0.02900,0.93674,0.00000
45.00125,0.49750,0.11507,0.18373,0.70120,0.00001
45.10125,0.49750,0.23028,0.05279,0.71660,0.00033
45.20125,0.49750,0.64690,0.00579,0.33173,0.01558
45.30125,0.49750,0.92373,0.00016,0.05329,0.02282
45.40125,0.49750,0.99120,0.00001,0.00643,0.00236
45.50125,0.49750,0.99932,0.00000,0.00059,0.00008
45.60125,0.49750,0.99996,0.00000,0.00004,0.00000
45.70125,0.49750,0.99999,0.00000,0.00001,0.00000
45.80125,0.49750,0.99999,0.00000,0.00001,0.00000
45.90125,0.49750,0.99995,0.00000,0.00005,0.00000
46.00125,0.49750,0.99881,0.00001,0.00117,0.00001
46.10125,0.49750,0.94783,0.00021,0.05166,0.00030
46.20125,0.49750,0.31058,0.00090,0.68624,0.00228
46.30125,0.49750,0.02536,0.00384,0.97073,0.00007
46.40125,0.49750,0.01206,0.00167,0.98626,0.00001
46.50125,0.49750,0.01425,0.00067,0.98507,0.00002
46.60125,0.49750,0.05798,0.00401,0.93795,0.00005
46.70125,0.49750,0.20814,0.01257,0.77903,0.00026
46.80125,0.49750,0.34187,0.00274,0.64127,0.01411
46.90125,0.49750,0.63737,0.00053,0.32316,0.03894
47.00125,0.49750,0.89197,0.00005,0.07668,0.03130
47.10125,0.49750,0.98963,0.00000,0.00828,0.00209
47.20125,0.49750,0.99916,0.00000,0.00074,0.00010
47.30125,0.49750,0.99995,0.00000,0.00005,0.00000
47.40125,0.49750,0.99999,0.00000,0.00001,0.00000
47.50125,0.49750,0.99999,0.00000,0.00001,0.00000
47.60125,0.49750,0.99997,0.00000,0.00003,0.00000
47.70125,0.49750,0.99863,0.00001,0.00135,0.00001
47.80125,0.49750,0.91829,0.00011,0.08112,0.00048
47.90125,0.49750,0.22577,0.00129,0.77218,0.00077
48.00125,0.49750,0.01811,0.00778,0.97407,0.00004
48.10125,0.49750,0.00933,0.00598,0.98469,0.00001
48.20125,0.49750,0.02396,0.01267,0.96336,0.00001
48.30125,0.49750,0.09727,0.09631,0.80638,0.00004
48.40125,0.49750,0.26560,0.06506,0.66875,0.00059
48.50125,0.49750,0.61020,0.00493,0.37301,0.01186
48.60125,0.49750,0.93686,0.00013,0.04490,0.01810
48.70125,0.49750,0.98343,0.00001,0.01159,0.00497
48.80125,0.49750,0.99829,0.00000,0.00136,0.00034
48.90125,0.49750,0.99987,0.00000,0.00012,0.00001
49.00125,0.49750,0.99997,0.00000,0.00003,0.00000
49.10125,0.49750,0.99997,0.00000,0.00003,0.00000
49.20125,0.49750,0.99999,0.00000,0.00001,0.00000
49.30125,0.49750,0.99996,0.00000,0.00004,0.00000
49.40125,0.49750,0.99925,0.00003,0.00071,0.00001
49.50125,0.49750,0.95656,0.00031,0.04290,0.00022
49.60125,0.49750,0.56213,0.00198,0.43551,0.00038
49.70125,0.49750,0.07224,0.00448,0.92327,0.00001
49.80125,0.49750,0.02440,0.00179,0.97381,0.00000
49.90125,0.49750,0.03008,0.00070,0.96922,0.00000
50.00125,0.49750,0.18498,0.00887,0.80615,0.00001
50.10125,0.49750,0.29472,0.01457,0.69050,0.00021
50.20125,0.49750,0.38547,0.00766,0.59729,0.00958
50.30125,0.49750,0.45494,0.00258,0.49333,0.04915
50.40125,0.49750,0.82194,0.00023,0.12945,0.04838
50.50125,0.49750,0.98051,0.00001,0.01591,0.00357
50.60125,0.49750,0.99815,0.00000,0.00172,0.00013
50.70125,0.49750,0.99986,0.00000,0.00014,0.00000
50.80125,0.49750,0.99995,0.00000,0.00005,0.00000
50.90125,0.49750,0.99977,0.00000,0.00023,0.00000
51.00125,0.49750,0.99267,0.00004,0.00728,0.00001
51.10125,0.49750,0.69188,0.00046,0.30740,0.00026
51.20125,0.49750,0.08933,0.00103,0.90947,0.00016
51.30125,0.49750,0.02177,0.00225,0.97597,0.00001
51.40125,0.49750,0.00880,0.00089,0.99032,0.00000
51.50125,0.49750,0.01338,0.00118,0.98544,0.00000
51.60125,0.49750,0.08893,0.01922,0.89185,0.00000
51.70125,0.49750,0.17532,0.02473,0.79989,0.00006
51.80125,0.49750,0.25706,0.01380,0.72557,0.00357
51.90125,0.49750,0.76845,0.00215,0.21890,0.01051
52.00125,0.49750,0.98225,0.00006,0.01565,0.00203
52.10125,0.49750,0.99729,0.00000,0.00255,0.00016
52.20125,0.49750,0.99981,0.00000,0.00019,0.00000
52.30125,0.49750,0.99999,0.00000,0.00001,0.00000
52.40125,0.49750,0.99998,0.00000,0.00002,0.00000
52.50125,0.49750,0.99987,0.00000,0.00012,0.00001
52.60125,0.49750,0.99680,0.00008,0.00306,0.00006
52.70125,0.49750,0.80657,0.00094,0.18977,0.00272
52.80125,0.49750,0.12404,0.00320,0.87151,0.00125
52.90125,0.49750,0.01454,0.00698,0.97847,0.00001
53.00125,0.49750,0.00579,0.00304,0.99117,0.00000
53.10125,0.49750,0.01107,0.00715,0.98177,0.00000
53.20125,0.49750,0.07123,0.15126,0.77751,0.00000
53.30125,0.49750,0.15568,0.13686,0.70742,0.00004
53.40125,0.49750,0.80585,0.00314,0.19059,0.00042
53.50125,0.49750,0.97457,0.00009,0.02323,0.00211
53.60125,0.49750,0.99753,0.00000,0.00203,0.00045
53.70125,0.49750,0.99978,0.00000,0.00020,0.00002
53.80125,0.49750,0.99998,0.00000,0.00001,0.00000
53.90125,0.49750,0.99999,0.00000,0.00001,0.00000
54.00125,0.49750,0.99999,0.00000,0.00001,0.00000
54.10125,0.49750,1.00000,0.00000,0.00000,0.00000
54.20125,0.49750,0.99999,0.00000,0.00001,0.00000
54.30125,0.49750,0.99994,0.00000,0.00006,0.00000
54.40125,0.49750,0.99773,0.00004,0.00222,0.00000
54.50125,0.49750,0.85247,0.00055,0.14676,0.00021
54.60125,0.49750,0.18078,0.01439,0.80474,0.00009
54.70125,0.49750,0.01705,0.03115,0.95180,0.00000
54.80125,0.49750,0.00793,0.00874,0.98333,0.00000
54.90125,0.49750,0.00893,0.01053,0.98055,0.00000
55.00125,0.49750,0.06331,0.17923,0.75746,0.00000
55.10125,0.49750,0.11818,0.07160,0.81022,0.00001
55.20125,0.49750,0.30230,0.01770,0.67947,0.00053
55.30125,0.49750,0.89683,0.00079,0.09774,0.00464
55.40125,0.49750,0.98255,0.00002,0.01157,0.00585
55.50125,0.49750,0.99829,0.00000,0.00141,0.00030
55.60125,0.49750,0.99987,0.00000,0.00012,0.00001
55.70125,0.49750,0.99999,0.00000,0.00001,0.00000
55.80125,0.49750,0.99998,0.00000,0.00001,0.00000
55.90125,0.49750,0.99994,0.00000,0.00006,0.00000
56.00125,0.49750,0.99858,0.00001,0.00141,0.00001
56.10125,0.49750,0.91342,0.00016,0.08626,0.00016
56.20125,0.49750,0.24006,0.00092,0.75864,0.00038
56.30125,0.49750,0.01855,0.00693,0.97452,0.00001
56.40125,0.49750,0.00699,0.00571,0.98729,0.00000
56.50125,0.49750,0.01398,0.00763,0.97839,0.00000
56.60125,0.49750,0.08483,0.11071,0.80445,0.00001
56.70125,0.49750,0.21727,0.17220,0.61045,0.00009
56.80125,0.49750,0.50382,0.01508,0.47784,0.00326
56.90125,0.49750,0.75343,0.00119,0.21462,0.03077
57.00125,0.49750,0.89049,0.00011,0.06976,0.03965
57.10125,0.49750,0.98624,0.00000,0.01044,0.00332
57.20125,0.49750,0.99884,0.00000,0.00102,0.00014
57.30125,0.49750,0.99982,0.00000,0.00017,0.00001
57.40125,0.49750,0.99997,0.00000,0.00003,0.00000
57.50125,0.49750,0.99999,0.00000,0.00001,0.00000
57.60125,0.49750,0.99999,0.00000,0.00001,0.00000
57.70125,0.49750,0.99997,0.00000,0.00003,0.00000
57.80125,0.49750,0.99986,0.00000,0.00014,0.00000
57.90125,0.49750,0.99564,0.00020,0.00415,0.00001
58.00125,0.49750,0.78814,0.00192,0.20975,0.00019
58.10125,0.49750,0.19601,0.01425,0.78967,0.00007
58.20125,0.49750,0.02477,0.01662,0.95861,0.00000
58.30125,0.49750,0.01005,0.00698,0.98297,0.00000
58.40125,0.49750,0.01810,0.00556,0.97633,0.00000
58.50125,0.49750,0.12234,0.07860,0.79905,0.00000
58.60125,0.49750,0.17017,0.02616,0.80353,0.00014
58.70125,0.49750,0.40421,0.00471,0.58764,0.00343
58.80125,0.49750,0.88410,0.00023,0.11090,0.00477
58.90125,0.49750,0.97861,0.00001,0.02000,0.00138
59.00125,0.49750,0.99832,0.00000,0.00162,0.00006
59.10125,0.49750,0.99990,0.00000,0.00010,0.00000
59.20125,0.49750,0.99998,0.00000,0.00002,0.00000
59.30125,0.49750,0.99999,0.00000,0.00001,0.00000
59.40125,0.49750,0.99999,0.00000,0.00001,0.00000
59.50125,0.49750,0.99998,0.00000,0.00002,0.00000
59.60125,0.49750,0.99990,0.00000,0.00009,0.00001
59.70125,0.49750,0.99821,0.00003,0.00170,0.00007
59.80125,0.49750,0.91465,0.00072,0.08191,0.00272
59.90125,0.49750,0.17897,0.00102,0.80858,0.01143
60.00125,0.49750,0.02873,0.00116,0.96993,0.00018
60.10125,0.49750,0.00829,0.00207,0.98962,0.00001
60.20125,0.49750,0.01073,0.00122,0.98804,0.00001
60.30125,0.49750,0.03965,0.00609,0.95422,0.00003
60.40125,0.49750,0.22772,0.06060,0.71158,0.00009
60.50125,0.49750,0.34253,0.01458,0.64042,0.00247
60.60125,0.49750,0.69232,0.00076,0.28021,0.02671
60.70125,0.49750,0.92767,0.00005,0.05272,0.01957
60.80125,0.49750,0.99331,0.00000,0.00525,0.00143
60.90125,0.49750,0.99953,0.00000,0.00043,0.00004
61.00125,0.49750,0.99996,0.00000,0.00004,0.00000
61.10125,0.49750,0.99999,0.00000,0.00001,0.00000
61.20125,0.49750,0.99999,0.00000,0.00001,0.00000
61.30125,0.49750,0.99998,0.00000,0.00002,0.00000
61.40125,0.49750,0.99994,0.00000,0.00006,0.00000
61.50125,0.49750,0.99924,0.00001,0.00075,0.00001
61.60125,0.49750,0.96705,0.00022,0.03261,0.00013
61.70125,0.49750,0.42224,0.00121,0.57579,0.00075
61.80125,0.49750,0.08998,0.00633,0.90366,0.00003
61.90125,0.49750,0.02478,0.00462,0.97059,0.00000
62.00125,0.49750,0.01514,0.00130,0.98356,0.00000
62.10125,0.49750,0.04171,0.00683,0.95146,0.00000
62.20125,0.49750,0.16656,0.03580,0.79763,0.00000
62.30125,0.49750,0.21285,0.01907,0.76798,0.00010
62.40125,0.49750,0.42856,0.00547,0.56341,0.00256
62.50125,0.49750,0.89056,0.00034,0.09854,0.01057
62.60125,0.49750,0.98947,0.00001,0.00815,0.00237
62.70125,0.49750,0.99911,0.00000,0.00075,0.00014
62.80125,0.49750,0.99994,0.00000,0.00005,0.00001
62.90125,0.49750,0.99999,0.00000,0.00001,0.00000
63.00125,0.49750,0.99999,0.00000,0.00001,0.00000
63.10125,0.49750,0.99998,0.00000,0.00002,0.00000
63.20125,0.49750,0.99986,0.00001,0.00013,0.00000
63.30125,0.49750,0.99306,0.00032,0.00660,0.00002
63.40125,0.49750,0.69409,0.00243,0.30269,0.00079
63.50125,0.49750,0.20665,0.00235,0.79053,0.00047
63.60125,0.49750,0.03046,0.00123,0.96830,0.00000
63.70125,0.49751,0.02005,0.00023,0.97972,0.00000
63.80125,0.49750,0.06285,0.00052,0.93662,0.00001
63.90125,0.49750,0.33108,0.00714,0.66174,0.00004
64.00125,0.49750,0.31452,0.01837,0.66627,0.00084
64.10125,0.49750,0.79456,0.00319,0.19959,0.00267
64.20125,0.49751,0.97832,0.00015,0.01894,0.00260
64.30125,0.49751,0.99733,0.00001,0.00233,0.00034
64.40125,0.49750,0.99978,0.00000,0.00021,0.00001
64.50125,0.49750,0.99999,0.00000,0.00001,0.00000
64.60125,0.49750,0.99999,0.00000,0.00001,0.00000
64.70125,0.49751,0.99998,0.00000,0.00001,0.00000
64.80125,0.49751,0.99993,0.00000,0.00007,0.00000
64.90125,0.49750,0.99715,0.00008,0.00275,0.00001
65.00125,0.49750,0.84306,0.00122,0.15516,0.00055
65.10125,0.49750,0.19985,0.01151,0.78827,0.00037
65.20125,0.49751,0.02117,0.01868,0.96015,0.00000
65.30125,0.49751,0.01082,0.00431,0.98487,0.00000
65.40125,0.49750,0.02435,0.00472,0.97092,0.00001
65.50125,0.49750,0.13946,0.06265,0.79785,0.00004
65.60125,0.49750,0.22021,0.02586,0.75338,0.00055
65.70125,0.49751,0.74046,0.00149,0.25480,0.00325
65.80125,0.49751,0.97559,0.00005,0.02112,0.00324
65.90125,0.49750,0.99720,0.00000,0.00249,0.00031
66.00125,0.49750,0.99971,0.00000,0.00028,0.00001
66.10125,0.49750,0.99998,0.00000,0.00002,0.00000
66.20125,0.49751,0.99999,0.00000,0.00001,0.00000
66.30125,0.49751,0.99999,0.00000,0.00001,0.00000
66.40125,0.49750,0.99999,0.00000,0.00001,0.00000
66.50125,0.49750,0.99992,0.00000,0.00007,0.00000
66.60125,0.49750,0.99763,0.00003,0.00232,0.00002
66.70125,0.49751,0.89294,0.00040,0.10599,0.00067
66.80125,0.49751,0.22095,0.00110,0.77643,0.00152
66.90125,0.49750,0.02237,0.00344,0.97417,0.00002
67.00125,0.49750,0.00861,0.00218,0.98921,0.00000
67.10125,0.49750,0.01543,0.00210,0.98246,0.00001
67.20125,0.49751,0.06269,0.01916,0.91814,0.00002
67.30125,0.49751,0.16776,0.04657,0.78555,0.00012
67.40125,0.49750,0.41220,0.00696,0.57645,0.00439
67.50125,0.49750,0.89611,0.00025,0.09166,0.01199
67.60125,0.49750,0.99114,0.00001,0.00769,0.00117
67.70125,0.49751,0.99914,0.00000,0.00082,0.00005
67.80125,0.49751,0.99995,0.00000,0.00005,0.00000
67.90125,0.49750,0.99999,0.00000,0.00001,0.00000
68.00125,0.49750,0.99999,0.00000,0.00001,0.00000
68.10125,0.49750,0.99997,0.00000,0.00003,0.00000
68.20125,0.49751,0.99969,0.00000,0.00031,0.00000
68.30125,0.49751,0.98196,0.00014,0.01786,0.00004
68.40125,0.49750,0.44486,0.00076,0.55328,0.00111
68.50125,0.49750,0.05177,0.00419,0.94389,0.00015
68.60125,0.49750,0.01856,0.00354,0.97789,0.00001
68.70125,0.49751,0.02476,0.00064,0.97457,0.00002
68.80125,0.49751,0.06575,0.00094,0.93329,0.00002
68.90125,0.49750,0.34178,0.00762,0.65055,0.00004
69.00125,0.49750,0.40743,0.00275,0.58864,0.00118
69.10125,0.49750,0.52196,0.00100,0.46589,0.01115
69.20125,0.49751,0.71015,0.00086,0.21970,0.06929
69.30125,0.49751,0.79633,0.00029,0.06427,0.13910
