Time (seconds), Duration (seconds),pred_(unlabeled),pred_Jab_R,pred_Sidehook_R,pred_Uppercut_R
0.00125,0.49750,0.99734,0.00009,0.00010,0.00247
0.10125,0.49750,0.99718,0.00008,0.00011,0.00263
0.20125,0.49750,0.99691,0.00007,0.00012,0.00289
0.30125,0.49750,0.99666,0.00007,0.00013,0.00315
0.40125,0.49750,0.99643,0.00007,0.00015,0.00335
0.50125,0.49750,0.99629,0.00009,0.00018,0.00344
0.60125,0.49750,0.99640,0.00010,0.00019,0.00332
0.70125,0.49750,0.99615,0.00010,0.00020,0.00354
0.80125,0.49750,0.99565,0.00012,0.00024,0.00399
0.90125,0.49750,0.99584,0.00018,0.00028,0.00369
1.00125,0.49750,0.99626,0.00019,0.00026,0.00329
1.10125,0.49750,0.99623,0.00019,0.00027,0.00331
1.20125,0.49750,0.99662,0.00020,0.00024,0.00294
1.30125,0.49750,0.99720,0.00017,0.00019,0.00243
1.40125,0.49750,0.99719,0.00012,0.00015,0.00254
1.50125,0.49750,0.99699,0.00011,0.00015,0.00276
1.60125,0.49750,0.99705,0.00012,0.00014,0.00269
1.70125,0.49750,0.99706,0.00011,0.00014,0.00269
1.80125,0.49750,0.99705,0.00010,0.00014,0.00271
1.90125,0.49750,0.99705,0.00010,0.00015,0.00270
2.00125,0.49750,0.99706,0.00010,0.00015,0.00269
2.10125,0.49750,0.99706,0.00009,0.00014,0.00271
2.20125,0.49750,0.99702,0.00009,0.00015,0.00274
2.30125,0.49750,0.99687,0.00009,0.00016,0.00288
2.40125,0.49750,0.99547,0.00008,0.00026,0.00419
2.50125,0.49750,0.98447,0.00012,0.00096,0.01445
2.60125,0.49750,0.94662,0.00017,0.00123,0.05199
2.70125,0.49750,0.64735,0.00008,0.00023,0.35233
2.80125,0.49750,0.14453,0.00002,0.00006,0.85538
2.90125,0.49750,0.03767,0.00001,0.00024,0.96209
3.00125,0.49750,0.05180,0.00001,0.00033,0.94786
3.10125,0.49750,0.12967,0.00003,0.00123,0.86907
3.20125,0.49750,0.61378,0.00019,0.02573,0.36030
3.30125,0.49750,0.96449,0.00012,0.00985,0.02554
3.40125,0.49750,0.99537,0.00011,0.00035,0.00416
3.50125,0.49750,0.99762,0.00005,0.00012,0.00220
3.60125,0.49750,0.99820,0.00003,0.00007,0.00170
3.70125,0.49750,0.99805,0.00003,0.00007,0.00185
3.80125,0.49750,0.99735,0.00006,0.00010,0.00249
3.90125,0.49750,0.99739,0.00007,0.00011,0.00243
4.00125,0.49750,0.99743,0.00007,0.00011,0.00239
4.10125,0.49750,0.99745,0.00007,0.00011,0.00238
4.20125,0.49750,0.99735,0.00006,0.00011,0.00247
4.30125,0.49750,0.99681,0.00006,0.00014,0.00300
4.40125,0.49750,0.99252,0.00007,0.00044,0.00697
4.50125,0.49750,0.97035,0.00014,0.00234,0.02717
4.60125,0.49750,0.89790,0.00027,0.00668,0.09515
4.70125,0.49750,0.66682,0.00020,0.00502,0.32796
4.80125,0.49750,0.23052,0.00004,0.00090,0.76855
4.90125,0.49750,0.07838,0.00001,0.00043,0.92118
5.00125,0.49750,0.09271,0.00001,0.00058,0.90670
5.10125,0.49750,0.17690,0.00004,0.00175,0.82131
5.20125,0.49750,0.56628,0.00014,0.00613,0.42746
5.30125,0.49750,0.91283,0.00033,0.01128,0.07555
5.40125,0.49750,0.99427,0.00027,0.00082,0.00464
5.50125,0.49750,0.99780,0.00006,0.00015,0.00198
5.60125,0.49750,0.99852,0.00003,0.00005,0.00140
5.70125,0.49750,0.99830,0.00004,0.00005,0.00161
5.80125,0.49750,0.99795,0.00006,0.00008,0.00190
5.90125,0.49750,0.99731,0.00009,0.00012,0.00247
6.00125,0.49750,0.99716,0.00011,0.00014,0.00259
6.10125,0.49750,0.99704,0.00011,0.00016,0.00270
6.20125,0.49750,0.99669,0.00008,0.00018,0.00305
6.30125,0.49750,0.99313,0.00007,0.00038,0.00641
6.40125,0.49750,0.97287,0.00016,0.00201,0.02497
6.50125,0.49750,0.91703,0.00024,0.00403,0.07870
6.60125,0.49750,0.69659,0.00023,0.00323,0.29995
6.70125,0.49750,0.21288,0.00005,0.00129,0.78579
6.80125,0.49750,0.06529,0.00000,0.00394,0.93077
6.90125,0.49750,0.05062,0.00001,0.00355,0.94582
7.00125,0.49750,0.09621,0.00002,0.01250,0.89127
7.10125,0.49750,0.36838,0.00017,0.08484,0.54662
7.20125,0.49750,0.86142,0.00034,0.06381,0.07443
7.30125,0.49750,0.99134,0.00052,0.00130,0.00684
7.40125,0.49750,0.99768,0.00011,0.00034,0.00187
7.50125,0.49750,0.99870,0.00005,0.00008,0.00117
7.60125,0.49750,0.99859,0.00003,0.00005,0.00133
7.70125,0.49750,0.99773,0.00007,0.00009,0.00211
7.80125,0.49750,0.99737,0.00010,0.00011,0.00242
7.90125,0.49750,0.99750,0.00010,0.00011,0.00230
8.00125,0.49750,0.99721,0.00008,0.00012,0.00259
8.10125,0.49750,0.99278,0.00009,0.00039,0.00674
8.20125,0.49750,0.97024,0.00018,0.00202,0.02756
8.30125,0.49750,0.90455,0.00032,0.00579,0.08934
8.40125,0.49750,0.71527,0.00030,0.00758,0.27685
8.50125,0.49750,0.27682,0.00016,0.00458,0.71845
8.60125,0.49750,0.10470,0.00002,0.00201,0.89328
8.70125,0.49750,0.09315,0.00001,0.00652,0.90033
8.80125,0.49750,0.10108,0.00001,0.00842,0.89048
8.90125,0.49750,0.22437,0.00006,0.04856,0.72702
9.00125,0.49750,0.70927,0.00019,0.09066,0.19988
9.10125,0.49750,0.97511,0.00040,0.00906,0.01543
9.20125,0.49750,0.99460,0.00032,0.00075,0.00432
9.30125,0.49750,0.99798,0.00017,0.00026,0.00158
9.40125,0.49750,0.99868,0.00008,0.00008,0.00116
9.50125,0.49750,0.99788,0.00010,0.00012,0.00190
9.60125,0.49750,0.99720,0.00012,0.00016,0.00252
9.70125,0.49750,0.99666,0.00010,0.00019,0.00304
9.80125,0.49750,0.99436,0.00010,0.00037,0.00517
9.90125,0.49750,0.97957,0.00016,0.00181,0.01845
10.00125,0.49750,0.92864,0.00028,0.00599,0.06509
10.10125,0.49750,0.78277,0.00043,0.01050,0.20631
10.20125,0.49750,0.34342,0.00027,0.00453,0.65177
10.30125,0.49750,0.10886,0.00003,0.00248,0.88862
10.40125,0.49750,0.06140,0.00001,0.00855,0.93004
10.50125,0.49750,0.05172,0.00003,0.01204,0.93621
10.60125,0.49750,0.12536,0.00011,0.05112,0.82341
10.70125,0.49750,0.45186,0.00043,0.20590,0.34182
10.80125,0.49750,0.92947,0.00102,0.03147,0.03804
10.90125,0.49750,0.99260,0.00061,0.00097,0.00582
11.00125,0.49750,0.99797,0.00017,0.00025,0.00161
11.10125,0.49750,0.99844,0.00007,0.00008,0.00141
11.20125,0.49750,0.99822,0.00006,0.00008,0.00164
11.30125,0.49750,0.99732,0.00011,0.00014,0.00243
11.40125,0.49750,0.99703,0.00012,0.00015,0.00270
11.50125,0.49750,0.99721,0.00007,0.00010,0.00261
11.60125,0.49750,0.99678,0.00006,0.00013,0.00303
11.70125,0.49750,0.99146,0.00008,0.00048,0.00798
11.80125,0.49750,0.96595,0.00017,0.00264,0.03124
11.90125,0.49750,0.89144,0.00024,0.00521,0.10310
12.00125,0.49750,0.53473,0.00016,0.00215,0.46297
12.10125,0.49750,0.12925,0.00002,0.00045,0.87027
12.20125,0.49750,0.04983,0.00000,0.00125,0.94892
12.30125,0.49750,0.04212,0.00001,0.00151,0.95637
12.40125,0.49750,0.07142,0.00002,0.00736,0.92119
12.50125,0.49750,0.51433,0.00031,0.10763,0.37772
12.60125,0.49750,0.89391,0.00083,0.07963,0.02564
12.70125,0.49750,0.99455,0.00121,0.00191,0.00232
12.80125,0.49750,0.99863,0.00032,0.00036,0.00069
12.90125,0.49750,0.99931,0.00012,0.00010,0.00047
13.00125,0.49750,0.99874,0.00008,0.00009,0.00109
13.10125,0.49750,0.99765,0.00010,0.00014,0.00211
13.20125,0.49750,0.99592,0.00011,0.00026,0.00372
13.30125,0.49750,0.98861,0.00015,0.00105,0.01019
13.40125,0.49750,0.95657,0.00031,0.00557,0.03755
13.50125,0.49750,0.86985,0.00049,0.01053,0.11912
13.60125,0.49750,0.53292,0.00051,0.00673,0.45985
13.70125,0.49750,0.11815,0.00012,0.00136,0.88037
13.80125,0.49750,0.03277,0.00001,0.00271,0.96450
13.90125,0.49750,0.02266,0.00004,0.00313,0.97417
14.00125,0.49750,0.05169,0.00013,0.01338,0.93480
14.10125,0.49750,0.33582,0.00050,0.07561,0.58807
14.20125,0.49750,0.86537,0.00068,0.06283,0.07112
14.30125,0.49750,0.99489,0.00050,0.00082,0.00379
14.40125,0.49750,0.99896,0.00008,0.00011,0.00085
14.50125,0.49750,0.99923,0.00002,0.00003,0.00071
14.60125,0.49750,0.99885,0.00002,0.00003,0.00109
14.70125,0.49750,0.99804,0.00004,0.00006,0.00187
14.80125,0.49750,0.99729,0.00007,0.00010,0.00255
14.90125,0.49750,0.99656,0.00007,0.00014,0.00323
15.00125,0.49750,0.98958,0.00012,0.00074,0.00956
15.10125,0.49750,0.95944,0.00026,0.00428,0.03601
15.20125,0.49750,0.87694,0.00041,0.00910,0.11355
15.30125,0.49750,0.60661,0.00027,0.00728,0.38584
15.40125,0.49750,0.19207,0.00007,0.00180,0.80606
15.50125,0.49750,0.11924,0.00001,0.00122,0.87954
15.60125,0.49750,0.07759,0.00000,0.00327,0.91913
15.70125,0.49750,0.20580,0.00002,0.00981,0.78437
15.80125,0.49750,0.61585,0.00009,0.04038,0.34368
15.90125,0.49750,0.92066,0.00016,0.04225,0.03693
16.00125,0.49750,0.99290,0.00032,0.00252,0.00426
16.10125,0.49750,0.99866,0.00014,0.00016,0.00104
16.20125,0.49750,0.99875,0.00006,0.00007,0.00111
16.30125,0.49750,0.99853,0.00003,0.00004,0.00140
16.40125,0.49750,0.99759,0.00006,0.00007,0.00228
16.50125,0.49750,0.99713,0.00008,0.00010,0.00270
16.60125,0.49750,0.99717,0.00008,0.00011,0.00265
16.70125,0.49750,0.99675,0.00008,0.00013,0.00304
16.80125,0.49750,0.99085,0.00012,0.00058,0.00846
16.90125,0.49750,0.96343,0.00025,0.00333,0.03299
17.00125,0.49750,0.88872,0.00034,0.00597,0.10497
17.10125,0.49750,0.68244,0.00024,0.00414,0.31318
17.20125,0.49750,0.26994,0.00022,0.00200,0.72784
17.30125,0.49750,0.11303,0.00002,0.00146,0.88549
17.40125,0.49750,0.15046,0.00002,0.00533,0.84419
17.50125,0.49750,0.28830,0.00004,0.01336,0.69831
17.60125,0.49750,0.57497,0.00021,0.08540,0.33942
17.70125,0.49750,0.87363,0.00017,0.08253,0.04367
17.80125,0.49750,0.99240,0.00043,0.00354,0.00363
17.90125,0.49750,0.99795,0.00021,0.00036,0.00148
18.00125,0.49750,0.99871,0.00010,0.00011,0.00108
18.10125,0.49750,0.99884,0.00004,0.00004,0.00107
18.20125,0.49750,0.99850,0.00004,0.00005,0.00141
18.30125,0.49750,0.99767,0.00004,0.00008,0.00221
18.40125,0.49750,0.99473,0.00006,0.00024,0.00497
18.50125,0.49750,0.97900,0.00015,0.00175,0.01910
18.60125,0.49750,0.92725,0.00024,0.00417,0.06835
18.70125,0.49750,0.71083,0.00027,0.00381,0.28509
18.80125,0.49750,0.24053,0.00011,0.00107,0.75830
18.90125,0.49750,0.05391,0.00001,0.00038,0.94570
19.00125,0.49750,0.04896,0.00002,0.00050,0.95052
19.10125,0.49750,0.08143,0.00006,0.00127,0.91724
19.20125,0.49750,0.35265,0.00042,0.01053,0.63640
19.30125,0.49750,0.88500,0.00118,0.02956,0.08426
19.40125,0.49750,0.99328,0.00154,0.00211,0.00307
19.50125,0.49750,0.99878,0.00019,0.00024,0.00079
19.60125,0.49750,0.99929,0.00008,0.00010,0.00053
19.70125,0.49750,0.99919,0.00006,0.00006,0.00069
19.80125,0.49750,0.99855,0.00005,0.00006,0.00134
19.90125,0.49750,0.99735,0.00009,0.00011,0.00245
20.00125,0.49750,0.99632,0.00012,0.00020,0.00336
20.10125,0.49750,0.99111,0.00017,0.00075,0.00797
20.20125,0.49750,0.96387,0.00038,0.00548,0.03028
20.30125,0.49750,0.88440,0.00063,0.01564,0.09933
20.40125,0.49750,0.65045,0.00059,0.01105,0.33791
20.50125,0.49750,0.25835,0.00113,0.00258,0.73794
20.60125,0.49750,0.08379,0.00015,0.00064,0.91542
20.70125,0.49750,0.03067,0.00003,0.00127,0.96803
20.80125,0.49750,0.02626,0.00009,0.00226,0.97139
20.90125,0.49750,0.07314,0.00038,0.01888,0.90759
21.00125,0.49750,0.44936,0.00058,0.14915,0.40091
21.10125,0.49750,0.93926,0.00076,0.02476,0.03521
21.20125,0.49750,0.99645,0.00032,0.00051,0.00272
21.30125,0.49750,0.99921,0.00005,0.00009,0.00065
21.40125,0.49750,0.99944,0.00003,0.00004,0.00049
21.50125,0.49750,0.99902,0.00002,0.00003,0.00093
21.60125,0.49750,0.99822,0.00004,0.00006,0.00167
21.70125,0.49750,0.99617,0.00007,0.00017,0.00360
21.80125,0.49750,0.98557,0.00013,0.00108,0.01321
21.90125,0.49750,0.95007,0.00026,0.00474,0.04493
22.00125,0.49750,0.84827,0.00035,0.00629,0.14509
22.10125,0.49750,0.41289,0.00016,0.00130,0.58565
22.20125,0.49750,0.13750,0.00011,0.00045,0.86194
22.30125,0.49750,0.06611,0.00001,0.00043,0.93345
22.40125,0.49750,0.06062,0.00001,0.00106,0.93831
22.50125,0.49750,0.16674,0.00002,0.00402,0.82922
22.60125,0.49750,0.65267,0.00009,0.03373,0.31351
22.70125,0.49750,0.92876,0.00005,0.02035,0.05084
22.80125,0.49750,0.99582,0.00011,0.00065,0.00341
22.90125,0.49750,0.99880,0.00006,0.00010,0.00104
23.00125,0.49750,0.99895,0.00004,0.00006,0.00095
23.10125,0.49750,0.99870,0.00004,0.00008,0.00117
23.20125,0.49750,0.99837,0.00005,0.00009,0.00149
23.30125,0.49750,0.99734,0.00008,0.00014,0.00243
23.40125,0.49750,0.99716,0.00008,0.00012,0.00263
23.50125,0.49750,0.99715,0.00008,0.00012,0.00266
23.60125,0.49750,0.99677,0.00007,0.00014,0.00302
23.70125,0.49750,0.98853,0.00013,0.00087,0.01047
23.80125,0.49750,0.95609,0.00024,0.00360,0.04006
23.90125,0.49750,0.86238,0.00040,0.00574,0.13148
24.00125,0.49750,0.49219,0.00021,0.00231,0.50529
24.10125,0.49750,0.12751,0.00009,0.00059,0.87181
24.20125,0.49750,0.05980,0.00001,0.00081,0.93939
24.30125,0.49750,0.07577,0.00001,0.00153,0.92269
24.40125,0.49750,0.21012,0.00005,0.00511,0.78472
24.50125,0.49750,0.71601,0.00019,0.02079,0.26301
24.60125,0.49750,0.96407,0.00012,0.01271,0.02310
24.70125,0.49750,0.99807,0.00023,0.00023,0.00147
24.80125,0.49750,0.99927,0.00005,0.00005,0.00064
24.90125,0.49750,0.99933,0.00003,0.00003,0.00061
25.00125,0.49750,0.99911,0.00003,0.00003,0.00083
25.10125,0.49750,0.99845,0.00004,0.00005,0.00146
25.20125,0.49750,0.99730,0.00006,0.00010,0.00253
25.30125,0.49750,0.99423,0.00008,0.00032,0.00536
25.40125,0.49750,0.97660,0.00018,0.00225,0.02097
25.50125,0.49750,0.91944,0.00036,0.00810,0.07210
25.60125,0.49750,0.77684,0.00031,0.00943,0.21342
25.70125,0.49750,0.34430,0.00007,0.00217,0.65345
25.80125,0.49750,0.11742,0.00005,0.00036,0.88217
25.90125,0.49750,0.07448,0.00000,0.00075,0.92476
26.00125,0.49750,0.08527,0.00001,0.00105,0.91367
26.10125,0.49750,0.19570,0.00004,0.00467,0.79959
26.20125,0.49750,0.66096,0.00054,0.04139,0.29711
26.30125,0.49750,0.94120,0.00023,0.02849,0.03007
26.40125,0.49750,0.99668,0.00047,0.00063,0.00221
26.50125,0.49750,0.99864,0.00024,0.00025,0.00087
26.60125,0.49750,0.99929,0.00009,0.00006,0.00056
26.70125,0.49750,0.99930,0.00004,0.00004,0.00062
26.80125,0.49750,0.99880,0.00006,0.00006,0.00108
26.90125,0.49750,0.99748,0.00007,0.00011,0.00234
27.00125,0.49750,0.99342,0.00007,0.00036,0.00615
27.10125,0.49750,0.96970,0.00020,0.00298,0.02712
27.20125,0.49750,0.90261,0.00034,0.00934,0.08771
27.30125,0.49750,0.74393,0.00038,0.01389,0.24180
27.40125,0.49750,0.40229,0.00024,0.00688,0.59059
27.50125,0.49750,0.15964,0.00011,0.00140,0.83885
27.60125,0.49750,0.06703,0.00001,0.00108,0.93188
27.70125,0.49750,0.04478,0.00001,0.00223,0.95298
27.80125,0.49750,0.05391,0.00004,0.00762,0.93843
27.90125,0.49750,0.25456,0.00014,0.02559,0.71971
28.00125,0.49750,0.76148,0.00026,0.04884,0.18942
28.10125,0.49750,0.98603,0.00056,0.00165,0.01177
28.20125,0.49750,0.99745,0.00008,0.00015,0.00231
28.30125,0.49750,0.99901,0.00002,0.00003,0.00093
28.40125,0.49750,0.99899,0.00002,0.00003,0.00096
28.50125,0.49750,0.99856,0.00003,0.00004,0.00137
28.60125,0.49750,0.99806,0.00005,0.00006,0.00183
28.70125,0.49750,0.99756,0.00007,0.00008,0.00228
28.80125,0.49750,0.99701,0.00010,0.00012,0.00277
28.90125,0.49750,0.99529,0.00009,0.00023,0.00440
29.00125,0.49750,0.98065,0.00023,0.00192,0.01721
29.10125,0.49750,0.93255,0.00045,0.00940,0.05760
29.20125,0.49750,0.81316,0.00050,0.01650,0.16984
29.30125,0.49750,0.49043,0.00022,0.00904,0.50031
29.40125,0.49750,0.23765,0.00005,0.00148,0.76082
29.50125,0.49750,0.11103,0.00002,0.00022,0.88873
29.60125,0.49750,0.09589,0.00002,0.00054,0.90355
29.70125,0.49750,0.14633,0.00003,0.00092,0.85272
29.80125,0.49750,0.52252,0.00039,0.00737,0.46972
29.90125,0.49750,0.90705,0.00080,0.01169,0.08046
30.00125,0.49750,0.99252,0.00064,0.00308,0.00376
30.10125,0.49750,0.99881,0.00022,0.00021,0.00076
30.20125,0.49750,0.99941,0.00012,0.00008,0.00039
30.30125,0.49750,0.99950,0.00005,0.00004,0.00042
30.40125,0.49750,0.99908,0.00007,0.00005,0.00080
30.50125,0.49750,0.99838,0.00007,0.00007,0.00149
30.60125,0.49750,0.99766,0.00008,0.00009,0.00216
30.70125,0.49750,0.99649,0.00009,0.00018,0.00324
30.80125,0.49750,0.98697,0.00019,0.00115,0.01169
30.90125,0.49750,0.95160,0.00038,0.00443,0.04359
31.00125,0.49750,0.85343,0.00039,0.00700,0.13917
31.10125,0.49750,0.52139,0.00045,0.00672,0.47144
31.20125,0.49750,0.17905,0.00012,0.00203,0.81880
31.30125,0.49750,0.08076,0.00001,0.00122,0.91801
31.40125,0.49750,0.16409,0.00002,0.00202,0.83388
31.50125,0.49750,0.40954,0.00005,0.00398,0.58643
31.60125,0.49750,0.85591,0.00013,0.00861,0.13535
31.70125,0.49750,0.98219,0.00022,0.00708,0.01051
31.80125,0.49750,0.99891,0.00033,0.00027,0.00050
31.90125,0.49750,0.99932,0.00022,0.00012,0.00035
32.00125,0.49750,0.99949,0.00010,0.00007,0.00034
32.10125,0.49750,0.99940,0.00004,0.00004,0.00052
32.20125,0.49750,0.99896,0.00004,0.00004,0.00096
32.30125,0.49750,0.99820,0.00004,0.00006,0.00170
32.40125,0.49750,0.99712,0.00006,0.00010,0.00272
32.50125,0.49750,0.99324,0.00008,0.00037,0.00630
32.60125,0.49750,0.97237,0.00018,0.00234,0.02511
32.70125,0.49750,0.90590,0.00036,0.00947,0.08427
32.80125,0.49750,0.74838,0.00040,0.01554,0.23568
32.90125,0.49750,0.40434,0.00022,0.00767,0.58777
33.00125,0.49750,0.17829,0.00010,0.00217,0.81943
33.10125,0.49750,0.08135,0.00001,0.00087,0.91778
33.20125,0.49750,0.06752,0.00001,0.00234,0.93013
33.30125,0.49750,0.17723,0.00011,0.01086,0.81180
33.40125,0.49750,0.56019,0.00048,0.03517,0.40416
33.50125,0.49750,0.91845,0.00045,0.02371,0.05739
33.60125,0.49750,0.99437,0.00056,0.00156,0.00351
33.70125,0.49750,0.99874,0.00014,0.00012,0.00100
33.80125,0.49750,0.99895,0.00004,0.00004,0.00096
33.90125,0.49750,0.99893,0.00002,0.00003,0.00101
34.00125,0.49750,0.99827,0.00004,0.00005,0.00164
34.10125,0.49750,0.99766,0.00007,0.00008,0.00219
34.20125,0.49750,0.99727,0.00012,0.00013,0.00248
34.30125,0.49750,0.99651,0.00023,0.00024,0.00302
34.40125,0.49750,0.99601,0.00028,0.00031,0.00340
34.50125,0.49750,0.99538,0.00026,0.00041,0.00395
34.60125,0.49750,0.99484,0.00023,0.00047,0.00446
34.70125,0.49750,0.99458,0.00014,0.00042,0.00487
34.80125,0.49750,0.99365,0.00010,0.00042,0.00583
34.90125,0.49750,0.98807,0.00015,0.00103,0.01075
35.00125,0.49750,0.98806,0.00015,0.00112,0.01068
35.10125,0.49750,0.98825,0.00015,0.00119,0.01041
35.20125,0.49750,0.99037,0.00015,0.00090,0.00858
35.30125,0.49750,0.99377,0.00018,0.00061,0.00543
35.40125,0.49750,0.99719,0.00019,0.00029,0.00234
35.50125,0.49750,0.99747,0.00033,0.00028,0.00192
35.60125,0.49750,0.99753,0.00039,0.00025,0.00184
35.70125,0.49750,0.99746,0.00037,0.00025,0.00192
35.80125,0.49750,0.99630,0.00024,0.00035,0.00311
35.90125,0.49750,0.98851,0.00020,0.00101,0.01028
36.00125,0.49750,0.95219,0.00029,0.00304,0.04448
36.10125,0.49750,0.83900,0.00056,0.00683,0.15361
36.20125,0.49750,0.50982,0.00114,0.01003,0.47901
36.30125,0.49750,0.16469,0.00025,0.00368,0.83138
36.40125,0.49750,0.04380,0.00002,0.00642,0.94976
36.50125,0.49750,0.04247,0.00005,0.01175,0.94573
36.60125,0.49750,0.12391,0.00023,0.04698,0.82888
36.70125,0.49750,0.52402,0.00054,0.11506,0.36039
36.80125,0.49750,0.90326,0.00096,0.06635,0.02943
36.90125,0.49750,0.99674,0.00086,0.00111,0.00129
37.00125,0.49750,0.99905,0.00021,0.00028,0.00045
37.10125,0.49750,0.99937,0.00007,0.00010,0.00047
37.20125,0.49750,0.99893,0.00004,0.00008,0.00096
37.30125,0.49750,0.99746,0.00006,0.00013,0.00234
37.40125,0.49750,0.99619,0.00010,0.00019,0.00352
37.50125,0.49750,0.99098,0.00016,0.00055,0.00831
37.60125,0.49750,0.96369,0.00038,0.00298,0.03295
37.70125,0.49750,0.88963,0.00046,0.00353,0.10639
37.80125,0.49750,0.57445,0.00023,0.00119,0.42413
37.90125,0.49750,0.13307,0.00011,0.00044,0.86638
38.00125,0.49750,0.03903,0.00001,0.00045,0.96051
38.10125,0.49750,0.05342,0.00001,0.00059,0.94598
38.20125,0.49750,0.08918,0.00003,0.00214,0.90865
38.30125,0.49750,0.26569,0.00028,0.05105,0.68297
38.40125,0.49750,0.82058,0.00060,0.09400,0.08482
38.50125,0.49750,0.99405,0.00043,0.00209,0.00342
38.60125,0.49750,0.99695,0.00035,0.00099,0.00170
38.70125,0.49750,0.99847,0.00028,0.00044,0.00081
38.80125,0.49750,0.99924,0.00011,0.00011,0.00053
38.90125,0.49750,0.99851,0.00012,0.00013,0.00125
39.00125,0.49750,0.99691,0.00021,0.00025,0.00263
39.10125,0.49750,0.99609,0.00013,0.00027,0.00352
39.20125,0.49750,0.98886,0.00021,0.00111,0.00981
39.30125,0.49750,0.95265,0.00046,0.00617,0.04072
39.40125,0.49750,0.85278,0.00066,0.00978,0.13678
39.50125,0.49750,0.50090,0.00025,0.00446,0.49439
39.60125,0.49750,0.17201,0.00007,0.00109,0.82683
39.70125,0.49750,0.07580,0.00001,0.00055,0.92364
39.80125,0.49750,0.09935,0.00001,0.00089,0.89975
39.90125,0.49750,0.23256,0.00003,0.00215,0.76527
40.00125,0.49750,0.69320,0.00014,0.00829,0.29837
40.10125,0.49750,0.95074,0.00017,0.00757,0.04152
40.20125,0.49750,0.99685,0.00018,0.00037,0.00260
40.30125,0.49750,0.99874,0.00006,0.00008,0.00112
40.40125,0.49750,0.99904,0.00003,0.00004,0.00089
40.50125,0.49750,0.99898,0.00002,0.00003,0.00096
40.60125,0.49750,0.99859,0.00003,0.00004,0.00134
40.70125,0.49750,0.99789,0.00004,0.00007,0.00200
40.80125,0.49750,0.99724,0.00005,0.00009,0.00262
40.90125,0.49750,0.99684,0.00005,0.00011,0.00300
41.00125,0.49750,0.99337,0.00007,0.00033,0.00623
41.10125,0.49750,0.97332,0.00017,0.00261,0.02390
41.20125,0.49750,0.91138,0.00033,0.00913,0.07915
41.30125,0.49750,0.74408,0.00028,0.00724,0.24840
41.40125,0.49750,0.30271,0.00021,0.00247,0.69461
41.50125,0.49750,0.10576,0.00006,0.00027,0.89391
41.60125,0.49750,0.07733,0.00001,0.00102,0.92164
41.70125,0.49750,0.15674,0.00007,0.00225,0.84095
41.80125,0.49750,0.47131,0.00150,0.04082,0.48637
41.90125,0.49750,0.88407,0.00115,0.05227,0.06250
42.00125,0.49750,0.97624,0.00064,0.01925,0.00387
42.10125,0.49750,0.99744,0.00109,0.00070,0.00077
42.20125,0.49750,0.99881,0.00024,0.00020,0.00074
42.30125,0.49750,0.99885,0.00008,0.00007,0.00101
42.40125,0.49750,0.99784,0.00013,0.00012,0.00191
42.50125,0.49750,0.99686,0.00020,0.00019,0.00276
42.60125,0.49750,0.99619,0.00020,0.00026,0.00335
42.70125,0.49750,0.99114,0.00023,0.00083,0.00780
42.80125,0.49750,0.96581,0.00040,0.00518,0.02861
42.90125,0.49750,0.89639,0.00054,0.01387,0.08921
43.00125,0.49750,0.71298,0.00041,0.01221,0.27439
43.10125,0.49750,0.22163,0.00008,0.00088,0.77741
43.20125,0.49750,0.07358,0.00003,0.00013,0.92627
43.30125,0.49750,0.05650,0.00001,0.00040,0.94309
43.40125,0.49750,0.04933,0.00002,0.00058,0.95006
43.50125,0.49750,0.13899,0.00015,0.00377,0.85709
43.60125,0.49750,0.73108,0.00121,0.05743,0.21028
43.70125,0.49750,0.97336,0.00082,0.01573,0.01010
43.80125,0.49750,0.99687,0.00087,0.00062,0.00164
43.90125,0.49750,0.99931,0.00016,0.00010,0.00043
44.00125,0.49750,0.99957,0.00005,0.00004,0.00034
44.10125,0.49750,0.99923,0.00005,0.00004,0.00069
44.20125,0.49750,0.99841,0.00005,0.00006,0.00148
44.30125,0.49750,0.99706,0.00006,0.00012,0.00276
44.40125,0.49750,0.99111,0.00009,0.00053,0.00827
44.50125,0.49750,0.96116,0.00024,0.00384,0.03476
44.60125,0.49750,0.88216,0.00032,0.00779,0.10974
44.70125,0.49750,0.65901,0.00019,0.00477,0.33602
44.80125,0.49750,0.20484,0.00009,0.00094,0.79412
44.90125,0.49750,0.08560,0.00001,0.00215,0.91224
45.00125,0.49750,0.05632,0.00001,0.00197,0.94170
45.10125,0.49750,0.08162,0.00004,0.00975,0.90858
45.20125,0.49750,0.30996,0.00110,0.15061,0.53833
45.30125,0.49750,0.60429,0.00274,0.35731,0.03566
45.40125,0.49750,0.97408,0.01367,0.00960,0.00266
45.50125,0.49750,0.99702,0.00134,0.00121,0.00043
45.60125,0.49750,0.99932,0.00028,0.00016,0.00024
45.70125,0.49750,0.99954,0.00007,0.00006,0.00033
45.80125,0.49750,0.99900,0.00004,0.00004,0.00093
45.90125,0.49750,0.99805,0.00004,0.00006,0.00185
46.00125,0.49750,0.99626,0.00007,0.00016,0.00351
46.10125,0.49750,0.98770,0.00012,0.00093,0.01124
46.20125,0.49750,0.95053,0.00027,0.00606,0.04314
46.30125,0.49750,0.84837,0.00044,0.01459,0.13659
46.40125,0.49750,0.58922,0.00039,0.01152,0.39887
46.50125,0.49750,0.24060,0.00033,0.00296,0.75610
46.60125,0.49750,0.07462,0.00002,0.00043,0.92493
46.70125,0.49750,0.06321,0.00003,0.00086,0.93590
46.80125,0.49750,0.11628,0.00009,0.00191,0.88172
46.90125,0.49750,0.32151,0.00050,0.01331,0.66467
47.00125,0.49750,0.79600,0.00061,0.03170,0.17170
47.10125,0.49750,0.98305,0.00084,0.00549,0.01062
47.20125,0.49750,0.99716,0.00020,0.00034,0.00229
47.30125,0.49750,0.99862,0.00008,0.00011,0.00119
47.40125,0.49750,0.99901,0.00004,0.00005,0.00090
47.50125,0.49750,0.99882,0.00004,0.00005,0.00110
47.60125,0.49750,0.99821,0.00006,0.00007,0.00165
47.70125,0.49750,0.99729,0.00009,0.00013,0.00248
47.80125,0.49750,0.99350,0.00010,0.00041,0.00598
47.90125,0.49750,0.97180,0.00024,0.00304,0.02492
48.00125,0.49750,0.90698,0.00039,0.00934,0.08329
48.10125,0.49750,0.72916,0.00048,0.00917,0.26119
48.20125,0.49750,0.32884,0.00097,0.00537,0.66482
48.30125,0.49750,0.07294,0.00004,0.00174,0.92529
48.40125,0.49750,0.03624,0.00003,0.00333,0.96040
48.50125,0.49750,0.07875,0.00017,0.00950,0.91157
48.60125,0.49750,0.21916,0.00077,0.05476,0.72531
48.70125,0.49750,0.70910,0.00072,0.09909,0.19109
48.80125,0.49750,0.98014,0.00175,0.00769,0.01042
48.90125,0.49750,0.99807,0.00030,0.00033,0.00130
49.00125,0.49750,0.99897,0.00007,0.00007,0.00089
49.10125,0.49750,0.99911,0.00003,0.00003,0.00084
49.20125,0.49750,0.99873,0.00003,0.00003,0.00120
49.30125,0.49750,0.99814,0.00004,0.00005,0.00177
49.40125,0.49750,0.99715,0.00005,0.00010,0.00270
49.50125,0.49750,0.99380,0.00008,0.00032,0.00580
49.60125,0.49750,0.97438,0.00022,0.00326,0.02214
49.70125,0.49750,0.90970,0.00052,0.01971,0.07008
49.80125,0.49750,0.75667,0.00084,0.03609,0.20640
49.90125,0.49750,0.40024,0.00081,0.02056,0.57839
50.00125,0.49750,0.17061,0.00062,0.00457,0.82420
50.10125,0.49750,0.06627,0.00003,0.00139,0.93231
50.20125,0.49750,0.06940,0.00005,0.00213,0.92841
50.30125,0.49750,0.18581,0.00028,0.00927,0.80464
50.40125,0.49750,0.64020,0.00081,0.02994,0.32905
50.50125,0.49750,0.94894,0.00053,0.02449,0.02604
50.60125,0.49750,0.99639,0.00115,0.00115,0.00131
50.70125,0.49750,0.99917,0.00019,0.00016,0.00049
50.80125,0.49750,0.99941,0.00005,0.00005,0.00049
50.90125,0.49750,0.99929,0.00004,0.00004,0.00063
51.00125,0.49750,0.99846,0.00004,0.00005,0.00144
51.10125,0.49750,0.99765,0.00006,0.00008,0.00221
51.20125,0.49750,0.99714,0.00009,0.00011,0.00266
51.30125,0.49750,0.99720,0.00008,0.00011,0.00261
51.40125,0.49750,0.99669,0.00008,0.00014,0.00310
51.50125,0.49750,0.99066,0.00011,0.00061,0.00862
51.60125,0.49750,0.96521,0.00028,0.00449,0.03002
51.70125,0.49750,0.89566,0.00035,0.00780,0.09620
51.80125,0.49750,0.68648,0.00032,0.00657,0.30664
51.90125,0.49750,0.48014,0.00160,0.01113,0.50713
52.00125,0.49750,0.19828,0.00038,0.00294,0.79840
52.10125,0.49750,0.08889,0.00010,0.00892,0.90209
52.20125,0.49750,0.11613,0.00068,0.03887,0.84432
52.30125,0.49750,0.31653,0.00457,0.20321,0.47568
52.40125,0.49750,0.66924,0.00247,0.19636,0.13193
52.50125,0.49750,0.95161,0.00296,0.03866,0.00676
52.60125,0.49750,0.99684,0.00164,0.00079,0.00073
52.70125,0.49750,0.99930,0.00023,0.00012,0.00035
52.80125,0.49750,0.99945,0.00009,0.00006,0.00041
52.90125,0.49750,0.99901,0.00004,0.00004,0.00090
53.00125,0.49750,0.99833,0.00004,0.00005,0.00159
53.10125,0.49750,0.99781,0.00005,0.00006,0.00207
53.20125,0.49750,0.99753,0.00007,0.00008,0.00232
53.30125,0.49750,0.99739,0.00008,0.00009,0.00244
53.40125,0.49750,0.99718,0.00009,0.00011,0.00262
53.50125,0.49750,0.99559,0.00010,0.00022,0.00409
53.60125,0.49750,0.98346,0.00023,0.00158,0.01474
53.70125,0.49750,0.94422,0.00045,0.00729,0.04805
53.80125,0.49750,0.83212,0.00044,0.00917,0.15827
53.90125,0.49750,0.45800,0.00023,0.00451,0.53725
54.00125,0.49750,0.19520,0.00030,0.00190,0.80260
54.10125,0.49750,0.06778,0.00002,0.00025,0.93194
54.20125,0.49750,0.04849,0.00002,0.00041,0.95108
54.30125,0.49750,0.10087,0.00005,0.00121,0.89786
54.40125,0.49750,0.41926,0.00049,0.01123,0.56902
54.50125,0.49750,0.91225,0.00064,0.02002,0.06709
54.60125,0.49750,0.99183,0.00108,0.00355,0.00355
54.70125,0.49750,0.99858,0.00030,0.00038,0.00074
54.80125,0.49750,0.99938,0.00013,0.00011,0.00037
54.90125,0.49750,0.99944,0.00006,0.00006,0.00045
55.00125,0.49750,0.99880,0.00005,0.00005,0.00111
55.10125,0.49750,0.99832,0.00006,0.00007,0.00154
55.20125,0.49750,0.99725,0.00009,0.00013,0.00252
55.30125,0.49750,0.99282,0.00015,0.00051,0.00652
55.40125,0.49750,0.97175,0.00035,0.00401,0.02390
55.50125,0.49750,0.90769,0.00050,0.01223,0.07959
55.60125,0.49750,0.74878,0.00039,0.01277,0.23806
55.70125,0.49750,0.31075,0.00016,0.00420,0.68489
55.80125,0.49750,0.11134,0.00007,0.00066,0.88793
55.90125,0.49750,0.04818,0.00001,0.00052,0.95129
56.00125,0.49750,0.09979,0.00009,0.00113,0.89899
56.10125,0.49750,0.30275,0.00043,0.00359,0.69323
56.20125,0.49750,0.79815,0.00112,0.00921,0.19151
56.30125,0.49750,0.97000,0.00122,0.01178,0.01701
56.40125,0.49750,0.99678,0.00151,0.00064,0.00107
56.50125,0.49750,0.99867,0.00027,0.00019,0.00086
56.60125,0.49750,0.99885,0.00017,0.00013,0.00084
56.70125,0.49750,0.99869,0.00015,0.00014,0.00102
56.80125,0.49750,0.99803,0.00010,0.00011,0.00177
56.90125,0.49750,0.99750,0.00008,0.00010,0.00232
57.00125,0.49750,0.99704,0.00011,0.00013,0.00272
57.10125,0.49750,0.99702,0.00014,0.00014,0.00269
57.20125,0.49750,0.99682,0.00019,0.00017,0.00282
57.30125,0.49750,0.99671,0.00022,0.00020,0.00287
57.40125,0.49750,0.99676,0.00018,0.00019,0.00287
57.50125,0.49750,0.99678,0.00015,0.00017,0.00290
57.60125,0.49750,0.99691,0.00011,0.00015,0.00284
57.70125,0.49750,0.99704,0.00007,0.00011,0.00278
57.80125,0.49750,0.99707,0.00006,0.00010,0.00277
57.90125,0.49750,0.99699,0.00006,0.00011,0.00284
58.00125,0.49750,0.99686,0.00006,0.00011,0.00297
58.10125,0.49750,0.99664,0.00007,0.00013,0.00316
58.20125,0.49750,0.99663,0.00008,0.00014,0.00314
58.30125,0.49750,0.99656,0.00009,0.00018,0.00317
58.40125,0.49750,0.99546,0.00008,0.00028,0.00417
58.50125,0.49750,0.98540,0.00015,0.00139,0.01306
58.60125,0.49750,0.94799,0.00031,0.00520,0.04649
58.70125,0.49750,0.83521,0.00036,0.00765,0.15678
58.80125,0.49750,0.38599,0.00017,0.00210,0.61174
58.90125,0.49750,0.11762,0.00009,0.00143,0.88086
59.00125,0.49750,0.04741,0.00002,0.00122,0.95135
59.10125,0.49750,0.04439,0.00008,0.00160,0.95392
59.20125,0.49750,0.12155,0.00053,0.00913,0.86878
59.30125,0.49750,0.65646,0.00338,0.07448,0.26568
59.40125,0.49750,0.94968,0.00173,0.01721,0.03139
59.50125,0.49750,0.99691,0.00084,0.00063,0.00161
59.60125,0.49750,0.99948,0.00008,0.00008,0.00036
59.70125,0.49750,0.99964,0.00003,0.00002,0.00031
59.80125,0.49750,0.99934,0.00002,0.00003,0.00061
59.90125,0.49750,0.99880,0.00003,0.00004,0.00113
60.00125,0.49750,0.99797,0.00005,0.00007,0.00191
60.10125,0.49750,0.99715,0.00007,0.00011,0.00268
60.20125,0.49750,0.99653,0.00009,0.00017,0.00322
60.30125,0.49750,0.99288,0.00009,0.00048,0.00654
60.40125,0.49750,0.97114,0.00022,0.00325,0.02539
60.50125,0.49750,0.91114,0.00037,0.00890,0.07958
60.60125,0.49750,0.73089,0.00032,0.00828,0.26051
60.70125,0.49750,0.26831,0.00010,0.00087,0.73072
60.80125,0.49750,0.07450,0.00003,0.00041,0.92506
60.90125,0.49750,0.04847,0.00002,0.00087,0.95065
61.00125,0.49750,0.04078,0.00004,0.00165,0.95753
61.10125,0.49750,0.11896,0.00035,0.01491,0.86578
61.20125,0.49750,0.56228,0.00330,0.27821,0.15621
61.30125,0.49750,0.95218,0.00357,0.03555,0.00870
61.40125,0.49750,0.99526,0.00168,0.00203,0.00104
61.50125,0.49750,0.99922,0.00031,0.00022,0.00024
61.60125,0.49750,0.99960,0.00011,0.00007,0.00022
61.70125,0.49750,0.99933,0.00005,0.00004,0.00057
61.80125,0.49750,0.99851,0.00004,0.00005,0.00140
61.90125,0.49750,0.99757,0.00005,0.00008,0.00231
62.00125,0.49750,0.99619,0.00006,0.00016,0.00359
62.10125,0.49750,0.98818,0.00012,0.00086,0.01084
62.20125,0.49750,0.95461,0.00029,0.00536,0.03974
62.30125,0.49750,0.86260,0.00052,0.01526,0.12163
62.40125,0.49750,0.63943,0.00052,0.01675,0.34330
62.50125,0.49750,0.21717,0.00021,0.00189,0.78073
62.60125,0.49750,0.09913,0.00010,0.00027,0.90049
62.70125,0.49750,0.08338,0.00002,0.00113,0.91547
62.80125,0.49750,0.25653,0.00006,0.00184,0.74157
62.90125,0.49750,0.56492,0.00011,0.00297,0.43200
63.00125,0.49750,0.91445,0.00013,0.00876,0.07666
63.10125,0.49750,0.98644,0.00010,0.00568,0.00778
63.20125,0.49750,0.99829,0.00014,0.00015,0.00142
63.30125,0.49750,0.99853,0.00008,0.00009,0.00129
63.40125,0.49750,0.99857,0.00007,0.00009,0.00127
63.50125,0.49750,0.99862,0.00009,0.00009,0.00119
63.60125,0.49750,0.99832,0.00007,0.00008,0.00153
63.70125,0.49751,0.99748,0.00011,0.00014,0.00227
63.80125,0.49750,0.99689,0.00015,0.00017,0.00278
63.90125,0.49750,0.99703,0.00014,0.00015,0.00268
64.00125,0.49750,0.99702,0.00010,0.00014,0.00273
64.10125,0.49750,0.99671,0.00009,0.00017,0.00303
64.20125,0.49751,0.99554,0.00009,0.00027,0.00410
64.30125,0.49751,0.98434,0.00016,0.00149,0.01400
64.40125,0.49750,0.94136,0.00037,0.00865,0.04961
64.50125,0.49750,0.83365,0.00059,0.02002,0.14574
64.60125,0.49750,0.58484,0.00055,0.02147,0.39313
64.70125,0.49751,0.21345,0.00009,0.00326,0.78320
64.80125,0.49751,0.13528,0.00005,0.00021,0.86446
64.90125,0.49750,0.07749,0.00001,0.00039,0.92211
65.00125,0.49750,0.06352,0.00003,0.00048,0.93597
65.10125,0.49750,0.14021,0.00018,0.00363,0.85599
65.20125,0.49751,0.67963,0.00245,0.02478,0.29315
65.30125,0.49751,0.92838,0.00123,0.04329,0.02710
65.40125,0.49750,0.99406,0.00133,0.00157,0.00304
65.50125,0.49750,0.99881,0.00026,0.00033,0.00059
65.60125,0.49750,0.99951,0.00007,0.00006,0.00037
65.70125,0.49751,0.99919,0.00006,0.00005,0.00071
65.80125,0.49751,0.99864,0.00007,0.00006,0.00124
65.90125,0.49750,0.99818,0.00006,0.00006,0.00169
66.00125,0.49750,0.99730,0.00005,0.00009,0.00255
66.10125,0.49750,0.99202,0.00008,0.00047,0.00743
66.20125,0.49751,0.96727,0.00022,0.00399,0.02853
66.30125,0.49751,0.88722,0.00053,0.02394,0.08831
66.40125,0.49750,0.69607,0.00064,0.05288,0.25041
66.50125,0.49750,0.37005,0.00030,0.03525,0.59441
66.60125,0.49750,0.18975,0.00036,0.00962,0.80027
66.70125,0.49751,0.10157,0.00004,0.00050,0.89790
66.80125,0.49751,0.06669,0.00002,0.00111,0.93219
66.90125,0.49750,0.16110,0.00007,0.00195,0.83688
67.00125,0.49750,0.48612,0.00041,0.00538,0.50809
67.10125,0.49750,0.87353,0.00029,0.00534,0.12084
67.20125,0.49751,0.98675,0.00062,0.00521,0.00742
67.30125,0.49751,0.99798,0.00045,0.00027,0.00130
67.40125,0.49750,0.99883,0.00013,0.00010,0.00094
67.50125,0.49750,0.99910,0.00009,0.00006,0.00074
67.60125,0.49750,0.99877,0.00020,0.00013,0.00091
67.70125,0.49751,0.99787,0.00024,0.00019,0.00169
67.80125,0.49751,0.99691,0.00027,0.00029,0.00254
67.90125,0.49750,0.99456,0.00040,0.00065,0.00440
68.00125,0.49750,0.99278,0.00026,0.00085,0.00611
68.10125,0.49750,0.99203,0.00013,0.00081,0.00703
68.20125,0.49751,0.99308,0.00011,0.00091,0.00590
68.30125,0.49751,0.99490,0.00009,0.00070,0.00432
68.40125,0.49750,0.99588,0.00007,0.00053,0.00352
68.50125,0.49750,0.99695,0.00005,0.00029,0.00270
68.60125,0.49750,0.99711,0.00004,0.00022,0.00263
68.70125,0.49751,0.99657,0.00004,0.00018,0.00320
68.80125,0.49751,0.99584,0.00006,0.00024,0.00385
68.90125,0.49750,0.99625,0.00011,0.00023,0.00342
69.00125,0.49750,0.99694,0.00015,0.00020,0.00271
69.10125,0.49750,0.99716,0.00018,0.00017,0.00249
69.20125,0.49751,0.99710,0.00017,0.00015,0.00257
69.30125,0.49751,0.99703,0.00013,0.00013,0.00271
69.40125,0.49750,0.99704,0.00008,0.00011,0.00277
69.50125,0.49750,0.99551,0.00007,0.00018,0.00424
69.60125,0.49750,0.98603,0.00010,0.00081,0.01306
69.70125,0.49751,0.94929,0.00024,0.00357,0.04690
69.80125,0.49751,0.84179,0.00050,0.00944,0.14828
69.90125,0.49750,0.45516,0.00027,0.00608,0.53849
70.00125,0.49750,0.13636,0.00009,0.00375,0.85980
70.10125,0.49750,0.04874,0.00002,0.00162,0.94963
70.20125,0.49751,0.05132,0.00003,0.00204,0.94661
70.30125,0.49751,0.12797,0.00010,0.00682,0.86510
70.40125,0.49750,0.69473,0.00165,0.05397,0.24965
70.50125,0.49750,0.95076,0.00349,0.02803,0.01771
70.60125,0.49750,0.99530,0.00193,0.00192,0.00085
70.70125,0.49751,0.99898,0.00048,0.00031,0.00023
70.80125,0.49751,0.99942,0.00023,0.00013,0.00022
70.90125,0.49750,0.99918,0.00010,0.00009,0.00063
71.00125,0.49750,0.99834,0.00006,0.00008,0.00151
71.10125,0.49750,0.99724,0.00008,0.00013,0.00255
71.20125,0.49751,0.99520,0.00011,0.00032,0.00437
71.30125,0.49751,0.98411,0.00016,0.00144,0.01430
71.40125,0.49750,0.94096,0.00036,0.00813,0.05054
71.50125,0.49750,0.82369,0.00058,0.02057,0.15515
71.60125,0.49750,0.55189,0.00048,0.02339,0.42424
71.70125,0.49751,0.20525,0.00018,0.00365,0.79092
71.80125,0.49751,0.09546,0.00004,0.00110,0.90340
71.90125,0.49750,0.08119,0.00002,0.00342,0.91537
72.00125,0.49750,0.05985,0.00005,0.00431,0.93579
72.10125,0.49750,0.17594,0.00033,0.02096,0.80277
72.20125,0.49751,0.66007,0.00155,0.11053,0.22785
72.30125,0.49751,0.96093,0.00194,0.02031,0.01683
72.40125,0.49750,0.99428,0.00161,0.00109,0.00302
72.50125,0.49750,0.99899,0.00029,0.00018,0.00055
72.60125,0.49750,0.99939,0.00009,0.00006,0.00046
72.70125,0.49751,0.99916,0.00006,0.00005,0.00074
72.80125,0.49751,0.99859,0.00005,0.00006,0.00130
72.90125,0.49750,0.99797,0.00005,0.00006,0.00192
73.00125,0.49750,0.99733,0.00005,0.00008,0.00254
73.10125,0.49750,0.99678,0.00006,0.00013,0.00303
73.20125,0.49751,0.99277,0.00008,0.00039,0.00676
73.30125,0.49751,0.96997,0.00022,0.00326,0.02655
73.40125,0.49750,0.89881,0.00043,0.01334,0.08742
73.50125,0.49750,0.73160,0.00047,0.02174,0.24619
73.60125,0.49750,0.35324,0.00019,0.00961,0.63695
73.70125,0.49751,0.14850,0.00004,0.00122,0.85023
73.80125,0.49751,0.08301,0.00001,0.00100,0.91597
73.90125,0.49750,0.07009,0.00003,0.00074,0.92914
74.00125,0.49750,0.12941,0.00013,0.00301,0.86745
74.10125,0.49750,0.56191,0.00075,0.00990,0.42743
74.20125,0.49751,0.93179,0.00134,0.01410,0.05277
74.30125,0.49751,0.99338,0.00133,0.00102,0.00428
74.40125,0.49750,0.99880,0.00013,0.00017,0.00091
74.50125,0.49750,0.99934,0.00004,0.00004,0.00057
74.60125,0.49750,0.99915,0.00004,0.00004,0.00078
74.70125,0.49751,0.99848,0.00004,0.00005,0.00143
74.80125,0.49751,0.99810,0.00004,0.00005,0.00181
74.90125,0.49750,0.99749,0.00006,0.00008,0.00237
75.00125,0.49750,0.99735,0.00006,0.00009,0.00250
75.10125,0.49750,0.99592,0.00007,0.00017,0.00385
75.20125,0.49751,0.98415,0.00018,0.00141,0.01426
75.30125,0.49751,0.94031,0.00040,0.00845,0.05084
75.40125,0.49750,0.82722,0.00051,0.01564,0.15663
75.50125,0.49750,0.52892,0.00030,0.01028,0.46050
75.60125,0.49750,0.18067,0.00010,0.00097,0.81826
75.70125,0.49751,0.07738,0.00001,0.00033,0.92229
75.80125,0.49751,0.05803,0.00002,0.00036,0.94159
75.90125,0.49750,0.10333,0.00005,0.00105,0.89558
76.00125,0.49750,0.39176,0.00051,0.00729,0.60044
76.10125,0.49750,0.89436,0.00114,0.02765,0.07685
76.20125,0.49751,0.98784,0.00497,0.00414,0.00305
76.30125,0.49751,0.99781,0.00104,0.00064,0.00051
76.40125,0.49750,0.99908,0.00038,0.00019,0.00034
76.50125,0.49750,0.99933,0.00018,0.00012,0.00037
76.60125,0.49750,0.99901,0.00012,0.00010,0.00077
76.70125,0.49751,0.99833,0.00006,0.00007,0.00154
76.80125,0.49751,0.99741,0.00006,0.00009,0.00245
76.90125,0.49750,0.99719,0.00007,0.00010,0.00264
77.00125,0.49750,0.99571,0.00008,0.00020,0.00401
77.10125,0.49750,0.98414,0.00016,0.00153,0.01417
77.20125,0.49751,0.93745,0.00038,0.01062,0.05155
77.30125,0.49751,0.81158,0.00057,0.03083,0.15701
77.40125,0.49750,0.53419,0.00018,0.01966,0.44597
77.50125,0.49750,0.24458,0.00005,0.00442,0.75095
77.60125,0.49750,0.11182,0.00002,0.00013,0.88803
77.70125,0.49751,0.07602,0.00001,0.00018,0.92380
77.80125,0.49751,0.05307,0.00001,0.00029,0.94663
77.90125,0.49750,0.13624,0.00027,0.00300,0.86049
78.00125,0.49750,0.62728,0.00134,0.00991,0.36146
78.10125,0.49750,0.92925,0.00103,0.04438,0.02535
78.20125,0.49751,0.99378,0.00124,0.00165,0.00333
78.30125,0.49751,0.99898,0.00013,0.00020,0.00068
78.40125,0.49750,0.99943,0.00004,0.00005,0.00047
78.50125,0.49750,0.99905,0.00003,0.00005,0.00087
78.60125,0.49750,0.99804,0.00004,0.00006,0.00186
78.70125,0.49751,0.99771,0.00007,0.00009,0.00213
78.80125,0.49751,0.99711,0.00016,0.00017,0.00256
78.90125,0.49750,0.99647,0.00026,0.00025,0.00302
79.00125,0.49750,0.99608,0.00035,0.00033,0.00325
79.10125,0.49750,0.99572,0.00041,0.00039,0.00348
79.20125,0.49751,0.99608,0.00026,0.00030,0.00337
79.30125,0.49751,0.99685,0.00012,0.00016,0.00287
79.40125,0.49750,0.99696,0.00010,0.00015,0.00280
79.50125,0.49750,0.99704,0.00007,0.00012,0.00276
79.60125,0.49750,0.99719,0.00005,0.00010,0.00265
79.70125,0.49751,0.99722,0.00006,0.00011,0.00261
79.80125,0.49751,0.99679,0.00008,0.00014,0.00300
79.90125,0.49750,0.99692,0.00009,0.00014,0.00285
80.00125,0.49750,0.99725,0.00008,0.00012,0.00255
80.10125,0.49750,0.99738,0.00008,0.00011,0.00243
80.20125,0.49751,0.99758,0.00007,0.00009,0.00226
80.30125,0.49751,0.99776,0.00006,0.00008,0.00210
80.40125,0.49750,0.99782,0.00005,0.00007,0.00206
80.50125,0.49750,0.99771,0.00006,0.00007,0.00217
80.60125,0.49750,0.99766,0.00006,0.00008,0.00221
80.70125,0.49751,0.99744,0.00006,0.00009,0.00240
80.80125,0.49751,0.99649,0.00006,0.00015,0.00330
80.90125,0.49750,0.99048,0.00009,0.00057,0.00886
81.00125,0.49750,0.95922,0.00029,0.00411,0.03638
81.10125,0.49750,0.85706,0.00035,0.00706,0.13553
81.20125,0.49751,0.48951,0.00015,0.00316,0.50719
81.30125,0.49751,0.14287,0.00007,0.00100,0.85606
81.40125,0.49750,0.05808,0.00001,0.00078,0.94113
81.50125,0.49750,0.08280,0.00001,0.00064,0.91655
81.60125,0.49750,0.19891,0.00006,0.00313,0.79790
81.70125,0.49751,0.74964,0.00096,0.02591,0.22350
81.80125,0.49751,0.96150,0.00125,0.02475,0.01250
81.90125,0.49750,0.99685,0.00152,0.00100,0.00063
82.00125,0.49750,0.99881,0.00049,0.00040,0.00030
82.10125,0.49750,0.99943,0.00018,0.00012,0.00026
82.20125,0.49751,0.99935,0.00007,0.00007,0.00051
82.30125,0.49751,0.99845,0.00005,0.00007,0.00143
82.40125,0.49750,0.99697,0.00007,0.00012,0.00284
82.50125,0.49750,0.99438,0.00010,0.00032,0.00520
82.60125,0.49750,0.97833,0.00025,0.00263,0.01879
82.70125,0.49751,0.92338,0.00049,0.01100,0.06513
82.80125,0.49751,0.78756,0.00046,0.01247,0.19951
82.90125,0.49750,0.35629,0.00041,0.00480,0.63851
83.00125,0.49750,0.13713,0.00024,0.00156,0.86107
83.10125,0.49750,0.04291,0.00003,0.00188,0.95518
83.20125,0.49751,0.03477,0.00007,0.00239,0.96276
83.30125,0.49751,0.09301,0.00036,0.01267,0.89395
83.40125,0.49750,0.54813,0.00276,0.15386,0.29525
83.50125,0.49750,0.84194,0.00507,0.12973,0.02326
83.60125,0.49750,0.99302,0.00347,0.00262,0.00089
83.70125,0.49751,0.99837,0.00087,0.00052,0.00024
83.80125,0.49751,0.99900,0.00048,0.00026,0.00026
83.90125,0.49750,0.99907,0.00019,0.00015,0.00059
84.00125,0.49750,0.99837,0.00008,0.00010,0.00145
84.10125,0.49750,0.99673,0.00009,0.00018,0.00300
84.20125,0.49751,0.99400,0.00009,0.00038,0.00553
84.30125,0.49751,0.97844,0.00018,0.00217,0.01920
84.40125,0.49750,0.92246,0.00032,0.00692,0.07030
84.50125,0.49750,0.73983,0.00027,0.00704,0.25286
84.60125,0.49750,0.33269,0.00051,0.00363,0.66317
84.70125,0.49751,0.06921,0.00004,0.00080,0.92994
84.80125,0.49751,0.04619,0.00002,0.00206,0.95174
84.90125,0.49750,0.06698,0.00003,0.00277,0.93022
85.00125,0.49750,0.25098,0.00022,0.02154,0.72725
85.10125,0.49750,0.82529,0.00037,0.07793,0.09642
85.20125,0.49751,0.98557,0.00047,0.00934,0.00463
85.30125,0.49751,0.99843,0.00025,0.00044,0.00087
85.40125,0.49750,0.99933,0.00011,0.00014,0.00042
85.50125,0.49750,0.99940,0.00005,0.00006,0.00049
85.60125,0.49750,0.99859,0.00003,0.00004,0.00134
85.70125,0.49751,0.99771,0.00004,0.00007,0.00218
85.80125,0.49751,0.99612,0.00006,0.00017,0.00364
85.90125,0.49750,0.98593,0.00013,0.00120,0.01273
86.00125,0.49750,0.94635,0.00026,0.00595,0.04743
86.10125,0.49750,0.84143,0.00027,0.00805,0.15025
86.20125,0.49751,0.52906,0.00028,0.00652,0.46413
86.30125,0.49751,0.21782,0.00042,0.00309,0.77867
86.40125,0.49750,0.09126,0.00002,0.00145,0.90726
86.50125,0.49750,0.07428,0.00002,0.00221,0.92350
86.60125,0.49750,0.17282,0.00010,0.01289,0.81420
86.70125,0.49751,0.60026,0.00071,0.07452,0.32450
86.80125,0.49751,0.91590,0.00045,0.06026,0.02338
86.90125,0.49750,0.99455,0.00121,0.00290,0.00133
87.00125,0.49750,0.99888,0.00040,0.00038,0.00034
87.10125,0.49750,0.99943,0.00015,0.00011,0.00031
87.20125,0.49751,0.99944,0.00004,0.00004,0.00047
87.30125,0.49751,0.99861,0.00003,0.00005,0.00131
87.40125,0.49750,0.99686,0.00006,0.00012,0.00296
87.50125,0.49750,0.98768,0.00014,0.00081,0.01137
87.60125,0.49750,0.95434,0.00033,0.00463,0.04071
87.70125,0.49751,0.84967,0.00043,0.00939,0.14052
87.80125,0.49751,0.50225,0.00015,0.00332,0.49427
87.90125,0.49750,0.18472,0.00018,0.00066,0.81443
88.00125,0.49750,0.06592,0.00002,0.00023,0.93383
88.10125,0.49750,0.04842,0.00001,0.00032,0.95125
88.20125,0.49751,0.05116,0.00004,0.00096,0.94784
88.30125,0.49751,0.30833,0.00142,0.03340,0.65685
88.40125,0.49750,0.83595,0.00099,0.10964,0.05342
88.50125,0.49750,0.98597,0.00198,0.00925,0.00280
88.60125,0.49750,0.99829,0.00042,0.00080,0.00049
88.70125,0.49751,0.99956,0.00011,0.00014,0.00018
88.80125,0.49751,0.99961,0.00004,0.00005,0.00030
88.90125,0.49750,0.99874,0.00003,0.00004,0.00119
89.00125,0.49750,0.99729,0.00005,0.00009,0.00257
89.10125,0.49750,0.99057,0.00010,0.00060,0.00873
89.20125,0.49751,0.96230,0.00023,0.00379,0.03367
89.30125,0.49751,0.88086,0.00032,0.00815,0.11067
89.40125,0.49750,0.62581,0.00012,0.00388,0.37018
89.50125,0.49750,0.21139,0.00006,0.00058,0.78796
89.60125,0.49750,0.07405,0.00001,0.00011,0.92583
89.70125,0.49751,0.05788,0.00001,0.00029,0.94182
89.80125,0.49751,0.05311,0.00002,0.00077,0.94610
89.90125,0.49750,0.21775,0.00042,0.01666,0.76517
90.00125,0.49750,0.76469,0.00152,0.12298,0.11080
90.10125,0.49750,0.96334,0.00283,0.02890,0.00493
90.20125,0.49751,0.99661,0.00095,0.00151,0.00093
90.30125,0.49751,0.99900,0.00030,0.00036,0.00034
90.40125,0.49750,0.99928,0.00017,0.00015,0.00040
90.50125,0.49750,0.99858,0.00009,0.00011,0.00123
90.60125,0.49750,0.99500,0.00008,0.00029,0.00463
90.70125,0.49751,0.97263,0.00030,0.00360,0.02346
90.80125,0.49751,0.91869,0.00042,0.00969,0.07120
90.90125,0.49750,0.77035,0.00029,0.00816,0.22120
91.00125,0.49750,0.28678,0.00007,0.00132,0.71183
91.10125,0.49750,0.08724,0.00003,0.00024,0.91248
91.20125,0.49751,0.06245,0.00001,0.00047,0.93707
91.30125,0.49751,0.04545,0.00002,0.00042,0.95411
91.40125,0.49750,0.08451,0.00011,0.00310,0.91227
91.50125,0.49750,0.55358,0.00095,0.03887,0.40660
91.60125,0.49750,0.91183,0.00071,0.03717,0.05029
91.70125,0.49751,0.98824,0.00152,0.00213,0.00811
91.80125,0.49751,0.99744,0.00031,0.00067,0.00159
91.90125,0.49750,0.99843,0.00021,0.00025,0.00111
92.00125,0.49750,0.99718,0.00029,0.00035,0.00219
92.10125,0.49750,0.99583,0.00040,0.00047,0.00330
92.20125,0.49751,0.99465,0.00035,0.00064,0.00435
92.30125,0.49751,0.99455,0.00018,0.00055,0.00472
92.40125,0.49750,0.99417,0.00012,0.00061,0.00509
92.50125,0.49750,0.99307,0.00010,0.00074,0.00608
92.60125,0.49750,0.99082,0.00009,0.00089,0.00820
92.70125,0.49751,0.99041,0.00007,0.00075,0.00878
92.80125,0.49751,0.99088,0.00008,0.00076,0.00828
92.90125,0.49750,0.99323,0.00008,0.00050,0.00619
93.00125,0.49750,0.99555,0.00008,0.00030,0.00407
93.10125,0.49750,0.99719,0.00007,0.00017,0.00256
93.20125,0.49751,0.99749,0.00008,0.00014,0.00229
93.30125,0.49751,0.99721,0.00008,0.00014,0.00257
93.40125,0.49750,0.99702,0.00008,0.00019,0.00271
93.50125,0.49750,0.99202,0.00010,0.00059,0.00730
93.60125,0.49750,0.96597,0.00022,0.00236,0.03146
93.70125,0.49751,0.87889,0.00037,0.00329,0.11745
93.80125,0.49751,0.49699,0.00069,0.00147,0.50084
93.90125,0.49750,0.11027,0.00021,0.00089,0.88863
94.00125,0.49750,0.02832,0.00006,0.00157,0.97006
94.10125,0.49750,0.02452,0.00016,0.00202,0.97330
94.20125,0.49751,0.07925,0.00086,0.01403,0.90587
94.30125,0.49751,0.50354,0.00184,0.09827,0.39635
94.40125,0.49750,0.91009,0.00286,0.03828,0.04877
94.50125,0.49750,0.99413,0.00113,0.00131,0.00343
94.60125,0.49750,0.99850,0.00025,0.00036,0.00089
94.70125,0.49751,0.99860,0.00013,0.00027,0.00100
94.80125,0.49751,0.99747,0.00011,0.00037,0.00204
94.90125,0.49750,0.99530,0.00008,0.00042,0.00421
95.00125,0.49750,0.99008,0.00015,0.00103,0.00874
95.10125,0.49750,0.99013,0.00011,0.00088,0.00889
95.20125,0.49751,0.99080,0.00009,0.00072,0.00840
95.30125,0.49751,0.99045,0.00009,0.00077,0.00870
95.40125,0.49750,0.99124,0.00007,0.00065,0.00804
95.50125,0.49750,0.99354,0.00007,0.00047,0.00593
95.60125,0.49750,0.99446,0.00007,0.00037,0.00511
95.70125,0.49751,0.99519,0.00006,0.00027,0.00447
95.80125,0.49751,0.99613,0.00006,0.00020,0.00361
95.90125,0.49750,0.99669,0.00007,0.00017,0.00307
96.00125,0.49750,0.99710,0.00006,0.00014,0.00270
96.10125,0.49750,0.99710,0.00006,0.00014,0.00270
96.20125,0.49751,0.99708,0.00006,0.00014,0.00272
96.30125,0.49751,0.99697,0.00006,0.00014,0.00283
96.40125,0.49750,0.99701,0.00006,0.00014,0.00279
96.50125,0.49750,0.99695,0.00006,0.00013,0.00286
96.60125,0.49750,0.99680,0.00006,0.00013,0.00300
96.70125,0.49751,0.99674,0.00006,0.00013,0.00307
96.80125,0.49751,0.99665,0.00006,0.00014,0.00314
96.90125,0.49750,0.99639,0.00006,0.00017,0.00338
97.00125,0.49750,0.99580,0.00006,0.00024,0.00390
97.10125,0.49750,0.98977,0.00009,0.00065,0.00949
97.20125,0.49751,0.96497,0.00018,0.00230,0.03255
97.30125,0.49751,0.88867,0.00030,0.00418,0.10685
97.40125,0.49750,0.52189,0.00047,0.00229,0.47535
97.50125,0.49750,0.17425,0.00080,0.00143,0.82352
97.60125,0.49750,0.03598,0.00003,0.00146,0.96253
97.70125,0.49751,0.02165,0.00003,0.00094,0.97738
97.80125,0.49751,0.04794,0.00022,0.00810,0.94375
97.90125,0.49750,0.40732,0.00093,0.07304,0.51870
98.00125,0.49750,0.88077,0.00046,0.04993,0.06884
98.10125,0.49750,0.99476,0.00072,0.00141,0.00312
98.20125,0.49751,0.99866,0.00017,0.00043,0.00074
98.30125,0.49751,0.99925,0.00006,0.00010,0.00060
98.40125,0.49750,0.99862,0.00005,0.00011,0.00122
98.50125,0.49750,0.99706,0.00010,0.00020,0.00264
98.60125,0.49750,0.99581,0.00023,0.00035,0.00361
98.70125,0.49751,0.99627,0.00024,0.00031,0.00318
98.80125,0.49751,0.99678,0.00021,0.00024,0.00278
98.90125,0.49750,0.99671,0.00017,0.00022,0.00290
99.00125,0.49750,0.99680,0.00014,0.00019,0.00288
99.10125,0.49750,0.99707,0.00009,0.00014,0.00270
99.20125,0.49751,0.99707,0.00008,0.00014,0.00271
99.30125,0.49751,0.99711,0.00007,0.00012,0.00269
99.40125,0.49750,0.99703,0.00008,0.00013,0.00276
99.50125,0.49750,0.99710,0.00008,0.00013,0.00269
99.60125,0.49750,0.99719,0.00007,0.00012,0.00263
99.70125,0.49751,0.99720,0.00006,0.00011,0.00262
99.80125,0.49751,0.99715,0.00006,0.00012,0.00267
99.90125,0.49750,0.99689,0.00006,0.00014,0.00290
100.00125,0.49750,0.99504,0.00006,0.00026,0.00464
100.10125,0.49750,0.98124,0.00014,0.00160,0.01702
100.20125,0.49751,0.93534,0.00022,0.00407,0.06036
100.30125,0.49751,0.77539,0.00017,0.00386,0.22058
100.40125,0.49750,0.32332,0.00015,0.00141,0.67512
100.50125,0.49750,0.08421,0.00004,0.00038,0.91537
100.60125,0.49750,0.06355,0.00002,0.00094,0.93549
100.70125,0.49751,0.14446,0.00006,0.00199,0.85349
100.80125,0.49751,0.39441,0.00028,0.00793,0.59739
100.90125,0.49750,0.87145,0.00031,0.01805,0.11019
101.00125,0.49750,0.98541,0.00023,0.00523,0.00913
101.10125,0.49750,0.99787,0.00012,0.00024,0.00177
101.20125,0.49751,0.99859,0.00007,0.00012,0.00123
101.30125,0.49751,0.99880,0.00005,0.00007,0.00108
101.40125,0.49750,0.99833,0.00005,0.00007,0.00154
101.50125,0.49750,0.99757,0.00007,0.00010,0.00226
101.60125,0.49750,0.99712,0.00008,0.00012,0.00268
101.70125,0.49751,0.99710,0.00009,0.00013,0.00268
101.80125,0.49751,0.99697,0.00011,0.00015,0.00278
101.90125,0.49750,0.99707,0.00011,0.00015,0.00267
102.00125,0.49750,0.99714,0.00011,0.00014,0.00261
102.10125,0.49750,0.99714,0.00010,0.00013,0.00263
102.20125,0.49751,0.99721,0.00009,0.00012,0.00258
102.30125,0.49751,0.99728,0.00008,0.00011,0.00254
102.40125,0.49750,0.99728,0.00006,0.00010,0.00256
102.50125,0.49750,0.99728,0.00006,0.00009,0.00257
102.60125,0.49750,0.99728,0.00006,0.00009,0.00257
102.70125,0.49751,0.99722,0.00006,0.00010,0.00262
102.80125,0.49751,0.99703,0.00007,0.00011,0.00279
102.90125,0.49750,0.99619,0.00007,0.00018,0.00355
103.00125,0.49750,0.99218,0.00011,0.00051,0.00720
103.10125,0.49750,0.97005,0.00030,0.00344,0.02620
103.20125,0.49751,0.90087,0.00051,0.01087,0.08775
103.30125,0.49751,0.71142,0.00049,0.01233,0.27575
103.40125,0.49750,0.26887,0.00011,0.00142,0.72960
103.50125,0.49750,0.08667,0.00003,0.00028,0.91302
103.60125,0.49750,0.03894,0.00001,0.00040,0.96066
103.70125,0.49751,0.03779,0.00001,0.00045,0.96174
103.80125,0.49751,0.12117,0.00008,0.00194,0.87680
103.90125,0.49750,0.58668,0.00065,0.02017,0.39250
104.00125,0.49750,0.94051,0.00064,0.01133,0.04751
104.10125,0.49750,0.99488,0.00043,0.00036,0.00432
104.20125,0.49751,0.99837,0.00010,0.00011,0.00142
104.30125,0.49751,0.99866,0.00005,0.00006,0.00123
104.40125,0.49750,0.99844,0.00004,0.00006,0.00147
104.50125,0.49750,0.99768,0.00004,0.00007,0.00221
104.60125,0.49750,0.99708,0.00005,0.00010,0.00278
104.70125,0.49751,0.99718,0.00005,0.00009,0.00267
104.80125,0.49751,0.99733,0.00006,0.00010,0.00251
104.90125,0.49750,0.99723,0.00009,0.00012,0.00255
105.00125,0.49750,0.99707,0.00013,0.00016,0.00263
105.10125,0.49750,0.99706,0.00015,0.00018,0.00261
105.20125,0.49751,0.99699,0.00018,0.00021,0.00263
105.30125,0.49751,0.99690,0.00017,0.00021,0.00272
105.40125,0.49750,0.99711,0.00013,0.00017,0.00259
105.50125,0.49750,0.99724,0.00010,0.00014,0.00251
105.60125,0.49750,0.99724,0.00009,0.00013,0.00254
105.70125,0.49751,0.99720,0.00008,0.00012,0.00260
105.80125,0.49751,0.99722,0.00007,0.00011,0.00259
105.90125,0.49750,0.99720,0.00007,0.00011,0.00261
106.00125,0.49750,0.99718,0.00007,0.00011,0.00264
106.10125,0.49750,0.99649,0.00006,0.00015,0.00330
106.20125,0.49751,0.98872,0.00010,0.00073,0.01045
106.30125,0.49751,0.95865,0.00024,0.00363,0.03748
106.40125,0.49750,0.87065,0.00026,0.00542,0.12368
106.50125,0.49750,0.50897,0.00018,0.00394,0.48691
106.60125,0.49750,0.13789,0.00009,0.00077,0.86125
106.70125,0.49751,0.07092,0.00002,0.00110,0.92796
106.80125,0.49751,0.06876,0.00004,0.00090,0.93030
106.90125,0.49750,0.15923,0.00016,0.00429,0.83632
107.00125,0.49750,0.61913,0.00128,0.02238,0.35721
107.10125,0.49750,0.93504,0.00084,0.02580,0.03832
107.20125,0.49751,0.99551,0.00058,0.00070,0.00321
107.30125,0.49751,0.99853,0.00013,0.00023,0.00111
107.40125,0.49750,0.99892,0.00005,0.00007,0.00096
107.50125,0.49750,0.99867,0.00003,0.00006,0.00124
107.60125,0.49750,0.99773,0.00006,0.00010,0.00212
107.70125,0.49751,0.99681,0.00013,0.00018,0.00287
107.80125,0.49751,0.99709,0.00018,0.00020,0.00253
107.90125,0.49750,0.99730,0.00017,0.00017,0.00236
108.00125,0.49750,0.99740,0.00016,0.00017,0.00228
108.10125,0.49750,0.99767,0.00012,0.00013,0.00208
108.20125,0.49751,0.99754,0.00011,0.00013,0.00223
108.30125,0.49751,0.99731,0.00010,0.00013,0.00247
108.40125,0.49750,0.99718,0.00012,0.00015,0.00254
108.50125,0.49750,0.99697,0.00013,0.00017,0.00273
108.60125,0.49750,0.99687,0.00012,0.00016,0.00284
108.70125,0.49751,0.99694,0.00010,0.00014,0.00282
108.80125,0.49751,0.99691,0.00009,0.00014,0.00286
108.90125,0.49750,0.99701,0.00008,0.00012,0.00279
109.00125,0.49750,0.99711,0.00006,0.00011,0.00272
109.10125,0.49750,0.99716,0.00005,0.00011,0.00269
109.20125,0.49751,0.99723,0.00005,0.00010,0.00261
109.30125,0.49751,0.99723,0.00005,0.00010,0.00262
109.40125,0.49750,0.99724,0.00005,0.00010,0.00261
109.50125,0.49750,0.99717,0.00005,0.00011,0.00267
109.60125,0.49750,0.99562,0.00005,0.00018,0.00415
109.70125,0.49751,0.98287,0.00014,0.00126,0.01573
109.80125,0.49751,0.94124,0.00027,0.00412,0.05437
109.90125,0.49750,0.79049,0.00024,0.00381,0.20547
110.00125,0.49750,0.33810,0.00018,0.00167,0.66005
110.10125,0.49750,0.08034,0.00002,0.00050,0.91915
110.20125,0.49751,0.04399,0.00001,0.00029,0.95572
110.30125,0.49751,0.07783,0.00001,0.00054,0.92161
110.40125,0.49750,0.35036,0.00015,0.00483,0.64466
110.50125,0.49750,0.89355,0.00019,0.00902,0.09724
110.60125,0.49750,0.99293,0.00036,0.00108,0.00562
110.70125,0.49751,0.99883,0.00008,0.00017,0.00092
110.80125,0.49751,0.99940,0.00004,0.00005,0.00052
110.90125,0.49750,0.99924,0.00002,0.00003,0.00071
111.00125,0.49750,0.99853,0.00004,0.00005,0.00138
111.10125,0.49750,0.99766,0.00007,0.00009,0.00217
111.20125,0.49751,0.99720,0.00010,0.00012,0.00258
111.30125,0.49751,0.99715,0.00013,0.00014,0.00258
111.40125,0.49750,0.99698,0.00019,0.00018,0.00266
111.50125,0.49750,0.99708,0.00017,0.00017,0.00258
111.60125,0.49750,0.99714,0.00016,0.00016,0.00254
111.70125,0.49751,0.99708,0.00015,0.00017,0.00260
111.80125,0.49751,0.99720,0.00012,0.00015,0.00253
111.90125,0.49750,0.99741,0.00008,0.00011,0.00241
112.00125,0.49750,0.99746,0.00006,0.00009,0.00239
112.10125,0.49750,0.99746,0.00005,0.00008,0.00241
112.20125,0.49751,0.99749,0.00005,0.00007,0.00239
112.30125,0.49751,0.99752,0.00004,0.00007,0.00237
112.40125,0.49750,0.99749,0.00004,0.00007,0.00239
112.50125,0.49750,0.99743,0.00005,0.00008,0.00245
112.60125,0.49750,0.99697,0.00004,0.00012,0.00286
112.70125,0.49751,0.99247,0.00007,0.00041,0.00706
112.80125,0.49751,0.96880,0.00018,0.00267,0.02834
112.90125,0.49750,0.89879,0.00028,0.00631,0.09462
113.00125,0.49750,0.65770,0.00021,0.00562,0.33648
113.10125,0.49750,0.25448,0.00013,0.00215,0.74324
113.20125,0.49751,0.10333,0.00002,0.00094,0.89571
113.30125,0.49751,0.09535,0.00002,0.00171,0.90293
113.40125,0.49750,0.13329,0.00003,0.00363,0.86305
113.50125,0.49750,0.40871,0.00022,0.01708,0.57399
113.60125,0.49750,0.87180,0.00038,0.03105,0.09677
113.70125,0.49751,0.98563,0.00081,0.00416,0.00940
113.80125,0.49751,0.99718,0.00025,0.00041,0.00217
113.90125,0.49750,0.99883,0.00011,0.00011,0.00094
114.00125,0.49750,0.99886,0.00012,0.00011,0.00092
114.10125,0.49750,0.99800,0.00013,0.00013,0.00174
114.20125,0.49751,0.99759,0.00013,0.00014,0.00214
114.30125,0.49751,0.99702,0.00016,0.00019,0.00263
114.40125,0.49750,0.99677,0.00016,0.00019,0.00288
114.50125,0.49750,0.99722,0.00009,0.00011,0.00257
114.60125,0.49750,0.99739,0.00007,0.00009,0.00245
114.70125,0.49751,0.99734,0.00007,0.00009,0.00251
114.80125,0.49751,0.99736,0.00007,0.00009,0.00248
114.90125,0.49750,0.99745,0.00006,0.00008,0.00241
115.00125,0.49750,0.99741,0.00005,0.00008,0.00246
115.10125,0.49750,0.99739,0.00005,0.00008,0.00247
115.20125,0.49751,0.99744,0.00005,0.00009,0.00243
115.30125,0.49751,0.99746,0.00005,0.00008,0.00241
115.40125,0.49750,0.99742,0.00005,0.00009,0.00244
115.50125,0.49750,0.99740,0.00005,0.00009,0.00246
115.60125,0.49750,0.99694,0.00005,0.00012,0.00288
115.70125,0.49751,0.99218,0.00007,0.00041,0.00734
115.80125,0.49751,0.96685,0.00022,0.00255,0.03038
115.90125,0.49750,0.89352,0.00030,0.00520,0.10098
116.00125,0.49750,0.62297,0.00017,0.00365,0.37322
116.10125,0.49750,0.19332,0.00006,0.00099,0.80563
116.20125,0.49751,0.09519,0.00001,0.00105,0.90375
116.30125,0.49751,0.08504,0.00001,0.00151,0.91345
116.40125,0.49750,0.14945,0.00001,0.00350,0.84704
116.50125,0.49750,0.52758,0.00013,0.02215,0.45015
116.60125,0.49750,0.89816,0.00021,0.03250,0.06913
116.70125,0.49751,0.99298,0.00047,0.00126,0.00530
116.80125,0.49751,0.99815,0.00011,0.00016,0.00158
116.90125,0.49750,0.99902,0.00006,0.00006,0.00087
117.00125,0.49750,0.99889,0.00004,0.00004,0.00103
117.10125,0.49750,0.99831,0.00006,0.00007,0.00157
117.20125,0.49751,0.99752,0.00010,0.00012,0.00226
117.30125,0.49751,0.99710,0.00015,0.00016,0.00259
117.40125,0.49750,0.99687,0.00019,0.00019,0.00275
117.50125,0.49750,0.99703,0.00015,0.00016,0.00265
117.60125,0.49750,0.99721,0.00012,0.00014,0.00253
117.70125,0.49751,0.99742,0.00008,0.00011,0.00239
117.80125,0.49751,0.99748,0.00007,0.00010,0.00235
117.90125,0.49750,0.99733,0.00010,0.00012,0.00245
118.00125,0.49750,0.99732,0.00009,0.00011,0.00248
118.10125,0.49750,0.99730,0.00009,0.00011,0.00251
118.20125,0.49751,0.99714,0.00010,0.00013,0.00262
118.30125,0.49751,0.99710,0.00010,0.00013,0.00267
118.40125,0.49750,0.99724,0.00007,0.00010,0.00260
118.50125,0.49750,0.99729,0.00007,0.00010,0.00254
118.60125,0.49750,0.99739,0.00006,0.00009,0.00247
118.70125,0.49751,0.99749,0.00005,0.00008,0.00237
118.80125,0.49751,0.99761,0.00005,0.00007,0.00227
118.90125,0.49750,0.99765,0.00005,0.00007,0.00223
119.00125,0.49750,0.99770,0.00005,0.00007,0.00218
119.10125,0.49750,0.99772,0.00005,0.00006,0.00216
119.20125,0.49751,0.99766,0.00005,0.00007,0.00222
119.30125,0.49751,0.99757,0.00005,0.00007,0.00230
119.40125,0.49750,0.99749,0.00005,0.00008,0.00238
119.50125,0.49750,0.99748,0.00005,0.00008,0.00239
119.60125,0.49750,0.99745,0.00005,0.00008,0.00242
119.70125,0.49751,0.99693,0.00004,0.00010,0.00293
119.80125,0.49751,0.99417,0.00005,0.00025,0.00553
119.90125,0.49750,0.98029,0.00010,0.00143,0.01818
120.00125,0.49750,0.91838,0.00031,0.00984,0.07147
120.10125,0.49750,0.75896,0.00041,0.01729,0.22335
120.20125,0.49751,0.38893,0.00044,0.01173,0.59891
120.30125,0.49751,0.12723,0.00014,0.00492,0.86771
120.40125,0.49750,0.05194,0.00002,0.00787,0.94017
120.50125,0.49750,0.03750,0.00003,0.00508,0.95739
120.60125,0.49750,0.08153,0.00018,0.02954,0.88875
120.70125,0.49751,0.44894,0.00047,0.07633,0.47426
120.80125,0.49751,0.90237,0.00062,0.03194,0.06507
120.90125,0.49750,0.99474,0.00057,0.00062,0.00408
121.00125,0.49750,0.99901,0.00008,0.00011,0.00081
121.10125,0.49750,0.99934,0.00002,0.00003,0.00061
121.20125,0.49751,0.99890,0.00004,0.00004,0.00102
121.30125,0.49751,0.99818,0.00005,0.00007,0.00170
121.40125,0.49750,0.99761,0.00008,0.00010,0.00221
121.50125,0.49750,0.99706,0.00014,0.00015,0.00265
121.60125,0.49750,0.99691,0.00016,0.00017,0.00275
121.70125,0.49751,0.99694,0.00015,0.00016,0.00275
121.80125,0.49751,0.99689,0.00016,0.00018,0.00277
121.90125,0.49750,0.99683,0.00014,0.00018,0.00285
122.00125,0.49750,0.99698,0.00011,0.00016,0.00276
122.10125,0.49750,0.99698,0.00009,0.00015,0.00277
122.20125,0.49751,0.99668,0.00007,0.00016,0.00308
122.30125,0.49751,0.99641,0.00006,0.00017,0.00335
122.40125,0.49750,0.99632,0.00006,0.00018,0.00344
122.50125,0.49750,0.99650,0.00007,0.00017,0.00326
122.60125,0.49750,0.99672,0.00008,0.00015,0.00305
122.70125,0.49751,0.99722,0.00010,0.00013,0.00254
122.80125,0.49751,0.99713,0.00012,0.00013,0.00262
122.90125,0.49750,0.99676,0.00014,0.00014,0.00296
123.00125,0.49750,0.99638,0.00014,0.00016,0.00333
123.10125,0.49750,0.99614,0.00010,0.00016,0.00360
123.20125,0.49751,0.99651,0.00007,0.00013,0.00329
123.30125,0.49751,0.99752,0.00006,0.00009,0.00234
123.40125,0.49750,0.99816,0.00004,0.00007,0.00173
123.50125,0.49750,0.99839,0.00004,0.00005,0.00152
123.60125,0.49750,0.99857,0.00005,0.00005,0.00133
123.70125,0.49751,0.99860,0.00005,0.00005,0.00130
123.80125,0.49751,0.99824,0.00005,0.00006,0.00166
123.90125,0.49750,0.99800,0.00005,0.00006,0.00189
124.00125,0.49750,0.99797,0.00005,0.00007,0.00191
124.10125,0.49750,0.99779,0.00004,0.00007,0.00210
124.20125,0.49751,0.99746,0.00004,0.00007,0.00242
124.30125,0.49751,0.99750,0.00006,0.00008,0.00236
124.40125,0.49750,0.99738,0.00009,0.00012,0.00241
124.50125,0.49750,0.99715,0.00013,0.00016,0.00256
124.60125,0.49750,0.99704,0.00019,0.00022,0.00254
124.70125,0.49751,0.99692,0.00026,0.00028,0.00254
124.80125,0.49751,0.99688,0.00025,0.00028,0.00259
124.90125,0.49750,0.99715,0.00019,0.00021,0.00245
125.00125,0.49750,0.99721,0.00016,0.00019,0.00245
125.10125,0.49750,0.99732,0.00011,0.00014,0.00243
125.20125,0.49751,0.99741,0.00008,0.00011,0.00240
125.30125,0.49751,0.99743,0.00007,0.00010,0.00240
125.40125,0.49750,0.99747,0.00006,0.00009,0.00239
125.50125,0.49750,0.99757,0.00005,0.00008,0.00230
125.60125,0.49750,0.99755,0.00004,0.00007,0.00233
125.70125,0.49751,0.99758,0.00004,0.00007,0.00230
125.80125,0.49751,0.99771,0.00004,0.00007,0.00218
125.90125,0.49750,0.99781,0.00005,0.00007,0.00207
126.00125,0.49750,0.99773,0.00006,0.00008,0.00213
126.10125,0.49750,0.99769,0.00006,0.00009,0.00216
126.20125,0.49751,0.99761,0.00007,0.00010,0.00223
126.30125,0.49751,0.99738,0.00007,0.00011,0.00244
126.40125,0.49750,0.99725,0.00006,0.00011,0.00258
126.50125,0.49750,0.99725,0.00006,0.00011,0.00257
126.60125,0.49750,0.99728,0.00006,0.00010,0.00255
126.70125,0.49751,0.99735,0.00006,0.00010,0.00250
126.80125,0.49751,0.99731,0.00006,0.00010,0.00252
126.90125,0.49750,0.99720,0.00006,0.00011,0.00263
127.00125,0.49750,0.99700,0.00005,0.00011,0.00284
127.10125,0.49750,0.99559,0.00006,0.00020,0.00415
127.20125,0.49751,0.98883,0.00010,0.00070,0.01036
127.30125,0.49751,0.95558,0.00025,0.00350,0.04067
127.40125,0.49750,0.85013,0.00038,0.00591,0.14359
127.50125,0.49750,0.43001,0.00027,0.00253,0.56720
127.60125,0.49751,0.11039,0.00007,0.00096,0.88858
127.70125,0.49750,0.04227,0.00003,0.00089,0.95681
127.80125,0.49751,0.03712,0.00008,0.00108,0.96172
127.90125,0.49749,0.11982,0.00124,0.01171,0.86723
128.00125,0.49750,0.58498,0.00689,0.07742,0.33072
128.10126,0.49750,0.92954,0.00604,0.02791,0.03651
128.20125,0.49750,0.99360,0.00151,0.00132,0.00356
128.30125,0.49750,0.99862,0.00021,0.00019,0.00098
128.40125,0.49750,0.99888,0.00003,0.00004,0.00105
128.50125,0.49750,0.99846,0.00003,0.00004,0.00147
128.60126,0.49750,0.99768,0.00004,0.00007,0.00221
128.70125,0.49750,0.99712,0.00006,0.00010,0.00273
128.80125,0.49750,0.99713,0.00008,0.00012,0.00268
128.90125,0.49750,0.99686,0.00016,0.00019,0.00279
129.00125,0.49750,0.99655,0.00026,0.00028,0.00292
129.10126,0.49750,0.99650,0.00025,0.00029,0.00297
129.20125,0.49750,0.99653,0.00021,0.00028,0.00298
129.30125,0.49750,0.99642,0.00014,0.00027,0.00317
129.40125,0.49750,0.99419,0.00008,0.00034,0.00538
129.50125,0.49750,0.97894,0.00015,0.00183,0.01908
129.60126,0.49750,0.92202,0.00034,0.00922,0.06841
129.70125,0.49750,0.76946,0.00060,0.02314,0.20680
129.80125,0.49750,0.39566,0.00022,0.01060,0.59352
129.90125,0.49750,0.16725,0.00008,0.00245,0.83023
130.00125,0.49750,0.06933,0.00001,0.00188,0.92878
130.10126,0.49750,0.05232,0.00002,0.00105,0.94661
130.20125,0.49750,0.08575,0.00005,0.00320,0.91101
130.30125,0.49750,0.45894,0.00054,0.01805,0.52246
130.40125,0.49750,0.88588,0.00087,0.02073,0.09252
130.50125,0.49750,0.99181,0.00085,0.00126,0.00609
130.60126,0.49750,0.99785,0.00028,0.00046,0.00141
130.70125,0.49750,0.99890,0.00018,0.00014,0.00077
130.80125,0.49750,0.99851,0.00013,0.00013,0.00123
130.90125,0.49750,0.99765,0.00015,0.00018,0.00202
131.00125,0.49750,0.99697,0.00014,0.00020,0.00269
131.10126,0.49750,0.99683,0.00007,0.00014,0.00296
131.20125,0.49750,0.99655,0.00005,0.00014,0.00327
131.30125,0.49750,0.99352,0.00007,0.00033,0.00609
131.40125,0.49750,0.97631,0.00016,0.00199,0.02154
131.50125,0.49750,0.91841,0.00032,0.00706,0.07421
131.60126,0.49750,0.72924,0.00024,0.00622,0.26430
131.70125,0.49750,0.29520,0.00024,0.00169,0.70288
131.80125,0.49750,0.06604,0.00003,0.00031,0.93362
131.90125,0.49750,0.04435,0.00001,0.00074,0.95490
132.00125,0.49750,0.03542,0.00004,0.00088,0.96367
132.10126,0.49750,0.14450,0.00058,0.01094,0.84398
132.20125,0.49750,0.63601,0.00166,0.07455,0.28778
132.30125,0.49750,0.95821,0.00193,0.01812,0.02173
132.40125,0.49750,0.99189,0.00132,0.00140,0.00539
132.50125,0.49750,0.99817,0.00019,0.00025,0.00139
132.60126,0.49750,0.99845,0.00005,0.00008,0.00141
132.70125,0.49750,0.99756,0.00005,0.00010,0.00229
132.80125,0.49750,0.99704,0.00007,0.00012,0.00276
132.90125,0.49750,0.99671,0.00013,0.00017,0.00300
133.00125,0.49750,0.99654,0.00021,0.00022,0.00303
133.10126,0.49750,0.99629,0.00029,0.00028,0.00314
133.20125,0.49750,0.99629,0.00025,0.00027,0.00319
133.30125,0.49750,0.99652,0.00020,0.00023,0.00305
133.40125,0.49750,0.99663,0.00013,0.00019,0.00305
133.50125,0.49750,0.99656,0.00009,0.00018,0.00318
133.60126,0.49750,0.99659,0.00006,0.00016,0.00319
133.70125,0.49750,0.99548,0.00006,0.00024,0.00422
133.80125,0.49750,0.98737,0.00010,0.00089,0.01164
133.90125,0.49750,0.95326,0.00020,0.00383,0.04271
134.00125,0.49750,0.85963,0.00026,0.00684,0.13327
134.10126,0.49750,0.58709,0.00014,0.00455,0.40821
134.20125,0.49750,0.17241,0.00017,0.00065,0.82677
134.30125,0.49750,0.06617,0.00002,0.00046,0.93336
134.40125,0.49750,0.04938,0.00003,0.00047,0.95012
134.50125,0.49750,0.11481,0.00017,0.00183,0.88319
134.60126,0.49750,0.42112,0.00113,0.00656,0.57119
134.70125,0.49750,0.86519,0.00055,0.02312,0.11113
134.80125,0.49750,0.98516,0.00133,0.00214,0.01138
134.90125,0.49750,0.99581,0.00026,0.00050,0.00344
135.00125,0.49750,0.99661,0.00012,0.00025,0.00301
135.10126,0.49750,0.99592,0.00019,0.00050,0.00339
135.20125,0.49750,0.99496,0.00054,0.00113,0.00338
135.30125,0.49750,0.99465,0.00089,0.00137,0.00309
135.40125,0.49750,0.99431,0.00125,0.00151,0.00292
135.50125,0.49750,0.99510,0.00111,0.00111,0.00269
135.60126,0.49750,0.99659,0.00050,0.00045,0.00245
135.70125,0.49750,0.99695,0.00021,0.00024,0.00261
135.80125,0.49750,0.99686,0.00014,0.00020,0.00279
135.90125,0.49750,0.99594,0.00010,0.00025,0.00371
136.00125,0.49750,0.99055,0.00014,0.00077,0.00854
136.10126,0.49750,0.96121,0.00037,0.00499,0.03343
136.20125,0.49750,0.88027,0.00062,0.01218,0.10692
136.30125,0.49750,0.62758,0.00171,0.02380,0.34691
136.40125,0.49750,0.22995,0.00070,0.00860,0.76076
136.50125,0.49750,0.05513,0.00005,0.00482,0.94000
136.60126,0.49750,0.03655,0.00011,0.00318,0.96016
136.70125,0.49750,0.06360,0.00042,0.00941,0.92657
136.80125,0.49750,0.24264,0.00084,0.02020,0.73632
136.90125,0.49750,0.69157,0.00213,0.04251,0.26378
137.00125,0.49750,0.96734,0.00319,0.00477,0.02470
137.10126,0.49750,0.98984,0.00077,0.00250,0.00688
137.20125,0.49750,0.99316,0.00056,0.00150,0.00478
137.30125,0.49750,0.99346,0.00049,0.00136,0.00469
137.40125,0.49750,0.99493,0.00047,0.00095,0.00365
137.50125,0.49750,0.99579,0.00049,0.00068,0.00304
137.60126,0.49750,0.99704,0.00020,0.00024,0.00252
137.70125,0.49750,0.99744,0.00009,0.00012,0.00235
137.80125,0.49750,0.99743,0.00007,0.00010,0.00240
137.90125,0.49750,0.99718,0.00006,0.00010,0.00266
138.00125,0.49750,0.99692,0.00005,0.00011,0.00292
138.10126,0.49750,0.99495,0.00006,0.00023,0.00477
138.20125,0.49750,0.98142,0.00013,0.00131,0.01714
138.30125,0.49750,0.93257,0.00029,0.00508,0.06206
138.40125,0.49750,0.76074,0.00020,0.00481,0.23425
138.50125,0.49750,0.29900,0.00008,0.00101,0.69991
138.60126,0.49750,0.08332,0.00004,0.00009,0.91655
138.70125,0.49750,0.05866,0.00001,0.00015,0.94118
138.80125,0.49750,0.04791,0.00004,0.00009,0.95195
138.90125,0.49750,0.11961,0.00041,0.00094,0.87904
139.00125,0.49750,0.52112,0.00273,0.00900,0.46715
139.10126,0.49750,0.85788,0.00188,0.03602,0.10422
139.20125,0.49750,0.96443,0.00320,0.00608,0.02629
139.30125,0.49750,0.98823,0.00064,0.00382,0.00730
139.40125,0.49750,0.99470,0.00026,0.00115,0.00389
139.50125,0.49750,0.99564,0.00020,0.00082,0.00334
139.60126,0.49750,0.99648,0.00019,0.00052,0.00280
139.70125,0.49750,0.99748,0.00009,0.00020,0.00223
139.80125,0.49750,0.99789,0.00006,0.00011,0.00194
139.90125,0.49750,0.99751,0.00005,0.00010,0.00233
140.00125,0.49750,0.99712,0.00005,0.00010,0.00273
140.10126,0.49750,0.99677,0.00005,0.00012,0.00307
140.20125,0.49750,0.99526,0.00005,0.00021,0.00448
140.30125,0.49750,0.98782,0.00009,0.00077,0.01132
140.40125,0.49750,0.95221,0.00025,0.00550,0.04204
140.50125,0.49750,0.85782,0.00037,0.01189,0.12992
140.60126,0.49750,0.53854,0.00021,0.00636,0.45489
140.70125,0.49750,0.17881,0.00011,0.00111,0.81996
140.80125,0.49750,0.07701,0.00001,0.00138,0.92161
140.90125,0.49750,0.05570,0.00002,0.00090,0.94338
141.00125,0.49750,0.09555,0.00005,0.00244,0.90195
141.10126,0.49750,0.45996,0.00076,0.01906,0.52023
141.20125,0.49750,0.86968,0.00081,0.03583,0.09368
141.30125,0.49750,0.98100,0.00246,0.00289,0.01365
141.40125,0.49750,0.99519,0.00036,0.00079,0.00367
141.50125,0.49750,0.99723,0.00016,0.00033,0.00228
141.60126,0.49750,0.99652,0.00012,0.00036,0.00301
141.70125,0.49750,0.99553,0.00016,0.00047,0.00384
141.80125,0.49750,0.99632,0.00021,0.00039,0.00309
141.90125,0.49750,0.99644,0.00019,0.00035,0.00302
142.00125,0.49750,0.99627,0.00018,0.00031,0.00325
142.10126,0.49750,0.99667,0.00013,0.00022,0.00297
142.20125,0.49750,0.99669,0.00009,0.00019,0.00303
142.30125,0.49750,0.99606,0.00006,0.00021,0.00366
142.40125,0.49750,0.99301,0.00008,0.00047,0.00644
142.50125,0.49750,0.97972,0.00020,0.00234,0.01774
142.60126,0.49750,0.92084,0.00053,0.01304,0.06560
142.70125,0.49750,0.75731,0.00069,0.01803,0.22397
142.80125,0.49750,0.31767,0.00060,0.00644,0.67529
142.90125,0.49750,0.09581,0.00013,0.00108,0.90298
143.00125,0.49750,0.04042,0.00001,0.00168,0.95790
143.10126,0.49750,0.03299,0.00002,0.00095,0.96605
143.20125,0.49750,0.10138,0.00008,0.00433,0.89421
143.30125,0.49750,0.45093,0.00021,0.02591,0.52295
143.40125,0.49750,0.82183,0.00039,0.05127,0.12651
143.50125,0.49750,0.98041,0.00052,0.00217,0.01689
143.60126,0.49750,0.99363,0.00014,0.00087,0.00536
143.70125,0.49750,0.99445,0.00011,0.00054,0.00490
143.80125,0.49750,0.99410,0.00015,0.00058,0.00517
143.90125,0.49750,0.99487,0.00021,0.00050,0.00442
144.00125,0.49750,0.99529,0.00029,0.00049,0.00393
144.10126,0.49750,0.99618,0.00020,0.00034,0.00328
144.20125,0.49750,0.99700,0.00010,0.00019,0.00271
144.30125,0.49750,0.99727,0.00006,0.00013,0.00254
144.40125,0.49750,0.99699,0.00004,0.00011,0.00285
144.50125,0.49750,0.99597,0.00003,0.00015,0.00385
144.60126,0.49750,0.99166,0.00005,0.00036,0.00793
144.70125,0.49750,0.96813,0.00015,0.00193,0.02978
144.80125,0.49750,0.89893,0.00025,0.00432,0.09650
144.90125,0.49750,0.68473,0.00018,0.00333,0.31175
145.00125,0.49750,0.33105,0.00022,0.00167,0.66706
145.10126,0.49750,0.10189,0.00003,0.00119,0.89689
145.20125,0.49750,0.11308,0.00001,0.00381,0.88310
145.30125,0.49750,0.15186,0.00002,0.00595,0.84217
145.40125,0.49750,0.42827,0.00010,0.02082,0.55082
145.50125,0.49750,0.83562,0.00007,0.03204,0.13226
145.60126,0.49750,0.96962,0.00020,0.00573,0.02445
145.70125,0.49750,0.98649,0.00019,0.00116,0.01216
145.80125,0.49750,0.99271,0.00026,0.00110,0.00593
145.90125,0.49750,0.99395,0.00025,0.00099,0.00482
146.00125,0.49750,0.99334,0.00050,0.00148,0.00468
146.10126,0.49750,0.99444,0.00063,0.00124,0.00369
146.20125,0.49750,0.99595,0.00044,0.00061,0.00300
146.30125,0.49750,0.99648,0.00029,0.00038,0.00285
146.40125,0.49750,0.99650,0.00020,0.00029,0.00301
146.50125,0.49750,0.99621,0.00009,0.00018,0.00351
146.60126,0.49750,0.99643,0.00006,0.00015,0.00336
146.70125,0.49750,0.99495,0.00007,0.00025,0.00473
146.80125,0.49750,0.98179,0.00014,0.00122,0.01686
146.90125,0.49750,0.94011,0.00024,0.00301,0.05665
147.00125,0.49750,0.75862,0.00015,0.00252,0.23871
147.10126,0.49750,0.30996,0.00013,0.00151,0.68840
147.20125,0.49750,0.10244,0.00001,0.00326,0.89430
147.30125,0.49750,0.11182,0.00001,0.00444,0.88373
147.40125,0.49750,0.22823,0.00003,0.01172,0.76003
147.50125,0.49750,0.60643,0.00013,0.03782,0.35563
147.60126,0.49750,0.75167,0.00016,0.10313,0.14505
147.70125,0.49750,0.88899,0.00158,0.03145,0.07798
147.80125,0.49750,0.83166,0.00136,0.05464,0.11234
147.90125,0.49750,0.76390,0.00112,0.06948,0.16551
148.00125,0.49750,0.75159,0.00154,0.10614,0.14074
148.10126,0.49750,0.92735,0.00113,0.03200,0.03952
148.20125,0.49750,0.98711,0.00047,0.00443,0.00799
148.30125,0.49750,0.99729,0.00022,0.00061,0.00188
148.40125,0.49750,0.99873,0.00016,0.00018,0.00094
148.50125,0.49750,0.99857,0.00011,0.00010,0.00122
148.60126,0.49750,0.99766,0.00010,0.00012,0.00212
148.70125,0.49750,0.99761,0.00007,0.00011,0.00221
148.80125,0.49750,0.99695,0.00006,0.00015,0.00285
148.90125,0.49750,0.99401,0.00006,0.00036,0.00558
149.00125,0.49750,0.97826,0.00014,0.00193,0.01967
149.10126,0.49750,0.92058,0.00027,0.00569,0.07346
149.20125,0.49750,0.59063,0.00074,0.00816,0.40047
149.30125,0.49750,0.14800,0.00021,0.00213,0.84967
149.40125,0.49750,0.03944,0.00003,0.00238,0.95816
149.50125,0.49750,0.06064,0.00008,0.00219,0.93709
149.60126,0.49750,0.19070,0.00013,0.00218,0.80699
149.70125,0.49750,0.50176,0.00014,0.00673,0.49137
149.80125,0.49750,0.81053,0.00036,0.02426,0.16484
149.90125,0.49750,0.97348,0.00054,0.00274,0.02324
150.00125,0.49750,0.98312,0.00019,0.00172,0.01497
150.10126,0.49750,0.98055,0.00020,0.00269,0.01656
150.20125,0.49750,0.98597,0.00017,0.00211,0.01175
150.30125,0.49750,0.99328,0.00013,0.00108,0.00551
150.40125,0.49750,0.99544,0.00014,0.00072,0.00369
150.50125,0.49750,0.99533,0.00017,0.00067,0.00382
150.60126,0.49750,0.99613,0.00015,0.00039,0.00333
150.70125,0.49750,0.99675,0.00012,0.00024,0.00288
150.80125,0.49750,0.99655,0.00009,0.00020,0.00317
150.90125,0.49750,0.99526,0.00008,0.00029,0.00438
151.00125,0.49750,0.98780,0.00014,0.00092,0.01114
151.10126,0.49750,0.95123,0.00033,0.00363,0.04481
151.20125,0.49750,0.82681,0.00048,0.00587,0.16684
151.30125,0.49750,0.46559,0.00055,0.00675,0.52712
151.40125,0.49750,0.18205,0.00036,0.00264,0.81495
151.50125,0.49750,0.06189,0.00002,0.00245,0.93564
151.60126,0.49750,0.04491,0.00003,0.00302,0.95205
151.70125,0.49750,0.10584,0.00017,0.01990,0.87409
151.80125,0.49750,0.38344,0.00078,0.06433,0.55146
151.90125,0.49750,0.61477,0.00089,0.12271,0.26163
152.00125,0.49750,0.89192,0.00455,0.03101,0.07252
152.10126,0.49750,0.93016,0.00156,0.02325,0.04502
152.20125,0.49750,0.93850,0.00056,0.01120,0.04974
152.30125,0.49750,0.95856,0.00022,0.00516,0.03606
152.40125,0.49750,0.98051,0.00013,0.00221,0.01714
152.50125,0.49750,0.99057,0.00009,0.00095,0.00840
152.60126,0.49750,0.99461,0.00006,0.00044,0.00489
152.70125,0.49750,0.99607,0.00005,0.00028,0.00361
152.80125,0.49750,0.99560,0.00007,0.00037,0.00396
152.90125,0.49750,0.99402,0.00006,0.00041,0.00551
153.00125,0.49750,0.99053,0.00007,0.00072,0.00868
153.10126,0.49750,0.97522,0.00013,0.00202,0.02263
153.20125,0.49750,0.92332,0.00026,0.00606,0.07036
153.30125,0.49750,0.71877,0.00101,0.01691,0.26330
153.40125,0.49750,0.46597,0.00392,0.02046,0.50965
153.50125,0.49750,0.09592,0.00020,0.00419,0.89970
153.60126,0.49750,0.05614,0.00021,0.00805,0.93561
153.70125,0.49750,0.07438,0.00056,0.01256,0.91250
153.80125,0.49750,0.23060,0.00056,0.01675,0.75209
153.90125,0.49750,0.42454,0.00034,0.02668,0.54844
154.00125,0.49750,0.81189,0.00246,0.03780,0.14785
154.10126,0.49750,0.91370,0.00103,0.01672,0.06855
154.20125,0.49750,0.94095,0.00042,0.01169,0.04693
154.30125,0.49750,0.94103,0.00053,0.01358,0.04485
154.40125,0.49750,0.97811,0.00034,0.00419,0.01736
154.50125,0.49750,0.99137,0.00022,0.00115,0.00726
154.60126,0.49750,0.99579,0.00016,0.00036,0.00369
154.70125,0.49750,0.99712,0.00014,0.00018,0.00256
154.80125,0.49750,0.99721,0.00008,0.00015,0.00256
154.90125,0.49750,0.99622,0.00007,0.00022,0.00348
155.00125,0.49750,0.99366,0.00007,0.00048,0.00579
155.10126,0.49750,0.97977,0.00012,0.00218,0.01793
155.20125,0.49750,0.92141,0.00029,0.01311,0.06519
155.30125,0.49750,0.77209,0.00046,0.03200,0.19545
155.40125,0.49750,0.45049,0.00032,0.02215,0.52703
155.50125,0.49750,0.19529,0.00014,0.00421,0.80036
155.60126,0.49750,0.10279,0.00004,0.00040,0.89677
155.70125,0.49750,0.07545,0.00002,0.00059,0.92393
155.80125,0.49750,0.08492,0.00005,0.00082,0.91421
155.90125,0.49750,0.27723,0.00032,0.00390,0.71855
156.00125,0.49750,0.73593,0.00080,0.01021,0.25305
156.10126,0.49750,0.95225,0.00086,0.01103,0.03587
156.20125,0.49750,0.98933,0.00039,0.00159,0.00869
156.30125,0.49750,0.99233,0.00016,0.00106,0.00645
156.40125,0.49750,0.98929,0.00011,0.00122,0.00938
156.50125,0.49750,0.98119,0.00012,0.00202,0.01666
156.60126,0.49750,0.98257,0.00016,0.00187,0.01540
156.70125,0.49750,0.98709,0.00015,0.00113,0.01163
156.80125,0.49750,0.99232,0.00012,0.00055,0.00701
156.90125,0.49750,0.99579,0.00008,0.00025,0.00388
157.00125,0.49750,0.99666,0.00006,0.00016,0.00311
157.10126,0.49750,0.99605,0.00005,0.00020,0.00371
157.20125,0.49750,0.99597,0.00006,0.00026,0.00372
157.30125,0.49750,0.99517,0.00006,0.00035,0.00443
157.40125,0.49750,0.98369,0.00011,0.00158,0.01462
157.50125,0.49750,0.94296,0.00023,0.00539,0.05141
157.60126,0.49750,0.81420,0.00028,0.00711,0.17841
157.70125,0.49750,0.34854,0.00021,0.00273,0.64853
157.80125,0.49750,0.08078,0.00006,0.00069,0.91848
157.90125,0.49750,0.04675,0.00002,0.00205,0.95119
158.00125,0.49750,0.04484,0.00006,0.00226,0.95284
158.10126,0.49750,0.11387,0.00019,0.00775,0.87818
158.20125,0.49750,0.46261,0.00053,0.04227,0.49459
158.30125,0.49750,0.86468,0.00058,0.03536,0.09937
158.40125,0.49750,0.97890,0.00057,0.00220,0.01833
158.50125,0.49750,0.99364,0.00009,0.00076,0.00551
158.60126,0.49750,0.99460,0.00006,0.00045,0.00489
158.70125,0.49750,0.99414,0.00006,0.00047,0.00533
158.80125,0.49750,0.99447,0.00006,0.00043,0.00504
158.90125,0.49750,0.99423,0.00007,0.00042,0.00528
159.00125,0.49750,0.99419,0.00007,0.00039,0.00534
159.10126,0.49750,0.99544,0.00007,0.00030,0.00419
159.20125,0.49750,0.99634,0.00006,0.00024,0.00337
159.30125,0.49750,0.99620,0.00006,0.00027,0.00348
159.40125,0.49750,0.98891,0.00010,0.00095,0.01003
159.50125,0.49750,0.96111,0.00020,0.00359,0.03509
159.60126,0.49750,0.86947,0.00024,0.00541,0.12488
159.70125,0.49750,0.46675,0.00012,0.00216,0.53097
159.80125,0.49750,0.13104,0.00012,0.00115,0.86769
159.90125,0.49750,0.05510,0.00001,0.00193,0.94296
160.00125,0.49750,0.04928,0.00002,0.00253,0.94817
160.10126,0.49750,0.14211,0.00009,0.00883,0.84898
160.20125,0.49750,0.58714,0.00046,0.04987,0.36253
160.30125,0.49750,0.91469,0.00018,0.02317,0.06195
160.40125,0.49750,0.99271,0.00036,0.00078,0.00615
160.50125,0.49750,0.99758,0.00010,0.00019,0.00213
160.60126,0.49750,0.99788,0.00005,0.00011,0.00196
160.70125,0.49750,0.99737,0.00005,0.00011,0.00248
160.80125,0.49750,0.99663,0.00006,0.00013,0.00318
160.90125,0.49750,0.99655,0.00007,0.00014,0.00324
161.00125,0.49750,0.99673,0.00007,0.00013,0.00307
161.10126,0.49750,0.99686,0.00007,0.00012,0.00295
161.20125,0.49750,0.99688,0.00007,0.00013,0.00292
161.30125,0.49750,0.99684,0.00007,0.00015,0.00294
161.40125,0.49750,0.99633,0.00007,0.00019,0.00341
161.50125,0.49750,0.99225,0.00009,0.00053,0.00714
161.60126,0.49750,0.96962,0.00020,0.00354,0.02665
161.70125,0.49750,0.88958,0.00043,0.01384,0.09616
161.80125,0.49750,0.69058,0.00048,0.02049,0.28845
161.90125,0.49750,0.26835,0.00014,0.00469,0.72681
162.00125,0.49750,0.10061,0.00006,0.00106,0.89827
162.10126,0.49750,0.08615,0.00001,0.00293,0.91091
162.20125,0.49750,0.08940,0.00002,0.00330,0.90728
162.30125,0.49750,0.22868,0.00009,0.01278,0.75844
162.40125,0.49750,0.68025,0.00091,0.09526,0.22358
162.50125,0.49750,0.90931,0.00068,0.05908,0.03093
162.60126,0.49750,0.98796,0.00158,0.00310,0.00736
162.70125,0.49750,0.99516,0.00036,0.00135,0.00312
162.80125,0.49750,0.99614,0.00013,0.00055,0.00318
162.90125,0.49750,0.99499,0.00006,0.00043,0.00451
163.00125,0.49750,0.99437,0.00007,0.00040,0.00516
163.10126,0.49750,0.99502,0.00007,0.00027,0.00464
163.20125,0.49750,0.99573,0.00007,0.00019,0.00401
163.30125,0.49750,0.99611,0.00007,0.00016,0.00366
163.40125,0.49750,0.99659,0.00007,0.00012,0.00322
163.50125,0.49750,0.99664,0.00006,0.00011,0.00319
163.60126,0.49750,0.99661,0.00006,0.00011,0.00323
163.70125,0.49750,0.99557,0.00006,0.00017,0.00420
163.80125,0.49750,0.99153,0.00011,0.00049,0.00787
163.90125,0.49750,0.96968,0.00027,0.00268,0.02738
164.00125,0.49750,0.90027,0.00045,0.00711,0.09218
164.10126,0.49750,0.69090,0.00040,0.00661,0.30209
164.20125,0.49750,0.30623,0.00039,0.00164,0.69174
164.30125,0.49750,0.07946,0.00006,0.00045,0.92003
164.40125,0.49750,0.04210,0.00001,0.00139,0.95649
164.50125,0.49750,0.06141,0.00003,0.00206,0.93650
164.60126,0.49750,0.19957,0.00014,0.00896,0.79133
164.70125,0.49750,0.68982,0.00020,0.03558,0.27439
164.80125,0.49750,0.95553,0.00017,0.01029,0.03401
164.90125,0.49750,0.99205,0.00014,0.00063,0.00718
165.00125,0.49750,0.99564,0.00009,0.00042,0.00385
165.10126,0.49750,0.99649,0.00009,0.00029,0.00313
165.20125,0.49750,0.99533,0.00017,0.00053,0.00397
165.30125,0.49750,0.99600,0.00018,0.00040,0.00341
165.40125,0.49750,0.99652,0.00019,0.00032,0.00297
165.50125,0.49750,0.99668,0.00017,0.00025,0.00290
165.60126,0.49750,0.99676,0.00010,0.00018,0.00296
165.70125,0.49750,0.99694,0.00006,0.00011,0.00289
165.80125,0.49750,0.99704,0.00006,0.00010,0.00280
165.90125,0.49750,0.99682,0.00006,0.00012,0.00300
166.00125,0.49750,0.99598,0.00006,0.00019,0.00378
166.10126,0.49750,0.99012,0.00010,0.00066,0.00912
166.20125,0.49750,0.96212,0.00026,0.00341,0.03422
166.30125,0.49750,0.88157,0.00037,0.00671,0.11135
166.40125,0.49750,0.54263,0.00018,0.00306,0.45413
166.50125,0.49750,0.19413,0.00026,0.00123,0.80438
166.60126,0.49750,0.05201,0.00001,0.00147,0.94651
166.70125,0.49750,0.03820,0.00001,0.00135,0.96043
166.80125,0.49750,0.11260,0.00003,0.00293,0.88445
166.90125,0.49750,0.51198,0.00026,0.01970,0.46805
167.00125,0.49750,0.88364,0.00014,0.01955,0.09668
167.10126,0.49750,0.99027,0.00037,0.00079,0.00858
167.20125,0.49750,0.99654,0.00010,0.00029,0.00307
167.30125,0.49750,0.99586,0.00010,0.00034,0.00370
167.40125,0.49750,0.99462,0.00010,0.00048,0.00480
167.50125,0.49750,0.99413,0.00012,0.00056,0.00519
167.60126,0.49750,0.99464,0.00015,0.00050,0.00471
167.70125,0.49750,0.99529,0.00014,0.00038,0.00419
167.80125,0.49750,0.99642,0.00014,0.00024,0.00320
167.90125,0.49750,0.99657,0.00016,0.00021,0.00307
168.00125,0.49750,0.99666,0.00012,0.00017,0.00305
168.10126,0.49750,0.99665,0.00011,0.00016,0.00307
168.20125,0.49750,0.99679,0.00012,0.00017,0.00291
168.30125,0.49750,0.99668,0.00010,0.00017,0.00304
168.40125,0.49750,0.99685,0.00007,0.00015,0.00292
168.50125,0.49750,0.99675,0.00007,0.00016,0.00303
168.60126,0.49750,0.99670,0.00006,0.00015,0.00309
168.70125,0.49750,0.99665,0.00006,0.00015,0.00313
168.80125,0.49750,0.99678,0.00006,0.00015,0.00302
168.90125,0.49750,0.99682,0.00007,0.00015,0.00296
169.00125,0.49750,0.99693,0.00008,0.00015,0.00284
169.10126,0.49750,0.99693,0.00007,0.00013,0.00286
169.20125,0.49750,0.99670,0.00007,0.00013,0.00310
169.30125,0.49750,0.99648,0.00007,0.00013,0.00332
169.40125,0.49750,0.99631,0.00006,0.00012,0.00350
169.50125,0.49750,0.99605,0.00005,0.00012,0.00378
169.60126,0.49750,0.99591,0.00005,0.00013,0.00390
169.70125,0.49750,0.99627,0.00006,0.00013,0.00354
169.80125,0.49750,0.99662,0.00006,0.00012,0.00320
169.90125,0.49750,0.99663,0.00006,0.00012,0.00319
170.00125,0.49750,0.99659,0.00007,0.00013,0.00321
170.10126,0.49750,0.99670,0.00007,0.00013,0.00310
170.20125,0.49750,0.99645,0.00008,0.00015,0.00332
170.30125,0.49750,0.99617,0.00009,0.00017,0.00357
170.40125,0.49750,0.99624,0.00009,0.00017,0.00351
170.50125,0.49750,0.99635,0.00007,0.00017,0.00340
170.60126,0.49750,0.99630,0.00006,0.00018,0.00346
170.70125,0.49750,0.99619,0.00006,0.00021,0.00355
170.80125,0.49750,0.99654,0.00007,0.00027,0.00313
170.90125,0.49750,0.99693,0.00007,0.00032,0.00268
171.00125,0.49750,0.99622,0.00008,0.00051,0.00320
171.10126,0.49750,0.99411,0.00010,0.00109,0.00471
171.20125,0.49750,0.98995,0.00013,0.00205,0.00787
171.30125,0.49750,0.96722,0.00019,0.00641,0.02618
171.40125,0.49750,0.87558,0.00041,0.02290,0.10111
171.50125,0.49750,0.71460,0.00067,0.03648,0.24825
171.60126,0.49750,0.47168,0.00058,0.01869,0.50905
171.70125,0.49750,0.17610,0.00030,0.00331,0.82029
171.80125,0.49750,0.07223,0.00006,0.00099,0.92672
171.90125,0.49750,0.03125,0.00002,0.00229,0.96644
172.00125,0.49750,0.04685,0.00003,0.00321,0.94991
172.10126,0.49750,0.15669,0.00009,0.00998,0.83324
172.20125,0.49750,0.55536,0.00015,0.03173,0.41277
172.30125,0.49750,0.89788,0.00024,0.01537,0.08652
172.40125,0.49750,0.98730,0.00020,0.00088,0.01162
172.50125,0.49750,0.99245,0.00012,0.00056,0.00686
172.60126,0.49750,0.99182,0.00010,0.00059,0.00749
172.70125,0.49750,0.99110,0.00013,0.00100,0.00777
172.80125,0.49750,0.99355,0.00013,0.00074,0.00558
172.90125,0.49750,0.99550,0.00013,0.00056,0.00380
173.00125,0.49750,0.99636,0.00012,0.00041,0.00311
173.10126,0.49750,0.99749,0.00011,0.00024,0.00217
173.20125,0.49750,0.99795,0.00009,0.00016,0.00180
173.30125,0.49750,0.99756,0.00007,0.00018,0.00220
173.40125,0.49750,0.99593,0.00006,0.00030,0.00371
173.50125,0.49750,0.99194,0.00007,0.00070,0.00728
173.60126,0.49750,0.97143,0.00016,0.00349,0.02492
173.70125,0.49750,0.89958,0.00031,0.01162,0.08849
173.80125,0.49750,0.71537,0.00040,0.01626,0.26798
173.90125,0.49750,0.30448,0.00020,0.00491,0.69041
174.00125,0.49750,0.11115,0.00011,0.00079,0.88794
174.10126,0.49750,0.05613,0.00001,0.00075,0.94310
174.20125,0.49750,0.04058,0.00003,0.00076,0.95862
174.30125,0.49750,0.08785,0.00009,0.00196,0.91010
174.40125,0.49750,0.41507,0.00042,0.01046,0.57405
174.50125,0.49750,0.81410,0.00055,0.02650,0.15885
174.60126,0.49750,0.97391,0.00089,0.00283,0.02237
174.70125,0.49750,0.98920,0.00016,0.00099,0.00965
174.80125,0.49750,0.98925,0.00013,0.00125,0.00937
174.90125,0.49750,0.98730,0.00020,0.00267,0.00982
175.00125,0.49750,0.98501,0.00026,0.00339,0.01133
175.10126,0.49750,0.98740,0.00032,0.00293,0.00935
175.20125,0.49750,0.99214,0.00031,0.00154,0.00601
175.30125,0.49750,0.99579,0.00023,0.00054,0.00344
175.40125,0.49750,0.99647,0.00011,0.00025,0.00317
175.50125,0.49750,0.99687,0.00007,0.00014,0.00291
175.60126,0.49750,0.99700,0.00005,0.00012,0.00283
175.70125,0.49750,0.99662,0.00005,0.00015,0.00318
175.80125,0.49750,0.99497,0.00006,0.00029,0.00468
175.90125,0.49750,0.98552,0.00013,0.00101,0.01334
176.00125,0.49750,0.94729,0.00027,0.00355,0.04889
176.10126,0.49750,0.83986,0.00042,0.00641,0.15331
176.20125,0.49750,0.47019,0.00033,0.00303,0.52645
176.30125,0.49750,0.14301,0.00015,0.00056,0.85627
176.40125,0.49750,0.08394,0.00001,0.00098,0.91507
176.50125,0.49750,0.08167,0.00004,0.00149,0.91680
176.60126,0.49750,0.16541,0.00009,0.00372,0.83078
176.70125,0.49750,0.57437,0.00022,0.01424,0.41117
176.80125,0.49750,0.87776,0.00022,0.03003,0.09200
176.90125,0.49750,0.98245,0.00049,0.00160,0.01547
177.00125,0.49750,0.99363,0.00011,0.00053,0.00573
177.10126,0.49750,0.99537,0.00008,0.00030,0.00425
177.20125,0.49750,0.99577,0.00009,0.00027,0.00387
177.30125,0.49750,0.99589,0.00009,0.00024,0.00377
177.40125,0.49750,0.99623,0.00010,0.00020,0.00347
177.50125,0.49750,0.99666,0.00009,0.00016,0.00308
177.60126,0.49750,0.99684,0.00007,0.00013,0.00295
177.70125,0.49750,0.99687,0.00006,0.00012,0.00295
177.80125,0.49750,0.99696,0.00006,0.00011,0.00286
177.90125,0.49750,0.99694,0.00006,0.00012,0.00288
178.00125,0.49750,0.99690,0.00006,0.00012,0.00292
178.10126,0.49750,0.99685,0.00007,0.00012,0.00296
178.20125,0.49750,0.99691,0.00007,0.00013,0.00289
178.30125,0.49750,0.99695,0.00008,0.00013,0.00284
178.40125,0.49750,0.99707,0.00007,0.00014,0.00272
178.50125,0.49750,0.99567,0.00007,0.00025,0.00402
178.60126,0.49750,0.98475,0.00014,0.00137,0.01375
178.70125,0.49750,0.94353,0.00031,0.00676,0.04941
178.80125,0.49750,0.82196,0.00038,0.01412,0.16354
178.90125,0.49750,0.38827,0.00027,0.00697,0.60449
179.00125,0.49750,0.15282,0.00035,0.00605,0.84078
179.10126,0.49750,0.08232,0.00003,0.00840,0.90925
179.20125,0.49750,0.06439,0.00007,0.00653,0.92902
179.30125,0.49750,0.10595,0.00014,0.01396,0.87994
179.40125,0.49750,0.39158,0.00047,0.07828,0.52967
179.50125,0.49750,0.78090,0.00031,0.04432,0.17447
179.60126,0.49750,0.97734,0.00090,0.00182,0.01994
179.70125,0.49750,0.99452,0.00011,0.00043,0.00494
179.80125,0.49750,0.99709,0.00007,0.00018,0.00266
179.90125,0.49750,0.99752,0.00006,0.00013,0.00228
180.00125,0.49750,0.99719,0.00007,0.00015,0.00258
180.10126,0.49750,0.99636,0.00008,0.00019,0.00337
180.20125,0.49750,0.99629,0.00007,0.00017,0.00346
180.30125,0.49750,0.99634,0.00007,0.00016,0.00342
180.40125,0.49750,0.99665,0.00007,0.00013,0.00315
180.50125,0.49750,0.99690,0.00005,0.00011,0.00294
180.60126,0.49750,0.99699,0.00005,0.00010,0.00285
180.70125,0.49750,0.99689,0.00005,0.00012,0.00294
180.80125,0.49750,0.99635,0.00006,0.00018,0.00341
180.90125,0.49750,0.99367,0.00007,0.00040,0.00586
181.00125,0.49750,0.97790,0.00015,0.00216,0.01980
181.10126,0.49750,0.92006,0.00037,0.01095,0.06863
181.20125,0.49750,0.74471,0.00047,0.01846,0.23636
181.30125,0.49750,0.32446,0.00043,0.00783,0.66728
181.40125,0.49750,0.23999,0.00161,0.00943,0.74897
181.50125,0.49750,0.07699,0.00014,0.00694,0.91593
181.60126,0.49750,0.04470,0.00011,0.01030,0.94489
181.70125,0.49750,0.05397,0.00022,0.02393,0.92189
181.80125,0.49750,0.19790,0.00049,0.14463,0.65698
181.90125,0.49750,0.42858,0.00017,0.07815,0.49309
182.00125,0.49750,0.94067,0.00037,0.00749,0.05147
182.10126,0.49750,0.98958,0.00008,0.00081,0.00954
182.20125,0.49750,0.99683,0.00004,0.00023,0.00290
182.30125,0.49750,0.99749,0.00004,0.00019,0.00228
182.40125,0.49750,0.99644,0.00004,0.00026,0.00326
182.50125,0.49750,0.99081,0.00006,0.00085,0.00828
182.60126,0.49750,0.97860,0.00009,0.00210,0.01921
182.70125,0.49750,0.96377,0.00010,0.00372,0.03242
182.80125,0.49750,0.94401,0.00011,0.00574,0.05014
182.90125,0.49750,0.94253,0.00011,0.00548,0.05188
183.00125,0.49750,0.96122,0.00009,0.00329,0.03541
183.10126,0.49750,0.97724,0.00006,0.00156,0.02113
183.20125,0.49750,0.98674,0.00005,0.00079,0.01242
