Time(Seconds),Length(Seconds),Label(string),Confidence(double),Comment(string)
4.156737,0.8816804000000001,Jab_R,1,
6.1619793,0.7957958,Jab_R,1,
7.8787484,0.7410585,Jab_R,1,
9.9718281,0.6722689,Jab_R,1,
11.6537635,0.6905318,Jab_R,1,
13.1202151,0.707374,Jab_R,1,
14.5939111,0.7242163,Jab_R,1,
15.7080927,0.6470588,Jab_R,1,
16.6618742,0.7184873,Jab_R,1,
17.611454,0.6260504,Jab_R,1,
18.5013854,0.6357946,Jab_R,1,
19.452972,0.7073741,Jab_R,1,
20.4129797,0.6779,Jab_R,1,
21.3133092,0.631584,Jab_R,1,
22.1512106,0.6357946,Jab_R,1,
23.0433781,0.640005,Jab_R,1,
23.9357449,0.6723133,Jab_R,1,
24.8203466,0.6694789,Jab_R,1,
25.6736044,0.698953,Jab_R,1,
26.5409798,0.5894784,Jab_R,1,
27.4294079,0.6273734,Jab_R,1,
28.2378354,0.6357945,Jab_R,1,
29.0807527,0.7157951,Jab_R,1,
29.9945563,0.6526367,Jab_R,1,
30.8702407,0.6273733,Jab_R,1,
31.7039315,0.6694791,Jab_R,1,
32.5418578,0.7368479,Jab_R,1,
33.4597599,0.6273734,Jab_R,1,
34.2667016,0.6779001,Jab_R,1,
35.1551298,0.6779001,Jab_R,1,
36.0014522,0.6736896,Jab_R,1,
36.8688277,0.6484262,Jab_R,1,
37.7400795,0.6736895,Jab_R,1,
38.586402,0.6863213,Jab_R,1,
39.495883,0.5515833,Jab_R,1,
40.3211528,0.6400051,Jab_R,1,
41.1885281,0.6357946,Jab_R,1,
41.9709743,0.6947423,Jab_R,1,
42.8172969,0.5810572,Jab_R,1,
44.6994172,0.6315839000000001,Jab_R,1,
45.5740994,0.5894783,Jab_R,1,
46.4330536,0.5389516,Jab_R,1,
47.2077967,0.6105311,Jab_R,1,
48.0598903,0.4715826,Jab_R,1,
48.847265,0.5389516,Jab_R,1,
50.5927653,0.7326373,Jab_R,1,
51.6075102,0.5936889,Jab_R,1,
52.6969309,0.6357946,Jab_R,1,
53.757992,0.6147417,Jab_R,1,
54.7643159,0.7200057,Jab_R,1,
55.790194299999996,0.6442157000000001,Jab_R,1,
57.3859965,0.6694791,Jab_R,1,
58.5343775,0.5347411,Jab_R,1,
59.7764927,0.6610579,Jab_R,1,
60.7743954,0.6779001,Jab_R,1,
61.7845833,0.6273734,Jab_R,1,
62.7909072,0.6863212,Jab_R,1,
63.8435472,0.7326373,Jab_R,1,
64.8816733,0.6568474,Jab_R,1,
65.8753655,0.60211,Jab_R,1,
67.0218145,0.5389516,Jab_R,1,
67.9523482,0.60211,Jab_R,1,
69.0972616,0.5221094,Jab_R,1,
70.1288488,0.5978994,Jab_R,1,
71.2071609,0.4842143,Jab_R,1,
72.1671686,0.5600045,Jab_R,1,
73.1639445,0.5978995,Jab_R,1,
74.2058848,0.7031634,Jab_R,1,
75.3637888,0.4926355,Jab_R,1,
78.6289297,0.6568474,Jab_R,1,
80.2285835,0.6147418,Jab_R,1,
81.823306,0.6400051,Jab_R,1,
83.607038,0.7031635,Jab_R,1,
84.9291539,0.6231628,Jab_R,1,
86.2081785,0.6512605,Jab_R,1,
87.3866226,0.7073741,Jab_R,1,
88.5250468,0.6694789,Jab_R,1,
89.5987396,0.7326374,Jab_R,1,
90.676643,0.5978994,Jab_R,1,
95.1402953,0.6947423,Jab_R,1,
