Time (seconds), Duration (seconds),pred_(unlabeled),pred_Jab_R,pred_Sidehook_R,pred_Uppercut_R
0.00125,0.49750,0.99756,0.00014,0.00015,0.00215
0.10125,0.49750,0.99788,0.00005,0.00007,0.00201
0.20125,0.49750,0.99752,0.00005,0.00007,0.00235
0.30125,0.49750,0.99716,0.00005,0.00008,0.00271
0.40125,0.49750,0.99724,0.00005,0.00008,0.00263
0.50125,0.49750,0.99706,0.00005,0.00009,0.00280
0.60125,0.49750,0.99406,0.00055,0.00054,0.00485
0.70125,0.49750,0.98353,0.01103,0.00208,0.00336
0.80125,0.49750,0.77225,0.21865,0.00041,0.00869
0.90125,0.49750,0.16769,0.82780,0.00038,0.00413
1.00125,0.49750,0.01612,0.98358,0.00006,0.00024
1.10125,0.49750,0.01089,0.98901,0.00002,0.00008
1.20125,0.49750,0.01551,0.98430,0.00005,0.00013
1.30125,0.49750,0.03842,0.95936,0.00214,0.00009
1.40125,0.49750,0.25076,0.74343,0.00553,0.00028
1.50125,0.49750,0.84242,0.14745,0.00875,0.00139
1.60125,0.49750,0.98379,0.01087,0.00319,0.00215
1.70125,0.49750,0.99643,0.00075,0.00060,0.00222
1.80125,0.49750,0.99742,0.00005,0.00008,0.00245
1.90125,0.49750,0.99724,0.00004,0.00007,0.00264
2.00125,0.49750,0.99122,0.00030,0.00047,0.00802
2.10125,0.49750,0.98509,0.00554,0.00237,0.00700
2.20125,0.49750,0.87050,0.11944,0.00226,0.00780
2.30125,0.49750,0.24643,0.74632,0.00094,0.00632
2.40125,0.49750,0.02149,0.97762,0.00033,0.00055
2.50125,0.49750,0.00964,0.99024,0.00006,0.00007
2.60125,0.49750,0.01046,0.98940,0.00008,0.00006
2.70125,0.49750,0.02002,0.97855,0.00137,0.00006
2.80125,0.49750,0.07717,0.91370,0.00905,0.00009
2.90125,0.49750,0.57182,0.41559,0.01203,0.00056
3.00125,0.49750,0.94552,0.04372,0.00937,0.00139
3.10125,0.49750,0.99467,0.00233,0.00119,0.00181
3.20125,0.49750,0.99766,0.00014,0.00016,0.00204
3.30125,0.49750,0.99781,0.00003,0.00006,0.00211
3.40125,0.49750,0.99767,0.00003,0.00006,0.00224
3.50125,0.49750,0.99535,0.00008,0.00015,0.00442
3.60125,0.49750,0.99188,0.00163,0.00103,0.00547
3.70125,0.49750,0.95890,0.03402,0.00206,0.00502
3.80125,0.49750,0.51967,0.47385,0.00064,0.00584
3.90125,0.49750,0.04513,0.95385,0.00013,0.00089
4.00125,0.49750,0.00921,0.99070,0.00003,0.00006
4.10125,0.49750,0.00915,0.99079,0.00002,0.00004
4.20125,0.49750,0.01345,0.98636,0.00013,0.00005
4.30125,0.49750,0.04087,0.95629,0.00277,0.00007
4.40125,0.49750,0.40350,0.58325,0.01284,0.00041
4.50125,0.49750,0.90718,0.08193,0.00942,0.00147
4.60125,0.49750,0.99006,0.00552,0.00249,0.00193
4.70125,0.49750,0.99709,0.00034,0.00031,0.00226
4.80125,0.49750,0.99765,0.00004,0.00006,0.00224
4.90125,0.49750,0.99752,0.00004,0.00007,0.00237
5.00125,0.49750,0.99385,0.00021,0.00031,0.00563
5.10125,0.49750,0.99002,0.00387,0.00155,0.00456
5.20125,0.49750,0.91552,0.07568,0.00084,0.00796
5.30125,0.49750,0.36311,0.63047,0.00063,0.00579
5.40125,0.49750,0.02755,0.97178,0.00015,0.00052
5.50125,0.49750,0.00971,0.99019,0.00004,0.00006
5.60125,0.49750,0.00991,0.98999,0.00006,0.00004
5.70125,0.49750,0.02204,0.97654,0.00138,0.00004
5.80125,0.49750,0.08594,0.90563,0.00834,0.00010
5.90125,0.49750,0.60737,0.37706,0.01495,0.00062
6.00125,0.49750,0.94783,0.04174,0.00885,0.00158
6.10125,0.49750,0.99378,0.00262,0.00129,0.00231
6.20125,0.49750,0.99728,0.00018,0.00021,0.00233
6.30125,0.49750,0.99672,0.00006,0.00010,0.00312
6.40125,0.49750,0.99514,0.00011,0.00019,0.00456
6.50125,0.49750,0.98752,0.00130,0.00136,0.00981
6.60125,0.49750,0.95766,0.02866,0.00799,0.00570
6.70125,0.49750,0.53402,0.45775,0.00230,0.00593
6.80125,0.49750,0.06186,0.93617,0.00046,0.00151
6.90125,0.49750,0.01172,0.98797,0.00022,0.00008
7.00125,0.49750,0.00845,0.99149,0.00004,0.00003
7.10125,0.49750,0.01310,0.98680,0.00005,0.00005
7.20125,0.49750,0.03750,0.96105,0.00139,0.00006
7.30125,0.49750,0.27637,0.71817,0.00531,0.00015
7.40125,0.49750,0.82023,0.17522,0.00357,0.00098
7.50125,0.49750,0.98294,0.01294,0.00251,0.00161
7.60125,0.49750,0.99686,0.00080,0.00046,0.00187
7.70125,0.49750,0.99796,0.00005,0.00007,0.00192
7.80125,0.49750,0.99783,0.00003,0.00005,0.00209
7.90125,0.49750,0.99762,0.00003,0.00006,0.00229
8.00125,0.49750,0.99457,0.00015,0.00024,0.00505
8.10125,0.49750,0.99100,0.00327,0.00183,0.00391
8.20125,0.49750,0.90924,0.08400,0.00106,0.00570
8.30125,0.49750,0.33884,0.65571,0.00065,0.00480
8.40125,0.49750,0.03016,0.96899,0.00037,0.00048
8.50125,0.49750,0.00959,0.99031,0.00005,0.00005
8.60125,0.49750,0.01114,0.98876,0.00005,0.00005
8.70125,0.49750,0.03000,0.96858,0.00136,0.00007
8.80125,0.49750,0.19906,0.79345,0.00734,0.00015
8.90125,0.49750,0.69247,0.30127,0.00570,0.00057
9.00125,0.49750,0.97010,0.02447,0.00424,0.00119
9.10125,0.49750,0.99614,0.00152,0.00075,0.00159
9.20125,0.49750,0.99798,0.00009,0.00011,0.00182
9.30125,0.49750,0.99741,0.00005,0.00008,0.00246
9.40125,0.49750,0.99582,0.00009,0.00015,0.00395
9.50125,0.49750,0.99073,0.00144,0.00127,0.00656
9.60125,0.49750,0.96047,0.03099,0.00363,0.00492
9.70125,0.49750,0.57323,0.41786,0.00164,0.00726
9.80125,0.49750,0.07418,0.92344,0.00063,0.00174
9.90125,0.49750,0.01331,0.98645,0.00013,0.00010
10.00125,0.49750,0.01037,0.98950,0.00009,0.00004
10.10125,0.49750,0.01862,0.98104,0.00027,0.00008
10.20125,0.49750,0.03183,0.96349,0.00463,0.00005
10.30125,0.49750,0.11634,0.86897,0.01459,0.00010
10.40125,0.49750,0.66472,0.30174,0.03262,0.00091
10.50125,0.49750,0.96754,0.02328,0.00725,0.00193
10.60125,0.49750,0.99512,0.00150,0.00110,0.00228
10.70125,0.49750,0.99693,0.00013,0.00017,0.00277
10.80125,0.49750,0.99623,0.00005,0.00011,0.00361
10.90125,0.49750,0.98873,0.00070,0.00110,0.00947
11.00125,0.49750,0.96356,0.01906,0.01266,0.00471
11.10125,0.49750,0.59121,0.40060,0.00277,0.00543
11.20125,0.49750,0.07373,0.92412,0.00086,0.00129
11.30125,0.49750,0.00960,0.98998,0.00033,0.00009
11.40125,0.49750,0.00645,0.99344,0.00009,0.00002
11.50125,0.49750,0.00984,0.99003,0.00009,0.00004
11.60125,0.49750,0.04252,0.95213,0.00528,0.00007
11.70125,0.49750,0.31415,0.67334,0.01237,0.00014
11.80125,0.49750,0.76410,0.22648,0.00889,0.00053
11.90125,0.49750,0.97718,0.01821,0.00345,0.00116
12.00125,0.49750,0.99698,0.00103,0.00047,0.00152
12.10125,0.49750,0.99824,0.00008,0.00009,0.00159
12.20125,0.49750,0.99727,0.00006,0.00009,0.00257
12.30125,0.49750,0.99622,0.00008,0.00013,0.00358
12.40125,0.49750,0.99162,0.00106,0.00111,0.00620
12.50125,0.49750,0.95819,0.02756,0.01100,0.00325
12.60125,0.49750,0.54282,0.45068,0.00307,0.00344
12.70125,0.49750,0.06045,0.93743,0.00114,0.00098
12.80125,0.49750,0.01170,0.98777,0.00045,0.00008
12.90125,0.49750,0.00993,0.98991,0.00012,0.00003
13.00125,0.49750,0.01546,0.98433,0.00014,0.00007
13.10125,0.49750,0.06175,0.93252,0.00563,0.00010
13.20125,0.49750,0.50267,0.48683,0.01017,0.00033
13.30125,0.49750,0.88049,0.11141,0.00697,0.00113
13.40125,0.49750,0.98682,0.00819,0.00312,0.00187
13.50125,0.49750,0.99683,0.00047,0.00040,0.00231
13.60125,0.49750,0.99717,0.00006,0.00010,0.00267
13.70125,0.49750,0.99611,0.00009,0.00015,0.00365
13.80125,0.49750,0.99319,0.00064,0.00082,0.00536
13.90125,0.49750,0.97306,0.01606,0.00812,0.00275
14.00125,0.49750,0.63589,0.35878,0.00160,0.00373
14.10125,0.49750,0.09795,0.90032,0.00058,0.00115
14.20125,0.49750,0.00951,0.99013,0.00031,0.00006
14.30125,0.49750,0.00693,0.99296,0.00008,0.00002
14.40125,0.49750,0.01332,0.98653,0.00007,0.00007
14.50125,0.49750,0.05297,0.94323,0.00369,0.00011
14.60125,0.49750,0.38656,0.60121,0.01181,0.00042
14.70125,0.49750,0.87932,0.11316,0.00559,0.00193
14.80125,0.49750,0.98458,0.00968,0.00261,0.00313
14.90125,0.49750,0.99559,0.00070,0.00048,0.00322
15.00125,0.49750,0.99648,0.00007,0.00013,0.00331
15.10125,0.49750,0.99584,0.00009,0.00016,0.00391
15.20125,0.49750,0.99305,0.00134,0.00126,0.00434
15.30125,0.49750,0.96139,0.02771,0.00825,0.00265
15.40125,0.49750,0.57938,0.41358,0.00295,0.00409
15.50125,0.49750,0.07704,0.92088,0.00093,0.00115
15.60125,0.49750,0.01166,0.98783,0.00042,0.00009
15.70125,0.49750,0.01185,0.98800,0.00007,0.00008
15.80125,0.49750,0.02099,0.97873,0.00009,0.00020
15.90125,0.49750,0.07508,0.92247,0.00224,0.00021
16.00125,0.49750,0.44818,0.54556,0.00589,0.00037
16.10125,0.49750,0.90619,0.08939,0.00314,0.00128
16.20125,0.49750,0.98916,0.00686,0.00238,0.00161
16.30125,0.49750,0.99767,0.00046,0.00036,0.00151
16.40125,0.49750,0.99745,0.00008,0.00011,0.00236
16.50125,0.49750,0.99276,0.00017,0.00032,0.00676
16.60125,0.49750,0.98372,0.00277,0.00335,0.01016
16.70125,0.49750,0.91610,0.05861,0.01940,0.00588
16.80125,0.49750,0.34428,0.64702,0.00265,0.00604
16.90125,0.49750,0.03730,0.96047,0.00120,0.00103
17.00125,0.49750,0.01002,0.98953,0.00038,0.00007
17.10125,0.49750,0.00950,0.99034,0.00012,0.00004
17.20125,0.49750,0.01561,0.98413,0.00019,0.00007
17.30125,0.49750,0.03359,0.95976,0.00661,0.00005
17.40125,0.49750,0.19428,0.79229,0.01329,0.00014
17.50125,0.49750,0.78682,0.19992,0.01222,0.00104
17.60125,0.49750,0.97841,0.01529,0.00439,0.00192
17.70125,0.49750,0.99592,0.00101,0.00079,0.00228
17.80125,0.49750,0.99626,0.00011,0.00017,0.00347
17.90125,0.49750,0.98820,0.00036,0.00071,0.01074
18.00125,0.49750,0.97631,0.00827,0.00683,0.00859
18.10125,0.49750,0.78426,0.20124,0.00799,0.00651
18.20125,0.49750,0.13624,0.86070,0.00123,0.00183
18.30125,0.49750,0.01492,0.98475,0.00019,0.00014
18.40125,0.49750,0.00666,0.99329,0.00004,0.00002
18.50125,0.49750,0.01016,0.98978,0.00002,0.00003
18.60125,0.49750,0.02625,0.97320,0.00049,0.00006
18.70125,0.49750,0.21185,0.78288,0.00508,0.00019
18.80125,0.49750,0.62832,0.36038,0.01074,0.00056
18.90125,0.49750,0.94561,0.04581,0.00728,0.00130
19.00125,0.49750,0.99397,0.00303,0.00154,0.00145
19.10125,0.49750,0.99776,0.00019,0.00019,0.00186
19.20125,0.49750,0.99646,0.00014,0.00019,0.00321
19.30125,0.49750,0.99132,0.00037,0.00059,0.00772
19.40125,0.49750,0.98159,0.00748,0.00597,0.00496
19.50125,0.49750,0.80445,0.18465,0.00714,0.00376
19.60125,0.49750,0.15201,0.84499,0.00118,0.00181
19.70125,0.49750,0.01487,0.98438,0.00061,0.00014
19.80125,0.49750,0.00738,0.99249,0.00010,0.00002
19.90125,0.49750,0.01125,0.98866,0.00005,0.00004
20.00125,0.49750,0.03455,0.96465,0.00069,0.00012
20.10125,0.49750,0.33428,0.65899,0.00647,0.00027
20.20125,0.49750,0.83681,0.15957,0.00292,0.00070
20.30125,0.49750,0.98341,0.01367,0.00167,0.00124
20.40125,0.49750,0.99695,0.00099,0.00050,0.00156
20.50125,0.49750,0.99805,0.00007,0.00009,0.00178
20.60125,0.49750,0.99422,0.00021,0.00031,0.00526
20.70125,0.49750,0.98864,0.00285,0.00254,0.00597
20.80125,0.49750,0.91509,0.06271,0.01917,0.00304
20.90125,0.49750,0.30233,0.69327,0.00170,0.00271
21.00125,0.49750,0.02290,0.97643,0.00031,0.00036
21.10125,0.49750,0.00719,0.99266,0.00011,0.00004
21.20125,0.49750,0.00787,0.99207,0.00003,0.00004
21.30125,0.49750,0.01248,0.98740,0.00004,0.00008
21.40125,0.49750,0.05435,0.94336,0.00218,0.00011
21.50125,0.49750,0.55147,0.44179,0.00636,0.00037
21.60125,0.49750,0.93516,0.06002,0.00368,0.00114
21.70125,0.49750,0.99242,0.00423,0.00174,0.00162
21.80125,0.49750,0.99768,0.00028,0.00026,0.00178
21.90125,0.49750,0.99754,0.00005,0.00009,0.00232
22.00125,0.49750,0.99148,0.00027,0.00047,0.00778
22.10125,0.49750,0.98470,0.00490,0.00393,0.00648
22.20125,0.49750,0.88113,0.10209,0.01271,0.00407
22.30125,0.49750,0.27020,0.72393,0.00086,0.00501
22.40125,0.49750,0.02350,0.97548,0.00035,0.00066
22.50125,0.49750,0.00969,0.99015,0.00007,0.00009
22.60125,0.49750,0.01307,0.98676,0.00005,0.00012
22.70125,0.49750,0.02645,0.97305,0.00022,0.00029
22.80125,0.49750,0.13788,0.85404,0.00770,0.00039
22.90125,0.49750,0.65263,0.33692,0.00923,0.00122
23.00125,0.49750,0.94887,0.04289,0.00584,0.00240
23.10125,0.49750,0.99341,0.00271,0.00111,0.00277
23.20125,0.49750,0.99635,0.00022,0.00023,0.00319
23.30125,0.49750,0.99579,0.00009,0.00017,0.00395
23.40125,0.49750,0.98942,0.00054,0.00085,0.00919
23.50125,0.49750,0.97714,0.00996,0.00698,0.00592
23.60125,0.49750,0.78225,0.19764,0.01613,0.00399
23.70125,0.49750,0.14569,0.85106,0.00183,0.00143
23.80125,0.49750,0.01414,0.98522,0.00052,0.00012
23.90125,0.49750,0.00715,0.99273,0.00010,0.00002
24.00125,0.49750,0.01091,0.98901,0.00004,0.00004
24.10125,0.49750,0.02510,0.97456,0.00024,0.00010
24.20125,0.49750,0.19979,0.79550,0.00433,0.00039
24.30125,0.49750,0.77881,0.21502,0.00454,0.00163
24.40125,0.49750,0.97671,0.01762,0.00275,0.00292
24.50125,0.49750,0.99488,0.00124,0.00097,0.00290
24.60125,0.49750,0.99646,0.00011,0.00018,0.00325
24.70125,0.49750,0.99325,0.00019,0.00035,0.00622
24.80125,0.49750,0.98805,0.00310,0.00304,0.00581
24.90125,0.49750,0.91044,0.06813,0.01819,0.00324
25.00125,0.49750,0.37289,0.62038,0.00325,0.00348
25.10125,0.49750,0.04308,0.95437,0.00195,0.00060
25.20125,0.49750,0.01212,0.98728,0.00054,0.00007
25.30125,0.49750,0.01522,0.98456,0.00015,0.00007
25.40125,0.49750,0.02894,0.97062,0.00027,0.00017
25.50125,0.49750,0.06644,0.92681,0.00662,0.00012
25.60125,0.49750,0.45915,0.52998,0.01034,0.00053
25.70125,0.49750,0.90976,0.08148,0.00712,0.00164
25.80125,0.49750,0.98885,0.00587,0.00305,0.00223
25.90125,0.49750,0.99668,0.00035,0.00043,0.00255
26.00125,0.49750,0.99380,0.00013,0.00028,0.00579
26.10125,0.49750,0.98721,0.00174,0.00218,0.00888
26.20125,0.49750,0.93468,0.04060,0.02033,0.00438
26.30125,0.49750,0.40285,0.58931,0.00366,0.00418
26.40125,0.49750,0.03677,0.96208,0.00062,0.00052
26.50125,0.49750,0.00914,0.99066,0.00014,0.00005
26.60125,0.49750,0.00871,0.99121,0.00005,0.00003
26.70125,0.49750,0.01519,0.98467,0.00006,0.00008
26.80125,0.49750,0.09917,0.89706,0.00358,0.00019
26.90125,0.49750,0.52037,0.46565,0.01321,0.00077
27.00125,0.49750,0.90115,0.08729,0.00978,0.00178
27.10125,0.49750,0.98542,0.00750,0.00441,0.00268
27.20125,0.49750,0.99570,0.00048,0.00052,0.00330
27.30125,0.49750,0.99675,0.00013,0.00017,0.00295
27.40125,0.49750,0.99675,0.00011,0.00016,0.00298
27.50125,0.49750,0.99642,0.00014,0.00021,0.00323
27.60125,0.49750,0.99611,0.00016,0.00028,0.00345
27.70125,0.49750,0.99510,0.00019,0.00046,0.00426
27.80125,0.49750,0.99332,0.00021,0.00078,0.00569
27.90125,0.49750,0.99215,0.00016,0.00100,0.00668
28.00125,0.49750,0.99261,0.00013,0.00094,0.00632
28.10125,0.49750,0.99373,0.00014,0.00075,0.00538
28.20125,0.49750,0.99590,0.00018,0.00049,0.00344
28.30125,0.49750,0.99696,0.00022,0.00032,0.00250
28.40125,0.49750,0.99721,0.00027,0.00026,0.00227
28.50125,0.49750,0.99703,0.00026,0.00023,0.00248
28.60125,0.49750,0.99656,0.00019,0.00024,0.00301
28.70125,0.49750,0.99526,0.00012,0.00024,0.00437
28.80125,0.49750,0.99468,0.00011,0.00025,0.00497
28.90125,0.49750,0.99566,0.00013,0.00026,0.00394
29.00125,0.49750,0.99751,0.00019,0.00026,0.00203
29.10125,0.49750,0.99859,0.00030,0.00024,0.00087
29.20125,0.49750,0.99886,0.00047,0.00025,0.00042
29.30125,0.49750,0.99909,0.00043,0.00019,0.00030
29.40125,0.49750,0.99801,0.00051,0.00051,0.00097
29.50125,0.49750,0.99148,0.00074,0.00214,0.00563
29.60125,0.49750,0.95029,0.00192,0.02427,0.02352
29.70125,0.49750,0.80401,0.00475,0.17790,0.01334
29.80125,0.49750,0.16096,0.00640,0.83142,0.00122
29.90125,0.49750,0.08534,0.00143,0.91301,0.00022
30.00125,0.49750,0.06894,0.00735,0.92363,0.00007
30.10125,0.49750,0.07973,0.00532,0.91483,0.00012
30.20125,0.49750,0.05194,0.00560,0.94224,0.00022
30.30125,0.49750,0.10718,0.02360,0.86864,0.00057
30.40125,0.49750,0.07795,0.27875,0.64300,0.00030
30.50125,0.49750,0.11207,0.19793,0.68961,0.00038
30.60125,0.49750,0.40466,0.31167,0.28299,0.00069
30.70125,0.49750,0.86172,0.09089,0.04588,0.00151
30.80125,0.49750,0.97369,0.01130,0.00956,0.00545
30.90125,0.49750,0.96447,0.00222,0.00743,0.02588
31.00125,0.49750,0.96634,0.00155,0.01755,0.01456
31.10125,0.49750,0.87288,0.00648,0.11529,0.00535
31.20125,0.49750,0.28583,0.01638,0.69703,0.00077
31.30125,0.49750,0.12048,0.00440,0.87491,0.00021
31.40125,0.49750,0.14665,0.01220,0.84101,0.00014
31.50125,0.49750,0.08821,0.01300,0.89853,0.00025
31.60125,0.49750,0.06238,0.02676,0.91055,0.00031
31.70125,0.49750,0.11961,0.12508,0.75459,0.00071
31.80125,0.49750,0.05373,0.46352,0.48260,0.00015
31.90125,0.49750,0.08604,0.58837,0.32543,0.00015
32.00125,0.49750,0.39597,0.40643,0.19698,0.00062
32.10125,0.49750,0.89244,0.06769,0.03812,0.00175
32.20125,0.49750,0.98728,0.00480,0.00495,0.00297
32.30125,0.49750,0.99531,0.00034,0.00050,0.00385
32.40125,0.49750,0.99469,0.00009,0.00026,0.00496
32.50125,0.49750,0.98243,0.00019,0.00112,0.01626
32.60125,0.49750,0.96074,0.00081,0.01554,0.02291
32.70125,0.49750,0.80801,0.00428,0.17923,0.00848
32.80125,0.49750,0.12298,0.00674,0.86976,0.00052
32.90125,0.49750,0.03339,0.00075,0.96582,0.00005
33.00125,0.49750,0.02681,0.00306,0.97011,0.00002
33.10125,0.49750,0.04413,0.00179,0.95399,0.00009
33.20125,0.49750,0.05076,0.00381,0.94524,0.00019
33.30125,0.49750,0.12186,0.00737,0.86983,0.00093
33.40125,0.49750,0.08134,0.17643,0.74147,0.00076
33.50125,0.49750,0.07265,0.15997,0.76698,0.00040
33.60125,0.49750,0.21642,0.42566,0.35746,0.00046
33.70125,0.49750,0.70336,0.19503,0.10034,0.00126
33.80125,0.49750,0.96248,0.02598,0.00973,0.00180
33.90125,0.49750,0.98884,0.00304,0.00242,0.00569
34.00125,0.49750,0.98141,0.00156,0.00704,0.01000
34.10125,0.49750,0.93735,0.00402,0.05376,0.00488
34.20125,0.49750,0.54614,0.00883,0.44360,0.00143
34.30125,0.49750,0.12583,0.00189,0.87204,0.00024
34.40125,0.49750,0.02679,0.00096,0.97218,0.00006
34.50125,0.49750,0.04344,0.00112,0.95527,0.00017
34.60125,0.49750,0.03404,0.00109,0.96448,0.00039
34.70125,0.49750,0.08257,0.00538,0.91049,0.00155
34.80125,0.49750,0.11932,0.15213,0.72688,0.00166
34.90125,0.49750,0.15173,0.31939,0.52819,0.00070
35.00125,0.49750,0.46406,0.35591,0.17936,0.00067
35.10125,0.49750,0.87746,0.09697,0.02476,0.00080
35.20125,0.49750,0.98423,0.00962,0.00464,0.00151
35.30125,0.49750,0.98448,0.00213,0.00436,0.00903
35.40125,0.49750,0.97525,0.00084,0.01120,0.01271
35.50125,0.49750,0.85381,0.00437,0.13484,0.00697
35.60125,0.49750,0.16853,0.01022,0.82058,0.00066
35.70125,0.49750,0.08944,0.00303,0.90747,0.00005
35.80125,0.49750,0.09350,0.01067,0.89580,0.00003
35.90125,0.49750,0.15252,0.01521,0.83217,0.00010
36.00125,0.49750,0.14515,0.03500,0.81968,0.00017
36.10125,0.49750,0.29226,0.10468,0.60261,0.00045
36.20125,0.49750,0.07507,0.64921,0.27544,0.00028
36.30125,0.49750,0.05611,0.52171,0.42207,0.00011
36.40125,0.49750,0.14735,0.69870,0.15382,0.00013
36.50125,0.49750,0.64953,0.28849,0.06138,0.00060
36.60125,0.49750,0.96649,0.02446,0.00760,0.00145
36.70125,0.49750,0.98938,0.00326,0.00259,0.00476
36.80125,0.49750,0.98013,0.00107,0.00422,0.01458
36.90125,0.49750,0.96394,0.00233,0.02425,0.00947
37.00125,0.49750,0.77091,0.00929,0.21466,0.00514
37.10125,0.49750,0.14272,0.01588,0.84104,0.00036
37.20125,0.49750,0.05519,0.00219,0.94256,0.00005
37.30125,0.49750,0.07937,0.01272,0.90786,0.00005
37.40125,0.49750,0.04046,0.01813,0.94136,0.00004
37.50125,0.49750,0.03633,0.03587,0.92774,0.00006
37.60125,0.49750,0.05412,0.10745,0.83826,0.00018
37.70125,0.49750,0.02827,0.68785,0.28382,0.00005
37.80125,0.49750,0.05756,0.56018,0.38216,0.00010
37.90125,0.49750,0.37448,0.44737,0.17786,0.00029
38.00125,0.49750,0.87291,0.09824,0.02828,0.00057
38.10125,0.49750,0.98299,0.01029,0.00534,0.00137
38.20125,0.49750,0.98661,0.00253,0.00485,0.00601
38.30125,0.49750,0.97281,0.00231,0.01934,0.00554
38.40125,0.49750,0.78689,0.00940,0.19826,0.00545
38.50125,0.49750,0.13546,0.01545,0.84859,0.00050
38.60125,0.49750,0.06070,0.00234,0.93690,0.00005
38.70125,0.49750,0.04148,0.00443,0.95406,0.00004
38.80125,0.49750,0.05669,0.00289,0.94023,0.00019
38.90125,0.49750,0.05788,0.00729,0.93450,0.00032
39.00125,0.49750,0.13965,0.02184,0.83738,0.00113
39.10125,0.49750,0.12515,0.46618,0.40752,0.00115
39.20125,0.49750,0.20350,0.48700,0.30868,0.00082
39.30125,0.49750,0.19924,0.63710,0.16322,0.00044
39.40125,0.49750,0.69627,0.23305,0.06924,0.00144
39.50125,0.49750,0.96161,0.02265,0.01255,0.00319
39.60125,0.49750,0.99071,0.00189,0.00313,0.00427
39.70125,0.49750,0.99489,0.00026,0.00073,0.00412
39.80125,0.49750,0.99640,0.00011,0.00022,0.00327
39.90125,0.49750,0.99534,0.00009,0.00022,0.00435
40.00125,0.49750,0.98895,0.00016,0.00057,0.01033
40.10125,0.49750,0.97804,0.00071,0.00904,0.01221
40.20125,0.49750,0.91488,0.00341,0.07660,0.00511
40.30125,0.49750,0.30879,0.01360,0.67707,0.00054
40.40125,0.49750,0.08063,0.00427,0.91506,0.00004
40.50125,0.49750,0.02845,0.00632,0.96521,0.00002
40.60125,0.49750,0.05852,0.00668,0.93471,0.00009
40.70125,0.49750,0.04813,0.01071,0.94097,0.00019
40.80125,0.49750,0.14315,0.01912,0.83660,0.00113
40.90125,0.49750,0.09980,0.20068,0.69791,0.00161
41.00125,0.49750,0.12947,0.22363,0.64623,0.00067
41.10125,0.49750,0.26599,0.46403,0.26967,0.00031
41.20125,0.49750,0.75225,0.17415,0.07290,0.00070
41.30125,0.49750,0.96061,0.02968,0.00878,0.00093
41.40125,0.49750,0.99352,0.00214,0.00192,0.00242
41.50125,0.49750,0.98702,0.00074,0.00300,0.00925
41.60125,0.49750,0.95764,0.00130,0.02853,0.01253
41.70125,0.49750,0.72605,0.00494,0.26382,0.00519
41.80125,0.49750,0.11062,0.00828,0.88079,0.00031
41.90125,0.49750,0.07043,0.00261,0.92693,0.00003
42.00125,0.49750,0.05343,0.00839,0.93814,0.00004
42.10125,0.49750,0.09739,0.00597,0.89640,0.00024
42.20125,0.49750,0.09451,0.00982,0.89516,0.00050
42.30125,0.49750,0.27750,0.03625,0.68408,0.00216
42.40125,0.49750,0.13784,0.42256,0.43777,0.00184
42.50125,0.49750,0.17892,0.40695,0.41358,0.00055
42.60125,0.49750,0.26715,0.55489,0.17751,0.00045
42.70125,0.49750,0.72667,0.21778,0.05425,0.00131
42.80125,0.49750,0.96826,0.01706,0.01177,0.00291
42.90125,0.49750,0.98447,0.00165,0.00427,0.00961
43.00125,0.49750,0.96520,0.00117,0.01444,0.01919
43.10125,0.49750,0.87816,0.00408,0.11027,0.00749
43.20125,0.49750,0.28072,0.00850,0.70952,0.00126
43.30125,0.49750,0.02563,0.00664,0.96770,0.00004
43.40125,0.49750,0.01093,0.00213,0.98694,0.00001
43.50125,0.49750,0.03257,0.01005,0.95736,0.00003
43.60125,0.49750,0.05266,0.00608,0.94104,0.00022
43.70125,0.49750,0.24943,0.02846,0.72046,0.00165
43.80125,0.49750,0.59154,0.11209,0.28832,0.00805
43.90125,0.49750,0.64299,0.25527,0.09668,0.00506
44.00125,0.49750,0.88521,0.07455,0.03663,0.00361
44.10125,0.49750,0.95359,0.04071,0.00408,0.00161
44.20125,0.49750,0.98788,0.00670,0.00227,0.00315
44.30125,0.49750,0.98026,0.00184,0.00493,0.01298
44.40125,0.49750,0.93588,0.00286,0.04088,0.02038
44.50125,0.49750,0.61513,0.00657,0.37150,0.00680
44.60125,0.49750,0.06651,0.00558,0.92760,0.00030
44.70125,0.49750,0.02810,0.00230,0.96958,0.00002
44.80125,0.49750,0.03553,0.00564,0.95882,0.00001
44.90125,0.49750,0.17871,0.05882,0.76242,0.00004
45.00125,0.49750,0.16883,0.06900,0.76207,0.00010
45.10125,0.49750,0.38980,0.17479,0.43505,0.00036
45.20125,0.49750,0.14174,0.69926,0.15869,0.00031
45.30125,0.49750,0.31488,0.47115,0.21322,0.00074
45.40125,0.49750,0.56545,0.18826,0.24467,0.00163
45.50125,0.49750,0.89194,0.07435,0.03184,0.00187
45.60125,0.49750,0.98520,0.00744,0.00483,0.00252
45.70125,0.49750,0.98803,0.00121,0.00167,0.00909
45.80125,0.49750,0.97476,0.00336,0.00851,0.01337
45.90125,0.49750,0.94864,0.00314,0.03331,0.01491
46.00125,0.49750,0.70226,0.01147,0.28126,0.00501
46.10125,0.49750,0.25368,0.01893,0.72689,0.00051
46.20125,0.49750,0.05958,0.00082,0.93951,0.00009
46.30125,0.49750,0.09611,0.00308,0.90069,0.00012
46.40125,0.49750,0.06129,0.00196,0.93654,0.00021
46.50125,0.49750,0.14227,0.00999,0.84690,0.00084
46.60125,0.49750,0.09005,0.02110,0.88750,0.00135
46.70125,0.49750,0.09973,0.42534,0.47459,0.00034
46.80125,0.49750,0.16592,0.38956,0.44420,0.00032
46.90125,0.49750,0.29266,0.59104,0.11618,0.00013
47.00125,0.49750,0.83030,0.10958,0.05961,0.00051
47.10125,0.49750,0.98053,0.00973,0.00848,0.00126
47.20125,0.49750,0.98593,0.00195,0.00667,0.00546
47.30125,0.49750,0.95412,0.00130,0.03161,0.01297
47.40125,0.49750,0.81899,0.00173,0.16930,0.00998
47.50125,0.49750,0.26013,0.00354,0.73523,0.00110
47.60125,0.49750,0.06833,0.00031,0.93118,0.00018
47.70125,0.49750,0.04675,0.00065,0.95249,0.00011
47.80125,0.49750,0.03603,0.00054,0.96326,0.00017
47.90125,0.49750,0.02741,0.00059,0.97162,0.00038
48.00125,0.49750,0.06476,0.00388,0.92998,0.00138
48.10125,0.49750,0.14337,0.21272,0.64243,0.00147
48.20125,0.49750,0.23731,0.29442,0.46714,0.00113
48.30125,0.49750,0.51516,0.38807,0.09612,0.00064
48.40125,0.49750,0.86681,0.11606,0.01619,0.00094
48.50125,0.49750,0.98466,0.00945,0.00380,0.00209
48.60125,0.49750,0.98220,0.00171,0.00474,0.01134
48.70125,0.49750,0.96445,0.00048,0.00856,0.02650
48.80125,0.49750,0.91167,0.00166,0.07094,0.01573
48.90125,0.49750,0.46636,0.00711,0.52387,0.00265
49.00125,0.49750,0.13278,0.00098,0.86536,0.00088
49.10125,0.49750,0.10481,0.00209,0.89266,0.00044
49.20125,0.49750,0.07482,0.00107,0.92349,0.00062
49.30125,0.49750,0.12476,0.00384,0.86965,0.00175
49.40125,0.49750,0.16445,0.01251,0.81946,0.00359
49.50125,0.49750,0.19729,0.26827,0.53329,0.00116
49.60125,0.49750,0.21493,0.30788,0.47653,0.00066
49.70125,0.49750,0.37552,0.51812,0.10597,0.00040
49.80125,0.49750,0.87690,0.08687,0.03526,0.00097
49.90125,0.49750,0.99073,0.00461,0.00292,0.00174
50.00125,0.49750,0.98973,0.00094,0.00141,0.00792
50.10125,0.49750,0.97671,0.00119,0.00794,0.01415
50.20125,0.49750,0.87725,0.00408,0.11087,0.00780
50.30125,0.49750,0.31265,0.01098,0.67499,0.00138
50.40125,0.49750,0.05469,0.01245,0.93278,0.00007
50.50125,0.49750,0.02896,0.00153,0.96950,0.00001
50.60125,0.49750,0.05486,0.00378,0.94132,0.00003
50.70125,0.49750,0.08407,0.00234,0.91331,0.00027
50.80125,0.49750,0.31461,0.01189,0.67139,0.00210
50.90125,0.49750,0.57599,0.03861,0.37701,0.00839
51.00125,0.49750,0.53128,0.32676,0.13744,0.00452
51.10125,0.49750,0.82917,0.12026,0.04625,0.00433
51.20125,0.49750,0.92194,0.07100,0.00548,0.00158
51.30125,0.49750,0.98809,0.00791,0.00211,0.00189
51.40125,0.49750,0.98900,0.00145,0.00215,0.00741
51.50125,0.49750,0.97451,0.00090,0.00631,0.01828
51.60125,0.49750,0.92610,0.00297,0.05940,0.01153
51.70125,0.49750,0.44804,0.01170,0.53742,0.00284
51.80125,0.49750,0.07113,0.01874,0.91002,0.00011
51.90125,0.49750,0.06626,0.01202,0.92171,0.00001
52.00125,0.49750,0.10796,0.04384,0.84817,0.00003
52.10125,0.49750,0.13157,0.01810,0.85014,0.00019
52.20125,0.49750,0.16685,0.04231,0.79047,0.00037
52.30125,0.49750,0.18623,0.08486,0.72793,0.00098
52.40125,0.49750,0.15292,0.35947,0.48636,0.00124
52.50125,0.49750,0.25590,0.32522,0.41796,0.00093
52.60125,0.49750,0.43469,0.47302,0.09173,0.00056
52.70125,0.49750,0.91110,0.07345,0.01397,0.00149
52.80125,0.49750,0.99102,0.00456,0.00200,0.00243
52.90125,0.49750,0.98537,0.00145,0.00159,0.01159
53.00125,0.49750,0.97209,0.00219,0.01235,0.01337
53.10125,0.49750,0.90921,0.00522,0.07776,0.00781
53.20125,0.49750,0.28933,0.01599,0.69341,0.00127
53.30125,0.49750,0.09650,0.01471,0.88871,0.00008
53.40125,0.49750,0.03381,0.00395,0.96223,0.00002
53.50125,0.49750,0.05746,0.01402,0.92846,0.00005
53.60125,0.49750,0.04460,0.04417,0.91116,0.00007
53.70125,0.49750,0.10993,0.12190,0.76797,0.00019
53.80125,0.49750,0.05704,0.42897,0.51367,0.00032
53.90125,0.49750,0.04639,0.78209,0.17143,0.00009
54.00125,0.49750,0.16970,0.63504,0.19491,0.00035
54.10125,0.49750,0.64007,0.24559,0.11237,0.00197
54.20125,0.49750,0.94826,0.03461,0.01397,0.00316
54.30125,0.49750,0.99017,0.00313,0.00265,0.00405
54.40125,0.49750,0.98987,0.00057,0.00082,0.00873
54.50125,0.49750,0.98566,0.00160,0.00331,0.00943
54.60125,0.49750,0.96132,0.00300,0.02650,0.00919
54.70125,0.49750,0.70319,0.01253,0.28091,0.00337
54.80125,0.49750,0.17713,0.01260,0.80990,0.00037
54.90125,0.49750,0.02536,0.00115,0.97340,0.00009
55.00125,0.49750,0.04173,0.00236,0.95569,0.00022
55.10125,0.49750,0.05049,0.00383,0.94484,0.00084
55.20125,0.49750,0.05688,0.01178,0.92983,0.00151
55.30125,0.49750,0.07843,0.06703,0.85200,0.00253
55.40125,0.49750,0.16014,0.51136,0.32781,0.00069
55.50125,0.49750,0.52841,0.28348,0.18732,0.00079
55.60125,0.49750,0.76006,0.17891,0.06037,0.00065
55.70125,0.49750,0.96454,0.02418,0.01010,0.00119
55.80125,0.49750,0.99455,0.00190,0.00140,0.00215
55.90125,0.49750,0.98061,0.00112,0.00245,0.01582
56.00125,0.49750,0.94420,0.00265,0.02886,0.02429
56.10125,0.49750,0.80217,0.00735,0.18277,0.00771
56.20125,0.49750,0.21118,0.01276,0.77502,0.00104
56.30125,0.49750,0.07160,0.00588,0.92240,0.00012
56.40125,0.49750,0.03725,0.00590,0.95674,0.00011
56.50125,0.49750,0.13393,0.00639,0.85861,0.00107
56.60125,0.49750,0.15398,0.00418,0.83579,0.00605
56.70125,0.49750,0.29815,0.00771,0.67409,0.02005
56.80125,0.49750,0.31368,0.06635,0.59163,0.02835
56.90125,0.49750,0.62896,0.05121,0.31242,0.00741
57.00125,0.49750,0.68709,0.11187,0.19771,0.00333
57.10125,0.49750,0.89272,0.06201,0.04251,0.00275
57.20125,0.49750,0.98242,0.00821,0.00623,0.00314
57.30125,0.49750,0.99401,0.00083,0.00120,0.00395
57.40125,0.49750,0.99306,0.00053,0.00088,0.00552
57.50125,0.49750,0.99579,0.00025,0.00040,0.00356
57.60125,0.49750,0.99611,0.00022,0.00032,0.00335
57.70125,0.49750,0.99593,0.00023,0.00044,0.00340
57.80125,0.49750,0.99594,0.00014,0.00040,0.00351
57.90125,0.49750,0.99676,0.00010,0.00033,0.00281
58.00125,0.49750,0.99614,0.00011,0.00041,0.00334
58.10125,0.49750,0.99426,0.00013,0.00074,0.00487
58.20125,0.49750,0.99357,0.00010,0.00075,0.00558
58.30125,0.49750,0.99226,0.00010,0.00082,0.00682
58.40125,0.49750,0.99240,0.00013,0.00092,0.00654
58.50125,0.49750,0.99664,0.00016,0.00061,0.00259
58.60125,0.49750,0.99873,0.00036,0.00046,0.00045
58.70125,0.49750,0.99798,0.00130,0.00062,0.00010
58.80125,0.49750,0.99408,0.00489,0.00101,0.00003
58.90125,0.49750,0.99107,0.00756,0.00135,0.00003
59.00125,0.49750,0.99227,0.00555,0.00210,0.00008
59.10125,0.49750,0.99528,0.00254,0.00181,0.00037
59.20125,0.49750,0.99746,0.00069,0.00081,0.00104
59.30125,0.49750,0.99543,0.00017,0.00051,0.00389
59.40125,0.49750,0.98051,0.00025,0.00202,0.01722
59.50125,0.49750,0.95538,0.00022,0.00105,0.04336
59.60125,0.49750,0.82391,0.00016,0.00059,0.17534
59.70125,0.49750,0.22687,0.00003,0.00027,0.77283
59.80125,0.49750,0.02232,0.00000,0.00027,0.97741
59.90125,0.49750,0.01454,0.00001,0.00028,0.98517
60.00125,0.49750,0.01968,0.00004,0.00393,0.97635
60.10125,0.49750,0.04543,0.00034,0.07675,0.87748
60.20125,0.49750,0.24504,0.00444,0.54264,0.20788
60.30125,0.49750,0.93659,0.00777,0.04158,0.01406
60.40125,0.49750,0.98607,0.00093,0.00935,0.00365
60.50125,0.49750,0.99696,0.00026,0.00131,0.00147
60.60125,0.49750,0.99903,0.00006,0.00016,0.00074
60.70125,0.49750,0.99755,0.00007,0.00023,0.00215
60.80125,0.49750,0.98663,0.00047,0.00309,0.00980
60.90125,0.49750,0.95858,0.00149,0.01531,0.02462
61.00125,0.49750,0.89323,0.00251,0.01214,0.09213
61.10125,0.49750,0.49914,0.00092,0.00361,0.49634
61.20125,0.49750,0.13543,0.00006,0.00046,0.86406
61.30125,0.49750,0.02631,0.00000,0.00032,0.97337
61.40125,0.49750,0.01682,0.00001,0.00023,0.98294
61.50125,0.49750,0.03867,0.00002,0.00391,0.95740
61.60125,0.49750,0.35162,0.00167,0.33297,0.31374
61.70125,0.49750,0.75173,0.00293,0.22237,0.02296
61.80125,0.49750,0.97873,0.00207,0.01490,0.00430
61.90125,0.49750,0.99252,0.00087,0.00530,0.00131
62.00125,0.49750,0.99862,0.00019,0.00049,0.00070
62.10125,0.49750,0.99685,0.00011,0.00033,0.00270
62.20125,0.49750,0.98008,0.00070,0.00352,0.01570
62.30125,0.49750,0.95195,0.00092,0.00439,0.04275
62.40125,0.49750,0.80141,0.00053,0.00159,0.19647
62.50125,0.49750,0.28976,0.00022,0.00063,0.70939
62.60125,0.49750,0.04847,0.00001,0.00019,0.95133
62.70125,0.49750,0.01720,0.00001,0.00012,0.98267
62.80125,0.49750,0.01918,0.00002,0.00083,0.97997
62.90125,0.49750,0.08621,0.00021,0.02636,0.88723
63.00125,0.49750,0.49820,0.00110,0.19857,0.30214
63.10125,0.49750,0.92545,0.00436,0.03990,0.03029
63.20125,0.49750,0.98737,0.00100,0.00642,0.00521
63.30125,0.49750,0.99739,0.00023,0.00060,0.00178
63.40125,0.49750,0.99810,0.00010,0.00017,0.00163
63.50125,0.49750,0.99445,0.00015,0.00047,0.00493
63.60125,0.49750,0.97792,0.00035,0.00282,0.01891
63.70125,0.49751,0.92083,0.00073,0.00581,0.07263
63.80125,0.49750,0.66726,0.00056,0.00371,0.32847
63.90125,0.49750,0.18761,0.00010,0.00037,0.81191
64.00125,0.49750,0.04255,0.00001,0.00020,0.95724
64.10125,0.49750,0.01912,0.00000,0.00014,0.98073
64.20125,0.49751,0.01984,0.00001,0.00050,0.97965
64.30125,0.49751,0.07784,0.00006,0.01128,0.91082
64.40125,0.49750,0.41277,0.00052,0.22135,0.36536
64.50125,0.49750,0.89312,0.00360,0.04366,0.05962
64.60125,0.49750,0.97555,0.00111,0.01063,0.01272
64.70125,0.49751,0.99614,0.00029,0.00103,0.00254
64.80125,0.49751,0.99727,0.00017,0.00037,0.00220
64.90125,0.49750,0.99073,0.00033,0.00124,0.00770
65.00125,0.49750,0.97344,0.00144,0.01004,0.01507
65.10125,0.49750,0.91134,0.00244,0.02264,0.06357
65.20125,0.49751,0.58986,0.00359,0.01087,0.39567
65.30125,0.49751,0.17126,0.00186,0.00360,0.82327
65.40125,0.49750,0.03644,0.00009,0.00024,0.96323
65.50125,0.49750,0.01351,0.00002,0.00010,0.98637
65.60125,0.49750,0.02290,0.00007,0.00067,0.97636
65.70125,0.49751,0.14009,0.00065,0.04218,0.81708
65.80125,0.49751,0.68760,0.00338,0.18814,0.12088
65.90125,0.49750,0.92275,0.00623,0.06346,0.00756
66.00125,0.49750,0.97811,0.00336,0.01614,0.00239
66.10125,0.49750,0.99657,0.00098,0.00157,0.00088
66.20125,0.49751,0.99848,0.00039,0.00037,0.00076
66.30125,0.49751,0.99516,0.00029,0.00063,0.00392
66.40125,0.49750,0.98332,0.00063,0.00391,0.01213
66.50125,0.49750,0.95588,0.00072,0.00504,0.03836
66.60125,0.49750,0.78486,0.00094,0.00478,0.20943
66.70125,0.49751,0.22788,0.00051,0.00145,0.77016
66.80125,0.49751,0.03702,0.00003,0.00037,0.96257
66.90125,0.49750,0.01723,0.00002,0.00042,0.98232
67.00125,0.49750,0.01462,0.00004,0.00139,0.98395
67.10125,0.49750,0.06344,0.00018,0.01958,0.91681
67.20125,0.49751,0.47933,0.00219,0.35571,0.16278
67.30125,0.49751,0.90610,0.00629,0.07440,0.01321
67.40125,0.49750,0.98755,0.00170,0.00825,0.00251
67.50125,0.49750,0.99612,0.00085,0.00225,0.00077
67.60125,0.49750,0.99846,0.00025,0.00053,0.00077
67.70125,0.49751,0.99477,0.00013,0.00065,0.00445
67.80125,0.49751,0.97916,0.00030,0.00407,0.01648
67.90125,0.49750,0.94407,0.00025,0.00416,0.05153
68.00125,0.49750,0.82504,0.00021,0.00262,0.17213
68.10125,0.49750,0.31967,0.00015,0.00090,0.67928
68.20125,0.49751,0.06530,0.00001,0.00006,0.93462
68.30125,0.49751,0.02624,0.00001,0.00004,0.97371
68.40125,0.49750,0.02143,0.00003,0.00008,0.97846
68.50125,0.49750,0.04223,0.00018,0.00103,0.95657
68.60125,0.49750,0.44987,0.01033,0.10168,0.43813
68.70125,0.49751,0.63635,0.05081,0.27153,0.04132
68.80125,0.49751,0.90928,0.02136,0.06130,0.00806
68.90125,0.49750,0.94100,0.01189,0.04437,0.00274
69.00125,0.49750,0.98452,0.00370,0.01005,0.00173
69.10125,0.49750,0.98477,0.00073,0.00476,0.00974
69.20125,0.49751,0.95246,0.00076,0.00827,0.03851
69.30125,0.49751,0.85539,0.00053,0.00396,0.14012
69.40125,0.49750,0.48811,0.00030,0.00042,0.51117
69.50125,0.49750,0.10251,0.00003,0.00010,0.89736
69.60125,0.49750,0.01873,0.00000,0.00016,0.98111
69.70125,0.49751,0.01309,0.00001,0.00015,0.98675
69.80125,0.49751,0.02801,0.00006,0.00443,0.96751
69.90125,0.49750,0.14766,0.00137,0.44584,0.40513
70.00125,0.49750,0.33535,0.00804,0.63700,0.01961
70.10125,0.49750,0.93211,0.02119,0.04535,0.00135
70.20125,0.49751,0.94013,0.01977,0.03973,0.00037
70.30125,0.49751,0.98782,0.00733,0.00468,0.00017
70.40125,0.49750,0.99817,0.00102,0.00053,0.00028
70.50125,0.49750,0.99399,0.00145,0.00177,0.00279
70.60125,0.49750,0.96175,0.00657,0.02000,0.01168
70.70125,0.49751,0.92286,0.00178,0.00439,0.07096
70.80125,0.49751,0.60915,0.00063,0.00184,0.38838
70.90125,0.49750,0.12870,0.00004,0.00048,0.87078
71.00125,0.49750,0.02286,0.00000,0.00044,0.97671
71.10125,0.49750,0.01063,0.00000,0.00012,0.98925
71.20125,0.49751,0.04223,0.00004,0.00805,0.94968
71.30125,0.49751,0.28756,0.00109,0.25167,0.45968
71.40125,0.49750,0.74062,0.00397,0.21887,0.03654
71.50125,0.49750,0.98600,0.00375,0.00770,0.00256
71.60125,0.49750,0.99312,0.00136,0.00469,0.00083
71.70125,0.49751,0.99874,0.00033,0.00044,0.00049
71.80125,0.49751,0.99834,0.00016,0.00024,0.00125
71.90125,0.49750,0.98993,0.00058,0.00121,0.00828
72.00125,0.49750,0.95865,0.00106,0.00303,0.03726
72.10125,0.49750,0.83050,0.00026,0.00065,0.16859
72.20125,0.49751,0.39780,0.00035,0.00045,0.60140
72.30125,0.49751,0.05322,0.00002,0.00010,0.94665
72.40125,0.49750,0.01480,0.00001,0.00019,0.98500
72.50125,0.49750,0.01087,0.00001,0.00046,0.98866
72.60125,0.49750,0.05673,0.00055,0.04737,0.89535
72.70125,0.49751,0.34143,0.00241,0.45539,0.20077
72.80125,0.49751,0.81465,0.00779,0.15401,0.02355
72.90125,0.49750,0.98216,0.00206,0.01259,0.00319
73.00125,0.49750,0.99444,0.00121,0.00341,0.00094
73.10125,0.49750,0.99850,0.00021,0.00039,0.00090
73.20125,0.49751,0.99417,0.00016,0.00067,0.00499
73.30125,0.49751,0.97334,0.00059,0.00592,0.02015
73.40125,0.49750,0.89956,0.00082,0.00598,0.09364
73.50125,0.49750,0.55096,0.00064,0.00107,0.44734
73.60125,0.49750,0.09269,0.00006,0.00017,0.90708
73.70125,0.49751,0.01629,0.00001,0.00013,0.98357
73.80125,0.49751,0.01245,0.00002,0.00009,0.98744
73.90125,0.49750,0.02026,0.00007,0.00123,0.97844
74.00125,0.49750,0.18636,0.00187,0.17371,0.63807
74.10125,0.49750,0.52095,0.00717,0.39525,0.07663
74.20125,0.49751,0.94119,0.01646,0.03595,0.00640
74.30125,0.49751,0.97872,0.00545,0.01367,0.00216
74.40125,0.49750,0.99681,0.00113,0.00125,0.00081
74.50125,0.49750,0.99718,0.00033,0.00049,0.00200
74.60125,0.49750,0.98475,0.00176,0.00517,0.00831
74.70125,0.49751,0.95803,0.00118,0.00736,0.03343
74.80125,0.49751,0.85171,0.00118,0.00550,0.14160
74.90125,0.49750,0.41647,0.00107,0.00208,0.58039
75.00125,0.49750,0.11048,0.00012,0.00035,0.88905
75.10125,0.49750,0.01581,0.00000,0.00036,0.98382
75.20125,0.49751,0.01363,0.00001,0.00063,0.98572
75.30125,0.49751,0.02661,0.00003,0.00732,0.96604
75.40125,0.49750,0.24739,0.00039,0.28932,0.46290
75.50125,0.49750,0.59927,0.00173,0.37556,0.02344
75.60125,0.49750,0.98050,0.00448,0.01306,0.00196
75.70125,0.49751,0.99180,0.00189,0.00557,0.00074
75.80125,0.49751,0.99762,0.00105,0.00102,0.00032
75.90125,0.49750,0.99590,0.00070,0.00157,0.00183
76.00125,0.49750,0.96341,0.00153,0.00932,0.02574
76.10125,0.49750,0.87447,0.00205,0.01313,0.11035
76.20125,0.49751,0.53602,0.00068,0.00361,0.45969
76.30125,0.49751,0.12933,0.00011,0.00051,0.87005
76.40125,0.49750,0.02911,0.00001,0.00014,0.97075
76.50125,0.49750,0.01731,0.00001,0.00011,0.98258
76.60125,0.49750,0.03374,0.00002,0.00114,0.96510
76.70125,0.49751,0.37773,0.00127,0.08376,0.53724
76.80125,0.49751,0.71654,0.00318,0.25825,0.02203
76.90125,0.49750,0.97304,0.00826,0.01739,0.00131
77.00125,0.49750,0.99150,0.00229,0.00584,0.00038
77.10125,0.49750,0.99822,0.00074,0.00085,0.00019
77.20125,0.49751,0.99813,0.00038,0.00067,0.00083
77.30125,0.49751,0.98506,0.00123,0.00537,0.00834
77.40125,0.49750,0.94181,0.00269,0.01427,0.04123
77.50125,0.49750,0.83019,0.00165,0.00868,0.15949
77.60125,0.49750,0.37318,0.00036,0.00147,0.62499
77.70125,0.49751,0.07530,0.00002,0.00008,0.92460
77.80125,0.49751,0.01790,0.00000,0.00006,0.98204
77.90125,0.49750,0.01182,0.00000,0.00008,0.98810
78.00125,0.49750,0.02163,0.00001,0.00105,0.97731
78.10125,0.49750,0.20523,0.00024,0.06112,0.73342
78.20125,0.49751,0.52317,0.00234,0.43615,0.03833
78.30125,0.49751,0.93711,0.01828,0.03832,0.00629
78.40125,0.49750,0.97703,0.00447,0.01674,0.00176
78.50125,0.49750,0.99403,0.00168,0.00360,0.00069
78.60125,0.49750,0.99319,0.00086,0.00331,0.00264
78.70125,0.49751,0.95844,0.00102,0.01397,0.02658
78.80125,0.49751,0.89849,0.00073,0.01527,0.08552
78.90125,0.49750,0.66185,0.00028,0.00724,0.33062
79.00125,0.49750,0.25638,0.00014,0.00123,0.74225
79.10125,0.49750,0.04810,0.00001,0.00010,0.95179
79.20125,0.49751,0.00826,0.00000,0.00006,0.99168
79.30125,0.49751,0.00881,0.00000,0.00012,0.99107
79.40125,0.49750,0.03631,0.00007,0.00477,0.95885
79.50125,0.49750,0.35314,0.00282,0.34031,0.30373
79.60125,0.49750,0.68078,0.00571,0.29330,0.02020
79.70125,0.49751,0.96909,0.00561,0.02293,0.00237
79.80125,0.49751,0.96944,0.00936,0.02055,0.00064
79.90125,0.49750,0.99440,0.00229,0.00282,0.00049
80.00125,0.49750,0.99571,0.00068,0.00135,0.00226
80.10125,0.49750,0.96993,0.00533,0.01654,0.00820
80.20125,0.49751,0.95264,0.00698,0.01380,0.02658
80.30125,0.49751,0.86911,0.00128,0.00332,0.12629
80.40125,0.49750,0.45050,0.00085,0.00145,0.54720
80.50125,0.49750,0.09193,0.00008,0.00016,0.90783
80.60125,0.49750,0.01749,0.00000,0.00012,0.98239
80.70125,0.49751,0.01683,0.00000,0.00017,0.98299
80.80125,0.49751,0.02898,0.00002,0.00251,0.96849
80.90125,0.49750,0.24675,0.00045,0.14963,0.60317
81.00125,0.49750,0.46281,0.00343,0.50544,0.02832
81.10125,0.49750,0.94673,0.01465,0.03514,0.00347
81.20125,0.49751,0.97672,0.00409,0.01814,0.00104
81.30125,0.49751,0.98830,0.00403,0.00733,0.00034
81.40125,0.49750,0.99495,0.00093,0.00272,0.00139
81.50125,0.49750,0.97332,0.00081,0.00704,0.01883
81.60125,0.49750,0.89994,0.00074,0.00896,0.09036
81.70125,0.49751,0.58377,0.00051,0.00313,0.41259
81.80125,0.49751,0.14358,0.00012,0.00018,0.85613
81.90125,0.49750,0.03532,0.00000,0.00012,0.96456
82.00125,0.49750,0.01302,0.00000,0.00008,0.98689
82.10125,0.49750,0.02096,0.00002,0.00075,0.97827
82.20125,0.49751,0.26161,0.00104,0.08211,0.65524
82.30125,0.49751,0.56030,0.00163,0.41277,0.02530
82.40125,0.49750,0.96381,0.00675,0.02740,0.00204
82.50125,0.49750,0.99020,0.00225,0.00716,0.00039
82.60125,0.49750,0.99864,0.00049,0.00072,0.00016
82.70125,0.49751,0.99910,0.00014,0.00023,0.00054
82.80125,0.49751,0.99445,0.00023,0.00069,0.00464
82.90125,0.49750,0.96991,0.00102,0.00711,0.02196
83.00125,0.49750,0.89285,0.00089,0.00414,0.10212
83.10125,0.49750,0.48942,0.00064,0.00092,0.50901
83.20125,0.49751,0.07480,0.00004,0.00018,0.92498
83.30125,0.49751,0.01348,0.00001,0.00025,0.98625
83.40125,0.49750,0.01145,0.00001,0.00022,0.98831
83.50125,0.49750,0.04886,0.00014,0.00556,0.94544
83.60125,0.49750,0.54444,0.00138,0.18907,0.26511
83.70125,0.49751,0.89796,0.00296,0.08149,0.01759
83.80125,0.49751,0.99247,0.00166,0.00433,0.00154
83.90125,0.49750,0.99660,0.00042,0.00213,0.00084
84.00125,0.49750,0.99676,0.00019,0.00137,0.00169
84.10125,0.49750,0.97425,0.00039,0.00629,0.01907
84.20125,0.49751,0.87945,0.00093,0.02227,0.09735
84.30125,0.49751,0.74374,0.00103,0.02688,0.22835
84.40125,0.49750,0.44540,0.00107,0.00569,0.54784
84.50125,0.49750,0.16126,0.00042,0.00121,0.83710
84.60125,0.49750,0.04055,0.00002,0.00047,0.95896
84.70125,0.49751,0.02091,0.00004,0.00085,0.97820
84.80125,0.49751,0.02783,0.00016,0.00496,0.96705
84.90125,0.49750,0.16768,0.00055,0.07979,0.75199
85.00125,0.49750,0.49326,0.00307,0.40935,0.09432
85.10125,0.49750,0.93449,0.01252,0.04582,0.00717
85.20125,0.49751,0.98798,0.00187,0.00867,0.00148
85.30125,0.49751,0.99596,0.00075,0.00244,0.00085
85.40125,0.49750,0.99335,0.00069,0.00354,0.00242
85.50125,0.49750,0.96363,0.00076,0.01163,0.02399
85.60125,0.49750,0.86782,0.00077,0.02065,0.11076
85.70125,0.49751,0.58685,0.00040,0.00841,0.40435
85.80125,0.49751,0.17763,0.00007,0.00031,0.82198
85.90125,0.49750,0.04657,0.00001,0.00004,0.95337
86.00125,0.49750,0.02376,0.00000,0.00009,0.97615
86.10125,0.49750,0.02499,0.00001,0.00024,0.97475
86.20125,0.49751,0.09177,0.00025,0.01098,0.89700
86.30125,0.49751,0.55623,0.00159,0.22178,0.22040
86.40125,0.49750,0.88813,0.00207,0.09829,0.01151
86.50125,0.49750,0.96882,0.00882,0.01965,0.00271
86.60125,0.49750,0.98428,0.00277,0.01132,0.00164
86.70125,0.49751,0.99541,0.00134,0.00235,0.00090
86.80125,0.49751,0.99393,0.00089,0.00256,0.00262
86.90125,0.49750,0.96044,0.00205,0.01567,0.02184
87.00125,0.49750,0.93482,0.00069,0.00586,0.05864
87.10125,0.49750,0.81392,0.00012,0.00129,0.18467
87.20125,0.49751,0.22865,0.00001,0.00005,0.77129
87.30125,0.49751,0.04311,0.00000,0.00001,0.95688
87.40125,0.49750,0.02698,0.00000,0.00001,0.97301
87.50125,0.49750,0.03066,0.00000,0.00005,0.96929
87.60125,0.49750,0.15718,0.00019,0.00216,0.84047
87.70125,0.49751,0.79674,0.00148,0.04455,0.15724
87.80125,0.49751,0.97259,0.00091,0.01646,0.01004
87.90125,0.49750,0.99645,0.00035,0.00153,0.00167
88.00125,0.49750,0.99885,0.00012,0.00039,0.00064
88.10125,0.49750,0.99886,0.00004,0.00019,0.00091
88.20125,0.49751,0.99502,0.00006,0.00052,0.00440
88.30125,0.49751,0.98670,0.00012,0.00152,0.01167
88.40125,0.49750,0.98205,0.00015,0.00212,0.01567
88.50125,0.49750,0.98327,0.00013,0.00126,0.01534
88.60125,0.49750,0.98138,0.00013,0.00103,0.01747
88.70125,0.49751,0.96273,0.00023,0.00196,0.03508
88.80125,0.49751,0.88268,0.00072,0.00617,0.11044
88.90125,0.49750,0.71519,0.00113,0.01906,0.26462
89.00125,0.49750,0.67542,0.00100,0.02738,0.29620
89.10125,0.49750,0.82162,0.00113,0.02170,0.15554
