Time (seconds), Duration (seconds),pred_(unlabeled),pred_Jab_R,pred_Sidehook_R,pred_Uppercut_R
0.00125,0.49750,0.99991,0.00000,0.00003,0.00006
0.10125,0.49750,0.99991,0.00000,0.00003,0.00006
0.20125,0.49750,0.99991,0.00000,0.00003,0.00006
0.30125,0.49750,0.99991,0.00000,0.00003,0.00006
0.40125,0.49750,0.99991,0.00000,0.00003,0.00007
0.50125,0.49750,0.99990,0.00000,0.00003,0.00008
0.60125,0.49750,0.99990,0.00000,0.00003,0.00008
0.70125,0.49750,0.99990,0.00000,0.00003,0.00008
0.80125,0.49750,0.99989,0.00000,0.00003,0.00008
0.90125,0.49750,0.99990,0.00000,0.00003,0.00008
1.00125,0.49750,0.99990,0.00000,0.00003,0.00007
1.10125,0.49750,0.99990,0.00000,0.00003,0.00007
1.20125,0.49750,0.99990,0.00000,0.00003,0.00007
1.30125,0.49750,0.99990,0.00000,0.00003,0.00007
1.40125,0.49750,0.99990,0.00000,0.00003,0.00007
1.50125,0.49750,0.99990,0.00000,0.00003,0.00007
1.60125,0.49750,0.99990,0.00000,0.00003,0.00008
1.70125,0.49750,0.99990,0.00000,0.00003,0.00007
1.80125,0.49750,0.99991,0.00000,0.00003,0.00007
1.90125,0.49750,0.99992,0.00000,0.00003,0.00006
2.00125,0.49750,0.99993,0.00000,0.00003,0.00004
2.10125,0.49750,0.99994,0.00000,0.00004,0.00002
2.20125,0.49750,0.99995,0.00000,0.00004,0.00001
2.30125,0.49750,0.99996,0.00000,0.00003,0.00000
2.40125,0.49750,0.99998,0.00000,0.00002,0.00000
2.50125,0.49750,0.99999,0.00000,0.00001,0.00000
2.60125,0.49750,0.99999,0.00000,0.00001,0.00000
2.70125,0.49750,0.99997,0.00000,0.00003,0.00000
2.80125,0.49750,0.99994,0.00000,0.00006,0.00000
2.90125,0.49750,0.99992,0.00000,0.00008,0.00000
3.00125,0.49750,0.99989,0.00000,0.00011,0.00000
3.10125,0.49750,0.99997,0.00000,0.00003,0.00000
3.20125,0.49750,0.99997,0.00000,0.00003,0.00000
3.30125,0.49750,0.99995,0.00000,0.00005,0.00000
3.40125,0.49750,0.99993,0.00000,0.00007,0.00000
3.50125,0.49750,0.99993,0.00000,0.00007,0.00000
3.60125,0.49750,0.99993,0.00000,0.00007,0.00000
3.70125,0.49750,0.99998,0.00000,0.00002,0.00000
3.80125,0.49750,0.99999,0.00000,0.00001,0.00000
3.90125,0.49750,0.99999,0.00000,0.00001,0.00000
4.00125,0.49750,0.99999,0.00000,0.00001,0.00000
4.10125,0.49750,0.99999,0.00000,0.00001,0.00000
4.20125,0.49750,0.99999,0.00000,0.00001,0.00000
4.30125,0.49750,1.00000,0.00000,0.00000,0.00000
4.40125,0.49750,1.00000,0.00000,0.00000,0.00000
4.50125,0.49750,1.00000,0.00000,0.00000,0.00000
4.60125,0.49750,0.99999,0.00000,0.00001,0.00000
4.70125,0.49750,0.99979,0.00000,0.00020,0.00001
4.80125,0.49750,0.99660,0.00001,0.00244,0.00095
4.90125,0.49750,0.92594,0.00018,0.01226,0.06162
5.00125,0.49750,0.10084,0.00061,0.01835,0.88020
5.10125,0.49750,0.03314,0.00052,0.00177,0.96458
5.20125,0.49750,0.03665,0.00021,0.00205,0.96110
5.30125,0.49750,0.54499,0.00018,0.00767,0.44716
5.40125,0.49750,0.98961,0.00001,0.00345,0.00693
5.50125,0.49750,0.99958,0.00000,0.00035,0.00007
5.60125,0.49750,0.99975,0.00000,0.00025,0.00001
5.70125,0.49750,0.99998,0.00000,0.00002,0.00000
5.80125,0.49750,0.99999,0.00000,0.00001,0.00000
5.90125,0.49750,0.99985,0.00000,0.00014,0.00002
6.00125,0.49750,0.99820,0.00000,0.00116,0.00063
6.10125,0.49750,0.97064,0.00002,0.00874,0.02060
6.20125,0.49750,0.47447,0.00060,0.01310,0.51183
6.30125,0.49750,0.03784,0.00115,0.00230,0.95870
6.40125,0.49750,0.02931,0.00082,0.00062,0.96924
6.50125,0.49750,0.10053,0.00080,0.00123,0.89745
6.60125,0.49750,0.92728,0.00040,0.00151,0.07081
6.70125,0.49750,0.99856,0.00001,0.00051,0.00092
6.80125,0.49750,0.99965,0.00000,0.00031,0.00004
6.90125,0.49750,0.99994,0.00000,0.00006,0.00000
7.00125,0.49750,0.99999,0.00000,0.00001,0.00000
7.10125,0.49750,0.99998,0.00000,0.00001,0.00000
7.20125,0.49750,0.99984,0.00000,0.00008,0.00008
7.30125,0.49750,0.99807,0.00000,0.00046,0.00147
7.40125,0.49750,0.96847,0.00001,0.00328,0.02824
7.50125,0.49750,0.55710,0.00018,0.00650,0.43623
7.60125,0.49750,0.03898,0.00051,0.00300,0.95751
7.70125,0.49750,0.03724,0.00087,0.00055,0.96134
7.80125,0.49750,0.16755,0.00193,0.00244,0.82807
7.90125,0.49750,0.96954,0.00032,0.00110,0.02904
8.00125,0.49750,0.99922,0.00002,0.00038,0.00038
8.10125,0.49750,0.99991,0.00000,0.00007,0.00002
8.20125,0.49750,0.99993,0.00000,0.00006,0.00000
8.30125,0.49750,0.99999,0.00000,0.00001,0.00000
8.40125,0.49750,0.99997,0.00000,0.00002,0.00001
8.50125,0.49750,0.99955,0.00000,0.00020,0.00025
8.60125,0.49750,0.99595,0.00000,0.00097,0.00308
8.70125,0.49750,0.92776,0.00002,0.00687,0.06535
8.80125,0.49750,0.35324,0.00020,0.01432,0.63224
8.90125,0.49750,0.02382,0.00036,0.00440,0.97142
9.00125,0.49750,0.03216,0.00034,0.00098,0.96651
9.10125,0.49750,0.07215,0.00016,0.00156,0.92612
9.20125,0.49750,0.86119,0.00008,0.00172,0.13702
9.30125,0.49750,0.99864,0.00001,0.00039,0.00096
9.40125,0.49750,0.99986,0.00000,0.00012,0.00003
9.50125,0.49750,0.99993,0.00000,0.00007,0.00000
9.60125,0.49750,0.99998,0.00000,0.00002,0.00000
9.70125,0.49750,0.99996,0.00000,0.00004,0.00001
9.80125,0.49750,0.99885,0.00000,0.00035,0.00080
9.90125,0.49750,0.98884,0.00000,0.00151,0.00965
10.00125,0.49750,0.80498,0.00003,0.00915,0.18584
10.10125,0.49750,0.17082,0.00015,0.01289,0.81615
10.20125,0.49750,0.02140,0.00025,0.00740,0.97095
10.30125,0.49750,0.03164,0.00029,0.00127,0.96680
10.40125,0.49750,0.03414,0.00021,0.00122,0.96443
10.50125,0.49750,0.47075,0.00014,0.00212,0.52699
10.60125,0.49750,0.99320,0.00001,0.00049,0.00630
10.70125,0.49750,0.99991,0.00000,0.00004,0.00005
10.80125,0.49750,0.99996,0.00000,0.00004,0.00001
10.90125,0.49750,0.99999,0.00000,0.00001,0.00000
11.00125,0.49750,0.99999,0.00000,0.00001,0.00000
11.10125,0.49750,0.99999,0.00000,0.00001,0.00000
11.20125,0.49750,0.99999,0.00000,0.00001,0.00000
11.30125,0.49750,0.99999,0.00000,0.00000,0.00000
11.40125,0.49750,0.99999,0.00000,0.00001,0.00000
11.50125,0.49750,0.99989,0.00000,0.00008,0.00003
11.60125,0.49750,0.99776,0.00000,0.00060,0.00164
11.70125,0.49750,0.90790,0.00004,0.00505,0.08701
11.80125,0.49750,0.22825,0.00059,0.00466,0.76650
11.90125,0.49750,0.03577,0.00105,0.00076,0.96242
12.00125,0.49750,0.04310,0.00074,0.00059,0.95557
12.10125,0.49750,0.41844,0.00042,0.00116,0.57998
12.20125,0.49750,0.99319,0.00006,0.00033,0.00642
12.30125,0.49750,0.99976,0.00000,0.00008,0.00016
12.40125,0.49750,0.99993,0.00000,0.00006,0.00001
12.50125,0.49750,0.99999,0.00000,0.00001,0.00000
12.60125,0.49750,0.99999,0.00000,0.00001,0.00000
12.70125,0.49750,0.99998,0.00000,0.00001,0.00001
12.80125,0.49750,0.99970,0.00000,0.00013,0.00016
12.90125,0.49750,0.99668,0.00000,0.00074,0.00258
13.00125,0.49750,0.95326,0.00001,0.00491,0.04182
13.10125,0.49750,0.52608,0.00014,0.01511,0.45867
13.20125,0.49750,0.03376,0.00042,0.00437,0.96144
13.30125,0.49750,0.03024,0.00052,0.00044,0.96881
13.40125,0.49750,0.03693,0.00035,0.00059,0.96213
13.50125,0.49750,0.50358,0.00021,0.00125,0.49496
13.60125,0.49750,0.99437,0.00003,0.00034,0.00526
13.70125,0.49750,0.99976,0.00000,0.00008,0.00015
13.80125,0.49750,0.99978,0.00000,0.00019,0.00003
13.90125,0.49750,0.99997,0.00000,0.00003,0.00000
14.00125,0.49750,0.99998,0.00000,0.00002,0.00000
14.10125,0.49750,0.99997,0.00000,0.00002,0.00001
14.20125,0.49750,0.99999,0.00000,0.00001,0.00000
14.30125,0.49750,0.99997,0.00000,0.00002,0.00001
14.40125,0.49750,0.99967,0.00000,0.00010,0.00023
14.50125,0.49750,0.98790,0.00001,0.00102,0.01108
14.60125,0.49750,0.65900,0.00017,0.00364,0.33719
14.70125,0.49750,0.03070,0.00049,0.00123,0.96758
14.80125,0.49750,0.04925,0.00045,0.00032,0.94998
14.90125,0.49750,0.21857,0.00032,0.00051,0.78059
15.00125,0.49750,0.95749,0.00007,0.00022,0.04222
15.10125,0.49750,0.99855,0.00001,0.00008,0.00136
15.20125,0.49750,0.99990,0.00000,0.00003,0.00007
15.30125,0.49750,0.99995,0.00000,0.00003,0.00002
15.40125,0.49750,0.99998,0.00000,0.00002,0.00001
15.50125,0.49750,0.99996,0.00000,0.00002,0.00002
15.60125,0.49750,0.99961,0.00000,0.00010,0.00029
15.70125,0.49750,0.99690,0.00000,0.00043,0.00268
15.80125,0.49750,0.95621,0.00001,0.00283,0.04096
15.90125,0.49750,0.51209,0.00009,0.01182,0.47601
16.00125,0.49750,0.03174,0.00036,0.00273,0.96517
16.10125,0.49750,0.02325,0.00049,0.00080,0.97546
16.20125,0.49750,0.02728,0.00034,0.00088,0.97150
16.30125,0.49750,0.12476,0.00028,0.00091,0.87405
16.40125,0.49750,0.90455,0.00014,0.00067,0.09464
16.50125,0.49750,0.99857,0.00000,0.00013,0.00129
16.60125,0.49750,0.99984,0.00000,0.00008,0.00008
16.70125,0.49750,0.99999,0.00000,0.00001,0.00001
16.80125,0.49750,0.99999,0.00000,0.00001,0.00000
16.90125,0.49750,0.99998,0.00000,0.00001,0.00001
17.00125,0.49750,0.99997,0.00000,0.00001,0.00002
17.10125,0.49750,0.99961,0.00000,0.00008,0.00031
17.20125,0.49750,0.99515,0.00000,0.00043,0.00442
17.30125,0.49750,0.92418,0.00001,0.00265,0.07315
17.40125,0.49750,0.33144,0.00024,0.00607,0.66225
17.50125,0.49750,0.02262,0.00036,0.00175,0.97526
17.60125,0.49750,0.03909,0.00071,0.00154,0.95866
17.70125,0.49750,0.14387,0.00057,0.00303,0.85253
17.80125,0.49750,0.94627,0.00018,0.00156,0.05199
17.90125,0.49750,0.99905,0.00000,0.00018,0.00077
18.00125,0.49750,0.99995,0.00000,0.00003,0.00001
18.10125,0.49750,0.99999,0.00000,0.00000,0.00000
18.20125,0.49750,1.00000,0.00000,0.00000,0.00000
18.30125,0.49750,1.00000,0.00000,0.00000,0.00000
18.40125,0.49750,0.99999,0.00000,0.00001,0.00000
18.50125,0.49750,0.99984,0.00000,0.00007,0.00009
18.60125,0.49750,0.99801,0.00000,0.00045,0.00154
18.70125,0.49750,0.94861,0.00003,0.00140,0.04996
18.80125,0.49750,0.34284,0.00067,0.00217,0.65433
18.90125,0.49750,0.05025,0.00269,0.00039,0.94667
19.00125,0.49750,0.09993,0.00225,0.00032,0.89750
19.10125,0.49750,0.73769,0.00244,0.00037,0.25950
19.20125,0.49750,0.99539,0.00018,0.00014,0.00429
19.30125,0.49750,0.99970,0.00001,0.00004,0.00025
19.40125,0.49750,0.99994,0.00000,0.00004,0.00002
19.50125,0.49750,0.99998,0.00000,0.00001,0.00000
19.60125,0.49750,0.99998,0.00000,0.00001,0.00001
19.70125,0.49750,0.99995,0.00000,0.00002,0.00003
19.80125,0.49750,0.99940,0.00000,0.00012,0.00049
19.90125,0.49750,0.99133,0.00000,0.00052,0.00815
20.00125,0.49750,0.85263,0.00004,0.00278,0.14456
20.10125,0.49750,0.14224,0.00038,0.00164,0.85573
20.20125,0.49750,0.02321,0.00067,0.00032,0.97580
20.30125,0.49750,0.05202,0.00057,0.00038,0.94702
20.40125,0.49750,0.26802,0.00050,0.00058,0.73091
20.50125,0.49750,0.95656,0.00007,0.00021,0.04316
20.60125,0.49750,0.99846,0.00000,0.00008,0.00146
20.70125,0.49750,0.99990,0.00000,0.00004,0.00006
20.80125,0.49750,0.99999,0.00000,0.00001,0.00000
20.90125,0.49750,0.99999,0.00000,0.00000,0.00000
21.00125,0.49750,0.99998,0.00000,0.00001,0.00001
21.10125,0.49750,0.99963,0.00000,0.00008,0.00029
21.20125,0.49750,0.99313,0.00000,0.00058,0.00629
21.30125,0.49750,0.85801,0.00004,0.00414,0.13781
21.40125,0.49750,0.17241,0.00037,0.00281,0.82442
21.50125,0.49750,0.02758,0.00079,0.00055,0.97108
21.60125,0.49750,0.06075,0.00153,0.00021,0.93751
21.70125,0.49750,0.12337,0.00172,0.00023,0.87468
21.80125,0.49750,0.92849,0.00068,0.00017,0.07066
21.90125,0.49750,0.99752,0.00005,0.00010,0.00233
22.00125,0.49750,0.99990,0.00000,0.00004,0.00006
22.10125,0.49750,0.99995,0.00000,0.00003,0.00002
22.20125,0.49750,0.99994,0.00000,0.00004,0.00002
22.30125,0.49750,0.99712,0.00000,0.00055,0.00233
22.40125,0.49750,0.92531,0.00001,0.00466,0.07003
22.50125,0.49750,0.40814,0.00006,0.01305,0.57875
22.60125,0.49750,0.08849,0.00016,0.00851,0.90284
22.70125,0.49750,0.04316,0.00060,0.00167,0.95457
22.80125,0.49750,0.03544,0.00091,0.00048,0.96317
22.90125,0.49750,0.11851,0.00119,0.00044,0.87986
23.00125,0.49750,0.33832,0.00085,0.00034,0.66048
23.10125,0.49750,0.90325,0.00007,0.00018,0.09650
23.20125,0.49750,0.99325,0.00000,0.00009,0.00666
23.30125,0.49750,0.99958,0.00000,0.00005,0.00037
23.40125,0.49750,0.99994,0.00000,0.00001,0.00005
23.50125,0.49750,0.99999,0.00000,0.00001,0.00001
23.60125,0.49750,0.99999,0.00000,0.00000,0.00000
23.70125,0.49750,0.99999,0.00000,0.00001,0.00001
23.80125,0.49750,0.99986,0.00000,0.00004,0.00010
23.90125,0.49750,0.99640,0.00000,0.00062,0.00298
24.00125,0.49750,0.90142,0.00001,0.00720,0.09137
24.10125,0.49750,0.18493,0.00007,0.01714,0.79786
24.20125,0.49750,0.03204,0.00023,0.00428,0.96345
24.30125,0.49750,0.02806,0.00042,0.00092,0.97061
24.40125,0.49750,0.05489,0.00064,0.00059,0.94389
24.50125,0.49750,0.24721,0.00063,0.00049,0.75167
24.60125,0.49750,0.95121,0.00010,0.00020,0.04849
24.70125,0.49750,0.99946,0.00000,0.00004,0.00050
24.80125,0.49750,0.99998,0.00000,0.00001,0.00001
24.90125,0.49750,1.00000,0.00000,0.00000,0.00000
25.00125,0.49750,1.00000,0.00000,0.00000,0.00000
25.10125,0.49750,1.00000,0.00000,0.00000,0.00000
25.20125,0.49750,1.00000,0.00000,0.00000,0.00000
25.30125,0.49750,1.00000,0.00000,0.00000,0.00000
25.40125,0.49750,0.99995,0.00000,0.00002,0.00003
25.50125,0.49750,0.99922,0.00000,0.00009,0.00069
25.60125,0.49750,0.97981,0.00002,0.00041,0.01976
25.70125,0.49750,0.52480,0.00054,0.00068,0.47398
25.80125,0.49750,0.04508,0.00154,0.00017,0.95321
25.90125,0.49750,0.03878,0.00091,0.00014,0.96017
26.00125,0.49750,0.23507,0.00072,0.00026,0.76396
26.10125,0.49750,0.96481,0.00013,0.00025,0.03481
26.20125,0.49750,0.99924,0.00000,0.00008,0.00067
26.30125,0.49750,0.99981,0.00000,0.00009,0.00010
26.40125,0.49750,0.99993,0.00000,0.00004,0.00002
26.50125,0.49750,0.99987,0.00000,0.00008,0.00005
26.60125,0.49750,0.99972,0.00000,0.00009,0.00020
26.70125,0.49750,0.99951,0.00000,0.00008,0.00041
26.80125,0.49750,0.99710,0.00000,0.00044,0.00246
26.90125,0.49750,0.99056,0.00000,0.00082,0.00862
27.00125,0.49750,0.92122,0.00003,0.00311,0.07565
27.10125,0.49750,0.35791,0.00047,0.00261,0.63901
27.20125,0.49750,0.03042,0.00114,0.00059,0.96785
27.30125,0.49750,0.03866,0.00088,0.00024,0.96022
27.40125,0.49750,0.07200,0.00097,0.00020,0.92683
27.50125,0.49750,0.92127,0.00070,0.00022,0.07781
27.60125,0.49750,0.99656,0.00023,0.00020,0.00302
27.70125,0.49750,0.99972,0.00001,0.00012,0.00016
27.80125,0.49750,0.99996,0.00000,0.00003,0.00001
27.90125,0.49750,0.99998,0.00000,0.00001,0.00000
28.00125,0.49750,0.99997,0.00000,0.00002,0.00001
28.10125,0.49750,0.99997,0.00000,0.00001,0.00002
28.20125,0.49750,0.99990,0.00000,0.00004,0.00006
28.30125,0.49750,0.99874,0.00000,0.00025,0.00100
28.40125,0.49750,0.97606,0.00001,0.00153,0.02241
28.50125,0.49750,0.68205,0.00013,0.00358,0.31424
28.60125,0.49750,0.08809,0.00086,0.00089,0.91016
28.70125,0.49750,0.03899,0.00195,0.00010,0.95895
28.80125,0.49750,0.04511,0.00186,0.00009,0.95294
28.90125,0.49750,0.19849,0.00125,0.00013,0.80013
29.00125,0.49750,0.93684,0.00015,0.00013,0.06289
29.10125,0.49750,0.99836,0.00000,0.00005,0.00159
29.20125,0.49750,0.99979,0.00000,0.00006,0.00015
29.30125,0.49750,0.99998,0.00000,0.00001,0.00001
29.40125,0.49750,0.99999,0.00000,0.00001,0.00000
29.50125,0.49750,0.99998,0.00000,0.00001,0.00001
29.60125,0.49750,0.99974,0.00000,0.00009,0.00017
29.70125,0.49750,0.99728,0.00000,0.00048,0.00225
29.80125,0.49750,0.96194,0.00002,0.00211,0.03593
29.90125,0.49750,0.45767,0.00035,0.00174,0.54024
30.00125,0.49750,0.03603,0.00110,0.00025,0.96262
30.10125,0.49750,0.03967,0.00128,0.00019,0.95886
30.20125,0.49750,0.09460,0.00574,0.00016,0.89949
30.30125,0.49750,0.79366,0.00350,0.00018,0.20266
30.40125,0.49750,0.99592,0.00022,0.00013,0.00372
30.50125,0.49750,0.99981,0.00001,0.00007,0.00011
30.60125,0.49750,0.99999,0.00000,0.00001,0.00001
30.70125,0.49750,1.00000,0.00000,0.00000,0.00000
30.80125,0.49750,1.00000,0.00000,0.00000,0.00000
30.90125,0.49750,0.99999,0.00000,0.00001,0.00000
31.00125,0.49750,0.99979,0.00000,0.00009,0.00012
31.10125,0.49750,0.99639,0.00000,0.00066,0.00295
31.20125,0.49750,0.89952,0.00004,0.00538,0.09506
31.30125,0.49750,0.27867,0.00082,0.00273,0.71778
31.40125,0.49750,0.02827,0.00152,0.00041,0.96980
31.50125,0.49750,0.04222,0.00191,0.00014,0.95573
31.60125,0.49750,0.05061,0.00270,0.00013,0.94656
31.70125,0.49750,0.72332,0.00104,0.00018,0.27547
31.80125,0.49750,0.99369,0.00009,0.00019,0.00603
31.90125,0.49750,0.99984,0.00000,0.00007,0.00009
32.00125,0.49750,0.99996,0.00000,0.00003,0.00002
32.10125,0.49750,0.99999,0.00000,0.00001,0.00000
32.20125,0.49750,0.99999,0.00000,0.00001,0.00000
32.30125,0.49750,0.99999,0.00000,0.00001,0.00001
32.40125,0.49750,0.99989,0.00000,0.00004,0.00007
32.50125,0.49750,0.99852,0.00000,0.00024,0.00124
32.60125,0.49750,0.97660,0.00001,0.00181,0.02159
32.70125,0.49750,0.67176,0.00007,0.00722,0.32095
32.80125,0.49750,0.04142,0.00024,0.00512,0.95322
32.90125,0.49750,0.03015,0.00032,0.00153,0.96801
33.00125,0.49750,0.03261,0.00026,0.00140,0.96573
33.10125,0.49750,0.66914,0.00022,0.00439,0.32625
33.20125,0.49750,0.99663,0.00004,0.00115,0.00218
33.30125,0.49750,0.99989,0.00000,0.00008,0.00002
33.40125,0.49750,0.99986,0.00000,0.00013,0.00001
33.50125,0.49750,0.99988,0.00000,0.00011,0.00000
33.60125,0.49750,0.99990,0.00000,0.00009,0.00001
33.70125,0.49750,0.99984,0.00000,0.00008,0.00008
33.80125,0.49750,0.99982,0.00000,0.00008,0.00010
33.90125,0.49750,0.99998,0.00000,0.00001,0.00001
34.00125,0.49750,0.99998,0.00000,0.00001,0.00001
34.10125,0.49750,0.99951,0.00000,0.00017,0.00032
34.20125,0.49750,0.98843,0.00001,0.00163,0.00993
34.30125,0.49750,0.74855,0.00030,0.00400,0.24715
34.40125,0.49750,0.06503,0.00159,0.00076,0.93263
34.50125,0.49750,0.05380,0.00481,0.00011,0.94129
34.60125,0.49750,0.04124,0.00546,0.00004,0.95327
34.70125,0.49750,0.29015,0.00459,0.00008,0.70518
34.80125,0.49750,0.98060,0.00059,0.00009,0.01872
34.90125,0.49750,0.99871,0.00003,0.00008,0.00118
35.00125,0.49750,0.99961,0.00000,0.00014,0.00025
35.10125,0.49750,0.99995,0.00000,0.00004,0.00001
35.20125,0.49750,0.99995,0.00000,0.00003,0.00001
35.30125,0.49750,0.99889,0.00000,0.00033,0.00078
35.40125,0.49750,0.99258,0.00000,0.00213,0.00529
35.50125,0.49750,0.92721,0.00001,0.01457,0.05821
35.60125,0.49750,0.32413,0.00005,0.04575,0.63007
35.70125,0.49750,0.03946,0.00007,0.03276,0.92771
35.80125,0.49750,0.03262,0.00025,0.00338,0.96375
35.90125,0.49750,0.03083,0.00053,0.00035,0.96829
36.00125,0.49750,0.04777,0.00122,0.00029,0.95072
36.10125,0.49750,0.10461,0.00111,0.00023,0.89404
36.20125,0.49750,0.74873,0.00069,0.00025,0.25033
36.30125,0.49750,0.99525,0.00002,0.00017,0.00456
36.40125,0.49750,0.99972,0.00000,0.00011,0.00017
36.50125,0.49750,0.99997,0.00000,0.00002,0.00002
36.60125,0.49750,0.99999,0.00000,0.00001,0.00000
36.70125,0.49750,0.99999,0.00000,0.00001,0.00000
36.80125,0.49750,0.99999,0.00000,0.00001,0.00000
36.90125,0.49750,0.99999,0.00000,0.00000,0.00000
37.00125,0.49750,1.00000,0.00000,0.00000,0.00000
37.10125,0.49750,1.00000,0.00000,0.00000,0.00000
37.20125,0.49750,1.00000,0.00000,0.00000,0.00000
37.30125,0.49750,0.99998,0.00000,0.00001,0.00001
37.40125,0.49750,0.99954,0.00000,0.00011,0.00035
37.50125,0.49750,0.97966,0.00001,0.00063,0.01970
37.60125,0.49750,0.60972,0.00082,0.00061,0.38885
37.70125,0.49750,0.07974,0.00379,0.00012,0.91636
37.80125,0.49750,0.06034,0.00712,0.00006,0.93248
37.90125,0.49750,0.51148,0.00821,0.00009,0.48021
38.00125,0.49750,0.99486,0.00040,0.00003,0.00471
38.10125,0.49750,0.99987,0.00001,0.00002,0.00010
38.20125,0.49750,0.99996,0.00000,0.00003,0.00001
38.30125,0.49750,0.99999,0.00000,0.00001,0.00000
38.40125,0.49750,0.99999,0.00000,0.00001,0.00000
38.50125,0.49750,0.99998,0.00000,0.00001,0.00001
38.60125,0.49750,0.99968,0.00000,0.00010,0.00022
38.70125,0.49750,0.99489,0.00000,0.00070,0.00441
38.80125,0.49750,0.91959,0.00002,0.00481,0.07557
38.90125,0.49750,0.30886,0.00034,0.00257,0.68824
39.00125,0.49750,0.02553,0.00056,0.00105,0.97286
39.10125,0.49750,0.04244,0.00090,0.00036,0.95630
39.20125,0.49750,0.10944,0.00080,0.00055,0.88921
39.30125,0.49750,0.85119,0.00028,0.00041,0.14812
39.40125,0.49750,0.99747,0.00001,0.00019,0.00233
39.50125,0.49750,0.99994,0.00000,0.00003,0.00003
39.60125,0.49750,0.99999,0.00000,0.00001,0.00000
39.70125,0.49750,1.00000,0.00000,0.00000,0.00000
39.80125,0.49750,1.00000,0.00000,0.00000,0.00000
39.90125,0.49750,1.00000,0.00000,0.00000,0.00000
40.00125,0.49750,0.99996,0.00000,0.00002,0.00002
40.10125,0.49750,0.99935,0.00000,0.00017,0.00047
40.20125,0.49750,0.97944,0.00001,0.00144,0.01911
40.30125,0.49750,0.58892,0.00048,0.00067,0.40993
40.40125,0.49750,0.05426,0.00230,0.00012,0.94332
40.50125,0.49750,0.05930,0.00353,0.00006,0.93711
40.60125,0.49750,0.09210,0.00173,0.00006,0.90611
40.70125,0.49750,0.85494,0.00089,0.00010,0.14408
40.80125,0.49750,0.99738,0.00004,0.00024,0.00234
40.90125,0.49750,0.99984,0.00000,0.00011,0.00005
41.00125,0.49750,0.99998,0.00000,0.00002,0.00000
41.10125,0.49750,1.00000,0.00000,0.00000,0.00000
41.20125,0.49750,1.00000,0.00000,0.00000,0.00000
41.30125,0.49750,0.99999,0.00000,0.00000,0.00000
41.40125,0.49750,0.99990,0.00000,0.00004,0.00006
41.50125,0.49750,0.99779,0.00000,0.00035,0.00186
41.60125,0.49750,0.93879,0.00002,0.00249,0.05870
41.70125,0.49750,0.35982,0.00033,0.00613,0.63372
41.80125,0.49750,0.02267,0.00043,0.00183,0.97506
41.90125,0.49750,0.03022,0.00067,0.00138,0.96773
42.00125,0.49750,0.08878,0.00081,0.00086,0.90956
42.10125,0.49750,0.89391,0.00051,0.00100,0.10459
42.20125,0.49750,0.99784,0.00004,0.00020,0.00193
42.30125,0.49750,0.99988,0.00000,0.00007,0.00005
42.40125,0.49750,0.99999,0.00000,0.00001,0.00000
42.50125,0.49750,0.99999,0.00000,0.00001,0.00000
42.60125,0.49750,0.99999,0.00000,0.00001,0.00000
42.70125,0.49750,0.99986,0.00000,0.00006,0.00008
42.80125,0.49750,0.99730,0.00000,0.00052,0.00218
42.90125,0.49750,0.94176,0.00003,0.00360,0.05461
43.00125,0.49750,0.37449,0.00054,0.00284,0.62213
43.10125,0.49750,0.04266,0.00180,0.00026,0.95528
43.20125,0.49750,0.03373,0.00142,0.00018,0.96468
43.30125,0.49750,0.12777,0.00057,0.00020,0.87146
43.40125,0.49750,0.95580,0.00006,0.00011,0.04403
43.50125,0.49750,0.99930,0.00000,0.00003,0.00067
43.60125,0.49750,0.99991,0.00000,0.00004,0.00004
43.70125,0.49750,0.99999,0.00000,0.00000,0.00000
43.80125,0.49750,1.00000,0.00000,0.00000,0.00000
43.90125,0.49750,0.99999,0.00000,0.00001,0.00000
44.00125,0.49750,0.99997,0.00000,0.00001,0.00002
44.10125,0.49750,0.99958,0.00000,0.00009,0.00033
44.20125,0.49750,0.99382,0.00000,0.00052,0.00566
44.30125,0.49750,0.90585,0.00003,0.00096,0.09315
44.40125,0.49750,0.26834,0.00041,0.00243,0.72882
44.50125,0.49750,0.05935,0.00071,0.00041,0.93953
44.60125,0.49750,0.13568,0.00240,0.00041,0.86151
44.70125,0.49750,0.95829,0.00048,0.00035,0.04089
44.80125,0.49750,0.99916,0.00003,0.00018,0.00063
44.90125,0.49750,0.99997,0.00000,0.00001,0.00001
45.00125,0.49750,0.99997,0.00000,0.00002,0.00000
45.10125,0.49750,0.99997,0.00000,0.00002,0.00000
45.20125,0.49750,0.99995,0.00000,0.00004,0.00001
45.30125,0.49750,0.99996,0.00000,0.00002,0.00001
45.40125,0.49750,0.99994,0.00000,0.00003,0.00003
45.50125,0.49750,0.99956,0.00000,0.00015,0.00029
45.60125,0.49750,0.99731,0.00000,0.00046,0.00223
45.70125,0.49750,0.89655,0.00006,0.00097,0.10242
45.80125,0.49750,0.16328,0.00055,0.00186,0.83430
45.90125,0.49750,0.04589,0.00146,0.00028,0.95237
46.00125,0.49750,0.14806,0.00110,0.00031,0.85053
46.10125,0.49750,0.74469,0.00017,0.00022,0.25491
46.20125,0.49750,0.99579,0.00000,0.00012,0.00409
46.30125,0.49750,0.99991,0.00000,0.00001,0.00007
46.40125,0.49750,0.99998,0.00000,0.00001,0.00001
46.50125,0.49750,0.99999,0.00000,0.00000,0.00000
46.60125,0.49750,1.00000,0.00000,0.00000,0.00000
46.70125,0.49750,0.99999,0.00000,0.00001,0.00001
46.80125,0.49750,0.99975,0.00000,0.00007,0.00018
46.90125,0.49750,0.99606,0.00000,0.00039,0.00355
47.00125,0.49750,0.90731,0.00003,0.00138,0.09128
47.10125,0.49750,0.20396,0.00036,0.00184,0.79384
47.20125,0.49750,0.04591,0.00081,0.00038,0.95290
47.30125,0.49750,0.04903,0.00067,0.00040,0.94989
47.40125,0.49750,0.35648,0.00030,0.00060,0.64262
47.50125,0.49750,0.92620,0.00003,0.00054,0.07323
47.60125,0.49750,0.99887,0.00000,0.00005,0.00108
47.70125,0.49750,0.99985,0.00000,0.00004,0.00011
47.80125,0.49750,0.99999,0.00000,0.00000,0.00000
47.90125,0.49750,1.00000,0.00000,0.00000,0.00000
48.00125,0.49750,1.00000,0.00000,0.00000,0.00000
48.10125,0.49750,0.99998,0.00000,0.00001,0.00001
48.20125,0.49750,0.99968,0.00000,0.00009,0.00023
48.30125,0.49750,0.98318,0.00001,0.00099,0.01582
48.40125,0.49750,0.64334,0.00054,0.00137,0.35474
48.50125,0.49750,0.06318,0.00202,0.00030,0.93450
48.60125,0.49750,0.04409,0.00184,0.00022,0.95384
48.70125,0.49750,0.22084,0.00168,0.00034,0.77714
48.80125,0.49750,0.97018,0.00016,0.00017,0.02949
48.90125,0.49750,0.99934,0.00001,0.00011,0.00054
49.00125,0.49750,0.99990,0.00000,0.00008,0.00002
49.10125,0.49750,0.99999,0.00000,0.00001,0.00000
49.20125,0.49750,1.00000,0.00000,0.00000,0.00000
49.30125,0.49750,0.99995,0.00000,0.00003,0.00002
49.40125,0.49750,0.99875,0.00000,0.00025,0.00099
49.50125,0.49750,0.97926,0.00001,0.00164,0.01909
49.60125,0.49750,0.65168,0.00011,0.00887,0.33935
49.70125,0.49750,0.06304,0.00049,0.00241,0.93405
49.80125,0.49750,0.03627,0.00153,0.00029,0.96191
49.90125,0.49750,0.05838,0.00186,0.00025,0.93951
50.00125,0.49750,0.23345,0.00248,0.00027,0.76380
50.10125,0.49750,0.97516,0.00070,0.00011,0.02403
50.20125,0.49750,0.99947,0.00004,0.00005,0.00044
50.30125,0.49750,0.99992,0.00000,0.00005,0.00002
50.40125,0.49750,0.99999,0.00000,0.00001,0.00000
50.50125,0.49750,0.99999,0.00000,0.00001,0.00000
50.60125,0.49750,0.99987,0.00000,0.00006,0.00007
50.70125,0.49750,0.99611,0.00000,0.00057,0.00332
50.80125,0.49750,0.92301,0.00002,0.00402,0.07296
50.90125,0.49750,0.40545,0.00029,0.00386,0.59039
51.00125,0.49750,0.04320,0.00055,0.00249,0.95376
51.10125,0.49750,0.03800,0.00110,0.00087,0.96004
51.20125,0.49750,0.03057,0.00051,0.00083,0.96809
51.30125,0.49750,0.32959,0.00022,0.00133,0.66886
51.40125,0.49750,0.97790,0.00001,0.00130,0.02079
51.50125,0.49750,0.99980,0.00000,0.00012,0.00007
51.60125,0.49750,0.99997,0.00000,0.00003,0.00000
51.70125,0.49750,1.00000,0.00000,0.00000,0.00000
51.80125,0.49750,1.00000,0.00000,0.00000,0.00000
51.90125,0.49750,0.99999,0.00000,0.00001,0.00000
52.00125,0.49750,0.99975,0.00000,0.00014,0.00011
52.10125,0.49750,0.99136,0.00000,0.00165,0.00698
52.20125,0.49750,0.82099,0.00036,0.00227,0.17638
52.30125,0.49750,0.15418,0.00153,0.00105,0.84324
52.40125,0.49750,0.04898,0.00249,0.00062,0.94791
52.50125,0.49750,0.05680,0.00216,0.00036,0.94068
52.60125,0.49750,0.68940,0.00053,0.00051,0.30957
52.70125,0.49750,0.99748,0.00001,0.00025,0.00226
52.80125,0.49750,0.99991,0.00000,0.00007,0.00002
52.90125,0.49750,0.99999,0.00000,0.00001,0.00000
53.00125,0.49750,1.00000,0.00000,0.00000,0.00000
53.10125,0.49750,1.00000,0.00000,0.00000,0.00000
53.20125,0.49750,1.00000,0.00000,0.00000,0.00000
53.30125,0.49750,0.99987,0.00000,0.00006,0.00007
53.40125,0.49750,0.99700,0.00000,0.00070,0.00230
53.50125,0.49750,0.93535,0.00007,0.00292,0.06166
53.60125,0.49750,0.38072,0.00077,0.00441,0.61410
53.70125,0.49750,0.04938,0.00130,0.00252,0.94680
53.80125,0.49750,0.11130,0.00088,0.00200,0.88583
53.90125,0.49750,0.95343,0.00014,0.00115,0.04529
54.00125,0.49750,0.99970,0.00000,0.00016,0.00014
54.10125,0.49750,0.99996,0.00000,0.00004,0.00000
54.20125,0.49750,1.00000,0.00000,0.00000,0.00000
54.30125,0.49750,1.00000,0.00000,0.00000,0.00000
54.40125,0.49750,1.00000,0.00000,0.00000,0.00000
54.50125,0.49750,1.00000,0.00000,0.00000,0.00000
54.60125,0.49750,0.99996,0.00000,0.00003,0.00001
54.70125,0.49750,0.99910,0.00000,0.00039,0.00051
54.80125,0.49750,0.97717,0.00002,0.00312,0.01969
54.90125,0.49750,0.44627,0.00039,0.01039,0.54295
55.00125,0.49750,0.09763,0.00247,0.00984,0.89006
55.10125,0.49750,0.05296,0.00241,0.00553,0.93910
55.20125,0.49750,0.53740,0.00150,0.00780,0.45330
55.30125,0.49750,0.99261,0.00009,0.00263,0.00467
55.40125,0.49750,0.99958,0.00000,0.00037,0.00004
55.50125,0.49750,0.99996,0.00000,0.00004,0.00000
55.60125,0.49750,1.00000,0.00000,0.00000,0.00000
55.70125,0.49750,1.00000,0.00000,0.00000,0.00000
55.80125,0.49750,1.00000,0.00000,0.00000,0.00000
55.90125,0.49750,1.00000,0.00000,0.00000,0.00000
56.00125,0.49750,0.99995,0.00000,0.00003,0.00002
56.10125,0.49750,0.99858,0.00000,0.00031,0.00111
56.20125,0.49750,0.94970,0.00004,0.00525,0.04502
56.30125,0.49750,0.30723,0.00041,0.01229,0.68008
56.40125,0.49750,0.04139,0.00088,0.00711,0.95062
56.50125,0.49750,0.07255,0.00059,0.00851,0.91834
56.60125,0.49750,0.92216,0.00032,0.00897,0.06856
56.70125,0.49750,0.99821,0.00003,0.00077,0.00098
56.80125,0.49750,0.99985,0.00000,0.00014,0.00001
56.90125,0.49750,0.99998,0.00000,0.00002,0.00000
57.00125,0.49750,1.00000,0.00000,0.00000,0.00000
57.10125,0.49750,1.00000,0.00000,0.00000,0.00000
57.20125,0.49750,1.00000,0.00000,0.00000,0.00000
57.30125,0.49750,1.00000,0.00000,0.00000,0.00000
57.40125,0.49750,0.99998,0.00000,0.00002,0.00000
57.50125,0.49750,0.99963,0.00000,0.00020,0.00017
57.60125,0.49750,0.98611,0.00003,0.00157,0.01229
57.70125,0.49750,0.52231,0.00062,0.00439,0.47268
57.80125,0.49750,0.09615,0.00351,0.00523,0.89511
57.90125,0.49750,0.15447,0.00261,0.00346,0.83946
58.00125,0.49750,0.95991,0.00037,0.00166,0.03805
58.10125,0.49750,0.99965,0.00001,0.00015,0.00020
58.20125,0.49750,0.99996,0.00000,0.00004,0.00000
58.30125,0.49750,1.00000,0.00000,0.00000,0.00000
58.40125,0.49750,1.00000,0.00000,0.00000,0.00000
58.50125,0.49750,1.00000,0.00000,0.00000,0.00000
58.60125,0.49750,1.00000,0.00000,0.00000,0.00000
58.70125,0.49750,1.00000,0.00000,0.00000,0.00000
58.80125,0.49750,0.99994,0.00000,0.00004,0.00003
58.90125,0.49750,0.99857,0.00000,0.00032,0.00111
59.00125,0.49750,0.95308,0.00008,0.00132,0.04551
59.10125,0.49750,0.31727,0.00073,0.00256,0.67944
59.20125,0.49750,0.04638,0.00175,0.00122,0.95065
59.30125,0.49750,0.07236,0.00161,0.00137,0.92466
59.40125,0.49750,0.91486,0.00064,0.00204,0.08246
59.50125,0.49750,0.99937,0.00001,0.00030,0.00031
59.60125,0.49750,0.99993,0.00000,0.00007,0.00000
59.70125,0.49750,0.99999,0.00000,0.00001,0.00000
59.80125,0.49750,1.00000,0.00000,0.00000,0.00000
59.90125,0.49750,1.00000,0.00000,0.00000,0.00000
60.00125,0.49750,0.99999,0.00000,0.00001,0.00000
60.10125,0.49750,0.99976,0.00000,0.00013,0.00011
60.20125,0.49750,0.99633,0.00000,0.00097,0.00269
60.30125,0.49750,0.87490,0.00005,0.00849,0.11655
60.40125,0.49750,0.16516,0.00047,0.01135,0.82301
60.50125,0.49750,0.04427,0.00113,0.00186,0.95274
60.60125,0.49750,0.02865,0.00153,0.00089,0.96893
60.70125,0.49750,0.23821,0.00173,0.00177,0.75829
60.80125,0.49750,0.99166,0.00017,0.00051,0.00765
60.90125,0.49750,0.99986,0.00001,0.00005,0.00009
61.00125,0.49750,0.99991,0.00000,0.00007,0.00001
61.10125,0.49750,0.99999,0.00000,0.00001,0.00000
61.20125,0.49750,0.99999,0.00000,0.00001,0.00000
61.30125,0.49750,0.99993,0.00000,0.00004,0.00003
61.40125,0.49750,0.99790,0.00000,0.00044,0.00166
61.50125,0.49750,0.98145,0.00000,0.00189,0.01666
61.60125,0.49750,0.73741,0.00013,0.00545,0.25701
61.70125,0.49750,0.06434,0.00042,0.00432,0.93092
61.80125,0.49750,0.03690,0.00084,0.00315,0.95911
61.90125,0.49750,0.04865,0.00061,0.00175,0.94899
62.00125,0.49750,0.80667,0.00042,0.00388,0.18903
62.10125,0.49750,0.99848,0.00002,0.00063,0.00087
62.20125,0.49750,0.99982,0.00000,0.00014,0.00003
62.30125,0.49750,0.99997,0.00000,0.00003,0.00000
62.40125,0.49750,0.99999,0.00000,0.00001,0.00000
62.50125,0.49750,0.99987,0.00000,0.00009,0.00004
62.60125,0.49750,0.98998,0.00000,0.00166,0.00836
62.70125,0.49750,0.83910,0.00004,0.01223,0.14863
62.80125,0.49750,0.26492,0.00041,0.00861,0.72606
62.90125,0.49750,0.04917,0.00127,0.00147,0.94809
63.00125,0.49750,0.03255,0.00117,0.00060,0.96568
63.10125,0.49750,0.32025,0.00114,0.00132,0.67728
63.20125,0.49750,0.99403,0.00011,0.00023,0.00562
63.30125,0.49750,0.99976,0.00000,0.00008,0.00016
63.40125,0.49750,0.99984,0.00000,0.00014,0.00002
63.50125,0.49750,0.99997,0.00000,0.00003,0.00000
63.60125,0.49750,0.99997,0.00000,0.00003,0.00000
63.70125,0.49751,0.99860,0.00000,0.00038,0.00102
63.80125,0.49750,0.97623,0.00001,0.00235,0.02142
63.90125,0.49750,0.75843,0.00010,0.00470,0.23677
64.00125,0.49750,0.16051,0.00040,0.00783,0.83126
64.10125,0.49750,0.03313,0.00071,0.00157,0.96459
64.20125,0.49751,0.03029,0.00068,0.00155,0.96748
64.30125,0.49751,0.44785,0.00065,0.00470,0.54680
64.40125,0.49750,0.99415,0.00004,0.00144,0.00436
64.50125,0.49750,0.99976,0.00000,0.00012,0.00012
64.60125,0.49750,0.99989,0.00000,0.00009,0.00002
64.70125,0.49751,0.99999,0.00000,0.00001,0.00000
64.80125,0.49751,0.99998,0.00000,0.00002,0.00001
64.90125,0.49750,0.99841,0.00000,0.00028,0.00131
65.00125,0.49750,0.98247,0.00000,0.00135,0.01617
65.10125,0.49750,0.79701,0.00006,0.00570,0.19723
65.20125,0.49751,0.11732,0.00028,0.01196,0.87044
65.30125,0.49751,0.05273,0.00089,0.00324,0.94314
65.40125,0.49750,0.03849,0.00133,0.00241,0.95777
65.50125,0.49750,0.23427,0.00086,0.00405,0.76081
65.60125,0.49750,0.97654,0.00023,0.00185,0.02138
65.70125,0.49751,0.99921,0.00002,0.00016,0.00061
65.80125,0.49751,0.99983,0.00000,0.00010,0.00007
65.90125,0.49750,0.99998,0.00000,0.00002,0.00000
66.00125,0.49750,0.99998,0.00000,0.00001,0.00000
66.10125,0.49750,0.99978,0.00000,0.00007,0.00014
66.20125,0.49751,0.99758,0.00000,0.00036,0.00207
66.30125,0.49751,0.95010,0.00001,0.00279,0.04709
66.40125,0.49750,0.49937,0.00015,0.02432,0.47616
66.50125,0.49750,0.06712,0.00048,0.00436,0.92804
66.60125,0.49750,0.02910,0.00048,0.00237,0.96805
66.70125,0.49751,0.44567,0.00048,0.00802,0.54582
66.80125,0.49751,0.98964,0.00019,0.00243,0.00774
66.90125,0.49750,0.99969,0.00001,0.00011,0.00018
67.00125,0.49750,0.99984,0.00000,0.00015,0.00001
67.10125,0.49750,0.99998,0.00000,0.00002,0.00000
67.20125,0.49751,0.99998,0.00000,0.00002,0.00000
67.30125,0.49751,0.99982,0.00000,0.00007,0.00011
67.40125,0.49750,0.99692,0.00000,0.00036,0.00272
67.50125,0.49750,0.93566,0.00001,0.00230,0.06203
67.60125,0.49750,0.36235,0.00014,0.01595,0.62156
67.70125,0.49751,0.03464,0.00024,0.00543,0.95969
67.80125,0.49751,0.02217,0.00018,0.00383,0.97382
67.90125,0.49750,0.37392,0.00040,0.01566,0.61003
68.00125,0.49750,0.98831,0.00013,0.00442,0.00714
68.10125,0.49750,0.99953,0.00001,0.00027,0.00020
68.20125,0.49751,0.99975,0.00000,0.00022,0.00002
68.30125,0.49751,0.99996,0.00000,0.00004,0.00000
68.40125,0.49750,0.99996,0.00000,0.00003,0.00000
68.50125,0.49750,0.99995,0.00000,0.00003,0.00002
68.60125,0.49750,0.99976,0.00000,0.00009,0.00015
68.70125,0.49751,0.99862,0.00000,0.00014,0.00124
68.80125,0.49751,0.98411,0.00001,0.00045,0.01543
68.90125,0.49750,0.66804,0.00013,0.00587,0.32596
69.00125,0.49750,0.11868,0.00035,0.00196,0.87901
69.10125,0.49750,0.09325,0.00083,0.00142,0.90450
69.20125,0.49751,0.92893,0.00050,0.00483,0.06574
69.30125,0.49751,0.99844,0.00004,0.00110,0.00042
69.40125,0.49750,0.99995,0.00000,0.00004,0.00001
69.50125,0.49750,0.99996,0.00000,0.00004,0.00000
69.60125,0.49750,0.99999,0.00000,0.00001,0.00000
69.70125,0.49751,0.99999,0.00000,0.00001,0.00000
69.80125,0.49751,0.99998,0.00000,0.00001,0.00001
69.90125,0.49750,0.99977,0.00000,0.00009,0.00013
70.00125,0.49750,0.99671,0.00000,0.00040,0.00289
70.10125,0.49750,0.89756,0.00002,0.00377,0.09865
70.20125,0.49751,0.20046,0.00022,0.01861,0.78071
70.30125,0.49751,0.03198,0.00040,0.00407,0.96354
70.40125,0.49750,0.03053,0.00026,0.00422,0.96499
70.50125,0.49750,0.44203,0.00067,0.01978,0.53752
70.60125,0.49750,0.99098,0.00021,0.00371,0.00510
70.70125,0.49751,0.99948,0.00001,0.00028,0.00023
70.80125,0.49751,0.99960,0.00000,0.00037,0.00002
70.90125,0.49750,0.99996,0.00000,0.00003,0.00000
71.00125,0.49750,0.99995,0.00000,0.00004,0.00001
71.10125,0.49750,0.99882,0.00000,0.00030,0.00087
71.20125,0.49751,0.98165,0.00000,0.00172,0.01663
71.30125,0.49751,0.79785,0.00003,0.00513,0.19699
71.40125,0.49750,0.21920,0.00012,0.03421,0.74646
71.50125,0.49750,0.02775,0.00017,0.00866,0.96342
71.60125,0.49750,0.02830,0.00026,0.00956,0.96188
71.70125,0.49751,0.17524,0.00026,0.01724,0.80725
71.80125,0.49751,0.97223,0.00006,0.00652,0.02120
71.90125,0.49750,0.99935,0.00001,0.00022,0.00041
72.00125,0.49750,0.99982,0.00000,0.00015,0.00003
72.10125,0.49750,0.99999,0.00000,0.00001,0.00000
72.20125,0.49751,0.99999,0.00000,0.00001,0.00000
72.30125,0.49751,0.99994,0.00000,0.00003,0.00002
72.40125,0.49750,0.99895,0.00000,0.00025,0.00080
72.50125,0.49750,0.99135,0.00000,0.00086,0.00778
72.60125,0.49750,0.83536,0.00005,0.00851,0.15609
72.70125,0.49751,0.19098,0.00019,0.04391,0.76492
72.80125,0.49751,0.02702,0.00025,0.00971,0.96303
72.90125,0.49750,0.03002,0.00031,0.01193,0.95774
73.00125,0.49750,0.13253,0.00031,0.01366,0.85350
73.10125,0.49750,0.88724,0.00011,0.00663,0.10603
73.20125,0.49751,0.99766,0.00001,0.00022,0.00211
73.30125,0.49751,0.99962,0.00000,0.00016,0.00023
73.40125,0.49750,0.99995,0.00000,0.00003,0.00002
73.50125,0.49750,0.99975,0.00000,0.00016,0.00009
73.60125,0.49750,0.99168,0.00000,0.00200,0.00632
73.70125,0.49751,0.82352,0.00003,0.01141,0.16503
73.80125,0.49751,0.32648,0.00011,0.01848,0.65493
73.90125,0.49750,0.03233,0.00018,0.02084,0.94665
74.00125,0.49750,0.02836,0.00024,0.00625,0.96514
74.10125,0.49750,0.02743,0.00025,0.00379,0.96853
74.20125,0.49751,0.29572,0.00031,0.00900,0.69497
74.30125,0.49751,0.98075,0.00004,0.00222,0.01699
74.40125,0.49750,0.99927,0.00000,0.00013,0.00060
74.50125,0.49750,0.99975,0.00000,0.00014,0.00011
74.60125,0.49750,0.99993,0.00000,0.00006,0.00001
74.70125,0.49751,0.99953,0.00000,0.00029,0.00018
74.80125,0.49751,0.96687,0.00000,0.00502,0.02811
74.90125,0.49750,0.72150,0.00004,0.01748,0.26098
75.00125,0.49750,0.20703,0.00015,0.01835,0.77447
75.10125,0.49750,0.04439,0.00029,0.00966,0.94566
75.20125,0.49751,0.03224,0.00038,0.00226,0.96513
75.30125,0.49751,0.04284,0.00055,0.00273,0.95388
75.40125,0.49750,0.33816,0.00080,0.00422,0.65682
75.50125,0.49750,0.99196,0.00006,0.00110,0.00688
75.60125,0.49750,0.99961,0.00000,0.00012,0.00027
75.70125,0.49751,0.99988,0.00000,0.00009,0.00003
75.80125,0.49751,0.99999,0.00000,0.00001,0.00000
75.90125,0.49750,0.99999,0.00000,0.00001,0.00000
76.00125,0.49750,0.99983,0.00000,0.00006,0.00011
76.10125,0.49750,0.99770,0.00000,0.00038,0.00192
76.20125,0.49751,0.97513,0.00001,0.00172,0.02315
76.30125,0.49751,0.69767,0.00011,0.00641,0.29581
76.40125,0.49750,0.06068,0.00024,0.01851,0.92057
76.50125,0.49750,0.03235,0.00030,0.00465,0.96269
76.60125,0.49750,0.05338,0.00037,0.00361,0.94263
76.70125,0.49751,0.83020,0.00024,0.00746,0.16210
76.80125,0.49751,0.99385,0.00003,0.00128,0.00484
76.90125,0.49750,0.99975,0.00000,0.00006,0.00019
77.00125,0.49750,0.99991,0.00000,0.00005,0.00003
77.10125,0.49750,0.99998,0.00000,0.00002,0.00000
77.20125,0.49751,0.99992,0.00000,0.00004,0.00004
77.30125,0.49751,0.99886,0.00000,0.00030,0.00084
77.40125,0.49750,0.98776,0.00000,0.00153,0.01070
77.50125,0.49750,0.86949,0.00008,0.00602,0.12441
77.60125,0.49750,0.14367,0.00086,0.00305,0.85241
77.70125,0.49751,0.03702,0.00190,0.00095,0.96012
77.80125,0.49751,0.05061,0.00232,0.00033,0.94674
77.90125,0.49750,0.65849,0.00146,0.00081,0.33924
78.00125,0.49750,0.99314,0.00007,0.00013,0.00667
78.10125,0.49750,0.99985,0.00000,0.00006,0.00009
78.20125,0.49751,0.99998,0.00000,0.00001,0.00001
78.30125,0.49751,0.99999,0.00000,0.00001,0.00000
78.40125,0.49750,0.99999,0.00000,0.00001,0.00000
78.50125,0.49750,0.99999,0.00000,0.00001,0.00000
78.60125,0.49750,0.99993,0.00000,0.00005,0.00002
78.70125,0.49751,0.99901,0.00000,0.00027,0.00072
78.80125,0.49751,0.99375,0.00012,0.00032,0.00581
78.90125,0.49750,0.81289,0.00113,0.00081,0.18517
79.00125,0.49750,0.09686,0.00264,0.00068,0.89983
79.10125,0.49750,0.14556,0.00319,0.00099,0.85027
79.20125,0.49751,0.94686,0.00031,0.00252,0.05031
79.30125,0.49751,0.99750,0.00001,0.00135,0.00113
79.40125,0.49750,0.99816,0.00000,0.00170,0.00014
79.50125,0.49750,0.99978,0.00000,0.00022,0.00000
79.60125,0.49750,0.99996,0.00000,0.00004,0.00000
79.70125,0.49751,0.99995,0.00000,0.00004,0.00001
79.80125,0.49751,0.99920,0.00000,0.00040,0.00040
79.90125,0.49750,0.99409,0.00001,0.00054,0.00536
80.00125,0.49750,0.86797,0.00016,0.00254,0.12934
80.10125,0.49750,0.40778,0.00083,0.00186,0.58953
80.20125,0.49751,0.06457,0.00115,0.00186,0.93242
80.30125,0.49751,0.49328,0.00070,0.00448,0.50154
80.40125,0.49750,0.99425,0.00002,0.00249,0.00325
80.50125,0.49750,0.99965,0.00000,0.00030,0.00005
80.60125,0.49750,0.99975,0.00000,0.00025,0.00001
80.70125,0.49751,0.99998,0.00000,0.00002,0.00000
80.80125,0.49751,0.99999,0.00000,0.00001,0.00000
80.90125,0.49750,0.99986,0.00000,0.00008,0.00006
81.00125,0.49750,0.99795,0.00000,0.00038,0.00167
81.10125,0.49750,0.96614,0.00003,0.00348,0.03035
81.20125,0.49751,0.52728,0.00031,0.00490,0.46750
81.30125,0.49751,0.10033,0.00096,0.00376,0.89495
81.40125,0.49750,0.69001,0.00090,0.01678,0.29231
81.50125,0.49750,0.99472,0.00003,0.00339,0.00186
81.60125,0.49750,0.99985,0.00000,0.00013,0.00002
81.70125,0.49751,0.99991,0.00000,0.00009,0.00000
81.80125,0.49751,0.99999,0.00000,0.00001,0.00000
81.90125,0.49750,1.00000,0.00000,0.00000,0.00000
82.00125,0.49750,1.00000,0.00000,0.00000,0.00000
82.10125,0.49750,0.99999,0.00000,0.00001,0.00000
82.20125,0.49751,0.99992,0.00000,0.00004,0.00004
82.30125,0.49751,0.99812,0.00000,0.00048,0.00140
82.40125,0.49750,0.93871,0.00002,0.00996,0.05131
82.50125,0.49750,0.28363,0.00013,0.03731,0.67892
82.60125,0.49750,0.04038,0.00026,0.01630,0.94306
82.70125,0.49751,0.08702,0.00024,0.01592,0.89682
82.80125,0.49751,0.93158,0.00005,0.01496,0.05342
82.90125,0.49750,0.99925,0.00000,0.00050,0.00025
83.00125,0.49750,0.99993,0.00000,0.00006,0.00000
83.10125,0.49750,0.99998,0.00000,0.00001,0.00000
83.20125,0.49751,1.00000,0.00000,0.00000,0.00000
83.30125,0.49751,0.99999,0.00000,0.00001,0.00000
83.40125,0.49750,0.99999,0.00000,0.00001,0.00000
83.50125,0.49750,0.99997,0.00000,0.00002,0.00001
83.60125,0.49750,0.99970,0.00000,0.00013,0.00017
83.70125,0.49751,0.99330,0.00000,0.00105,0.00565
83.80125,0.49751,0.80616,0.00005,0.02829,0.16551
83.90125,0.49750,0.24269,0.00021,0.02084,0.73626
84.00125,0.49750,0.03757,0.00032,0.00890,0.95320
84.10125,0.49750,0.41533,0.00032,0.02296,0.56139
84.20125,0.49751,0.99158,0.00001,0.00375,0.00466
84.30125,0.49751,0.99991,0.00000,0.00007,0.00002
84.40125,0.49750,0.99997,0.00000,0.00003,0.00000
84.50125,0.49750,1.00000,0.00000,0.00000,0.00000
84.60125,0.49750,1.00000,0.00000,0.00000,0.00000
84.70125,0.49751,1.00000,0.00000,0.00000,0.00000
84.80125,0.49751,0.99998,0.00000,0.00001,0.00001
84.90125,0.49750,0.99962,0.00000,0.00014,0.00025
85.00125,0.49750,0.99112,0.00000,0.00148,0.00740
85.10125,0.49750,0.72245,0.00009,0.03029,0.24717
85.20125,0.49751,0.11989,0.00033,0.00816,0.87162
85.30125,0.49751,0.04297,0.00047,0.00581,0.95076
85.40125,0.49750,0.47548,0.00034,0.01472,0.50946
85.50125,0.49750,0.98975,0.00008,0.00294,0.00723
85.60125,0.49750,0.99989,0.00000,0.00007,0.00003
85.70125,0.49751,0.99995,0.00000,0.00005,0.00000
85.80125,0.49751,0.99999,0.00000,0.00001,0.00000
85.90125,0.49750,1.00000,0.00000,0.00000,0.00000
86.00125,0.49750,1.00000,0.00000,0.00000,0.00000
86.10125,0.49750,0.99997,0.00000,0.00002,0.00001
86.20125,0.49751,0.99947,0.00000,0.00016,0.00037
86.30125,0.49751,0.98077,0.00001,0.00179,0.01743
86.40125,0.49750,0.57932,0.00017,0.02967,0.39084
86.50125,0.49750,0.08472,0.00035,0.01016,0.90477
86.60125,0.49750,0.03151,0.00029,0.00632,0.96189
86.70125,0.49751,0.24999,0.00026,0.01940,0.73035
86.80125,0.49751,0.98196,0.00003,0.00504,0.01297
86.90125,0.49750,0.99974,0.00000,0.00015,0.00012
87.00125,0.49750,0.99991,0.00000,0.00008,0.00001
87.10125,0.49750,0.99999,0.00000,0.00001,0.00000
87.20125,0.49751,1.00000,0.00000,0.00000,0.00000
87.30125,0.49751,0.99998,0.00000,0.00001,0.00000
87.40125,0.49750,0.99941,0.00000,0.00022,0.00037
87.50125,0.49750,0.98991,0.00000,0.00220,0.00789
87.60125,0.49750,0.78381,0.00007,0.02527,0.19085
87.70125,0.49751,0.05247,0.00019,0.05769,0.88966
87.80125,0.49751,0.03101,0.00027,0.01230,0.95643
87.90125,0.49750,0.03619,0.00025,0.00696,0.95660
88.00125,0.49750,0.47992,0.00024,0.01680,0.50305
88.10125,0.49750,0.98724,0.00001,0.00191,0.01084
88.20125,0.49751,0.99970,0.00000,0.00009,0.00021
88.30125,0.49751,0.99993,0.00000,0.00006,0.00001
88.40125,0.49750,0.99999,0.00000,0.00001,0.00000
88.50125,0.49750,0.99999,0.00000,0.00001,0.00000
88.60125,0.49750,0.99998,0.00000,0.00001,0.00000
88.70125,0.49751,0.99980,0.00000,0.00010,0.00009
88.80125,0.49751,0.99478,0.00000,0.00079,0.00442
88.90125,0.49750,0.89151,0.00007,0.00589,0.10252
89.00125,0.49750,0.17198,0.00031,0.01079,0.81692
89.10125,0.49750,0.05761,0.00053,0.00640,0.93546
89.20125,0.49751,0.32890,0.00034,0.00820,0.66257
89.30125,0.49751,0.98348,0.00002,0.00170,0.01480
89.40125,0.49750,0.99973,0.00000,0.00013,0.00013
89.50125,0.49750,0.99996,0.00000,0.00004,0.00000
89.60125,0.49750,0.99999,0.00000,0.00001,0.00000
89.70125,0.49751,0.99999,0.00000,0.00001,0.00000
89.80125,0.49751,0.99998,0.00000,0.00001,0.00000
89.90125,0.49750,0.99996,0.00000,0.00002,0.00002
90.00125,0.49750,0.99998,0.00000,0.00001,0.00001
90.10125,0.49750,0.99992,0.00000,0.00004,0.00005
90.20125,0.49751,0.99851,0.00000,0.00026,0.00122
90.30125,0.49751,0.97673,0.00003,0.00201,0.02122
90.40125,0.49750,0.75585,0.00029,0.00336,0.24051
90.50125,0.49750,0.09674,0.00068,0.00418,0.89840
90.60125,0.49750,0.82215,0.00037,0.00686,0.17063
90.70125,0.49751,0.99844,0.00001,0.00077,0.00077
90.80125,0.49751,0.99994,0.00000,0.00005,0.00001
90.90125,0.49750,0.99997,0.00000,0.00003,0.00000
91.00125,0.49750,1.00000,0.00000,0.00000,0.00000
91.10125,0.49750,0.99999,0.00000,0.00001,0.00000
91.20125,0.49751,0.99992,0.00000,0.00006,0.00002
91.30125,0.49751,0.99720,0.00000,0.00067,0.00213
91.40125,0.49750,0.93853,0.00005,0.00106,0.06036
91.50125,0.49750,0.31201,0.00021,0.00483,0.68295
91.60125,0.49750,0.05508,0.00061,0.00196,0.94236
91.70125,0.49751,0.06803,0.00114,0.00071,0.93011
91.80125,0.49751,0.72273,0.00095,0.00200,0.27433
91.90125,0.49750,0.99703,0.00003,0.00105,0.00190
92.00125,0.49750,0.99986,0.00000,0.00010,0.00004
92.10125,0.49750,0.99997,0.00000,0.00003,0.00000
92.20125,0.49751,0.99999,0.00000,0.00001,0.00000
92.30125,0.49751,0.99998,0.00000,0.00002,0.00000
92.40125,0.49750,0.99907,0.00000,0.00028,0.00065
92.50125,0.49750,0.97613,0.00000,0.00227,0.02160
92.60125,0.49750,0.75340,0.00014,0.00384,0.24262
92.70125,0.49751,0.15818,0.00042,0.00370,0.83769
92.80125,0.49751,0.04240,0.00058,0.00203,0.95498
92.90125,0.49750,0.17240,0.00074,0.00227,0.82459
93.00125,0.49750,0.94108,0.00013,0.00108,0.05771
93.10125,0.49750,0.99925,0.00000,0.00023,0.00052
93.20125,0.49751,0.99995,0.00000,0.00004,0.00001
93.30125,0.49751,0.99999,0.00000,0.00001,0.00000
93.40125,0.49750,0.99999,0.00000,0.00001,0.00000
93.50125,0.49750,0.99997,0.00000,0.00003,0.00001
93.60125,0.49750,0.99916,0.00000,0.00035,0.00048
93.70125,0.49751,0.97995,0.00001,0.00284,0.01720
93.80125,0.49751,0.64027,0.00034,0.00640,0.35300
93.90125,0.49750,0.21340,0.00082,0.00438,0.78140
94.00125,0.49750,0.10534,0.00117,0.00214,0.89134
94.10125,0.49750,0.40843,0.00068,0.00197,0.58892
94.20125,0.49751,0.88861,0.00010,0.00071,0.11058
94.30125,0.49751,0.99420,0.00000,0.00018,0.00562
94.40125,0.49750,0.99972,0.00000,0.00005,0.00022
94.50125,0.49750,0.99992,0.00000,0.00003,0.00005
94.60125,0.49750,0.99987,0.00000,0.00004,0.00009
94.70125,0.49751,0.99991,0.00000,0.00003,0.00006
94.80125,0.49751,0.99990,0.00000,0.00003,0.00007
94.90125,0.49750,0.99989,0.00000,0.00003,0.00008
95.00125,0.49750,0.99993,0.00000,0.00002,0.00005
95.10125,0.49750,0.99994,0.00000,0.00002,0.00004
95.20125,0.49751,0.99961,0.00000,0.00010,0.00029
95.30125,0.49751,0.99771,0.00000,0.00029,0.00200
95.40125,0.49750,0.99479,0.00000,0.00035,0.00485
95.50125,0.49750,0.98698,0.00000,0.00043,0.01259
95.60125,0.49750,0.97829,0.00000,0.00032,0.02139
95.70125,0.49751,0.99243,0.00000,0.00006,0.00751
95.80125,0.49751,0.99522,0.00000,0.00004,0.00474
95.90125,0.49750,0.99380,0.00000,0.00003,0.00617
96.00125,0.49750,0.99299,0.00000,0.00003,0.00699
96.10125,0.49750,0.98974,0.00000,0.00002,0.01024
96.20125,0.49751,0.98276,0.00000,0.00002,0.01722
96.30125,0.49751,0.98500,0.00000,0.00002,0.01498
96.40125,0.49750,0.99026,0.00000,0.00001,0.00973
96.50125,0.49750,0.99073,0.00000,0.00001,0.00926
96.60125,0.49750,0.99329,0.00000,0.00001,0.00669
96.70125,0.49751,0.99690,0.00000,0.00001,0.00309
96.80125,0.49751,0.99735,0.00000,0.00001,0.00264
96.90125,0.49750,0.99724,0.00000,0.00001,0.00275
97.00125,0.49750,0.99943,0.00000,0.00001,0.00056
97.10125,0.49750,0.99996,0.00000,0.00001,0.00003
97.20125,0.49751,0.99996,0.00000,0.00002,0.00001
97.30125,0.49751,0.99996,0.00000,0.00004,0.00000
97.40125,0.49750,0.99993,0.00000,0.00007,0.00000
97.50125,0.49750,0.99992,0.00000,0.00008,0.00000
97.60125,0.49750,0.99991,0.00000,0.00008,0.00001
97.70125,0.49751,0.99993,0.00000,0.00005,0.00002
97.80125,0.49751,0.99994,0.00000,0.00004,0.00003
97.90125,0.49750,0.99994,0.00000,0.00002,0.00004
98.00125,0.49750,0.99994,0.00000,0.00001,0.00005
98.10125,0.49750,0.99992,0.00000,0.00001,0.00007
98.20125,0.49751,0.99990,0.00000,0.00001,0.00009
98.30125,0.49751,0.99986,0.00000,0.00001,0.00013
98.40125,0.49750,0.99986,0.00000,0.00001,0.00013
98.50125,0.49750,0.99987,0.00000,0.00001,0.00012
98.60125,0.49750,0.99987,0.00000,0.00001,0.00012
