Time (seconds), Duration (seconds),pred_(unlabeled),pred_Jab_R,pred_Sidehook_R,pred_Uppercut_R
0.00125,0.99750,0.99897,0.00055,0.00000,0.00049
0.10125,0.99750,0.99896,0.00055,0.00000,0.00049
0.20125,0.99750,0.99896,0.00055,0.00000,0.00049
0.30125,0.99750,0.99897,0.00055,0.00000,0.00048
0.40125,0.99750,0.99896,0.00056,0.00000,0.00048
0.50125,0.99750,0.99897,0.00055,0.00000,0.00049
0.60125,0.99750,0.99896,0.00056,0.00000,0.00048
0.70125,0.99750,0.99897,0.00054,0.00000,0.00049
0.80125,0.99750,0.99893,0.00058,0.00000,0.00049
0.90125,0.99750,0.99895,0.00056,0.00000,0.00050
1.00125,0.99750,0.99894,0.00056,0.00000,0.00050
1.10125,0.99750,0.99892,0.00058,0.00000,0.00050
1.20125,0.99750,0.99891,0.00058,0.00000,0.00050
1.30125,0.99750,0.99892,0.00058,0.00000,0.00050
1.40125,0.99750,0.99892,0.00058,0.00000,0.00050
1.50125,0.99750,0.99892,0.00058,0.00000,0.00050
1.60125,0.99750,0.99891,0.00058,0.00000,0.00051
1.70125,0.99750,0.99892,0.00058,0.00000,0.00050
1.80125,0.99750,0.99893,0.00057,0.00000,0.00050
1.90125,0.99750,0.99894,0.00057,0.00000,0.00050
2.00125,0.99750,0.99896,0.00055,0.00000,0.00049
2.10125,0.99750,0.99897,0.00054,0.00000,0.00049
2.20125,0.99750,0.99897,0.00054,0.00000,0.00048
2.30125,0.99750,0.99897,0.00054,0.00000,0.00049
2.40125,0.99750,0.99896,0.00055,0.00000,0.00049
2.50125,0.99750,0.99894,0.00056,0.00000,0.00049
2.60125,0.99750,0.99894,0.00056,0.00000,0.00050
2.70125,0.99750,0.99896,0.00055,0.00000,0.00049
2.80125,0.99750,0.99894,0.00056,0.00000,0.00050
2.90125,0.99750,0.99893,0.00057,0.00000,0.00050
3.00125,0.99750,0.99885,0.00054,0.00000,0.00060
3.10125,0.99750,0.99884,0.00057,0.00000,0.00059
3.20125,0.99750,0.99949,0.00024,0.00000,0.00028
3.30125,0.99750,0.99888,0.00085,0.00000,0.00027
3.40125,0.99750,0.89843,0.10101,0.00000,0.00056
3.50125,0.99750,0.99350,0.00556,0.00000,0.00094
3.60125,0.99750,0.97294,0.02658,0.00000,0.00048
3.70125,0.99750,0.75383,0.24591,0.00000,0.00026
3.80125,0.99750,0.83094,0.16866,0.00000,0.00040
3.90125,0.99750,0.88338,0.11599,0.00000,0.00064
4.00125,0.99750,0.82498,0.17467,0.00000,0.00035
4.10125,0.99750,0.92112,0.07855,0.00000,0.00033
4.20125,0.99750,0.88550,0.11398,0.00000,0.00052
4.30125,0.99750,0.99768,0.00214,0.00000,0.00018
4.40125,0.99750,0.99301,0.00660,0.00000,0.00040
4.50125,0.99750,0.99943,0.00043,0.00000,0.00014
4.60125,0.99750,0.99814,0.00172,0.00000,0.00014
4.70125,0.99750,0.99657,0.00331,0.00000,0.00012
4.80125,0.99750,0.99794,0.00192,0.00000,0.00013
4.90125,0.99750,0.99882,0.00108,0.00000,0.00009
5.00125,0.99750,0.99928,0.00068,0.00000,0.00004
5.10125,0.99750,0.99683,0.00313,0.00000,0.00004
5.20125,0.99750,0.99872,0.00121,0.00000,0.00007
5.30125,0.99750,0.99875,0.00120,0.00000,0.00005
5.40125,0.99750,0.99843,0.00153,0.00000,0.00004
5.50125,0.99750,0.99926,0.00069,0.00000,0.00005
5.60125,0.99750,0.99898,0.00084,0.00000,0.00018
5.70125,0.99750,0.99860,0.00124,0.00000,0.00016
5.80125,0.99750,0.99867,0.00121,0.00000,0.00011
5.90125,0.99750,0.99937,0.00049,0.00000,0.00014
6.00125,0.99750,0.99920,0.00039,0.00000,0.00041
6.10125,0.99750,0.99847,0.00088,0.00000,0.00065
6.20125,0.99750,0.99873,0.00082,0.00000,0.00045
6.30125,0.99750,0.99841,0.00111,0.00000,0.00048
6.40125,0.99750,0.99835,0.00101,0.00000,0.00064
6.50125,0.99750,0.99795,0.00138,0.00000,0.00067
6.60125,0.99750,0.99793,0.00139,0.00000,0.00068
6.70125,0.99750,0.99798,0.00136,0.00000,0.00066
6.80125,0.99750,0.99794,0.00139,0.00000,0.00067
6.90125,0.99750,0.99796,0.00137,0.00000,0.00067
7.00125,0.99750,0.99796,0.00138,0.00000,0.00066
7.10125,0.99750,0.99794,0.00140,0.00000,0.00066
7.20125,0.99750,0.99849,0.00098,0.00000,0.00053
7.30125,0.99750,0.99868,0.00083,0.00000,0.00049
7.40125,0.99750,0.99869,0.00083,0.00000,0.00048
7.50125,0.99750,0.99882,0.00074,0.00000,0.00045
7.60125,0.99750,0.99885,0.00072,0.00000,0.00044
7.70125,0.99750,0.99885,0.00071,0.00000,0.00044
7.80125,0.99750,0.99887,0.00070,0.00000,0.00043
7.90125,0.99750,0.99887,0.00069,0.00000,0.00044
8.00125,0.99750,0.99885,0.00072,0.00000,0.00043
8.10125,0.99750,0.99886,0.00070,0.00000,0.00044
8.20125,0.99750,0.99887,0.00069,0.00000,0.00044
8.30125,0.99750,0.99886,0.00070,0.00000,0.00044
8.40125,0.99750,0.99887,0.00069,0.00000,0.00044
8.50125,0.99750,0.99887,0.00070,0.00000,0.00043
8.60125,0.99750,0.99888,0.00069,0.00000,0.00043
8.70125,0.99750,0.99889,0.00068,0.00000,0.00043
8.80125,0.99750,0.99888,0.00069,0.00000,0.00043
8.90125,0.99750,0.99890,0.00067,0.00000,0.00043
9.00125,0.99750,0.99888,0.00069,0.00000,0.00043
9.10125,0.99750,0.99888,0.00068,0.00000,0.00043
9.20125,0.99750,0.99890,0.00067,0.00000,0.00043
9.30125,0.99750,0.99889,0.00068,0.00000,0.00043
9.40125,0.99750,0.99889,0.00068,0.00000,0.00043
9.50125,0.99750,0.99888,0.00068,0.00000,0.00043
9.60125,0.99750,0.99888,0.00068,0.00000,0.00043
9.70125,0.99750,0.99888,0.00068,0.00000,0.00044
9.80125,0.99750,0.99887,0.00069,0.00000,0.00044
9.90125,0.99750,0.99888,0.00068,0.00000,0.00044
10.00125,0.99750,0.99887,0.00069,0.00000,0.00044
10.10125,0.99750,0.99887,0.00069,0.00000,0.00044
10.20125,0.99750,0.99888,0.00068,0.00000,0.00044
10.30125,0.99750,0.99886,0.00070,0.00000,0.00044
10.40125,0.99750,0.99886,0.00070,0.00000,0.00044
10.50125,0.99750,0.99886,0.00070,0.00000,0.00044
10.60125,0.99750,0.99889,0.00068,0.00000,0.00044
10.70125,0.99750,0.99887,0.00069,0.00000,0.00044
10.80125,0.99750,0.99888,0.00069,0.00000,0.00043
10.90125,0.99750,0.99888,0.00069,0.00000,0.00043
11.00125,0.99750,0.99888,0.00069,0.00000,0.00043
11.10125,0.99750,0.99888,0.00069,0.00000,0.00043
11.20125,0.99750,0.99889,0.00068,0.00000,0.00043
11.30125,0.99750,0.99889,0.00069,0.00000,0.00043
11.40125,0.99750,0.99890,0.00067,0.00000,0.00043
11.50125,0.99750,0.99891,0.00067,0.00000,0.00042
11.60125,0.99750,0.99890,0.00067,0.00000,0.00043
11.70125,0.99750,0.99890,0.00068,0.00000,0.00042
11.80125,0.99750,0.99890,0.00068,0.00000,0.00043
11.90125,0.99750,0.99889,0.00068,0.00000,0.00043
12.00125,0.99750,0.99887,0.00069,0.00000,0.00043
12.10125,0.99750,0.99888,0.00068,0.00000,0.00043
12.20125,0.99750,0.99888,0.00069,0.00000,0.00043
12.30125,0.99750,0.99888,0.00069,0.00000,0.00043
12.40125,0.99750,0.99887,0.00069,0.00000,0.00044
12.50125,0.99750,0.99887,0.00069,0.00000,0.00043
12.60125,0.99750,0.99888,0.00068,0.00000,0.00043
12.70125,0.99750,0.99889,0.00068,0.00000,0.00043
12.80125,0.99750,0.99888,0.00068,0.00000,0.00043
12.90125,0.99750,0.99888,0.00069,0.00000,0.00043
13.00125,0.99750,0.99889,0.00068,0.00000,0.00043
13.10125,0.99750,0.99888,0.00068,0.00000,0.00043
13.20125,0.99750,0.99890,0.00067,0.00000,0.00043
13.30125,0.99750,0.99890,0.00067,0.00000,0.00043
13.40125,0.99750,0.99888,0.00069,0.00000,0.00043
13.50125,0.99750,0.99888,0.00069,0.00000,0.00044
13.60125,0.99750,0.99889,0.00068,0.00000,0.00044
13.70125,0.99750,0.99888,0.00068,0.00000,0.00043
13.80125,0.99750,0.99889,0.00068,0.00000,0.00043
13.90125,0.99750,0.99889,0.00068,0.00000,0.00043
14.00125,0.99750,0.99889,0.00068,0.00000,0.00043
14.10125,0.99750,0.99888,0.00069,0.00000,0.00043
14.20125,0.99750,0.99889,0.00069,0.00000,0.00043
14.30125,0.99750,0.99889,0.00068,0.00000,0.00043
14.40125,0.99750,0.99889,0.00068,0.00000,0.00042
14.50125,0.99750,0.99889,0.00068,0.00000,0.00042
14.60125,0.99750,0.99889,0.00068,0.00000,0.00043
14.70125,0.99750,0.99890,0.00067,0.00000,0.00043
14.80125,0.99750,0.99889,0.00068,0.00000,0.00043
14.90125,0.99750,0.99891,0.00067,0.00000,0.00042
15.00125,0.99750,0.99890,0.00067,0.00000,0.00042
15.10125,0.99750,0.99890,0.00067,0.00000,0.00043
15.20125,0.99750,0.99890,0.00068,0.00000,0.00043
15.30125,0.99750,0.99890,0.00067,0.00000,0.00043
15.40125,0.99750,0.99889,0.00068,0.00000,0.00043
15.50125,0.99750,0.99889,0.00068,0.00000,0.00043
15.60125,0.99750,0.99889,0.00068,0.00000,0.00043
15.70125,0.99750,0.99889,0.00068,0.00000,0.00043
15.80125,0.99750,0.99889,0.00068,0.00000,0.00043
15.90125,0.99750,0.99889,0.00068,0.00000,0.00043
16.00125,0.99750,0.99889,0.00068,0.00000,0.00043
16.10125,0.99750,0.99890,0.00067,0.00000,0.00043
16.20125,0.99750,0.99890,0.00067,0.00000,0.00043
16.30125,0.99750,0.99892,0.00066,0.00000,0.00042
16.40125,0.99750,0.99891,0.00067,0.00000,0.00042
16.50125,0.99750,0.99891,0.00067,0.00000,0.00042
16.60125,0.99750,0.99891,0.00067,0.00000,0.00042
16.70125,0.99750,0.99891,0.00066,0.00000,0.00042
16.80125,0.99750,0.99891,0.00066,0.00000,0.00043
16.90125,0.99750,0.99890,0.00067,0.00000,0.00043
17.00125,0.99750,0.99890,0.00067,0.00000,0.00043
17.10125,0.99750,0.99890,0.00067,0.00000,0.00043
17.20125,0.99750,0.99889,0.00068,0.00000,0.00043
17.30125,0.99750,0.99890,0.00067,0.00000,0.00043
17.40125,0.99750,0.99890,0.00067,0.00000,0.00043
17.50125,0.99750,0.99889,0.00067,0.00000,0.00043
17.60125,0.99750,0.99889,0.00068,0.00000,0.00043
17.70125,0.99750,0.99889,0.00068,0.00000,0.00043
17.80125,0.99750,0.99889,0.00068,0.00000,0.00043
17.90125,0.99750,0.99890,0.00067,0.00000,0.00043
18.00125,0.99750,0.99889,0.00068,0.00000,0.00043
18.10125,0.99750,0.99890,0.00067,0.00000,0.00043
18.20125,0.99750,0.99890,0.00067,0.00000,0.00043
18.30125,0.99750,0.99890,0.00067,0.00000,0.00043
18.40125,0.99750,0.99891,0.00066,0.00000,0.00043
18.50125,0.99750,0.99890,0.00067,0.00000,0.00043
18.60125,0.99750,0.99891,0.00066,0.00000,0.00043
18.70125,0.99750,0.99890,0.00067,0.00000,0.00043
18.80125,0.99750,0.99891,0.00066,0.00000,0.00043
18.90125,0.99750,0.99890,0.00068,0.00000,0.00043
19.00125,0.99750,0.99890,0.00068,0.00000,0.00043
19.10125,0.99750,0.99890,0.00067,0.00000,0.00043
19.20125,0.99750,0.99889,0.00068,0.00000,0.00042
19.30125,0.99750,0.99890,0.00068,0.00000,0.00043
19.40125,0.99750,0.99890,0.00068,0.00000,0.00043
19.50125,0.99750,0.99888,0.00069,0.00000,0.00043
19.60125,0.99750,0.99889,0.00069,0.00000,0.00043
19.70125,0.99750,0.99889,0.00068,0.00000,0.00043
19.80125,0.99750,0.99888,0.00069,0.00000,0.00043
19.90125,0.99750,0.99889,0.00068,0.00000,0.00043
20.00125,0.99750,0.99889,0.00068,0.00000,0.00043
20.10125,0.99750,0.99889,0.00068,0.00000,0.00043
20.20125,0.99750,0.99889,0.00068,0.00000,0.00043
20.30125,0.99750,0.99889,0.00068,0.00000,0.00043
20.40125,0.99750,0.99889,0.00068,0.00000,0.00043
20.50125,0.99750,0.99890,0.00067,0.00000,0.00043
20.60125,0.99750,0.99890,0.00067,0.00000,0.00043
20.70125,0.99750,0.99891,0.00067,0.00000,0.00042
20.80125,0.99750,0.99890,0.00067,0.00000,0.00043
20.90125,0.99750,0.99890,0.00067,0.00000,0.00043
21.00125,0.99750,0.99891,0.00067,0.00000,0.00043
21.10125,0.99750,0.99890,0.00067,0.00000,0.00042
21.20125,0.99750,0.99890,0.00067,0.00000,0.00043
21.30125,0.99750,0.99891,0.00067,0.00000,0.00042
21.40125,0.99750,0.99891,0.00067,0.00000,0.00043
21.50125,0.99750,0.99890,0.00067,0.00000,0.00042
21.60125,0.99750,0.99890,0.00067,0.00000,0.00042
21.70125,0.99750,0.99890,0.00068,0.00000,0.00043
21.80125,0.99750,0.99890,0.00067,0.00000,0.00043
21.90125,0.99750,0.99890,0.00067,0.00000,0.00043
22.00125,0.99750,0.99890,0.00067,0.00000,0.00043
22.10125,0.99750,0.99890,0.00067,0.00000,0.00043
22.20125,0.99750,0.99889,0.00068,0.00000,0.00043
22.30125,0.99750,0.99890,0.00067,0.00000,0.00043
22.40125,0.99750,0.99890,0.00066,0.00000,0.00043
22.50125,0.99750,0.99889,0.00068,0.00000,0.00043
22.60125,0.99750,0.99890,0.00067,0.00000,0.00043
22.70125,0.99750,0.99890,0.00067,0.00000,0.00043
22.80125,0.99750,0.99889,0.00068,0.00000,0.00043
22.90125,0.99750,0.99889,0.00068,0.00000,0.00043
23.00125,0.99750,0.99890,0.00067,0.00000,0.00043
23.10125,0.99750,0.99889,0.00068,0.00000,0.00043
23.20125,0.99750,0.99890,0.00067,0.00000,0.00043
23.30125,0.99750,0.99890,0.00067,0.00000,0.00043
23.40125,0.99750,0.99889,0.00068,0.00000,0.00043
23.50125,0.99750,0.99890,0.00067,0.00000,0.00043
23.60125,0.99750,0.99888,0.00068,0.00000,0.00044
23.70125,0.99750,0.99888,0.00068,0.00000,0.00043
23.80125,0.99750,0.99889,0.00068,0.00000,0.00043
23.90125,0.99750,0.99888,0.00068,0.00000,0.00043
24.00125,0.99750,0.99889,0.00068,0.00000,0.00043
24.10125,0.99750,0.99889,0.00067,0.00000,0.00043
24.20125,0.99750,0.99890,0.00067,0.00000,0.00043
24.30125,0.99750,0.99890,0.00067,0.00000,0.00043
24.40125,0.99750,0.99889,0.00067,0.00000,0.00043
24.50125,0.99750,0.99890,0.00067,0.00000,0.00043
24.60125,0.99750,0.99890,0.00067,0.00000,0.00043
24.70125,0.99750,0.99890,0.00068,0.00000,0.00043
24.80125,0.99750,0.99890,0.00067,0.00000,0.00043
24.90125,0.99750,0.99890,0.00067,0.00000,0.00043
25.00125,0.99750,0.99890,0.00067,0.00000,0.00043
25.10125,0.99750,0.99890,0.00067,0.00000,0.00043
25.20125,0.99750,0.99891,0.00067,0.00000,0.00043
25.30125,0.99750,0.99891,0.00067,0.00000,0.00043
25.40125,0.99750,0.99890,0.00068,0.00000,0.00043
25.50125,0.99750,0.99890,0.00067,0.00000,0.00042
25.60125,0.99750,0.99890,0.00067,0.00000,0.00042
25.70125,0.99750,0.99891,0.00067,0.00000,0.00042
25.80125,0.99750,0.99890,0.00067,0.00000,0.00043
25.90125,0.99750,0.99890,0.00068,0.00000,0.00043
26.00125,0.99750,0.99891,0.00067,0.00000,0.00043
26.10125,0.99750,0.99890,0.00067,0.00000,0.00043
26.20125,0.99750,0.99890,0.00068,0.00000,0.00043
26.30125,0.99750,0.99890,0.00067,0.00000,0.00043
26.40125,0.99750,0.99889,0.00068,0.00000,0.00043
26.50125,0.99750,0.99889,0.00068,0.00000,0.00043
26.60125,0.99750,0.99889,0.00068,0.00000,0.00043
26.70125,0.99750,0.99889,0.00068,0.00000,0.00043
26.80125,0.99750,0.99889,0.00068,0.00000,0.00043
26.90125,0.99750,0.99889,0.00068,0.00000,0.00043
27.00125,0.99750,0.99890,0.00068,0.00000,0.00043
27.10125,0.99750,0.99890,0.00068,0.00000,0.00043
27.20125,0.99750,0.99890,0.00067,0.00000,0.00043
27.30125,0.99750,0.99889,0.00068,0.00000,0.00043
27.40125,0.99750,0.99890,0.00067,0.00000,0.00043
27.50125,0.99750,0.99890,0.00067,0.00000,0.00043
27.60125,0.99750,0.99890,0.00067,0.00000,0.00043
27.70125,0.99750,0.99890,0.00067,0.00000,0.00043
27.80125,0.99750,0.99890,0.00067,0.00000,0.00043
27.90125,0.99750,0.99890,0.00068,0.00000,0.00043
28.00125,0.99750,0.99890,0.00067,0.00000,0.00043
28.10125,0.99750,0.99891,0.00067,0.00000,0.00043
28.20125,0.99750,0.99891,0.00067,0.00000,0.00043
28.30125,0.99750,0.99890,0.00067,0.00000,0.00043
28.40125,0.99750,0.99889,0.00068,0.00000,0.00043
28.50125,0.99750,0.99889,0.00068,0.00000,0.00043
28.60125,0.99750,0.99890,0.00068,0.00000,0.00043
28.70125,0.99750,0.99889,0.00068,0.00000,0.00043
28.80125,0.99750,0.99889,0.00068,0.00000,0.00043
28.90125,0.99750,0.99890,0.00067,0.00000,0.00043
29.00125,0.99750,0.99889,0.00068,0.00000,0.00043
29.10125,0.99750,0.99889,0.00068,0.00000,0.00043
29.20125,0.99750,0.99890,0.00067,0.00000,0.00043
29.30125,0.99750,0.99890,0.00067,0.00000,0.00043
29.40125,0.99750,0.99891,0.00066,0.00000,0.00043
29.50125,0.99750,0.99891,0.00066,0.00000,0.00043
29.60125,0.99750,0.99891,0.00066,0.00000,0.00043
29.70125,0.99750,0.99890,0.00067,0.00000,0.00043
29.80125,0.99750,0.99890,0.00067,0.00000,0.00043
29.90125,0.99750,0.99891,0.00067,0.00000,0.00043
30.00125,0.99750,0.99891,0.00066,0.00000,0.00043
30.10125,0.99750,0.99891,0.00067,0.00000,0.00043
30.20125,0.99750,0.99890,0.00067,0.00000,0.00043
30.30125,0.99750,0.99890,0.00068,0.00000,0.00043
30.40125,0.99750,0.99889,0.00068,0.00000,0.00043
30.50125,0.99750,0.99890,0.00067,0.00000,0.00043
30.60125,0.99750,0.99890,0.00067,0.00000,0.00043
30.70125,0.99750,0.99889,0.00068,0.00000,0.00043
30.80125,0.99750,0.99889,0.00068,0.00000,0.00043
30.90125,0.99750,0.99890,0.00067,0.00000,0.00043
31.00125,0.99750,0.99890,0.00067,0.00000,0.00043
31.10125,0.99750,0.99889,0.00068,0.00000,0.00043
31.20125,0.99750,0.99890,0.00067,0.00000,0.00043
31.30125,0.99750,0.99889,0.00068,0.00000,0.00043
31.40125,0.99750,0.99890,0.00067,0.00000,0.00043
31.50125,0.99750,0.99890,0.00067,0.00000,0.00043
31.60125,0.99750,0.99890,0.00067,0.00000,0.00043
31.70125,0.99750,0.99890,0.00067,0.00000,0.00043
31.80125,0.99750,0.99890,0.00067,0.00000,0.00043
31.90125,0.99750,0.99889,0.00068,0.00000,0.00043
32.00125,0.99750,0.99889,0.00068,0.00000,0.00043
32.10125,0.99750,0.99890,0.00067,0.00000,0.00043
32.20125,0.99750,0.99890,0.00067,0.00000,0.00043
32.30125,0.99750,0.99890,0.00067,0.00000,0.00043
32.40125,0.99750,0.99890,0.00067,0.00000,0.00043
32.50125,0.99750,0.99890,0.00067,0.00000,0.00043
32.60125,0.99750,0.99890,0.00067,0.00000,0.00043
32.70125,0.99750,0.99890,0.00067,0.00000,0.00043
32.80125,0.99750,0.99890,0.00067,0.00000,0.00043
32.90125,0.99750,0.99890,0.00067,0.00000,0.00043
33.00125,0.99750,0.99890,0.00067,0.00000,0.00043
33.10125,0.99750,0.99891,0.00067,0.00000,0.00043
33.20125,0.99750,0.99891,0.00067,0.00000,0.00043
33.30125,0.99750,0.99890,0.00067,0.00000,0.00043
33.40125,0.99750,0.99890,0.00067,0.00000,0.00043
33.50125,0.99750,0.99890,0.00067,0.00000,0.00043
33.60125,0.99750,0.99890,0.00067,0.00000,0.00043
33.70125,0.99750,0.99891,0.00067,0.00000,0.00043
33.80125,0.99750,0.99891,0.00066,0.00000,0.00042
33.90125,0.99750,0.99891,0.00066,0.00000,0.00043
34.00125,0.99750,0.99891,0.00067,0.00000,0.00043
34.10125,0.99750,0.99890,0.00067,0.00000,0.00043
34.20125,0.99750,0.99890,0.00067,0.00000,0.00043
34.30125,0.99750,0.99892,0.00066,0.00000,0.00042
34.40125,0.99750,0.99890,0.00067,0.00000,0.00043
34.50125,0.99750,0.99890,0.00067,0.00000,0.00043
34.60125,0.99750,0.99890,0.00067,0.00000,0.00043
34.70125,0.99750,0.99890,0.00067,0.00000,0.00043
34.80125,0.99750,0.99890,0.00067,0.00000,0.00043
34.90125,0.99750,0.99890,0.00067,0.00000,0.00043
35.00125,0.99750,0.99890,0.00068,0.00000,0.00043
35.10125,0.99750,0.99890,0.00067,0.00000,0.00043
35.20125,0.99750,0.99889,0.00068,0.00000,0.00043
35.30125,0.99750,0.99890,0.00067,0.00000,0.00043
35.40125,0.99750,0.99890,0.00068,0.00000,0.00043
35.50125,0.99750,0.99890,0.00067,0.00000,0.00043
35.60125,0.99750,0.99890,0.00067,0.00000,0.00043
35.70125,0.99750,0.99890,0.00067,0.00000,0.00043
35.80125,0.99750,0.99891,0.00067,0.00000,0.00043
35.90125,0.99750,0.99890,0.00067,0.00000,0.00043
36.00125,0.99750,0.99889,0.00068,0.00000,0.00043
36.10125,0.99750,0.99890,0.00067,0.00000,0.00043
36.20125,0.99750,0.99889,0.00068,0.00000,0.00043
36.30125,0.99750,0.99889,0.00068,0.00000,0.00043
36.40125,0.99750,0.99889,0.00068,0.00000,0.00043
36.50125,0.99750,0.99889,0.00068,0.00000,0.00043
36.60125,0.99750,0.99889,0.00068,0.00000,0.00043
36.70125,0.99750,0.99889,0.00068,0.00000,0.00043
36.80125,0.99750,0.99889,0.00068,0.00000,0.00043
36.90125,0.99750,0.99890,0.00068,0.00000,0.00043
37.00125,0.99750,0.99889,0.00068,0.00000,0.00043
37.10125,0.99750,0.99889,0.00068,0.00000,0.00043
37.20125,0.99750,0.99889,0.00068,0.00000,0.00043
37.30125,0.99750,0.99889,0.00068,0.00000,0.00043
37.40125,0.99750,0.99890,0.00067,0.00000,0.00043
37.50125,0.99750,0.99889,0.00068,0.00000,0.00044
37.60125,0.99750,0.99888,0.00068,0.00000,0.00043
37.70125,0.99750,0.99889,0.00068,0.00000,0.00043
37.80125,0.99750,0.99888,0.00068,0.00000,0.00044
37.90125,0.99750,0.99889,0.00068,0.00000,0.00043
38.00125,0.99750,0.99889,0.00068,0.00000,0.00043
38.10125,0.99750,0.99888,0.00068,0.00000,0.00043
38.20125,0.99750,0.99889,0.00068,0.00000,0.00043
38.30125,0.99750,0.99889,0.00068,0.00000,0.00043
38.40125,0.99750,0.99888,0.00069,0.00000,0.00044
38.50125,0.99750,0.99889,0.00068,0.00000,0.00044
38.60125,0.99750,0.99887,0.00070,0.00000,0.00044
38.70125,0.99750,0.99886,0.00070,0.00000,0.00044
38.80125,0.99750,0.99887,0.00069,0.00000,0.00044
38.90125,0.99750,0.99886,0.00070,0.00000,0.00043
39.00125,0.99750,0.99888,0.00068,0.00000,0.00044
39.10125,0.99750,0.99886,0.00070,0.00000,0.00044
39.20125,0.99750,0.99886,0.00070,0.00000,0.00044
39.30125,0.99750,0.99887,0.00069,0.00000,0.00043
39.40125,0.99750,0.99887,0.00069,0.00000,0.00044
39.50125,0.99750,0.99887,0.00070,0.00000,0.00043
39.60125,0.99750,0.99888,0.00068,0.00000,0.00043
39.70125,0.99750,0.99889,0.00068,0.00000,0.00043
39.80125,0.99750,0.99888,0.00069,0.00000,0.00043
39.90125,0.99750,0.99887,0.00070,0.00000,0.00043
40.00125,0.99750,0.99889,0.00068,0.00000,0.00043
40.10125,0.99750,0.99887,0.00069,0.00000,0.00043
40.20125,0.99750,0.99888,0.00069,0.00000,0.00043
40.30125,0.99750,0.99889,0.00068,0.00000,0.00043
40.40125,0.99750,0.99888,0.00069,0.00000,0.00043
40.50125,0.99750,0.99888,0.00069,0.00000,0.00043
40.60125,0.99750,0.99890,0.00067,0.00000,0.00043
40.70125,0.99750,0.99890,0.00067,0.00000,0.00043
40.80125,0.99750,0.99888,0.00069,0.00000,0.00043
40.90125,0.99750,0.99888,0.00069,0.00000,0.00043
41.00125,0.99750,0.99889,0.00067,0.00000,0.00043
41.10125,0.99750,0.99887,0.00070,0.00000,0.00044
41.20125,0.99750,0.99885,0.00071,0.00000,0.00044
41.30125,0.99750,0.99885,0.00071,0.00000,0.00044
41.40125,0.99750,0.99885,0.00071,0.00000,0.00044
41.50125,0.99750,0.99884,0.00072,0.00000,0.00044
41.60125,0.99750,0.99884,0.00072,0.00000,0.00044
41.70125,0.99750,0.99886,0.00070,0.00000,0.00044
41.80125,0.99750,0.99886,0.00070,0.00000,0.00044
41.90125,0.99750,0.99887,0.00070,0.00000,0.00044
42.00125,0.99750,0.99887,0.00069,0.00000,0.00044
42.10125,0.99750,0.99886,0.00071,0.00000,0.00043
42.20125,0.99750,0.99887,0.00070,0.00000,0.00043
42.30125,0.99750,0.99887,0.00069,0.00000,0.00044
42.40125,0.99750,0.99887,0.00070,0.00000,0.00043
42.50125,0.99750,0.99889,0.00068,0.00000,0.00043
42.60125,0.99750,0.99888,0.00069,0.00000,0.00043
42.70125,0.99750,0.99888,0.00070,0.00000,0.00043
42.80125,0.99750,0.99888,0.00069,0.00000,0.00043
42.90125,0.99750,0.99886,0.00070,0.00000,0.00044
43.00125,0.99750,0.99884,0.00072,0.00000,0.00044
43.10125,0.99750,0.99887,0.00069,0.00000,0.00043
43.20125,0.99750,0.99884,0.00071,0.00000,0.00044
43.30125,0.99750,0.99886,0.00070,0.00000,0.00044
43.40125,0.99750,0.99884,0.00072,0.00000,0.00044
43.50125,0.99750,0.99885,0.00071,0.00000,0.00044
43.60125,0.99750,0.99886,0.00071,0.00000,0.00044
43.70125,0.99750,0.99887,0.00070,0.00000,0.00043
43.80125,0.99750,0.99889,0.00068,0.00000,0.00043
43.90125,0.99750,0.99888,0.00069,0.00000,0.00043
44.00125,0.99750,0.99889,0.00068,0.00000,0.00043
44.10125,0.99750,0.99890,0.00068,0.00000,0.00043
44.20125,0.99750,0.99888,0.00069,0.00000,0.00043
44.30125,0.99750,0.99890,0.00068,0.00000,0.00042
44.40125,0.99750,0.99888,0.00069,0.00000,0.00043
44.50125,0.99750,0.99888,0.00069,0.00000,0.00043
44.60125,0.99750,0.99888,0.00069,0.00000,0.00043
44.70125,0.99750,0.99888,0.00069,0.00000,0.00043
44.80125,0.99750,0.99887,0.00070,0.00000,0.00044
44.90125,0.99750,0.99887,0.00069,0.00000,0.00043
45.00125,0.99750,0.99888,0.00069,0.00000,0.00043
45.10125,0.99750,0.99887,0.00069,0.00000,0.00043
45.20125,0.99750,0.99889,0.00068,0.00000,0.00043
45.30125,0.99750,0.99889,0.00068,0.00000,0.00043
45.40125,0.99750,0.99887,0.00070,0.00000,0.00043
45.50125,0.99750,0.99889,0.00069,0.00000,0.00043
45.60125,0.99750,0.99890,0.00067,0.00000,0.00043
45.70125,0.99750,0.99888,0.00069,0.00000,0.00043
45.80125,0.99750,0.99888,0.00069,0.00000,0.00043
45.90125,0.99750,0.99888,0.00069,0.00000,0.00043
46.00125,0.99750,0.99887,0.00070,0.00000,0.00043
46.10125,0.99750,0.99887,0.00070,0.00000,0.00043
46.20125,0.99750,0.99889,0.00068,0.00000,0.00043
46.30125,0.99750,0.99886,0.00070,0.00000,0.00043
46.40125,0.99750,0.99886,0.00071,0.00000,0.00043
46.50125,0.99750,0.99887,0.00070,0.00000,0.00043
46.60125,0.99750,0.99888,0.00069,0.00000,0.00043
46.70125,0.99750,0.99888,0.00069,0.00000,0.00043
46.80125,0.99750,0.99888,0.00069,0.00000,0.00043
46.90125,0.99750,0.99888,0.00069,0.00000,0.00043
47.00125,0.99750,0.99888,0.00069,0.00000,0.00043
47.10125,0.99750,0.99889,0.00068,0.00000,0.00043
47.20125,0.99750,0.99889,0.00068,0.00000,0.00043
47.30125,0.99750,0.99889,0.00069,0.00000,0.00043
47.40125,0.99750,0.99890,0.00068,0.00000,0.00043
47.50125,0.99750,0.99891,0.00067,0.00000,0.00042
47.60125,0.99750,0.99890,0.00067,0.00000,0.00042
47.70125,0.99750,0.99890,0.00068,0.00000,0.00042
47.80125,0.99750,0.99890,0.00068,0.00000,0.00042
47.90125,0.99750,0.99891,0.00067,0.00000,0.00042
48.00125,0.99750,0.99891,0.00067,0.00000,0.00042
48.10125,0.99750,0.99890,0.00068,0.00000,0.00043
48.20125,0.99750,0.99889,0.00068,0.00000,0.00043
48.30125,0.99750,0.99889,0.00068,0.00000,0.00043
48.40125,0.99750,0.99889,0.00068,0.00000,0.00043
48.50125,0.99750,0.99890,0.00067,0.00000,0.00043
48.60125,0.99750,0.99890,0.00067,0.00000,0.00043
48.70125,0.99750,0.99890,0.00067,0.00000,0.00043
48.80125,0.99750,0.99890,0.00068,0.00000,0.00043
48.90125,0.99750,0.99890,0.00068,0.00000,0.00043
49.00125,0.99750,0.99890,0.00068,0.00000,0.00042
49.10125,0.99750,0.99890,0.00068,0.00000,0.00043
49.20125,0.99750,0.99889,0.00069,0.00000,0.00043
49.30125,0.99750,0.99890,0.00068,0.00000,0.00043
49.40125,0.99750,0.99889,0.00068,0.00000,0.00043
49.50125,0.99750,0.99888,0.00069,0.00000,0.00043
49.60125,0.99750,0.99888,0.00069,0.00000,0.00043
49.70125,0.99750,0.99889,0.00068,0.00000,0.00043
49.80125,0.99750,0.99888,0.00069,0.00000,0.00043
49.90125,0.99750,0.99889,0.00068,0.00000,0.00043
50.00125,0.99750,0.99889,0.00068,0.00000,0.00043
50.10125,0.99750,0.99889,0.00068,0.00000,0.00043
50.20125,0.99750,0.99889,0.00068,0.00000,0.00043
50.30125,0.99750,0.99890,0.00068,0.00000,0.00043
50.40125,0.99750,0.99890,0.00068,0.00000,0.00043
50.50125,0.99750,0.99890,0.00067,0.00000,0.00043
50.60125,0.99750,0.99890,0.00067,0.00000,0.00042
50.70125,0.99750,0.99891,0.00067,0.00000,0.00042
50.80125,0.99750,0.99890,0.00067,0.00000,0.00043
50.90125,0.99750,0.99891,0.00067,0.00000,0.00042
51.00125,0.99750,0.99891,0.00066,0.00000,0.00042
51.10125,0.99750,0.99890,0.00067,0.00000,0.00043
51.20125,0.99750,0.99890,0.00067,0.00000,0.00043
51.30125,0.99750,0.99890,0.00067,0.00000,0.00042
51.40125,0.99750,0.99890,0.00068,0.00000,0.00043
51.50125,0.99750,0.99890,0.00068,0.00000,0.00043
51.60125,0.99750,0.99890,0.00067,0.00000,0.00043
51.70125,0.99750,0.99889,0.00068,0.00000,0.00043
51.80125,0.99750,0.99890,0.00068,0.00000,0.00043
51.90125,0.99750,0.99889,0.00068,0.00000,0.00043
52.00125,0.99750,0.99890,0.00067,0.00000,0.00043
52.10125,0.99750,0.99890,0.00067,0.00000,0.00043
52.20125,0.99750,0.99891,0.00066,0.00000,0.00043
52.30125,0.99750,0.99890,0.00067,0.00000,0.00043
52.40125,0.99750,0.99890,0.00067,0.00000,0.00043
52.50125,0.99750,0.99890,0.00067,0.00000,0.00042
52.60125,0.99750,0.99890,0.00068,0.00000,0.00043
52.70125,0.99750,0.99890,0.00068,0.00000,0.00042
52.80125,0.99750,0.99889,0.00068,0.00000,0.00043
52.90125,0.99750,0.99890,0.00068,0.00000,0.00043
53.00125,0.99750,0.99889,0.00068,0.00000,0.00043
53.10125,0.99750,0.99889,0.00068,0.00000,0.00043
53.20125,0.99750,0.99889,0.00068,0.00000,0.00043
53.30125,0.99750,0.99889,0.00068,0.00000,0.00043
53.40125,0.99750,0.99889,0.00068,0.00000,0.00043
53.50125,0.99750,0.99889,0.00068,0.00000,0.00043
53.60125,0.99750,0.99889,0.00068,0.00000,0.00043
53.70125,0.99750,0.99890,0.00067,0.00000,0.00043
53.80125,0.99750,0.99889,0.00068,0.00000,0.00043
53.90125,0.99750,0.99890,0.00068,0.00000,0.00043
54.00125,0.99750,0.99890,0.00068,0.00000,0.00043
54.10125,0.99750,0.99890,0.00068,0.00000,0.00043
54.20125,0.99750,0.99890,0.00068,0.00000,0.00042
54.30125,0.99750,0.99890,0.00068,0.00000,0.00042
54.40125,0.99750,0.99890,0.00068,0.00000,0.00042
54.50125,0.99750,0.99890,0.00068,0.00000,0.00042
54.60125,0.99750,0.99889,0.00068,0.00000,0.00042
54.70125,0.99750,0.99890,0.00068,0.00000,0.00042
54.80125,0.99750,0.99891,0.00067,0.00000,0.00042
54.90125,0.99750,0.99890,0.00067,0.00000,0.00042
55.00125,0.99750,0.99890,0.00068,0.00000,0.00042
55.10125,0.99750,0.99891,0.00067,0.00000,0.00042
55.20125,0.99750,0.99890,0.00067,0.00000,0.00043
55.30125,0.99750,0.99890,0.00067,0.00000,0.00042
55.40125,0.99750,0.99890,0.00067,0.00000,0.00042
55.50125,0.99750,0.99891,0.00067,0.00000,0.00042
55.60125,0.99750,0.99890,0.00067,0.00000,0.00042
55.70125,0.99750,0.99890,0.00068,0.00000,0.00042
55.80125,0.99750,0.99890,0.00067,0.00000,0.00042
55.90125,0.99750,0.99890,0.00068,0.00000,0.00042
56.00125,0.99750,0.99890,0.00068,0.00000,0.00042
56.10125,0.99750,0.99890,0.00068,0.00000,0.00042
56.20125,0.99750,0.99890,0.00068,0.00000,0.00042
56.30125,0.99750,0.99889,0.00068,0.00000,0.00042
56.40125,0.99750,0.99890,0.00067,0.00000,0.00042
56.50125,0.99750,0.99891,0.00067,0.00000,0.00042
56.60125,0.99750,0.99890,0.00068,0.00000,0.00042
56.70125,0.99750,0.99890,0.00068,0.00000,0.00042
56.80125,0.99750,0.99890,0.00068,0.00000,0.00043
56.90125,0.99750,0.99889,0.00068,0.00000,0.00043
57.00125,0.99750,0.99890,0.00068,0.00000,0.00043
57.10125,0.99750,0.99890,0.00068,0.00000,0.00043
57.20125,0.99750,0.99890,0.00068,0.00000,0.00043
57.30125,0.99750,0.99889,0.00068,0.00000,0.00043
57.40125,0.99750,0.99890,0.00068,0.00000,0.00043
57.50125,0.99750,0.99890,0.00067,0.00000,0.00042
57.60125,0.99750,0.99890,0.00067,0.00000,0.00042
57.70125,0.99750,0.99890,0.00067,0.00000,0.00043
57.80125,0.99750,0.99890,0.00067,0.00000,0.00042
57.90125,0.99750,0.99890,0.00067,0.00000,0.00042
58.00125,0.99750,0.99892,0.00066,0.00000,0.00042
58.10125,0.99750,0.99890,0.00067,0.00000,0.00042
58.20125,0.99750,0.99891,0.00067,0.00000,0.00042
58.30125,0.99750,0.99891,0.00067,0.00000,0.00042
58.40125,0.99750,0.99891,0.00067,0.00000,0.00042
58.50125,0.99750,0.99891,0.00067,0.00000,0.00042
58.60125,0.99750,0.99891,0.00067,0.00000,0.00042
58.70125,0.99750,0.99891,0.00067,0.00000,0.00042
58.80125,0.99750,0.99890,0.00068,0.00000,0.00042
58.90125,0.99750,0.99890,0.00067,0.00000,0.00043
59.00125,0.99750,0.99890,0.00067,0.00000,0.00043
59.10125,0.99750,0.99890,0.00067,0.00000,0.00042
59.20125,0.99750,0.99890,0.00067,0.00000,0.00043
59.30125,0.99750,0.99890,0.00067,0.00000,0.00042
59.40125,0.99750,0.99890,0.00068,0.00000,0.00042
59.50125,0.99750,0.99890,0.00067,0.00000,0.00042
59.60125,0.99750,0.99890,0.00067,0.00000,0.00042
59.70125,0.99750,0.99891,0.00067,0.00000,0.00042
59.80125,0.99750,0.99890,0.00067,0.00000,0.00042
59.90125,0.99750,0.99891,0.00067,0.00000,0.00042
60.00125,0.99750,0.99890,0.00067,0.00000,0.00042
60.10125,0.99750,0.99890,0.00068,0.00000,0.00042
60.20125,0.99750,0.99890,0.00067,0.00000,0.00042
60.30125,0.99750,0.99891,0.00067,0.00000,0.00042
60.40125,0.99750,0.99889,0.00068,0.00000,0.00043
60.50125,0.99750,0.99890,0.00068,0.00000,0.00042
60.60125,0.99750,0.99889,0.00068,0.00000,0.00042
60.70125,0.99750,0.99889,0.00068,0.00000,0.00042
60.80125,0.99750,0.99890,0.00068,0.00000,0.00043
60.90125,0.99750,0.99890,0.00068,0.00000,0.00043
61.00125,0.99750,0.99890,0.00068,0.00000,0.00043
61.10125,0.99750,0.99890,0.00068,0.00000,0.00043
61.20125,0.99750,0.99890,0.00068,0.00000,0.00042
61.30125,0.99750,0.99890,0.00068,0.00000,0.00042
61.40125,0.99750,0.99890,0.00068,0.00000,0.00042
61.50125,0.99750,0.99890,0.00067,0.00000,0.00042
61.60125,0.99750,0.99890,0.00067,0.00000,0.00042
61.70125,0.99750,0.99890,0.00067,0.00000,0.00042
61.80125,0.99750,0.99890,0.00067,0.00000,0.00042
61.90125,0.99750,0.99890,0.00067,0.00000,0.00042
62.00125,0.99750,0.99890,0.00067,0.00000,0.00042
62.10125,0.99750,0.99891,0.00067,0.00000,0.00042
62.20125,0.99750,0.99891,0.00067,0.00000,0.00042
62.30125,0.99750,0.99890,0.00067,0.00000,0.00042
62.40125,0.99750,0.99891,0.00067,0.00000,0.00042
62.50125,0.99750,0.99891,0.00067,0.00000,0.00042
62.60125,0.99750,0.99890,0.00068,0.00000,0.00042
62.70125,0.99750,0.99890,0.00068,0.00000,0.00042
62.80125,0.99750,0.99890,0.00068,0.00000,0.00042
62.90125,0.99750,0.99890,0.00068,0.00000,0.00042
63.00125,0.99750,0.99890,0.00068,0.00000,0.00042
63.10125,0.99750,0.99890,0.00068,0.00000,0.00042
63.20125,0.99751,0.99889,0.00069,0.00000,0.00043
63.30125,0.99750,0.99889,0.00068,0.00000,0.00043
63.40125,0.99750,0.99888,0.00069,0.00000,0.00043
63.50125,0.99750,0.99889,0.00068,0.00000,0.00043
63.60125,0.99750,0.99889,0.00068,0.00000,0.00042
63.70125,0.99751,0.99888,0.00069,0.00000,0.00043
63.80125,0.99750,0.99889,0.00068,0.00000,0.00043
63.90125,0.99750,0.99889,0.00068,0.00000,0.00043
64.00125,0.99750,0.99889,0.00068,0.00000,0.00043
64.10125,0.99750,0.99890,0.00068,0.00000,0.00043
64.20125,0.99751,0.99889,0.00068,0.00000,0.00043
64.30125,0.99751,0.99889,0.00068,0.00000,0.00043
64.40125,0.99750,0.99888,0.00069,0.00000,0.00043
64.50125,0.99750,0.99889,0.00068,0.00000,0.00043
64.60125,0.99750,0.99890,0.00068,0.00000,0.00042
64.70125,0.99751,0.99890,0.00068,0.00000,0.00043
64.80125,0.99751,0.99889,0.00068,0.00000,0.00043
64.90125,0.99750,0.99889,0.00068,0.00000,0.00043
65.00125,0.99750,0.99889,0.00068,0.00000,0.00043
65.10125,0.99750,0.99889,0.00068,0.00000,0.00043
65.20125,0.99751,0.99889,0.00068,0.00000,0.00043
65.30125,0.99751,0.99889,0.00068,0.00000,0.00043
65.40125,0.99750,0.99890,0.00068,0.00000,0.00043
65.50125,0.99750,0.99889,0.00068,0.00000,0.00043
65.60125,0.99750,0.99888,0.00069,0.00000,0.00043
65.70125,0.99751,0.99889,0.00068,0.00000,0.00043
65.80125,0.99751,0.99889,0.00068,0.00000,0.00043
65.90125,0.99750,0.99889,0.00068,0.00000,0.00043
66.00125,0.99750,0.99890,0.00067,0.00000,0.00043
66.10125,0.99750,0.99889,0.00068,0.00000,0.00043
66.20125,0.99751,0.99887,0.00070,0.00000,0.00043
66.30125,0.99751,0.99887,0.00070,0.00000,0.00043
66.40125,0.99750,0.99887,0.00070,0.00000,0.00043
66.50125,0.99750,0.99887,0.00069,0.00000,0.00044
66.60125,0.99750,0.99886,0.00070,0.00000,0.00044
66.70125,0.99751,0.99887,0.00069,0.00000,0.00043
66.80125,0.99751,0.99887,0.00070,0.00000,0.00043
66.90125,0.99750,0.99887,0.00070,0.00000,0.00044
67.00125,0.99750,0.99886,0.00070,0.00000,0.00044
67.10125,0.99750,0.99888,0.00069,0.00000,0.00043
67.20125,0.99751,0.99889,0.00068,0.00000,0.00043
67.30125,0.99751,0.99889,0.00068,0.00000,0.00043
67.40125,0.99750,0.99890,0.00068,0.00000,0.00043
67.50125,0.99750,0.99890,0.00068,0.00000,0.00042
67.60125,0.99750,0.99890,0.00068,0.00000,0.00042
67.70125,0.99751,0.99889,0.00068,0.00000,0.00043
67.80125,0.99751,0.99889,0.00068,0.00000,0.00043
67.90125,0.99750,0.99890,0.00068,0.00000,0.00043
68.00125,0.99750,0.99890,0.00067,0.00000,0.00043
68.10125,0.99750,0.99889,0.00068,0.00000,0.00043
68.20125,0.99751,0.99889,0.00068,0.00000,0.00043
68.30125,0.99751,0.99889,0.00068,0.00000,0.00043
68.40125,0.99750,0.99889,0.00068,0.00000,0.00043
68.50125,0.99750,0.99889,0.00068,0.00000,0.00043
68.60125,0.99750,0.99889,0.00068,0.00000,0.00043
68.70125,0.99751,0.99889,0.00068,0.00000,0.00043
68.80125,0.99751,0.99888,0.00069,0.00000,0.00043
68.90125,0.99750,0.99889,0.00068,0.00000,0.00043
69.00125,0.99750,0.99888,0.00069,0.00000,0.00043
69.10125,0.99750,0.99889,0.00069,0.00000,0.00043
69.20125,0.99751,0.99890,0.00068,0.00000,0.00043
69.30125,0.99751,0.99889,0.00068,0.00000,0.00043
69.40125,0.99750,0.99889,0.00068,0.00000,0.00043
69.50125,0.99750,0.99888,0.00069,0.00000,0.00043
69.60125,0.99750,0.99887,0.00070,0.00000,0.00043
69.70125,0.99751,0.99888,0.00069,0.00000,0.00043
69.80125,0.99751,0.99888,0.00069,0.00000,0.00043
69.90125,0.99750,0.99888,0.00069,0.00000,0.00043
70.00125,0.99750,0.99888,0.00069,0.00000,0.00043
70.10125,0.99750,0.99887,0.00070,0.00000,0.00043
70.20125,0.99751,0.99888,0.00069,0.00000,0.00043
70.30125,0.99751,0.99887,0.00070,0.00000,0.00043
70.40125,0.99750,0.99889,0.00068,0.00000,0.00043
70.50125,0.99750,0.99888,0.00069,0.00000,0.00043
70.60125,0.99750,0.99889,0.00069,0.00000,0.00043
70.70125,0.99751,0.99889,0.00069,0.00000,0.00043
70.80125,0.99751,0.99888,0.00069,0.00000,0.00043
70.90125,0.99750,0.99889,0.00069,0.00000,0.00042
71.00125,0.99750,0.99889,0.00069,0.00000,0.00042
71.10125,0.99750,0.99888,0.00069,0.00000,0.00043
71.20125,0.99751,0.99889,0.00069,0.00000,0.00042
71.30125,0.99751,0.99888,0.00069,0.00000,0.00043
71.40125,0.99750,0.99889,0.00068,0.00000,0.00043
71.50125,0.99750,0.99885,0.00072,0.00000,0.00042
71.60125,0.99750,0.99887,0.00070,0.00000,0.00043
71.70125,0.99751,0.99889,0.00068,0.00000,0.00043
71.80125,0.99751,0.99886,0.00071,0.00000,0.00043
71.90125,0.99750,0.99887,0.00069,0.00000,0.00044
72.00125,0.99750,0.99881,0.00075,0.00000,0.00044
72.10125,0.99750,0.99882,0.00073,0.00000,0.00044
72.20125,0.99751,0.99884,0.00071,0.00000,0.00045
72.30125,0.99751,0.99883,0.00072,0.00000,0.00045
72.40125,0.99750,0.99883,0.00072,0.00000,0.00045
72.50125,0.99750,0.99883,0.00072,0.00000,0.00044
72.60125,0.99750,0.99882,0.00073,0.00000,0.00045
72.70125,0.99751,0.99886,0.00070,0.00000,0.00044
72.80125,0.99751,0.99883,0.00072,0.00000,0.00044
72.90125,0.99750,0.99884,0.00071,0.00000,0.00045
73.00125,0.99750,0.99885,0.00071,0.00000,0.00044
73.10125,0.99750,0.99882,0.00073,0.00000,0.00045
73.20125,0.99751,0.99884,0.00072,0.00000,0.00045
73.30125,0.99751,0.99883,0.00072,0.00000,0.00045
73.40125,0.99750,0.99883,0.00072,0.00000,0.00045
73.50125,0.99750,0.99883,0.00072,0.00000,0.00045
73.60125,0.99750,0.99883,0.00072,0.00000,0.00045
73.70125,0.99751,0.99884,0.00072,0.00000,0.00045
73.80125,0.99751,0.99886,0.00070,0.00000,0.00044
73.90125,0.99750,0.99888,0.00069,0.00000,0.00044
74.00125,0.99750,0.99887,0.00069,0.00000,0.00044
74.10125,0.99750,0.99885,0.00070,0.00000,0.00044
74.20125,0.99751,0.99887,0.00069,0.00000,0.00044
74.30125,0.99751,0.99887,0.00069,0.00000,0.00044
74.40125,0.99750,0.99885,0.00071,0.00000,0.00044
74.50125,0.99750,0.99885,0.00070,0.00000,0.00045
74.60125,0.99750,0.99884,0.00071,0.00000,0.00046
74.70125,0.99751,0.99883,0.00072,0.00000,0.00045
74.80125,0.99751,0.99883,0.00071,0.00000,0.00045
74.90125,0.99750,0.99884,0.00071,0.00000,0.00045
75.00125,0.99750,0.99885,0.00070,0.00000,0.00044
75.10125,0.99750,0.99883,0.00071,0.00000,0.00045
75.20125,0.99751,0.99883,0.00072,0.00000,0.00045
75.30125,0.99751,0.99885,0.00070,0.00000,0.00045
75.40125,0.99750,0.99885,0.00070,0.00000,0.00044
75.50125,0.99750,0.99887,0.00069,0.00000,0.00044
75.60125,0.99750,0.99888,0.00069,0.00000,0.00043
75.70125,0.99751,0.99888,0.00069,0.00000,0.00043
75.80125,0.99751,0.99889,0.00068,0.00000,0.00043
75.90125,0.99750,0.99889,0.00067,0.00000,0.00043
76.00125,0.99750,0.99889,0.00068,0.00000,0.00043
76.10125,0.99750,0.99889,0.00068,0.00000,0.00043
76.20125,0.99751,0.99890,0.00067,0.00000,0.00043
76.30125,0.99751,0.99888,0.00068,0.00000,0.00043
76.40125,0.99750,0.99889,0.00068,0.00000,0.00043
76.50125,0.99750,0.99888,0.00069,0.00000,0.00043
76.60125,0.99750,0.99888,0.00069,0.00000,0.00043
76.70125,0.99751,0.99888,0.00069,0.00000,0.00044
76.80125,0.99751,0.99887,0.00070,0.00000,0.00044
76.90125,0.99750,0.99887,0.00069,0.00000,0.00044
77.00125,0.99750,0.99886,0.00070,0.00000,0.00044
77.10125,0.99750,0.99888,0.00069,0.00000,0.00044
77.20125,0.99751,0.99887,0.00069,0.00000,0.00043
77.30125,0.99751,0.99887,0.00069,0.00000,0.00043
77.40125,0.99750,0.99887,0.00069,0.00000,0.00044
77.50125,0.99750,0.99888,0.00069,0.00000,0.00043
77.60125,0.99750,0.99888,0.00069,0.00000,0.00043
77.70125,0.99751,0.99887,0.00070,0.00000,0.00044
77.80125,0.99751,0.99888,0.00069,0.00000,0.00043
77.90125,0.99750,0.99889,0.00068,0.00000,0.00043
78.00125,0.99750,0.99888,0.00069,0.00000,0.00043
78.10125,0.99750,0.99889,0.00068,0.00000,0.00043
78.20125,0.99751,0.99889,0.00069,0.00000,0.00043
78.30125,0.99751,0.99889,0.00068,0.00000,0.00043
78.40125,0.99750,0.99888,0.00069,0.00000,0.00043
78.50125,0.99750,0.99889,0.00068,0.00000,0.00043
78.60125,0.99750,0.99889,0.00068,0.00000,0.00043
78.70125,0.99751,0.99889,0.00069,0.00000,0.00043
78.80125,0.99751,0.99889,0.00068,0.00000,0.00043
78.90125,0.99750,0.99889,0.00068,0.00000,0.00043
79.00125,0.99750,0.99889,0.00068,0.00000,0.00043
79.10125,0.99750,0.99889,0.00068,0.00000,0.00043
79.20125,0.99751,0.99889,0.00068,0.00000,0.00043
79.30125,0.99751,0.99889,0.00068,0.00000,0.00043
79.40125,0.99750,0.99889,0.00069,0.00000,0.00043
79.50125,0.99750,0.99889,0.00068,0.00000,0.00043
79.60125,0.99750,0.99890,0.00068,0.00000,0.00043
79.70125,0.99751,0.99890,0.00068,0.00000,0.00043
79.80125,0.99751,0.99890,0.00067,0.00000,0.00042
79.90125,0.99750,0.99890,0.00067,0.00000,0.00042
80.00125,0.99750,0.99890,0.00068,0.00000,0.00043
80.10125,0.99750,0.99889,0.00068,0.00000,0.00043
80.20125,0.99751,0.99889,0.00068,0.00000,0.00043
80.30125,0.99751,0.99889,0.00068,0.00000,0.00043
80.40125,0.99750,0.99889,0.00068,0.00000,0.00043
80.50125,0.99750,0.99889,0.00068,0.00000,0.00043
80.60125,0.99750,0.99889,0.00068,0.00000,0.00043
80.70125,0.99751,0.99890,0.00068,0.00000,0.00043
80.80125,0.99751,0.99890,0.00067,0.00000,0.00043
80.90125,0.99750,0.99891,0.00067,0.00000,0.00042
81.00125,0.99750,0.99890,0.00068,0.00000,0.00042
81.10125,0.99750,0.99891,0.00067,0.00000,0.00042
81.20125,0.99751,0.99891,0.00067,0.00000,0.00042
81.30125,0.99751,0.99890,0.00068,0.00000,0.00042
81.40125,0.99750,0.99890,0.00067,0.00000,0.00042
81.50125,0.99750,0.99890,0.00068,0.00000,0.00042
81.60125,0.99750,0.99890,0.00067,0.00000,0.00042
81.70125,0.99751,0.99890,0.00068,0.00000,0.00042
81.80125,0.99751,0.99890,0.00067,0.00000,0.00042
81.90125,0.99750,0.99890,0.00067,0.00000,0.00042
82.00125,0.99750,0.99890,0.00068,0.00000,0.00042
82.10125,0.99750,0.99890,0.00068,0.00000,0.00043
82.20125,0.99751,0.99890,0.00068,0.00000,0.00043
82.30125,0.99751,0.99889,0.00068,0.00000,0.00043
82.40125,0.99750,0.99889,0.00068,0.00000,0.00043
82.50125,0.99750,0.99890,0.00068,0.00000,0.00043
82.60125,0.99750,0.99889,0.00068,0.00000,0.00043
82.70125,0.99751,0.99889,0.00068,0.00000,0.00043
82.80125,0.99751,0.99889,0.00068,0.00000,0.00043
82.90125,0.99750,0.99889,0.00069,0.00000,0.00043
83.00125,0.99750,0.99889,0.00069,0.00000,0.00043
83.10125,0.99750,0.99889,0.00068,0.00000,0.00043
83.20125,0.99751,0.99890,0.00067,0.00000,0.00043
83.30125,0.99751,0.99891,0.00067,0.00000,0.00042
83.40125,0.99750,0.99890,0.00068,0.00000,0.00042
83.50125,0.99750,0.99889,0.00068,0.00000,0.00043
83.60125,0.99750,0.99890,0.00067,0.00000,0.00043
83.70125,0.99751,0.99889,0.00068,0.00000,0.00043
83.80125,0.99751,0.99889,0.00068,0.00000,0.00043
83.90125,0.99750,0.99889,0.00068,0.00000,0.00043
84.00125,0.99750,0.99889,0.00068,0.00000,0.00043
84.10125,0.99750,0.99889,0.00068,0.00000,0.00043
84.20125,0.99751,0.99888,0.00069,0.00000,0.00043
84.30125,0.99751,0.99889,0.00068,0.00000,0.00043
84.40125,0.99750,0.99889,0.00068,0.00000,0.00043
84.50125,0.99750,0.99889,0.00068,0.00000,0.00043
84.60125,0.99750,0.99888,0.00069,0.00000,0.00043
84.70125,0.99751,0.99888,0.00069,0.00000,0.00043
84.80125,0.99751,0.99889,0.00068,0.00000,0.00043
84.90125,0.99750,0.99888,0.00069,0.00000,0.00043
85.00125,0.99750,0.99887,0.00069,0.00000,0.00043
85.10125,0.99750,0.99888,0.00069,0.00000,0.00043
85.20125,0.99751,0.99887,0.00069,0.00000,0.00044
85.30125,0.99751,0.99887,0.00069,0.00000,0.00044
85.40125,0.99750,0.99887,0.00069,0.00000,0.00044
85.50125,0.99750,0.99888,0.00068,0.00000,0.00043
85.60125,0.99750,0.99888,0.00069,0.00000,0.00043
85.70125,0.99751,0.99889,0.00068,0.00000,0.00043
85.80125,0.99751,0.99888,0.00068,0.00000,0.00043
85.90125,0.99750,0.99889,0.00068,0.00000,0.00043
86.00125,0.99750,0.99889,0.00068,0.00000,0.00043
86.10125,0.99750,0.99889,0.00068,0.00000,0.00043
86.20125,0.99751,0.99891,0.00067,0.00000,0.00043
86.30125,0.99751,0.99890,0.00068,0.00000,0.00042
86.40125,0.99750,0.99890,0.00067,0.00000,0.00043
86.50125,0.99750,0.99890,0.00067,0.00000,0.00043
86.60125,0.99750,0.99890,0.00067,0.00000,0.00043
86.70125,0.99751,0.99891,0.00067,0.00000,0.00042
86.80125,0.99751,0.99890,0.00067,0.00000,0.00042
86.90125,0.99750,0.99890,0.00067,0.00000,0.00042
87.00125,0.99750,0.99890,0.00067,0.00000,0.00042
87.10125,0.99750,0.99891,0.00067,0.00000,0.00042
87.20125,0.99751,0.99891,0.00067,0.00000,0.00042
87.30125,0.99751,0.99890,0.00067,0.00000,0.00042
87.40125,0.99750,0.99890,0.00067,0.00000,0.00042
87.50125,0.99750,0.99891,0.00067,0.00000,0.00042
87.60125,0.99750,0.99891,0.00067,0.00000,0.00042
87.70125,0.99751,0.99891,0.00067,0.00000,0.00042
87.80125,0.99751,0.99890,0.00068,0.00000,0.00042
87.90125,0.99750,0.99890,0.00068,0.00000,0.00042
88.00125,0.99750,0.99890,0.00068,0.00000,0.00043
88.10125,0.99750,0.99889,0.00068,0.00000,0.00043
88.20125,0.99751,0.99889,0.00068,0.00000,0.00043
88.30125,0.99751,0.99889,0.00068,0.00000,0.00043
88.40125,0.99750,0.99889,0.00068,0.00000,0.00043
88.50125,0.99750,0.99889,0.00069,0.00000,0.00042
88.60125,0.99750,0.99888,0.00069,0.00000,0.00043
88.70125,0.99751,0.99888,0.00069,0.00000,0.00043
88.80125,0.99751,0.99889,0.00068,0.00000,0.00042
88.90125,0.99750,0.99889,0.00069,0.00000,0.00043
89.00125,0.99750,0.99889,0.00069,0.00000,0.00043
89.10125,0.99750,0.99889,0.00068,0.00000,0.00042
89.20125,0.99751,0.99889,0.00068,0.00000,0.00043
89.30125,0.99751,0.99890,0.00068,0.00000,0.00042
89.40125,0.99750,0.99890,0.00067,0.00000,0.00042
89.50125,0.99750,0.99890,0.00068,0.00000,0.00042
89.60125,0.99750,0.99890,0.00068,0.00000,0.00042
89.70125,0.99751,0.99890,0.00067,0.00000,0.00042
89.80125,0.99751,0.99891,0.00067,0.00000,0.00042
89.90125,0.99750,0.99889,0.00068,0.00000,0.00043
90.00125,0.99750,0.99890,0.00068,0.00000,0.00043
90.10125,0.99750,0.99890,0.00067,0.00000,0.00042
90.20125,0.99751,0.99890,0.00068,0.00000,0.00042
90.30125,0.99751,0.99889,0.00069,0.00000,0.00043
90.40125,0.99750,0.99889,0.00068,0.00000,0.00043
90.50125,0.99750,0.99889,0.00068,0.00000,0.00043
90.60125,0.99750,0.99890,0.00068,0.00000,0.00043
90.70125,0.99751,0.99889,0.00068,0.00000,0.00043
90.80125,0.99751,0.99890,0.00068,0.00000,0.00043
90.90125,0.99750,0.99890,0.00067,0.00000,0.00042
91.00125,0.99750,0.99890,0.00068,0.00000,0.00043
91.10125,0.99750,0.99889,0.00068,0.00000,0.00043
91.20125,0.99751,0.99890,0.00068,0.00000,0.00043
91.30125,0.99751,0.99889,0.00068,0.00000,0.00043
91.40125,0.99750,0.99890,0.00068,0.00000,0.00043
91.50125,0.99750,0.99890,0.00068,0.00000,0.00043
91.60125,0.99750,0.99889,0.00068,0.00000,0.00043
91.70125,0.99751,0.99889,0.00068,0.00000,0.00043
91.80125,0.99751,0.99889,0.00068,0.00000,0.00043
91.90125,0.99750,0.99889,0.00068,0.00000,0.00043
92.00125,0.99750,0.99889,0.00068,0.00000,0.00043
92.10125,0.99750,0.99889,0.00068,0.00000,0.00043
92.20125,0.99751,0.99889,0.00069,0.00000,0.00043
92.30125,0.99751,0.99889,0.00068,0.00000,0.00043
92.40125,0.99750,0.99889,0.00068,0.00000,0.00043
92.50125,0.99750,0.99889,0.00068,0.00000,0.00043
92.60125,0.99750,0.99890,0.00068,0.00000,0.00043
92.70125,0.99751,0.99890,0.00067,0.00000,0.00043
92.80125,0.99751,0.99890,0.00067,0.00000,0.00043
92.90125,0.99750,0.99890,0.00067,0.00000,0.00042
93.00125,0.99750,0.99890,0.00067,0.00000,0.00042
93.10125,0.99750,0.99890,0.00067,0.00000,0.00042
93.20125,0.99751,0.99890,0.00067,0.00000,0.00042
93.30125,0.99751,0.99890,0.00067,0.00000,0.00042
93.40125,0.99750,0.99889,0.00068,0.00000,0.00042
93.50125,0.99750,0.99889,0.00068,0.00000,0.00043
93.60125,0.99750,0.99889,0.00068,0.00000,0.00043
93.70125,0.99751,0.99889,0.00068,0.00000,0.00043
93.80125,0.99751,0.99889,0.00069,0.00000,0.00043
93.90125,0.99750,0.99889,0.00068,0.00000,0.00043
94.00125,0.99750,0.99889,0.00068,0.00000,0.00043
94.10125,0.99750,0.99889,0.00068,0.00000,0.00043
94.20125,0.99751,0.99889,0.00068,0.00000,0.00043
94.30125,0.99751,0.99889,0.00068,0.00000,0.00043
94.40125,0.99750,0.99890,0.00068,0.00000,0.00043
94.50125,0.99750,0.99890,0.00067,0.00000,0.00042
94.60125,0.99750,0.99890,0.00067,0.00000,0.00042
94.70125,0.99751,0.99890,0.00067,0.00000,0.00042
94.80125,0.99751,0.99890,0.00068,0.00000,0.00042
94.90125,0.99750,0.99891,0.00067,0.00000,0.00042
95.00125,0.99750,0.99891,0.00066,0.00000,0.00042
95.10125,0.99750,0.99891,0.00067,0.00000,0.00043
95.20125,0.99751,0.99891,0.00067,0.00000,0.00042
95.30125,0.99751,0.99891,0.00067,0.00000,0.00042
95.40125,0.99750,0.99891,0.00067,0.00000,0.00042
95.50125,0.99750,0.99890,0.00067,0.00000,0.00043
95.60125,0.99750,0.99890,0.00067,0.00000,0.00043
95.70125,0.99751,0.99890,0.00067,0.00000,0.00043
95.80125,0.99751,0.99890,0.00068,0.00000,0.00043
95.90125,0.99750,0.99890,0.00068,0.00000,0.00043
96.00125,0.99750,0.99890,0.00067,0.00000,0.00043
96.10125,0.99750,0.99890,0.00067,0.00000,0.00043
96.20125,0.99751,0.99890,0.00067,0.00000,0.00043
96.30125,0.99751,0.99890,0.00067,0.00000,0.00043
96.40125,0.99750,0.99890,0.00068,0.00000,0.00042
96.50125,0.99750,0.99891,0.00067,0.00000,0.00042
96.60125,0.99750,0.99891,0.00067,0.00000,0.00042
96.70125,0.99751,0.99891,0.00066,0.00000,0.00042
96.80125,0.99751,0.99891,0.00067,0.00000,0.00042
96.90125,0.99750,0.99891,0.00066,0.00000,0.00042
97.00125,0.99750,0.99891,0.00066,0.00000,0.00042
97.10125,0.99750,0.99891,0.00067,0.00000,0.00042
97.20125,0.99751,0.99891,0.00067,0.00000,0.00043
97.30125,0.99751,0.99890,0.00067,0.00000,0.00043
97.40125,0.99750,0.99890,0.00067,0.00000,0.00043
97.50125,0.99750,0.99891,0.00067,0.00000,0.00042
97.60125,0.99750,0.99890,0.00067,0.00000,0.00042
97.70125,0.99751,0.99890,0.00068,0.00000,0.00042
97.80125,0.99751,0.99890,0.00067,0.00000,0.00042
97.90125,0.99750,0.99890,0.00068,0.00000,0.00042
98.00125,0.99750,0.99890,0.00068,0.00000,0.00042
98.10125,0.99750,0.99890,0.00068,0.00000,0.00042
98.20125,0.99751,0.99889,0.00068,0.00000,0.00043
98.30125,0.99751,0.99890,0.00067,0.00000,0.00043
98.40125,0.99750,0.99890,0.00068,0.00000,0.00042
98.50125,0.99750,0.99890,0.00068,0.00000,0.00042
98.60125,0.99750,0.99889,0.00068,0.00000,0.00043
98.70125,0.99751,0.99890,0.00068,0.00000,0.00042
98.80125,0.99751,0.99890,0.00068,0.00000,0.00043
98.90125,0.99750,0.99890,0.00068,0.00000,0.00042
99.00125,0.99750,0.99890,0.00067,0.00000,0.00043
99.10125,0.99750,0.99889,0.00068,0.00000,0.00043
99.20125,0.99751,0.99889,0.00068,0.00000,0.00042
99.30125,0.99751,0.99890,0.00068,0.00000,0.00042
99.40125,0.99750,0.99889,0.00068,0.00000,0.00043
99.50125,0.99750,0.99889,0.00068,0.00000,0.00042
99.60125,0.99750,0.99889,0.00068,0.00000,0.00043
99.70125,0.99751,0.99888,0.00070,0.00000,0.00043
99.80125,0.99751,0.99889,0.00069,0.00000,0.00043
99.90125,0.99750,0.99889,0.00068,0.00000,0.00043
100.00125,0.99750,0.99888,0.00069,0.00000,0.00043
100.10125,0.99750,0.99887,0.00070,0.00000,0.00044
100.20125,0.99751,0.99885,0.00071,0.00000,0.00044
100.30125,0.99751,0.99885,0.00071,0.00000,0.00044
100.40125,0.99750,0.99885,0.00070,0.00000,0.00044
100.50125,0.99750,0.99885,0.00071,0.00000,0.00044
100.60125,0.99750,0.99886,0.00070,0.00000,0.00044
100.70125,0.99751,0.99886,0.00070,0.00000,0.00044
100.80125,0.99751,0.99885,0.00071,0.00000,0.00044
100.90125,0.99750,0.99886,0.00070,0.00000,0.00044
101.00125,0.99750,0.99887,0.00069,0.00000,0.00044
101.10125,0.99750,0.99886,0.00070,0.00000,0.00044
101.20125,0.99751,0.99889,0.00069,0.00000,0.00043
101.30125,0.99751,0.99888,0.00069,0.00000,0.00043
101.40125,0.99750,0.99889,0.00068,0.00000,0.00043
101.50125,0.99750,0.99888,0.00069,0.00000,0.00043
101.60125,0.99750,0.99890,0.00067,0.00000,0.00043
101.70125,0.99751,0.99890,0.00067,0.00000,0.00043
101.80125,0.99751,0.99889,0.00068,0.00000,0.00043
101.90125,0.99750,0.99889,0.00068,0.00000,0.00043
102.00125,0.99750,0.99889,0.00068,0.00000,0.00043
102.10125,0.99750,0.99890,0.00068,0.00000,0.00042
102.20125,0.99751,0.99890,0.00067,0.00000,0.00042
102.30125,0.99751,0.99890,0.00067,0.00000,0.00042
102.40125,0.99750,0.99890,0.00068,0.00000,0.00042
102.50125,0.99750,0.99889,0.00068,0.00000,0.00042
102.60125,0.99750,0.99890,0.00068,0.00000,0.00042
102.70125,0.99751,0.99891,0.00067,0.00000,0.00042
102.80125,0.99751,0.99890,0.00068,0.00000,0.00042
102.90125,0.99750,0.99890,0.00067,0.00000,0.00043
103.00125,0.99750,0.99889,0.00069,0.00000,0.00043
103.10125,0.99750,0.99889,0.00068,0.00000,0.00042
103.20125,0.99751,0.99890,0.00067,0.00000,0.00043
103.30125,0.99751,0.99888,0.00069,0.00000,0.00043
103.40125,0.99750,0.99887,0.00070,0.00000,0.00043
103.50125,0.99750,0.99887,0.00070,0.00000,0.00043
103.60125,0.99750,0.99887,0.00070,0.00000,0.00043
103.70125,0.99751,0.99887,0.00070,0.00000,0.00044
103.80125,0.99751,0.99887,0.00070,0.00000,0.00043
103.90125,0.99750,0.99888,0.00069,0.00000,0.00043
104.00125,0.99750,0.99887,0.00070,0.00000,0.00043
104.10125,0.99750,0.99889,0.00069,0.00000,0.00043
104.20125,0.99751,0.99889,0.00068,0.00000,0.00043
104.30125,0.99751,0.99889,0.00068,0.00000,0.00043
104.40125,0.99750,0.99889,0.00068,0.00000,0.00043
104.50125,0.99750,0.99889,0.00068,0.00000,0.00043
104.60125,0.99750,0.99890,0.00067,0.00000,0.00042
104.70125,0.99751,0.99890,0.00067,0.00000,0.00042
104.80125,0.99751,0.99891,0.00067,0.00000,0.00042
104.90125,0.99750,0.99890,0.00068,0.00000,0.00042
105.00125,0.99750,0.99890,0.00068,0.00000,0.00042
105.10125,0.99750,0.99890,0.00067,0.00000,0.00042
105.20125,0.99751,0.99890,0.00068,0.00000,0.00042
105.30125,0.99751,0.99890,0.00067,0.00000,0.00042
105.40125,0.99750,0.99891,0.00067,0.00000,0.00042
105.50125,0.99750,0.99890,0.00068,0.00000,0.00042
105.60125,0.99750,0.99890,0.00067,0.00000,0.00042
105.70125,0.99751,0.99890,0.00068,0.00000,0.00042
105.80125,0.99751,0.99890,0.00068,0.00000,0.00042
105.90125,0.99750,0.99891,0.00067,0.00000,0.00042
106.00125,0.99750,0.99890,0.00068,0.00000,0.00043
106.10125,0.99750,0.99888,0.00069,0.00000,0.00043
106.20125,0.99751,0.99889,0.00069,0.00000,0.00043
106.30125,0.99751,0.99889,0.00068,0.00000,0.00043
106.40125,0.99750,0.99888,0.00069,0.00000,0.00043
106.50125,0.99750,0.99888,0.00069,0.00000,0.00043
106.60125,0.99750,0.99889,0.00068,0.00000,0.00043
106.70125,0.99751,0.99889,0.00069,0.00000,0.00043
106.80125,0.99751,0.99888,0.00069,0.00000,0.00043
106.90125,0.99750,0.99888,0.00069,0.00000,0.00043
107.00125,0.99750,0.99889,0.00069,0.00000,0.00043
107.10125,0.99750,0.99889,0.00068,0.00000,0.00043
107.20125,0.99751,0.99889,0.00068,0.00000,0.00043
107.30125,0.99751,0.99889,0.00068,0.00000,0.00043
107.40125,0.99750,0.99889,0.00068,0.00000,0.00042
107.50125,0.99750,0.99889,0.00068,0.00000,0.00043
107.60125,0.99750,0.99889,0.00068,0.00000,0.00043
107.70125,0.99751,0.99889,0.00068,0.00000,0.00042
107.80125,0.99751,0.99890,0.00067,0.00000,0.00043
107.90125,0.99750,0.99890,0.00068,0.00000,0.00043
108.00125,0.99750,0.99889,0.00068,0.00000,0.00042
108.10125,0.99750,0.99889,0.00068,0.00000,0.00043
108.20125,0.99751,0.99890,0.00067,0.00000,0.00043
108.30125,0.99751,0.99890,0.00068,0.00000,0.00043
108.40125,0.99750,0.99890,0.00067,0.00000,0.00043
108.50125,0.99750,0.99889,0.00068,0.00000,0.00043
108.60125,0.99750,0.99889,0.00068,0.00000,0.00043
108.70125,0.99751,0.99889,0.00069,0.00000,0.00043
108.80125,0.99751,0.99890,0.00068,0.00000,0.00043
108.90125,0.99750,0.99890,0.00067,0.00000,0.00043
109.00125,0.99750,0.99890,0.00068,0.00000,0.00043
109.10125,0.99750,0.99890,0.00068,0.00000,0.00043
109.20125,0.99751,0.99889,0.00068,0.00000,0.00043
109.30125,0.99751,0.99890,0.00067,0.00000,0.00043
109.40125,0.99750,0.99889,0.00068,0.00000,0.00043
109.50125,0.99750,0.99890,0.00068,0.00000,0.00043
109.60125,0.99750,0.99890,0.00067,0.00000,0.00043
109.70125,0.99751,0.99889,0.00068,0.00000,0.00043
109.80125,0.99751,0.99888,0.00069,0.00000,0.00043
109.90125,0.99750,0.99889,0.00068,0.00000,0.00043
110.00125,0.99750,0.99889,0.00068,0.00000,0.00043
110.10125,0.99750,0.99890,0.00067,0.00000,0.00043
110.20125,0.99751,0.99889,0.00068,0.00000,0.00043
110.30125,0.99751,0.99889,0.00068,0.00000,0.00043
110.40125,0.99750,0.99889,0.00068,0.00000,0.00043
110.50125,0.99750,0.99890,0.00067,0.00000,0.00043
110.60125,0.99750,0.99889,0.00068,0.00000,0.00043
110.70125,0.99751,0.99889,0.00068,0.00000,0.00043
110.80125,0.99751,0.99890,0.00067,0.00000,0.00043
110.90125,0.99750,0.99890,0.00067,0.00000,0.00042
111.00125,0.99750,0.99890,0.00068,0.00000,0.00042
111.10125,0.99750,0.99890,0.00068,0.00000,0.00042
111.20125,0.99751,0.99890,0.00068,0.00000,0.00042
111.30125,0.99751,0.99890,0.00068,0.00000,0.00042
111.40125,0.99750,0.99890,0.00068,0.00000,0.00042
111.50125,0.99750,0.99890,0.00068,0.00000,0.00042
111.60125,0.99750,0.99890,0.00068,0.00000,0.00042
111.70125,0.99751,0.99891,0.00067,0.00000,0.00042
111.80125,0.99751,0.99890,0.00067,0.00000,0.00042
111.90125,0.99750,0.99890,0.00068,0.00000,0.00043
112.00125,0.99750,0.99889,0.00068,0.00000,0.00043
112.10125,0.99750,0.99890,0.00068,0.00000,0.00043
112.20125,0.99751,0.99890,0.00067,0.00000,0.00043
112.30125,0.99751,0.99890,0.00068,0.00000,0.00043
112.40125,0.99750,0.99890,0.00068,0.00000,0.00043
112.50125,0.99750,0.99890,0.00068,0.00000,0.00043
112.60125,0.99750,0.99890,0.00067,0.00000,0.00043
112.70125,0.99751,0.99890,0.00067,0.00000,0.00042
112.80125,0.99751,0.99890,0.00067,0.00000,0.00043
112.90125,0.99750,0.99890,0.00067,0.00000,0.00043
113.00125,0.99750,0.99890,0.00068,0.00000,0.00042
113.10125,0.99750,0.99888,0.00069,0.00000,0.00043
113.20125,0.99751,0.99888,0.00069,0.00000,0.00043
113.30125,0.99751,0.99888,0.00069,0.00000,0.00043
113.40125,0.99750,0.99889,0.00068,0.00000,0.00043
113.50125,0.99750,0.99889,0.00068,0.00000,0.00043
113.60125,0.99750,0.99888,0.00069,0.00000,0.00043
113.70125,0.99751,0.99889,0.00068,0.00000,0.00043
113.80125,0.99751,0.99887,0.00070,0.00000,0.00043
113.90125,0.99750,0.99889,0.00068,0.00000,0.00043
114.00125,0.99750,0.99890,0.00068,0.00000,0.00042
114.10125,0.99750,0.99890,0.00068,0.00000,0.00043
114.20125,0.99751,0.99890,0.00068,0.00000,0.00043
114.30125,0.99751,0.99890,0.00068,0.00000,0.00042
114.40125,0.99750,0.99890,0.00068,0.00000,0.00043
114.50125,0.99750,0.99889,0.00068,0.00000,0.00042
114.60125,0.99750,0.99889,0.00069,0.00000,0.00043
114.70125,0.99751,0.99890,0.00068,0.00000,0.00043
114.80125,0.99751,0.99890,0.00068,0.00000,0.00043
114.90125,0.99750,0.99890,0.00067,0.00000,0.00043
115.00125,0.99750,0.99890,0.00067,0.00000,0.00042
115.10125,0.99750,0.99890,0.00068,0.00000,0.00043
115.20125,0.99751,0.99890,0.00067,0.00000,0.00043
115.30125,0.99751,0.99890,0.00067,0.00000,0.00043
115.40125,0.99750,0.99891,0.00067,0.00000,0.00043
115.50125,0.99750,0.99891,0.00067,0.00000,0.00042
115.60125,0.99750,0.99890,0.00067,0.00000,0.00042
115.70125,0.99751,0.99890,0.00067,0.00000,0.00042
115.80125,0.99751,0.99890,0.00067,0.00000,0.00042
115.90125,0.99750,0.99891,0.00067,0.00000,0.00042
116.00125,0.99750,0.99891,0.00067,0.00000,0.00042
116.10125,0.99750,0.99891,0.00067,0.00000,0.00042
116.20125,0.99751,0.99891,0.00067,0.00000,0.00042
116.30125,0.99751,0.99891,0.00067,0.00000,0.00042
116.40125,0.99750,0.99891,0.00067,0.00000,0.00042
116.50125,0.99750,0.99891,0.00067,0.00000,0.00042
116.60125,0.99750,0.99890,0.00067,0.00000,0.00042
116.70125,0.99751,0.99890,0.00068,0.00000,0.00042
116.80125,0.99751,0.99890,0.00068,0.00000,0.00042
116.90125,0.99750,0.99890,0.00068,0.00000,0.00042
117.00125,0.99750,0.99890,0.00067,0.00000,0.00043
117.10125,0.99750,0.99890,0.00067,0.00000,0.00042
117.20125,0.99751,0.99890,0.00068,0.00000,0.00043
117.30125,0.99751,0.99890,0.00067,0.00000,0.00042
117.40125,0.99750,0.99890,0.00068,0.00000,0.00043
117.50125,0.99750,0.99890,0.00068,0.00000,0.00043
117.60125,0.99750,0.99890,0.00067,0.00000,0.00043
117.70125,0.99751,0.99891,0.00067,0.00000,0.00042
117.80125,0.99751,0.99891,0.00067,0.00000,0.00042
117.90125,0.99750,0.99890,0.00068,0.00000,0.00042
118.00125,0.99750,0.99890,0.00068,0.00000,0.00042
118.10125,0.99750,0.99890,0.00068,0.00000,0.00042
118.20125,0.99751,0.99889,0.00068,0.00000,0.00043
118.30125,0.99751,0.99890,0.00068,0.00000,0.00043
118.40125,0.99750,0.99888,0.00069,0.00000,0.00043
118.50125,0.99750,0.99888,0.00069,0.00000,0.00043
118.60125,0.99750,0.99888,0.00069,0.00000,0.00043
118.70125,0.99751,0.99887,0.00070,0.00000,0.00043
118.80125,0.99751,0.99887,0.00069,0.00000,0.00043
118.90125,0.99750,0.99887,0.00070,0.00000,0.00043
119.00125,0.99750,0.99887,0.00069,0.00000,0.00043
119.10125,0.99750,0.99888,0.00069,0.00000,0.00043
119.20125,0.99751,0.99886,0.00071,0.00000,0.00043
119.30125,0.99751,0.99888,0.00069,0.00000,0.00043
119.40125,0.99750,0.99888,0.00069,0.00000,0.00043
119.50125,0.99750,0.99888,0.00069,0.00000,0.00043
119.60125,0.99750,0.99888,0.00069,0.00000,0.00043
119.70125,0.99751,0.99887,0.00070,0.00000,0.00043
119.80125,0.99751,0.99889,0.00069,0.00000,0.00043
119.90125,0.99750,0.99889,0.00069,0.00000,0.00043
120.00125,0.99750,0.99888,0.00069,0.00000,0.00043
120.10125,0.99750,0.99888,0.00069,0.00000,0.00043
120.20125,0.99751,0.99889,0.00068,0.00000,0.00043
120.30125,0.99751,0.99890,0.00068,0.00000,0.00043
120.40125,0.99750,0.99890,0.00067,0.00000,0.00043
120.50125,0.99750,0.99890,0.00068,0.00000,0.00043
120.60125,0.99750,0.99890,0.00068,0.00000,0.00042
120.70125,0.99751,0.99889,0.00068,0.00000,0.00042
120.80125,0.99751,0.99889,0.00068,0.00000,0.00042
120.90125,0.99750,0.99889,0.00068,0.00000,0.00043
121.00125,0.99750,0.99889,0.00068,0.00000,0.00043
