Time (seconds), Duration (seconds),pred_(unlabeled),pred_Jab_R,pred_Sidehook_R,pred_Uppercut_R
0.00125,0.99750,0.99615,0.00385,0.00000,0.00000
0.10125,0.99750,0.99686,0.00314,0.00000,0.00000
0.20125,0.99750,0.99723,0.00277,0.00000,0.00000
0.30125,0.99750,0.99727,0.00272,0.00000,0.00000
0.40125,0.99750,0.99730,0.00269,0.00000,0.00000
0.50125,0.99750,0.99773,0.00227,0.00000,0.00000
0.60125,0.99750,0.99795,0.00205,0.00000,0.00000
0.70125,0.99750,0.99805,0.00195,0.00000,0.00000
0.80125,0.99750,0.99800,0.00199,0.00000,0.00000
0.90125,0.99750,0.99804,0.00196,0.00000,0.00000
1.00125,0.99750,0.99808,0.00192,0.00000,0.00000
1.10125,0.99750,0.99819,0.00181,0.00000,0.00000
1.20125,0.99750,0.99814,0.00185,0.00000,0.00000
1.30125,0.99750,0.99826,0.00174,0.00000,0.00000
1.40125,0.99750,0.99795,0.00205,0.00000,0.00000
1.50125,0.99750,0.99790,0.00210,0.00000,0.00000
1.60125,0.99750,0.99789,0.00211,0.00000,0.00000
1.70125,0.99750,0.99790,0.00210,0.00000,0.00000
1.80125,0.99750,0.99741,0.00258,0.00000,0.00000
1.90125,0.99750,0.99746,0.00254,0.00000,0.00000
2.00125,0.99750,0.99746,0.00254,0.00000,0.00000
2.10125,0.99750,0.99752,0.00248,0.00000,0.00000
2.20125,0.99750,0.99675,0.00325,0.00000,0.00000
2.30125,0.99750,0.99723,0.00277,0.00000,0.00000
2.40125,0.99750,0.99753,0.00246,0.00000,0.00000
2.50125,0.99750,0.99775,0.00224,0.00000,0.00000
2.60125,0.99750,0.99812,0.00188,0.00000,0.00000
2.70125,0.99750,0.99809,0.00190,0.00000,0.00000
2.80125,0.99750,0.99817,0.00183,0.00000,0.00000
2.90125,0.99750,0.99831,0.00169,0.00000,0.00000
3.00125,0.99750,0.99972,0.00028,0.00000,0.00000
3.10125,0.99750,0.99984,0.00013,0.00000,0.00003
3.20125,0.99750,0.99950,0.00040,0.00000,0.00010
3.30125,0.99750,0.99792,0.00180,0.00000,0.00027
3.40125,0.99750,0.99872,0.00111,0.00000,0.00016
3.50125,0.99750,0.99897,0.00082,0.00002,0.00019
3.60125,0.99750,0.99762,0.00145,0.00041,0.00052
3.70125,0.99750,0.98702,0.00285,0.00879,0.00133
3.80125,0.99750,0.82905,0.00292,0.16587,0.00215
3.90125,0.99750,0.21320,0.00087,0.78539,0.00054
4.00125,0.99750,0.03853,0.00028,0.96117,0.00002
4.10125,0.99750,0.07480,0.00002,0.92518,0.00000
4.20125,0.99750,0.15317,0.00001,0.84682,0.00000
4.30125,0.99750,0.17138,0.00003,0.82859,0.00000
4.40125,0.99750,0.73462,0.00026,0.26511,0.00000
4.50125,0.99750,0.95362,0.00008,0.04630,0.00000
4.60125,0.99750,0.99661,0.00012,0.00327,0.00000
4.70125,0.99750,0.99976,0.00010,0.00015,0.00000
4.80125,0.99750,0.99994,0.00006,0.00001,0.00000
4.90125,0.99750,0.99991,0.00009,0.00000,0.00000
5.00125,0.99750,0.99951,0.00049,0.00000,0.00000
5.10125,0.99750,0.99925,0.00075,0.00000,0.00000
5.20125,0.99750,0.99883,0.00117,0.00000,0.00000
5.30125,0.99750,0.99876,0.00124,0.00000,0.00000
5.40125,0.99750,0.99824,0.00176,0.00000,0.00000
5.50125,0.99750,0.99986,0.00014,0.00000,0.00000
5.60125,0.99750,0.99980,0.00017,0.00000,0.00002
5.70125,0.99750,0.99936,0.00057,0.00000,0.00008
5.80125,0.99750,0.99721,0.00252,0.00000,0.00026
5.90125,0.99750,0.99357,0.00613,0.00000,0.00030
6.00125,0.99750,0.99851,0.00074,0.00002,0.00073
6.10125,0.99750,0.99560,0.00116,0.00053,0.00271
6.20125,0.99750,0.97658,0.00234,0.01416,0.00692
6.30125,0.99750,0.64982,0.00185,0.34423,0.00410
6.40125,0.99750,0.06651,0.00057,0.93260,0.00032
6.50125,0.99750,0.05963,0.00002,0.94031,0.00003
6.60125,0.99750,0.06082,0.00001,0.93916,0.00000
6.70125,0.99750,0.11155,0.00000,0.88845,0.00000
6.80125,0.99750,0.08418,0.00000,0.91582,0.00000
6.90125,0.99750,0.50311,0.00010,0.49679,0.00000
7.00125,0.99750,0.92376,0.00003,0.07621,0.00000
7.10125,0.99750,0.99582,0.00004,0.00414,0.00000
7.20125,0.99750,0.99970,0.00006,0.00024,0.00000
7.30125,0.99750,0.99992,0.00008,0.00001,0.00000
7.40125,0.99750,0.99976,0.00024,0.00000,0.00000
7.50125,0.99750,0.99983,0.00017,0.00000,0.00000
7.60125,0.99750,0.99926,0.00074,0.00000,0.00000
7.70125,0.99750,0.99881,0.00119,0.00000,0.00000
7.80125,0.99750,0.99879,0.00121,0.00000,0.00000
7.90125,0.99750,0.99761,0.00239,0.00000,0.00000
8.00125,0.99750,0.99758,0.00242,0.00000,0.00000
8.10125,0.99750,0.99803,0.00197,0.00000,0.00000
8.20125,0.99750,0.99786,0.00214,0.00000,0.00000
8.30125,0.99750,0.99844,0.00156,0.00000,0.00000
8.40125,0.99750,0.99956,0.00044,0.00000,0.00000
8.50125,0.99750,0.99990,0.00010,0.00000,0.00000
8.60125,0.99750,0.99972,0.00027,0.00000,0.00002
8.70125,0.99750,0.99899,0.00091,0.00000,0.00011
8.80125,0.99750,0.99941,0.00041,0.00000,0.00018
8.90125,0.99750,0.99938,0.00027,0.00006,0.00029
9.00125,0.99750,0.99668,0.00067,0.00104,0.00161
9.10125,0.99750,0.96855,0.00158,0.02218,0.00769
9.20125,0.99750,0.71344,0.00210,0.27522,0.00924
9.30125,0.99750,0.06289,0.00052,0.93628,0.00031
9.40125,0.99750,0.01257,0.00001,0.98741,0.00001
9.50125,0.99750,0.02403,0.00000,0.97597,0.00000
9.60125,0.99750,0.04929,0.00000,0.95071,0.00000
9.70125,0.99750,0.03882,0.00000,0.96118,0.00000
9.80125,0.99750,0.40577,0.00007,0.59416,0.00000
9.90125,0.99750,0.92277,0.00004,0.07720,0.00000
10.00125,0.99750,0.99543,0.00004,0.00452,0.00000
10.10125,0.99750,0.99982,0.00003,0.00015,0.00000
10.20125,0.99750,0.99994,0.00005,0.00001,0.00000
10.30125,0.99750,0.99975,0.00025,0.00000,0.00000
10.40125,0.99750,0.99957,0.00043,0.00000,0.00000
10.50125,0.99750,0.99955,0.00045,0.00000,0.00000
10.60125,0.99750,0.99987,0.00013,0.00000,0.00000
10.70125,0.99750,0.99950,0.00049,0.00000,0.00001
10.80125,0.99750,0.99869,0.00128,0.00000,0.00003
10.90125,0.99750,0.91828,0.08164,0.00000,0.00009
11.00125,0.99750,0.99906,0.00079,0.00002,0.00013
11.10125,0.99750,0.99794,0.00122,0.00058,0.00026
11.20125,0.99750,0.97820,0.00378,0.01762,0.00040
11.30125,0.99750,0.73863,0.00164,0.25929,0.00044
11.40125,0.99750,0.14281,0.00027,0.85685,0.00007
11.50125,0.99750,0.02174,0.00002,0.97823,0.00000
11.60125,0.99750,0.02584,0.00000,0.97416,0.00000
11.70125,0.99750,0.03227,0.00000,0.96772,0.00000
11.80125,0.99750,0.10453,0.00000,0.89547,0.00000
11.90125,0.99750,0.11318,0.00000,0.88682,0.00000
12.00125,0.99750,0.92828,0.00006,0.07166,0.00000
12.10125,0.99750,0.99806,0.00001,0.00193,0.00000
12.20125,0.99750,0.99990,0.00003,0.00007,0.00000
12.30125,0.99750,0.99998,0.00002,0.00000,0.00000
12.40125,0.99750,0.99997,0.00003,0.00000,0.00000
12.50125,0.99750,0.99994,0.00006,0.00000,0.00000
12.60125,0.99750,0.99972,0.00028,0.00000,0.00000
12.70125,0.99750,0.99932,0.00068,0.00000,0.00000
12.80125,0.99750,0.99838,0.00162,0.00000,0.00000
12.90125,0.99750,0.99708,0.00292,0.00000,0.00000
13.00125,0.99750,0.99609,0.00391,0.00000,0.00000
13.10125,0.99750,0.99635,0.00364,0.00000,0.00000
13.20125,0.99750,0.99605,0.00395,0.00000,0.00000
13.30125,0.99750,0.99661,0.00338,0.00000,0.00000
13.40125,0.99750,0.99605,0.00395,0.00000,0.00000
13.50125,0.99750,0.99653,0.00346,0.00000,0.00001
13.60125,0.99750,0.99657,0.00343,0.00000,0.00001
13.70125,0.99750,0.99718,0.00282,0.00000,0.00001
13.80125,0.99750,0.99986,0.00011,0.00000,0.00003
13.90125,0.99750,0.99961,0.00029,0.00000,0.00011
14.00125,0.99750,0.99866,0.00094,0.00000,0.00039
14.10125,0.99750,0.99815,0.00136,0.00000,0.00049
14.20125,0.99750,0.99907,0.00079,0.00000,0.00013
14.30125,0.99750,0.99809,0.00177,0.00001,0.00013
14.40125,0.99750,0.99700,0.00267,0.00026,0.00008
14.50125,0.99750,0.98677,0.00323,0.00990,0.00009
14.60125,0.99750,0.71189,0.00359,0.28441,0.00011
14.70125,0.99750,0.08530,0.00079,0.91390,0.00001
14.80125,0.99750,0.04858,0.00004,0.95139,0.00000
14.90125,0.99750,0.06689,0.00000,0.93311,0.00000
15.00125,0.99750,0.06734,0.00000,0.93266,0.00000
15.10125,0.99750,0.36224,0.00006,0.63770,0.00000
15.20125,0.99750,0.79989,0.00005,0.20006,0.00000
15.30125,0.99750,0.95094,0.00005,0.04901,0.00000
15.40125,0.99750,0.99647,0.00003,0.00350,0.00000
15.50125,0.99750,0.99978,0.00003,0.00019,0.00000
15.60125,0.99750,0.99996,0.00003,0.00001,0.00000
15.70125,0.99750,0.99984,0.00016,0.00000,0.00000
15.80125,0.99750,0.99977,0.00023,0.00000,0.00000
15.90125,0.99750,0.99996,0.00004,0.00000,0.00000
16.00125,0.99750,0.99985,0.00015,0.00000,0.00000
16.10125,0.99750,0.99933,0.00066,0.00000,0.00001
16.20125,0.99750,0.99789,0.00205,0.00000,0.00006
16.30125,0.99750,0.99936,0.00062,0.00001,0.00001
16.40125,0.99750,0.99840,0.00147,0.00012,0.00002
16.50125,0.99750,0.99627,0.00195,0.00175,0.00002
16.60125,0.99750,0.97329,0.00253,0.02415,0.00003
16.70125,0.99750,0.66455,0.00279,0.33261,0.00005
16.80125,0.99750,0.10554,0.00030,0.89415,0.00001
16.90125,0.99750,0.03528,0.00002,0.96471,0.00000
17.00125,0.99750,0.03419,0.00001,0.96580,0.00000
17.10125,0.99750,0.11223,0.00000,0.88776,0.00000
17.20125,0.99750,0.20187,0.00001,0.79812,0.00000
17.30125,0.99750,0.70222,0.00018,0.29760,0.00000
17.40125,0.99750,0.97210,0.00006,0.02784,0.00000
17.50125,0.99750,0.99749,0.00011,0.00240,0.00000
17.60125,0.99750,0.99981,0.00008,0.00011,0.00000
17.70125,0.99750,0.99995,0.00005,0.00000,0.00000
17.80125,0.99750,0.99994,0.00006,0.00000,0.00000
17.90125,0.99750,0.99976,0.00024,0.00000,0.00000
18.00125,0.99750,0.99875,0.00125,0.00000,0.00000
18.10125,0.99750,0.99941,0.00059,0.00000,0.00000
18.20125,0.99750,0.99980,0.00019,0.00000,0.00000
18.30125,0.99750,0.99943,0.00055,0.00000,0.00002
18.40125,0.99750,0.99845,0.00147,0.00000,0.00009
18.50125,0.99750,0.96933,0.03056,0.00000,0.00010
18.60125,0.99750,0.99780,0.00211,0.00004,0.00005
18.70125,0.99750,0.99615,0.00308,0.00065,0.00011
18.80125,0.99750,0.98653,0.00437,0.00879,0.00031
18.90125,0.99750,0.84011,0.00806,0.15105,0.00078
19.00125,0.99750,0.11902,0.00323,0.87768,0.00008
19.10125,0.99750,0.02754,0.00007,0.97239,0.00000
19.20125,0.99750,0.05646,0.00002,0.94352,0.00000
19.30125,0.99750,0.14964,0.00001,0.85035,0.00000
19.40125,0.99750,0.48855,0.00001,0.51145,0.00000
19.50125,0.99750,0.90073,0.00013,0.09914,0.00000
19.60125,0.99750,0.99261,0.00004,0.00736,0.00000
19.70125,0.99750,0.99912,0.00006,0.00082,0.00000
19.80125,0.99750,0.99992,0.00003,0.00006,0.00000
19.90125,0.99750,0.99997,0.00003,0.00000,0.00000
20.00125,0.99750,0.99990,0.00010,0.00000,0.00000
20.10125,0.99750,0.99974,0.00026,0.00000,0.00000
20.20125,0.99750,0.99992,0.00008,0.00000,0.00000
20.30125,0.99750,0.99960,0.00040,0.00000,0.00000
20.40125,0.99750,0.99812,0.00186,0.00000,0.00002
20.50125,0.99750,0.99951,0.00045,0.00000,0.00004
20.60125,0.99750,0.99982,0.00014,0.00002,0.00002
20.70125,0.99750,0.99921,0.00042,0.00029,0.00008
20.80125,0.99750,0.99571,0.00048,0.00367,0.00014
20.90125,0.99750,0.94989,0.00049,0.04945,0.00017
21.00125,0.99750,0.51242,0.00027,0.48723,0.00008
21.10125,0.99750,0.09705,0.00016,0.90278,0.00000
21.20125,0.99750,0.27759,0.00002,0.72240,0.00000
21.30125,0.99750,0.63666,0.00002,0.36332,0.00000
21.40125,0.99750,0.50665,0.00003,0.49332,0.00000
21.50125,0.99750,0.98207,0.00040,0.01753,0.00000
21.60125,0.99750,0.99932,0.00028,0.00040,0.00000
21.70125,0.99750,0.99975,0.00024,0.00001,0.00000
21.80125,0.99750,0.99979,0.00021,0.00000,0.00000
21.90125,0.99750,0.99977,0.00023,0.00000,0.00000
22.00125,0.99750,0.99970,0.00030,0.00000,0.00000
22.10125,0.99750,0.99886,0.00114,0.00000,0.00000
22.20125,0.99750,0.99859,0.00141,0.00000,0.00000
22.30125,0.99750,0.99823,0.00177,0.00000,0.00000
22.40125,0.99750,0.99822,0.00178,0.00000,0.00000
22.50125,0.99750,0.99833,0.00166,0.00000,0.00000
22.60125,0.99750,0.99977,0.00022,0.00000,0.00001
22.70125,0.99750,0.99937,0.00056,0.00000,0.00007
22.80125,0.99750,0.99829,0.00159,0.00000,0.00011
22.90125,0.99750,0.99639,0.00341,0.00000,0.00020
23.00125,0.99750,0.99934,0.00055,0.00001,0.00010
23.10125,0.99750,0.99829,0.00097,0.00047,0.00027
23.20125,0.99750,0.98582,0.00146,0.01217,0.00056
23.30125,0.99750,0.70516,0.00136,0.29287,0.00061
23.40125,0.99750,0.08436,0.00013,0.91540,0.00011
23.50125,0.99750,0.01415,0.00001,0.98583,0.00001
23.60125,0.99750,0.00919,0.00001,0.99081,0.00000
23.70125,0.99750,0.03269,0.00000,0.96730,0.00000
23.80125,0.99750,0.27062,0.00001,0.72937,0.00000
23.90125,0.99750,0.89884,0.00012,0.10104,0.00000
24.00125,0.99750,0.99818,0.00024,0.00157,0.00000
24.10125,0.99750,0.99981,0.00015,0.00004,0.00000
24.20125,0.99750,0.99989,0.00011,0.00000,0.00000
24.30125,0.99750,0.99990,0.00009,0.00000,0.00000
24.40125,0.99750,0.99992,0.00007,0.00000,0.00000
24.50125,0.99750,0.99987,0.00013,0.00000,0.00000
24.60125,0.99750,0.99991,0.00008,0.00000,0.00001
24.70125,0.99750,0.99956,0.00033,0.00000,0.00011
24.80125,0.99750,0.99854,0.00110,0.00000,0.00036
24.90125,0.99750,0.98210,0.01731,0.00000,0.00059
25.00125,0.99750,0.99422,0.00517,0.00000,0.00061
25.10125,0.99750,0.99912,0.00082,0.00000,0.00006
25.20125,0.99750,0.99803,0.00185,0.00005,0.00007
25.30125,0.99750,0.99258,0.00568,0.00156,0.00018
25.40125,0.99750,0.93639,0.00455,0.05867,0.00039
25.50125,0.99750,0.33994,0.00160,0.65814,0.00032
25.60125,0.99750,0.11081,0.00005,0.88910,0.00004
25.70125,0.99750,0.08502,0.00004,0.91494,0.00000
25.80125,0.99750,0.14554,0.00002,0.85444,0.00000
25.90125,0.99750,0.11933,0.00002,0.88065,0.00000
26.00125,0.99750,0.42506,0.00020,0.57474,0.00000
26.10125,0.99750,0.86920,0.00068,0.13011,0.00001
26.20125,0.99750,0.98988,0.00070,0.00941,0.00000
26.30125,0.99750,0.99919,0.00030,0.00051,0.00000
26.40125,0.99750,0.99983,0.00015,0.00002,0.00000
26.50125,0.99750,0.99989,0.00011,0.00000,0.00000
26.60125,0.99750,0.99985,0.00015,0.00000,0.00000
26.70125,0.99750,0.99906,0.00094,0.00000,0.00000
26.80125,0.99750,0.99903,0.00097,0.00000,0.00000
26.90125,0.99750,0.99989,0.00011,0.00000,0.00000
27.00125,0.99750,0.99936,0.00059,0.00000,0.00005
27.10125,0.99750,0.98895,0.01100,0.00000,0.00005
27.20125,0.99750,0.94711,0.05269,0.00000,0.00019
27.30125,0.99750,0.99801,0.00194,0.00001,0.00004
27.40125,0.99750,0.99911,0.00074,0.00013,0.00003
27.50125,0.99750,0.99456,0.00252,0.00287,0.00005
27.60125,0.99750,0.90596,0.00340,0.09057,0.00007
27.70125,0.99750,0.20106,0.00121,0.79771,0.00002
27.80125,0.99750,0.01206,0.00003,0.98791,0.00000
27.90125,0.99750,0.01013,0.00000,0.98987,0.00000
28.00125,0.99750,0.05373,0.00000,0.94627,0.00000
28.10125,0.99750,0.07012,0.00001,0.92987,0.00000
28.20125,0.99750,0.56871,0.00017,0.43111,0.00000
28.30125,0.99750,0.98648,0.00398,0.00954,0.00000
28.40125,0.99750,0.99848,0.00133,0.00019,0.00000
28.50125,0.99750,0.99879,0.00121,0.00001,0.00000
28.60125,0.99750,0.99933,0.00067,0.00000,0.00000
28.70125,0.99750,0.99953,0.00047,0.00000,0.00000
28.80125,0.99750,0.99903,0.00097,0.00000,0.00000
28.90125,0.99750,0.99519,0.00481,0.00000,0.00000
29.00125,0.99750,0.99850,0.00150,0.00000,0.00000
29.10125,0.99750,0.99503,0.00497,0.00000,0.00000
29.20125,0.99750,0.99643,0.00356,0.00000,0.00001
29.30125,0.99750,0.99691,0.00309,0.00000,0.00001
29.40125,0.99750,0.99563,0.00437,0.00000,0.00001
29.50125,0.99750,0.99789,0.00210,0.00000,0.00001
29.60125,0.99750,0.99874,0.00125,0.00000,0.00001
29.70125,0.99750,0.99894,0.00105,0.00000,0.00001
29.80125,0.99750,0.99970,0.00029,0.00000,0.00001
29.90125,0.99750,0.99995,0.00002,0.00000,0.00003
30.00125,0.99750,0.99974,0.00006,0.00000,0.00020
30.10125,0.99750,0.99928,0.00017,0.00000,0.00055
30.20125,0.99750,0.99759,0.00145,0.00000,0.00095
30.30125,0.99750,0.99889,0.00088,0.00000,0.00023
30.40125,0.99750,0.99800,0.00170,0.00006,0.00025
30.50125,0.99750,0.99076,0.00719,0.00159,0.00046
30.60125,0.99750,0.96478,0.00898,0.02516,0.00109
30.70125,0.99750,0.55118,0.01420,0.43342,0.00120
30.80125,0.99750,0.07234,0.00155,0.92589,0.00022
30.90125,0.99750,0.05472,0.00006,0.94516,0.00006
31.00125,0.99750,0.03397,0.00002,0.96601,0.00000
31.10125,0.99750,0.04716,0.00002,0.95282,0.00000
31.20125,0.99750,0.23981,0.00005,0.76014,0.00000
31.30125,0.99750,0.69998,0.00049,0.29952,0.00001
31.40125,0.99750,0.97258,0.00026,0.02715,0.00000
31.50125,0.99750,0.99808,0.00047,0.00145,0.00000
31.60125,0.99750,0.99940,0.00053,0.00007,0.00000
31.70125,0.99750,0.99959,0.00041,0.00000,0.00000
31.80125,0.99750,0.99972,0.00028,0.00000,0.00000
31.90125,0.99750,0.99978,0.00022,0.00000,0.00000
32.00125,0.99750,0.99268,0.00732,0.00000,0.00000
32.10125,0.99750,0.97626,0.02374,0.00000,0.00000
32.20125,0.99750,0.99521,0.00479,0.00000,0.00000
32.30125,0.99750,0.99652,0.00348,0.00000,0.00000
32.40125,0.99750,0.99753,0.00247,0.00000,0.00000
32.50125,0.99750,0.99958,0.00042,0.00000,0.00000
32.60125,0.99750,0.99878,0.00120,0.00000,0.00002
32.70125,0.99750,0.99621,0.00376,0.00000,0.00003
32.80125,0.99750,0.97659,0.02337,0.00000,0.00004
32.90125,0.99750,0.99912,0.00085,0.00002,0.00002
33.00125,0.99750,0.99810,0.00120,0.00067,0.00002
33.10125,0.99750,0.99420,0.00212,0.00367,0.00001
33.20125,0.99750,0.96274,0.00253,0.03473,0.00000
33.30125,0.99750,0.67371,0.00134,0.32495,0.00001
33.40125,0.99750,0.21367,0.00037,0.78595,0.00000
33.50125,0.99750,0.25767,0.00002,0.74231,0.00000
33.60125,0.99750,0.16703,0.00002,0.83295,0.00000
33.70125,0.99750,0.40430,0.00004,0.59567,0.00000
33.80125,0.99750,0.56025,0.00045,0.43930,0.00000
33.90125,0.99750,0.95001,0.00115,0.04884,0.00000
34.00125,0.99750,0.99659,0.00149,0.00192,0.00000
34.10125,0.99750,0.99875,0.00092,0.00033,0.00000
34.20125,0.99750,0.99992,0.00006,0.00002,0.00000
34.30125,0.99750,0.99990,0.00007,0.00002,0.00001
34.40125,0.99750,0.99984,0.00014,0.00001,0.00000
34.50125,0.99750,0.99806,0.00192,0.00002,0.00001
34.60125,0.99750,0.99948,0.00040,0.00006,0.00005
34.70125,0.99750,0.99901,0.00053,0.00037,0.00010
34.80125,0.99750,0.99577,0.00132,0.00263,0.00027
34.90125,0.99750,0.96014,0.00192,0.03740,0.00053
35.00125,0.99750,0.53424,0.00173,0.46296,0.00107
35.10125,0.99750,0.03843,0.00013,0.96129,0.00016
35.20125,0.99750,0.02791,0.00000,0.97207,0.00002
35.30125,0.99750,0.01843,0.00000,0.98157,0.00000
35.40125,0.99750,0.02446,0.00000,0.97554,0.00000
35.50125,0.99750,0.06886,0.00001,0.93113,0.00000
35.60125,0.99750,0.67215,0.00029,0.32756,0.00000
35.70125,0.99750,0.97844,0.00021,0.02134,0.00000
35.80125,0.99750,0.99902,0.00028,0.00070,0.00000
35.90125,0.99750,0.99978,0.00020,0.00002,0.00000
36.00125,0.99750,0.99992,0.00008,0.00000,0.00000
36.10125,0.99750,0.99994,0.00006,0.00000,0.00000
36.20125,0.99750,0.99989,0.00011,0.00000,0.00000
36.30125,0.99750,0.99943,0.00057,0.00000,0.00000
36.40125,0.99750,0.99730,0.00270,0.00000,0.00000
36.50125,0.99750,0.99982,0.00018,0.00000,0.00000
36.60125,0.99750,0.99930,0.00067,0.00000,0.00003
36.70125,0.99750,0.99791,0.00199,0.00000,0.00010
36.80125,0.99750,0.99025,0.00951,0.00000,0.00024
36.90125,0.99750,0.98069,0.01918,0.00000,0.00013
37.00125,0.99750,0.99862,0.00128,0.00005,0.00006
37.10125,0.99750,0.99507,0.00285,0.00185,0.00023
37.20125,0.99750,0.93652,0.00396,0.05908,0.00043
37.30125,0.99750,0.37105,0.00189,0.62659,0.00047
37.40125,0.99750,0.03090,0.00011,0.96895,0.00004
37.50125,0.99750,0.01551,0.00002,0.98447,0.00000
37.60125,0.99750,0.01967,0.00000,0.98032,0.00000
37.70125,0.99750,0.06576,0.00000,0.93424,0.00000
37.80125,0.99750,0.09319,0.00001,0.90680,0.00000
37.90125,0.99750,0.69415,0.00027,0.30558,0.00000
38.00125,0.99750,0.99254,0.00022,0.00725,0.00000
38.10125,0.99750,0.99959,0.00018,0.00023,0.00000
38.20125,0.99750,0.99988,0.00011,0.00001,0.00000
38.30125,0.99750,0.99999,0.00001,0.00000,0.00000
38.40125,0.99750,0.99998,0.00001,0.00000,0.00000
38.50125,0.99750,0.99967,0.00030,0.00000,0.00002
38.60125,0.99750,0.99490,0.00469,0.00000,0.00042
38.70125,0.99750,0.99726,0.00164,0.00000,0.00110
38.80125,0.99750,0.99824,0.00082,0.00001,0.00094
38.90125,0.99750,0.99538,0.00285,0.00013,0.00163
39.00125,0.99750,0.98957,0.00318,0.00521,0.00203
39.10125,0.99750,0.83723,0.00329,0.15537,0.00410
39.20125,0.99750,0.13420,0.00063,0.86453,0.00065
39.30125,0.99750,0.08180,0.00002,0.91815,0.00003
39.40125,0.99750,0.06576,0.00001,0.93423,0.00000
39.50125,0.99750,0.16262,0.00000,0.83738,0.00000
39.60125,0.99750,0.03885,0.00001,0.96114,0.00000
39.70125,0.99750,0.79370,0.00028,0.20602,0.00000
39.80125,0.99750,0.99407,0.00032,0.00561,0.00000
39.90125,0.99750,0.99949,0.00032,0.00018,0.00000
40.00125,0.99750,0.99976,0.00024,0.00000,0.00000
40.10125,0.99750,0.99989,0.00011,0.00000,0.00000
40.20125,0.99750,0.99991,0.00009,0.00000,0.00000
40.30125,0.99750,0.99933,0.00066,0.00000,0.00000
40.40125,0.99750,0.99378,0.00622,0.00000,0.00000
40.50125,0.99750,0.99477,0.00522,0.00000,0.00000
40.60125,0.99750,0.99141,0.00858,0.00000,0.00000
40.70125,0.99750,0.98925,0.01074,0.00000,0.00000
40.80125,0.99750,0.99345,0.00654,0.00000,0.00001
40.90125,0.99750,0.99947,0.00051,0.00000,0.00002
41.00125,0.99750,0.99827,0.00165,0.00000,0.00008
41.10125,0.99750,0.99599,0.00389,0.00000,0.00012
41.20125,0.99750,0.99423,0.00513,0.00000,0.00064
41.30125,0.99750,0.98888,0.01097,0.00000,0.00015
41.40125,0.99750,0.98489,0.01476,0.00001,0.00034
41.50125,0.99750,0.98420,0.01533,0.00024,0.00024
41.60125,0.99750,0.96320,0.02762,0.00909,0.00009
41.70125,0.99750,0.71807,0.02282,0.25898,0.00013
41.80125,0.99750,0.12129,0.00199,0.87668,0.00004
41.90125,0.99750,0.13664,0.00011,0.86324,0.00001
42.00125,0.99750,0.08260,0.00002,0.91738,0.00000
42.10125,0.99750,0.04195,0.00002,0.95803,0.00000
42.20125,0.99750,0.04402,0.00002,0.95596,0.00000
42.30125,0.99750,0.23058,0.00009,0.76933,0.00000
42.40125,0.99750,0.89866,0.00012,0.10121,0.00000
42.50125,0.99750,0.99537,0.00015,0.00449,0.00000
42.60125,0.99750,0.99955,0.00024,0.00020,0.00000
42.70125,0.99750,0.99998,0.00001,0.00001,0.00000
42.80125,0.99750,0.99997,0.00001,0.00001,0.00001
42.90125,0.99750,0.99995,0.00003,0.00001,0.00001
43.00125,0.99750,0.99912,0.00086,0.00000,0.00001
43.10125,0.99750,0.97881,0.02082,0.00001,0.00036
43.20125,0.99750,0.99856,0.00053,0.00008,0.00083
43.30125,0.99750,0.99686,0.00113,0.00059,0.00142
43.40125,0.99750,0.97769,0.00299,0.01719,0.00212
43.50125,0.99750,0.61163,0.00224,0.38431,0.00181
43.60125,0.99750,0.08166,0.00021,0.91778,0.00035
43.70125,0.99750,0.06378,0.00001,0.93616,0.00005
43.80125,0.99750,0.04112,0.00000,0.95887,0.00000
43.90125,0.99750,0.02223,0.00000,0.97777,0.00000
44.00125,0.99750,0.01759,0.00000,0.98241,0.00000
44.10125,0.99750,0.02147,0.00000,0.97853,0.00000
44.20125,0.99750,0.28644,0.00008,0.71348,0.00000
44.30125,0.99750,0.88581,0.00009,0.11410,0.00000
44.40125,0.99750,0.99572,0.00010,0.00418,0.00000
44.50125,0.99750,0.99979,0.00007,0.00014,0.00000
44.60125,0.99750,0.99995,0.00005,0.00000,0.00000
44.70125,0.99750,0.99992,0.00008,0.00000,0.00000
44.80125,0.99750,0.99973,0.00027,0.00000,0.00000
44.90125,0.99750,0.99874,0.00126,0.00000,0.00000
45.00125,0.99750,0.99808,0.00192,0.00000,0.00000
45.10125,0.99750,0.99795,0.00205,0.00000,0.00000
45.20125,0.99750,0.99716,0.00283,0.00000,0.00000
45.30125,0.99750,0.99662,0.00337,0.00000,0.00000
45.40125,0.99750,0.99656,0.00343,0.00000,0.00000
45.50125,0.99750,0.99659,0.00340,0.00000,0.00000
45.60125,0.99750,0.99904,0.00096,0.00000,0.00001
45.70125,0.99750,0.99942,0.00055,0.00000,0.00002
45.80125,0.99750,0.99860,0.00129,0.00000,0.00012
45.90125,0.99750,0.98994,0.01000,0.00000,0.00006
46.00125,0.99750,0.97385,0.02599,0.00000,0.00016
46.10125,0.99750,0.99883,0.00102,0.00000,0.00015
46.20125,0.99750,0.99763,0.00206,0.00008,0.00023
46.30125,0.99750,0.99369,0.00317,0.00274,0.00041
46.40125,0.99750,0.91714,0.00577,0.07606,0.00102
46.50125,0.99750,0.34636,0.00141,0.65153,0.00070
46.60125,0.99750,0.12602,0.00007,0.87382,0.00008
46.70125,0.99750,0.09197,0.00002,0.90800,0.00001
46.80125,0.99750,0.10976,0.00000,0.89023,0.00000
46.90125,0.99750,0.09350,0.00000,0.90649,0.00000
47.00125,0.99750,0.20836,0.00007,0.79156,0.00000
47.10125,0.99750,0.72000,0.00020,0.27980,0.00000
47.20125,0.99750,0.97050,0.00016,0.02934,0.00000
47.30125,0.99750,0.99861,0.00011,0.00128,0.00000
47.40125,0.99750,0.99987,0.00008,0.00004,0.00000
47.50125,0.99750,0.99995,0.00005,0.00000,0.00000
47.60125,0.99750,0.99989,0.00011,0.00000,0.00000
47.70125,0.99750,0.99995,0.00005,0.00000,0.00000
47.80125,0.99750,0.99976,0.00023,0.00000,0.00001
47.90125,0.99750,0.99911,0.00086,0.00000,0.00003
48.00125,0.99750,0.99598,0.00399,0.00000,0.00003
48.10125,0.99750,0.99966,0.00029,0.00000,0.00005
48.20125,0.99750,0.99900,0.00084,0.00001,0.00016
48.30125,0.99750,0.99854,0.00112,0.00020,0.00014
48.40125,0.99750,0.99208,0.00135,0.00633,0.00025
48.50125,0.99750,0.81101,0.00154,0.18680,0.00064
48.60125,0.99750,0.12879,0.00033,0.87071,0.00017
48.70125,0.99750,0.03957,0.00003,0.96039,0.00001
48.80125,0.99750,0.04101,0.00000,0.95899,0.00000
48.90125,0.99750,0.05422,0.00000,0.94578,0.00000
49.00125,0.99750,0.19423,0.00011,0.80567,0.00000
49.10125,0.99750,0.78072,0.00037,0.21891,0.00000
49.20125,0.99750,0.98134,0.00024,0.01843,0.00000
49.30125,0.99750,0.99910,0.00022,0.00068,0.00000
49.40125,0.99750,0.99988,0.00010,0.00002,0.00000
49.50125,0.99750,0.99994,0.00006,0.00000,0.00000
49.60125,0.99750,0.99993,0.00007,0.00000,0.00000
49.70125,0.99750,0.99961,0.00039,0.00000,0.00000
49.80125,0.99750,0.99785,0.00215,0.00000,0.00000
49.90125,0.99750,0.99922,0.00078,0.00000,0.00000
50.00125,0.99750,0.99965,0.00033,0.00000,0.00002
50.10125,0.99750,0.99895,0.00096,0.00000,0.00010
50.20125,0.99750,0.99583,0.00396,0.00000,0.00021
50.30125,0.99750,0.99675,0.00293,0.00000,0.00032
50.40125,0.99750,0.99913,0.00057,0.00000,0.00030
50.50125,0.99750,0.99718,0.00170,0.00014,0.00098
50.60125,0.99750,0.99191,0.00215,0.00517,0.00077
50.70125,0.99750,0.80963,0.00164,0.18817,0.00057
50.80125,0.99750,0.09364,0.00014,0.90618,0.00004
50.90125,0.99750,0.01429,0.00000,0.98570,0.00000
51.00125,0.99750,0.01481,0.00000,0.98519,0.00000
51.10125,0.99750,0.01278,0.00000,0.98722,0.00000
51.20125,0.99750,0.01802,0.00000,0.98198,0.00000
51.30125,0.99750,0.40436,0.00001,0.59563,0.00000
51.40125,0.99750,0.96949,0.00002,0.03050,0.00000
51.50125,0.99750,0.99900,0.00001,0.00099,0.00000
51.60125,0.99750,0.99996,0.00001,0.00003,0.00000
51.70125,0.99750,0.99998,0.00002,0.00000,0.00000
51.80125,0.99750,1.00000,0.00000,0.00000,0.00000
51.90125,0.99750,0.99998,0.00002,0.00000,0.00001
52.00125,0.99750,0.99970,0.00029,0.00000,0.00001
52.10125,0.99750,0.99286,0.00693,0.00000,0.00021
52.20125,0.99750,0.99806,0.00151,0.00000,0.00042
52.30125,0.99750,0.99576,0.00314,0.00001,0.00108
52.40125,0.99750,0.98661,0.01196,0.00056,0.00087
52.50125,0.99750,0.96721,0.00834,0.02364,0.00081
52.60125,0.99750,0.52921,0.00180,0.46845,0.00053
52.70125,0.99750,0.05787,0.00013,0.94197,0.00003
52.80125,0.99750,0.03913,0.00000,0.96087,0.00000
52.90125,0.99750,0.03092,0.00000,0.96908,0.00000
53.00125,0.99750,0.01588,0.00000,0.98412,0.00000
53.10125,0.99750,0.04183,0.00000,0.95817,0.00000
53.20125,0.99750,0.37316,0.00001,0.62683,0.00000
53.30125,0.99750,0.90734,0.00004,0.09262,0.00000
53.40125,0.99750,0.99579,0.00004,0.00417,0.00000
53.50125,0.99750,0.99983,0.00005,0.00013,0.00000
53.60125,0.99750,0.99994,0.00006,0.00000,0.00000
53.70125,0.99750,0.99980,0.00020,0.00000,0.00000
53.80125,0.99750,0.99966,0.00033,0.00000,0.00000
53.90125,0.99750,0.99973,0.00027,0.00000,0.00000
54.00125,0.99750,0.99861,0.00137,0.00000,0.00002
54.10125,0.99750,0.99801,0.00188,0.00000,0.00011
54.20125,0.99750,0.98154,0.01832,0.00000,0.00014
54.30125,0.99750,0.57864,0.42089,0.00000,0.00047
54.40125,0.99750,0.98702,0.00808,0.00002,0.00488
54.50125,0.99750,0.97845,0.00702,0.00044,0.01409
54.60125,0.99750,0.94147,0.00817,0.01236,0.03800
54.70125,0.99750,0.72371,0.01112,0.21796,0.04721
54.80125,0.99750,0.11240,0.00137,0.87786,0.00837
54.90125,0.99750,0.05144,0.00007,0.94771,0.00078
55.00125,0.99750,0.03834,0.00001,0.96158,0.00007
55.10125,0.99750,0.02891,0.00000,0.97109,0.00001
55.20125,0.99750,0.03528,0.00000,0.96472,0.00000
55.30125,0.99750,0.17429,0.00002,0.82569,0.00000
55.40125,0.99750,0.69933,0.00030,0.30036,0.00000
55.50125,0.99750,0.98206,0.00014,0.01780,0.00000
55.60125,0.99750,0.99944,0.00009,0.00047,0.00000
55.70125,0.99750,0.99993,0.00006,0.00001,0.00000
55.80125,0.99750,0.99999,0.00001,0.00000,0.00000
55.90125,0.99750,0.99996,0.00004,0.00000,0.00000
56.00125,0.99750,0.99978,0.00020,0.00000,0.00001
56.10125,0.99750,0.94727,0.05265,0.00000,0.00008
56.20125,0.99750,0.88367,0.11583,0.00000,0.00050
56.30125,0.99750,0.99502,0.00461,0.00001,0.00036
56.40125,0.99750,0.99055,0.00759,0.00010,0.00175
56.50125,0.99750,0.97177,0.02129,0.00294,0.00401
56.60125,0.99750,0.86682,0.04346,0.08184,0.00789
56.70125,0.99750,0.27840,0.01011,0.70538,0.00610
56.80125,0.99750,0.13966,0.00037,0.85891,0.00106
56.90125,0.99750,0.13835,0.00003,0.86146,0.00015
57.00125,0.99750,0.20765,0.00001,0.79231,0.00003
57.10125,0.99750,0.20821,0.00002,0.79176,0.00001
57.20125,0.99750,0.24001,0.00006,0.75992,0.00001
57.30125,0.99750,0.81585,0.00099,0.18313,0.00003
57.40125,0.99750,0.99317,0.00029,0.00653,0.00001
57.50125,0.99750,0.99932,0.00045,0.00022,0.00000
57.60125,0.99750,0.99975,0.00024,0.00001,0.00000
57.70125,0.99750,0.99994,0.00006,0.00000,0.00000
57.80125,0.99750,0.99998,0.00001,0.00000,0.00000
57.90125,0.99750,0.99989,0.00008,0.00000,0.00003
58.00125,0.99750,0.99652,0.00319,0.00000,0.00029
58.10125,0.99750,0.99230,0.00741,0.00000,0.00030
58.20125,0.99750,0.99811,0.00164,0.00000,0.00025
58.30125,0.99750,0.99516,0.00420,0.00002,0.00062
58.40125,0.99750,0.98765,0.01176,0.00029,0.00030
58.50125,0.99750,0.97343,0.01558,0.01069,0.00030
58.60125,0.99750,0.67545,0.01406,0.30995,0.00055
58.70125,0.99750,0.12765,0.00043,0.87187,0.00006
58.80125,0.99750,0.09968,0.00007,0.90025,0.00000
58.90125,0.99750,0.06870,0.00003,0.93127,0.00000
59.00125,0.99750,0.05730,0.00002,0.94268,0.00000
59.10125,0.99750,0.52487,0.00140,0.47372,0.00000
59.20125,0.99750,0.98190,0.00227,0.01583,0.00000
59.30125,0.99750,0.99822,0.00122,0.00056,0.00000
59.40125,0.99750,0.99899,0.00098,0.00003,0.00001
59.50125,0.99750,0.99942,0.00057,0.00000,0.00001
59.60125,0.99750,0.99969,0.00031,0.00000,0.00000
59.70125,0.99750,0.99989,0.00011,0.00000,0.00000
59.80125,0.99750,0.99991,0.00008,0.00000,0.00001
59.90125,0.99750,0.99857,0.00124,0.00000,0.00019
60.00125,0.99750,0.99647,0.00312,0.00000,0.00041
60.10125,0.99750,0.92265,0.07685,0.00000,0.00050
60.20125,0.99750,0.99814,0.00166,0.00000,0.00020
60.30125,0.99750,0.99510,0.00448,0.00002,0.00040
60.40125,0.99750,0.94011,0.05880,0.00082,0.00027
60.50125,0.99750,0.95304,0.02046,0.02600,0.00050
60.60125,0.99750,0.45815,0.01104,0.53036,0.00046
60.70125,0.99750,0.04561,0.00021,0.95414,0.00003
60.80125,0.99750,0.05076,0.00001,0.94922,0.00000
60.90125,0.99750,0.02978,0.00001,0.97021,0.00000
61.00125,0.99750,0.03728,0.00000,0.96272,0.00000
61.10125,0.99750,0.15937,0.00010,0.84053,0.00000
61.20125,0.99750,0.90413,0.00081,0.09505,0.00000
61.30125,0.99750,0.99727,0.00031,0.00242,0.00000
61.40125,0.99750,0.99957,0.00034,0.00010,0.00000
61.50125,0.99750,0.99992,0.00008,0.00000,0.00000
61.60125,0.99750,0.99993,0.00006,0.00000,0.00000
61.70125,0.99750,0.99994,0.00006,0.00000,0.00000
61.80125,0.99750,0.99998,0.00002,0.00000,0.00000
61.90125,0.99750,0.99975,0.00019,0.00000,0.00006
62.00125,0.99750,0.99833,0.00115,0.00000,0.00052
62.10125,0.99750,0.99258,0.00469,0.00000,0.00272
62.20125,0.99750,0.99540,0.00311,0.00000,0.00149
62.30125,0.99750,0.99299,0.00568,0.00000,0.00132
62.40125,0.99750,0.97400,0.02532,0.00009,0.00059
62.50125,0.99750,0.97043,0.02850,0.00099,0.00008
62.60125,0.99750,0.93200,0.02229,0.04566,0.00004
62.70125,0.99750,0.31555,0.00553,0.67889,0.00003
62.80125,0.99750,0.20841,0.00012,0.79146,0.00001
62.90125,0.99750,0.14210,0.00014,0.85776,0.00000
63.00125,0.99750,0.35047,0.00138,0.64815,0.00000
63.10125,0.99750,0.29081,0.00076,0.70843,0.00000
63.20125,0.99751,0.90249,0.02374,0.07377,0.00000
63.30125,0.99750,0.98615,0.01092,0.00293,0.00000
63.40125,0.99750,0.98860,0.01119,0.00021,0.00000
63.50125,0.99750,0.99337,0.00661,0.00001,0.00000
63.60125,0.99750,0.99161,0.00838,0.00000,0.00001
63.70125,0.99751,0.99854,0.00146,0.00000,0.00000
63.80125,0.99750,0.99987,0.00013,0.00000,0.00000
63.90125,0.99750,0.99953,0.00046,0.00000,0.00002
64.00125,0.99750,0.99843,0.00151,0.00000,0.00006
64.10125,0.99750,0.99593,0.00393,0.00000,0.00014
64.20125,0.99751,0.99873,0.00119,0.00000,0.00008
64.30125,0.99751,0.99729,0.00260,0.00003,0.00007
64.40125,0.99750,0.99322,0.00621,0.00053,0.00004
64.50125,0.99750,0.97800,0.00721,0.01475,0.00004
64.60125,0.99750,0.76572,0.00416,0.23004,0.00008
64.70125,0.99751,0.08786,0.00033,0.91179,0.00002
64.80125,0.99751,0.08799,0.00023,0.91178,0.00000
64.90125,0.99750,0.16009,0.00024,0.83967,0.00000
65.00125,0.99750,0.58058,0.00050,0.41891,0.00000
65.10125,0.99750,0.97729,0.00192,0.02079,0.00000
65.20125,0.99751,0.99569,0.00390,0.00040,0.00001
65.30125,0.99751,0.99852,0.00145,0.00002,0.00001
65.40125,0.99750,0.99893,0.00103,0.00000,0.00003
65.50125,0.99750,0.99949,0.00049,0.00000,0.00002
65.60125,0.99750,0.99960,0.00040,0.00000,0.00000
65.70125,0.99751,0.99945,0.00055,0.00000,0.00000
65.80125,0.99751,0.99983,0.00016,0.00000,0.00001
65.90125,0.99750,0.99912,0.00073,0.00000,0.00015
66.00125,0.99750,0.99705,0.00244,0.00000,0.00051
66.10125,0.99750,0.98737,0.01198,0.00000,0.00065
66.20125,0.99751,0.95178,0.04721,0.00000,0.00100
66.30125,0.99751,0.99744,0.00185,0.00000,0.00071
66.40125,0.99750,0.99572,0.00306,0.00011,0.00111
66.50125,0.99750,0.97860,0.01711,0.00329,0.00100
66.60125,0.99750,0.86204,0.01612,0.11978,0.00205
66.70125,0.99751,0.13745,0.00233,0.85939,0.00083
66.80125,0.99751,0.05735,0.00005,0.94238,0.00022
66.90125,0.99750,0.06065,0.00001,0.93924,0.00010
67.00125,0.99750,0.03497,0.00000,0.96502,0.00001
67.10125,0.99750,0.01122,0.00000,0.98878,0.00000
67.20125,0.99751,0.07536,0.00013,0.92451,0.00000
67.30125,0.99751,0.77578,0.00159,0.22262,0.00001
67.40125,0.99750,0.99124,0.00059,0.00816,0.00001
67.50125,0.99750,0.99928,0.00037,0.00034,0.00001
67.60125,0.99750,0.99988,0.00011,0.00001,0.00000
67.70125,0.99751,0.99996,0.00004,0.00000,0.00000
67.80125,0.99751,0.99997,0.00003,0.00000,0.00000
67.90125,0.99750,0.99997,0.00002,0.00000,0.00000
68.00125,0.99750,0.99997,0.00003,0.00000,0.00000
68.10125,0.99750,0.99983,0.00008,0.00000,0.00009
68.20125,0.99751,0.99929,0.00031,0.00000,0.00040
68.30125,0.99751,0.99759,0.00175,0.00000,0.00066
68.40125,0.99750,0.96120,0.03810,0.00000,0.00070
68.50125,0.99750,0.99916,0.00065,0.00001,0.00018
68.60125,0.99750,0.99756,0.00135,0.00058,0.00051
68.70125,0.99751,0.97561,0.00390,0.02019,0.00030
68.80125,0.99751,0.71494,0.00220,0.28275,0.00011
68.90125,0.99750,0.15595,0.00043,0.84359,0.00003
69.00125,0.99750,0.03432,0.00003,0.96564,0.00001
69.10125,0.99750,0.04427,0.00000,0.95573,0.00000
69.20125,0.99751,0.01853,0.00000,0.98146,0.00000
69.30125,0.99751,0.02165,0.00000,0.97835,0.00000
69.40125,0.99750,0.04085,0.00003,0.95912,0.00000
69.50125,0.99750,0.72888,0.00064,0.27047,0.00001
69.60125,0.99750,0.99142,0.00046,0.00812,0.00000
69.70125,0.99751,0.99931,0.00038,0.00031,0.00000
69.80125,0.99751,0.99952,0.00046,0.00001,0.00001
69.90125,0.99750,0.99972,0.00027,0.00000,0.00001
70.00125,0.99750,0.99997,0.00002,0.00000,0.00001
70.10125,0.99750,0.99991,0.00006,0.00000,0.00003
70.20125,0.99751,0.99868,0.00119,0.00000,0.00013
70.30125,0.99751,0.98977,0.00836,0.00000,0.00187
70.40125,0.99750,0.98390,0.01548,0.00000,0.00062
70.50125,0.99750,0.99600,0.00326,0.00003,0.00071
70.60125,0.99750,0.98484,0.01314,0.00063,0.00139
70.70125,0.99751,0.96109,0.01585,0.02120,0.00186
70.80125,0.99751,0.54266,0.00635,0.44946,0.00154
70.90125,0.99750,0.13371,0.00055,0.86528,0.00045
71.00125,0.99750,0.18804,0.00006,0.81158,0.00032
71.10125,0.99750,0.09201,0.00005,0.90792,0.00002
71.20125,0.99751,0.07307,0.00001,0.92692,0.00000
71.30125,0.99751,0.07666,0.00003,0.92331,0.00000
71.40125,0.99750,0.56282,0.00171,0.43545,0.00001
71.50125,0.99750,0.95490,0.00067,0.04442,0.00001
71.60125,0.99750,0.99643,0.00055,0.00301,0.00000
71.70125,0.99751,0.99933,0.00051,0.00015,0.00000
71.80125,0.99751,0.99986,0.00013,0.00001,0.00000
71.90125,0.99750,0.99997,0.00003,0.00000,0.00000
72.00125,0.99750,0.99991,0.00008,0.00000,0.00000
72.10125,0.99750,0.99990,0.00010,0.00000,0.00000
72.20125,0.99751,0.99940,0.00056,0.00000,0.00004
72.30125,0.99751,0.99619,0.00367,0.00000,0.00014
72.40125,0.99750,0.99602,0.00376,0.00000,0.00022
72.50125,0.99750,0.99707,0.00261,0.00002,0.00030
72.60125,0.99750,0.99260,0.00603,0.00070,0.00067
72.70125,0.99751,0.96821,0.01120,0.01998,0.00061
72.80125,0.99751,0.78011,0.00704,0.21199,0.00085
72.90125,0.99750,0.34363,0.00336,0.65187,0.00114
73.00125,0.99750,0.13875,0.00072,0.85942,0.00111
73.10125,0.99750,0.12928,0.00010,0.87056,0.00006
73.20125,0.99751,0.12230,0.00012,0.87758,0.00001
73.30125,0.99751,0.13020,0.00013,0.86968,0.00000
73.40125,0.99750,0.74907,0.00418,0.24673,0.00001
73.50125,0.99750,0.97200,0.00172,0.02627,0.00001
73.60125,0.99750,0.99681,0.00139,0.00179,0.00001
73.70125,0.99751,0.99912,0.00076,0.00012,0.00000
73.80125,0.99751,0.99957,0.00042,0.00001,0.00000
73.90125,0.99750,0.99987,0.00013,0.00000,0.00000
74.00125,0.99750,0.99991,0.00009,0.00000,0.00000
74.10125,0.99750,0.99977,0.00023,0.00000,0.00000
74.20125,0.99751,0.99986,0.00014,0.00000,0.00000
74.30125,0.99751,0.99909,0.00090,0.00000,0.00001
74.40125,0.99750,0.99778,0.00220,0.00000,0.00002
74.50125,0.99750,0.99496,0.00500,0.00000,0.00003
74.60125,0.99750,0.99839,0.00157,0.00002,0.00002
74.70125,0.99751,0.99681,0.00254,0.00056,0.00009
74.80125,0.99751,0.97738,0.00823,0.01422,0.00017
74.90125,0.99750,0.88728,0.00929,0.10289,0.00055
75.00125,0.99750,0.49448,0.00430,0.50061,0.00061
75.10125,0.99750,0.06263,0.00019,0.93708,0.00010
75.20125,0.99751,0.05347,0.00002,0.94650,0.00001
75.30125,0.99751,0.03715,0.00001,0.96284,0.00000
75.40125,0.99750,0.18203,0.00003,0.81794,0.00000
75.50125,0.99750,0.52915,0.00348,0.46737,0.00000
75.60125,0.99750,0.98139,0.00057,0.01803,0.00001
75.70125,0.99751,0.99938,0.00025,0.00037,0.00000
75.80125,0.99751,0.99960,0.00039,0.00001,0.00000
75.90125,0.99750,0.99991,0.00008,0.00000,0.00000
76.00125,0.99750,0.99996,0.00004,0.00000,0.00000
76.10125,0.99750,0.99999,0.00001,0.00000,0.00000
76.20125,0.99751,0.99995,0.00005,0.00000,0.00001
76.30125,0.99751,0.99929,0.00060,0.00000,0.00011
76.40125,0.99750,0.99589,0.00362,0.00000,0.00050
76.50125,0.99750,0.99785,0.00161,0.00000,0.00053
76.60125,0.99750,0.99852,0.00116,0.00002,0.00030
76.70125,0.99751,0.99451,0.00410,0.00065,0.00075
76.80125,0.99751,0.97444,0.00499,0.01968,0.00089
76.90125,0.99750,0.66010,0.00288,0.33618,0.00084
77.00125,0.99750,0.14878,0.00038,0.85048,0.00035
77.10125,0.99750,0.16137,0.00003,0.83852,0.00009
77.20125,0.99751,0.14597,0.00000,0.85402,0.00001
77.30125,0.99751,0.14541,0.00000,0.85459,0.00000
77.40125,0.99750,0.03185,0.00000,0.96815,0.00000
77.50125,0.99750,0.34093,0.00004,0.65903,0.00000
77.60125,0.99750,0.77899,0.00006,0.22095,0.00000
77.70125,0.99751,0.98286,0.00010,0.01704,0.00000
77.80125,0.99751,0.99939,0.00006,0.00055,0.00000
77.90125,0.99750,0.99995,0.00004,0.00002,0.00000
78.00125,0.99750,0.99999,0.00001,0.00000,0.00000
78.10125,0.99750,0.99999,0.00001,0.00000,0.00000
78.20125,0.99751,0.99992,0.00008,0.00000,0.00000
78.30125,0.99751,0.99895,0.00103,0.00000,0.00002
78.40125,0.99750,0.99365,0.00608,0.00000,0.00027
78.50125,0.99750,0.99223,0.00685,0.00001,0.00092
78.60125,0.99750,0.99744,0.00143,0.00026,0.00087
78.70125,0.99751,0.98911,0.00353,0.00573,0.00164
78.80125,0.99751,0.83774,0.00573,0.15525,0.00128
78.90125,0.99750,0.16327,0.00075,0.83552,0.00045
79.00125,0.99750,0.01899,0.00004,0.98085,0.00012
79.10125,0.99750,0.01764,0.00000,0.98230,0.00005
79.20125,0.99751,0.02695,0.00000,0.97305,0.00000
79.30125,0.99751,0.03020,0.00001,0.96980,0.00000
79.40125,0.99750,0.11948,0.00001,0.88051,0.00000
79.50125,0.99750,0.86480,0.00037,0.13483,0.00000
79.60125,0.99750,0.99493,0.00091,0.00416,0.00000
79.70125,0.99751,0.99911,0.00074,0.00015,0.00000
79.80125,0.99751,0.99933,0.00066,0.00001,0.00000
79.90125,0.99750,0.99972,0.00028,0.00000,0.00000
80.00125,0.99750,0.99982,0.00018,0.00000,0.00000
80.10125,0.99750,0.99992,0.00008,0.00000,0.00000
80.20125,0.99751,0.99980,0.00020,0.00000,0.00000
80.30125,0.99751,0.99880,0.00116,0.00000,0.00003
80.40125,0.99750,0.99553,0.00420,0.00000,0.00027
80.50125,0.99750,0.98270,0.01662,0.00000,0.00068
80.60125,0.99750,0.99519,0.00399,0.00001,0.00081
80.70125,0.99751,0.99679,0.00263,0.00016,0.00043
80.80125,0.99751,0.99087,0.00602,0.00270,0.00041
80.90125,0.99750,0.92698,0.00845,0.06395,0.00062
81.00125,0.99750,0.37487,0.00479,0.61952,0.00082
81.10125,0.99750,0.11336,0.00028,0.88613,0.00023
81.20125,0.99751,0.13553,0.00004,0.86438,0.00006
81.30125,0.99751,0.15180,0.00001,0.84818,0.00001
81.40125,0.99750,0.15931,0.00001,0.84068,0.00000
81.50125,0.99750,0.14405,0.00013,0.85582,0.00000
81.60125,0.99750,0.88147,0.00411,0.11442,0.00000
81.70125,0.99751,0.98719,0.00131,0.01150,0.00000
81.80125,0.99751,0.99838,0.00101,0.00061,0.00000
81.90125,0.99750,0.99975,0.00023,0.00002,0.00000
82.00125,0.99750,0.99982,0.00018,0.00000,0.00000
82.10125,0.99750,0.99979,0.00021,0.00000,0.00000
82.20125,0.99751,0.99979,0.00021,0.00000,0.00000
82.30125,0.99751,0.99998,0.00002,0.00000,0.00000
82.40125,0.99750,0.99958,0.00037,0.00000,0.00005
82.50125,0.99750,0.99844,0.00148,0.00000,0.00008
82.60125,0.99750,0.97641,0.02316,0.00000,0.00043
82.70125,0.99751,0.99677,0.00236,0.00000,0.00086
82.80125,0.99751,0.99807,0.00057,0.00001,0.00136
82.90125,0.99750,0.99674,0.00089,0.00020,0.00216
83.00125,0.99750,0.98772,0.00221,0.00630,0.00377
83.10125,0.99750,0.81398,0.00308,0.17419,0.00875
83.20125,0.99751,0.16121,0.00032,0.83586,0.00261
83.30125,0.99751,0.14263,0.00001,0.85699,0.00038
83.40125,0.99750,0.21812,0.00000,0.78183,0.00005
83.50125,0.99750,0.24031,0.00001,0.75968,0.00000
83.60125,0.99750,0.29043,0.00022,0.70935,0.00000
83.70125,0.99751,0.94067,0.00832,0.05101,0.00000
83.80125,0.99751,0.99724,0.00085,0.00191,0.00000
83.90125,0.99750,0.99912,0.00081,0.00007,0.00000
84.00125,0.99750,0.99943,0.00057,0.00000,0.00000
84.10125,0.99750,0.99976,0.00024,0.00000,0.00000
84.20125,0.99751,0.99996,0.00004,0.00000,0.00000
84.30125,0.99751,0.99990,0.00010,0.00000,0.00000
84.40125,0.99750,0.99948,0.00052,0.00000,0.00000
84.50125,0.99750,0.99542,0.00451,0.00000,0.00007
84.60125,0.99750,0.99527,0.00464,0.00000,0.00009
84.70125,0.99751,0.99903,0.00082,0.00000,0.00014
84.80125,0.99751,0.99821,0.00113,0.00009,0.00057
84.90125,0.99750,0.99191,0.00201,0.00295,0.00314
85.00125,0.99750,0.88843,0.00243,0.09702,0.01212
85.10125,0.99750,0.24982,0.00077,0.74654,0.00287
85.20125,0.99751,0.34909,0.00020,0.65029,0.00042
85.30125,0.99751,0.60034,0.00006,0.39949,0.00011
85.40125,0.99750,0.67221,0.00001,0.32777,0.00001
85.50125,0.99750,0.39160,0.00005,0.60834,0.00001
85.60125,0.99750,0.96043,0.00071,0.03884,0.00001
85.70125,0.99751,0.99826,0.00017,0.00157,0.00001
85.80125,0.99751,0.99988,0.00008,0.00004,0.00000
85.90125,0.99750,0.99994,0.00005,0.00000,0.00000
86.00125,0.99750,0.99993,0.00007,0.00000,0.00000
86.10125,0.99750,0.99969,0.00031,0.00000,0.00000
86.20125,0.99751,0.99924,0.00076,0.00000,0.00000
86.30125,0.99751,0.99820,0.00180,0.00000,0.00000
86.40125,0.99750,0.99681,0.00318,0.00000,0.00000
86.50125,0.99750,0.99698,0.00301,0.00000,0.00001
86.60125,0.99750,0.99686,0.00312,0.00000,0.00002
86.70125,0.99751,0.99475,0.00521,0.00000,0.00003
86.80125,0.99751,0.98748,0.01246,0.00000,0.00006
86.90125,0.99750,0.98493,0.01495,0.00000,0.00012
87.00125,0.99750,0.99073,0.00902,0.00000,0.00025
87.10125,0.99750,0.99134,0.00824,0.00000,0.00042
87.20125,0.99751,0.99208,0.00728,0.00000,0.00063
87.30125,0.99751,0.99185,0.00722,0.00000,0.00094
87.40125,0.99750,0.99253,0.00680,0.00000,0.00067
87.50125,0.99750,0.99490,0.00468,0.00000,0.00042
87.60125,0.99750,0.99787,0.00189,0.00000,0.00024
87.70125,0.99751,0.99829,0.00162,0.00000,0.00009
87.80125,0.99751,0.99268,0.00725,0.00000,0.00007
87.90125,0.99750,0.99248,0.00749,0.00000,0.00003
88.00125,0.99750,0.99176,0.00822,0.00000,0.00001
88.10125,0.99750,0.99337,0.00662,0.00000,0.00001
88.20125,0.99751,0.99426,0.00573,0.00000,0.00001
88.30125,0.99751,0.99568,0.00432,0.00000,0.00000
88.40125,0.99750,0.99609,0.00391,0.00000,0.00000
88.50125,0.99750,0.99628,0.00372,0.00000,0.00000
88.60125,0.99750,0.99738,0.00261,0.00000,0.00000
88.70125,0.99751,0.99740,0.00259,0.00000,0.00001
88.80125,0.99751,0.99745,0.00254,0.00000,0.00001
88.90125,0.99750,0.99760,0.00239,0.00000,0.00001
89.00125,0.99750,0.99807,0.00192,0.00000,0.00001
89.10125,0.99750,0.99841,0.00159,0.00000,0.00001
89.20125,0.99751,0.99868,0.00132,0.00000,0.00001
89.30125,0.99751,0.99866,0.00133,0.00000,0.00000
89.40125,0.99750,0.99845,0.00155,0.00000,0.00000
