Time (seconds), Duration (seconds),pred_(unlabeled),pred_Jab_R,pred_Sidehook_R,pred_Uppercut_R
0.00125,0.49750,1.00000,0.00000,0.00000,0.00000
0.10125,0.49750,1.00000,0.00000,0.00000,0.00000
0.20125,0.49750,1.00000,0.00000,0.00000,0.00000
0.30125,0.49750,0.99999,0.00000,0.00001,0.00000
0.40125,0.49750,0.99999,0.00000,0.00001,0.00000
0.50125,0.49750,0.99999,0.00000,0.00001,0.00000
0.60125,0.49750,0.99999,0.00000,0.00001,0.00000
0.70125,0.49750,0.99999,0.00000,0.00001,0.00000
0.80125,0.49750,0.99999,0.00000,0.00001,0.00000
0.90125,0.49750,0.99999,0.00000,0.00001,0.00000
1.00125,0.49750,0.99999,0.00000,0.00001,0.00000
1.10125,0.49750,0.99999,0.00000,0.00001,0.00000
1.20125,0.49750,0.99999,0.00000,0.00001,0.00000
1.30125,0.49750,0.99999,0.00000,0.00001,0.00000
1.40125,0.49750,0.99999,0.00000,0.00001,0.00000
1.50125,0.49750,0.99999,0.00000,0.00001,0.00000
1.60125,0.49750,0.99999,0.00000,0.00001,0.00000
1.70125,0.49750,0.99999,0.00000,0.00000,0.00000
1.80125,0.49750,1.00000,0.00000,0.00000,0.00000
1.90125,0.49750,1.00000,0.00000,0.00000,0.00000
2.00125,0.49750,0.99999,0.00000,0.00001,0.00000
2.10125,0.49750,0.99999,0.00000,0.00001,0.00000
2.20125,0.49750,0.99999,0.00000,0.00001,0.00000
2.30125,0.49750,0.99999,0.00000,0.00001,0.00000
2.40125,0.49750,0.99999,0.00000,0.00001,0.00000
2.50125,0.49750,0.99999,0.00000,0.00001,0.00000
2.60125,0.49750,0.99999,0.00000,0.00001,0.00000
2.70125,0.49750,0.99999,0.00000,0.00001,0.00000
2.80125,0.49750,0.99999,0.00000,0.00001,0.00000
2.90125,0.49750,0.99999,0.00000,0.00001,0.00000
3.00125,0.49750,0.99999,0.00000,0.00001,0.00000
3.10125,0.49750,0.99999,0.00000,0.00001,0.00000
3.20125,0.49750,0.99999,0.00000,0.00001,0.00000
3.30125,0.49750,0.99999,0.00000,0.00000,0.00000
3.40125,0.49750,1.00000,0.00000,0.00000,0.00000
3.50125,0.49750,0.99999,0.00000,0.00000,0.00000
3.60125,0.49750,0.99998,0.00000,0.00002,0.00000
3.70125,0.49750,0.99970,0.00001,0.00029,0.00000
3.80125,0.49750,0.99348,0.00053,0.00597,0.00003
3.90125,0.49750,0.63750,0.00525,0.35603,0.00122
4.00125,0.49750,0.07103,0.03178,0.89685,0.00034
4.10125,0.49750,0.02840,0.03739,0.93414,0.00007
4.20125,0.49750,0.04322,0.01109,0.94456,0.00113
4.30125,0.49750,0.06743,0.00572,0.92371,0.00313
4.40125,0.49750,0.33095,0.04661,0.61478,0.00766
4.50125,0.49750,0.72135,0.00400,0.22977,0.04488
4.60125,0.49750,0.95238,0.00007,0.02872,0.01883
4.70125,0.49750,0.99621,0.00000,0.00234,0.00145
4.80125,0.49750,0.99973,0.00000,0.00019,0.00008
4.90125,0.49750,0.99998,0.00000,0.00001,0.00000
5.00125,0.49750,0.99999,0.00000,0.00000,0.00000
5.10125,0.49750,1.00000,0.00000,0.00000,0.00000
5.20125,0.49750,0.99999,0.00000,0.00001,0.00000
5.30125,0.49750,0.99999,0.00000,0.00001,0.00000
5.40125,0.49750,0.99999,0.00000,0.00001,0.00000
5.50125,0.49750,0.99999,0.00000,0.00001,0.00000
5.60125,0.49750,0.99999,0.00000,0.00001,0.00000
5.70125,0.49750,0.99999,0.00000,0.00001,0.00000
5.80125,0.49750,0.99999,0.00000,0.00001,0.00000
5.90125,0.49750,0.99999,0.00000,0.00001,0.00000
6.00125,0.49750,0.99999,0.00000,0.00001,0.00000
6.10125,0.49750,0.99996,0.00000,0.00004,0.00000
6.20125,0.49750,0.99937,0.00002,0.00060,0.00001
6.30125,0.49750,0.98869,0.00116,0.01007,0.00008
6.40125,0.49750,0.51007,0.00956,0.47734,0.00302
6.50125,0.49750,0.04821,0.01525,0.93593,0.00060
6.60125,0.49750,0.02077,0.01303,0.96605,0.00015
6.70125,0.49750,0.03392,0.00441,0.95914,0.00253
6.80125,0.49750,0.04696,0.00330,0.94616,0.00357
6.90125,0.49750,0.35274,0.01605,0.62416,0.00706
7.00125,0.49750,0.86395,0.00210,0.11877,0.01518
7.10125,0.49750,0.97136,0.00007,0.02158,0.00699
7.20125,0.49750,0.99705,0.00000,0.00223,0.00073
7.30125,0.49750,0.99978,0.00000,0.00014,0.00008
7.40125,0.49750,0.99997,0.00000,0.00002,0.00001
7.50125,0.49750,0.99999,0.00000,0.00001,0.00000
7.60125,0.49750,0.99999,0.00000,0.00001,0.00000
7.70125,0.49750,0.99999,0.00000,0.00001,0.00000
7.80125,0.49750,0.99999,0.00000,0.00001,0.00000
7.90125,0.49750,0.99998,0.00000,0.00002,0.00000
8.00125,0.49750,0.99998,0.00000,0.00002,0.00000
8.10125,0.49750,0.99998,0.00000,0.00002,0.00000
8.20125,0.49750,0.99999,0.00000,0.00001,0.00000
8.30125,0.49750,0.99999,0.00000,0.00001,0.00000
8.40125,0.49750,0.99999,0.00000,0.00001,0.00000
8.50125,0.49750,0.99999,0.00000,0.00001,0.00000
8.60125,0.49750,0.99999,0.00000,0.00001,0.00000
8.70125,0.49750,0.99999,0.00000,0.00001,0.00000
8.80125,0.49750,0.99999,0.00000,0.00001,0.00000
8.90125,0.49750,0.99999,0.00000,0.00001,0.00000
9.00125,0.49750,0.99997,0.00000,0.00002,0.00000
9.10125,0.49750,0.99976,0.00001,0.00023,0.00001
9.20125,0.49750,0.99370,0.00028,0.00595,0.00007
9.30125,0.49750,0.67572,0.00260,0.31840,0.00328
9.40125,0.49750,0.08093,0.00816,0.90977,0.00113
9.50125,0.49750,0.01811,0.00952,0.97225,0.00012
9.60125,0.49750,0.02500,0.00310,0.97008,0.00182
9.70125,0.49750,0.05666,0.00304,0.93288,0.00742
9.80125,0.49750,0.39657,0.01622,0.57515,0.01206
9.90125,0.49750,0.91301,0.00071,0.06389,0.02239
10.00125,0.49750,0.98660,0.00001,0.00725,0.00614
10.10125,0.49750,0.99883,0.00000,0.00069,0.00047
10.20125,0.49750,0.99993,0.00000,0.00004,0.00003
10.30125,0.49750,0.99999,0.00000,0.00001,0.00000
10.40125,0.49750,0.99999,0.00000,0.00001,0.00000
10.50125,0.49750,0.99999,0.00000,0.00001,0.00000
10.60125,0.49750,0.99999,0.00000,0.00001,0.00000
10.70125,0.49750,0.99999,0.00000,0.00001,0.00000
10.80125,0.49750,0.99999,0.00000,0.00001,0.00000
10.90125,0.49750,0.99999,0.00000,0.00001,0.00000
11.00125,0.49750,0.99998,0.00000,0.00002,0.00000
11.10125,0.49750,0.99996,0.00000,0.00003,0.00000
11.20125,0.49750,0.99977,0.00000,0.00020,0.00002
11.30125,0.49750,0.99595,0.00058,0.00343,0.00004
11.40125,0.49750,0.91607,0.01003,0.07301,0.00089
11.50125,0.49750,0.19050,0.01310,0.79211,0.00429
11.60125,0.49750,0.02933,0.01999,0.95062,0.00007
11.70125,0.49750,0.02280,0.00883,0.96832,0.00005
11.80125,0.49750,0.02382,0.00178,0.97413,0.00028
11.90125,0.49750,0.03637,0.00649,0.95699,0.00015
12.00125,0.49750,0.14249,0.07118,0.78625,0.00008
12.10125,0.49750,0.38929,0.00596,0.60384,0.00090
12.20125,0.49750,0.88496,0.00027,0.11383,0.00093
12.30125,0.49750,0.99170,0.00001,0.00817,0.00012
12.40125,0.49750,0.99952,0.00000,0.00047,0.00001
12.50125,0.49750,0.99997,0.00000,0.00003,0.00000
12.60125,0.49750,0.99999,0.00000,0.00001,0.00000
12.70125,0.49750,0.99999,0.00000,0.00001,0.00000
12.80125,0.49750,0.99999,0.00000,0.00001,0.00000
12.90125,0.49750,0.99999,0.00000,0.00001,0.00000
13.00125,0.49750,0.99999,0.00000,0.00001,0.00000
13.10125,0.49750,0.99999,0.00000,0.00001,0.00000
13.20125,0.49750,0.99999,0.00000,0.00001,0.00000
13.30125,0.49750,0.99999,0.00000,0.00001,0.00000
13.40125,0.49750,0.99999,0.00000,0.00001,0.00000
13.50125,0.49750,0.99999,0.00000,0.00001,0.00000
13.60125,0.49750,0.99999,0.00000,0.00001,0.00000
13.70125,0.49750,0.99999,0.00000,0.00001,0.00000
13.80125,0.49750,0.99999,0.00000,0.00001,0.00000
13.90125,0.49750,0.99999,0.00000,0.00001,0.00000
14.00125,0.49750,0.99999,0.00000,0.00001,0.00000
14.10125,0.49750,0.99999,0.00000,0.00001,0.00000
14.20125,0.49750,0.99999,0.00000,0.00001,0.00000
14.30125,0.49750,0.99998,0.00000,0.00002,0.00000
14.40125,0.49750,0.99986,0.00000,0.00014,0.00000
14.50125,0.49750,0.99694,0.00011,0.00294,0.00001
14.60125,0.49750,0.81222,0.00122,0.18586,0.00070
14.70125,0.49750,0.10084,0.00910,0.88964,0.00042
14.80125,0.49750,0.01577,0.02643,0.95779,0.00000
14.90125,0.49750,0.00938,0.01678,0.97384,0.00000
15.00125,0.49750,0.01517,0.01538,0.96944,0.00000
15.10125,0.49750,0.07658,0.15123,0.77219,0.00001
15.20125,0.49750,0.24909,0.05739,0.69339,0.00013
15.30125,0.49750,0.78320,0.00174,0.21249,0.00257
15.40125,0.49750,0.94988,0.00007,0.04613,0.00392
15.50125,0.49750,0.99272,0.00000,0.00658,0.00069
15.60125,0.49750,0.99943,0.00000,0.00053,0.00004
15.70125,0.49750,0.99994,0.00000,0.00006,0.00000
15.80125,0.49750,0.99997,0.00000,0.00003,0.00000
15.90125,0.49750,0.99999,0.00000,0.00001,0.00000
16.00125,0.49750,0.99999,0.00000,0.00001,0.00000
16.10125,0.49750,0.99999,0.00000,0.00001,0.00000
16.20125,0.49750,0.99999,0.00000,0.00001,0.00000
16.30125,0.49750,0.99999,0.00000,0.00001,0.00000
16.40125,0.49750,0.99999,0.00000,0.00001,0.00000
16.50125,0.49750,0.99994,0.00000,0.00006,0.00001
16.60125,0.49750,0.99928,0.00004,0.00067,0.00001
16.70125,0.49750,0.97491,0.00209,0.02294,0.00007
16.80125,0.49750,0.41182,0.00863,0.57821,0.00134
16.90125,0.49750,0.05602,0.02304,0.92087,0.00007
17.00125,0.49750,0.01336,0.02298,0.96365,0.00000
17.10125,0.49750,0.01280,0.01475,0.97244,0.00000
17.20125,0.49750,0.02928,0.03188,0.93883,0.00001
17.30125,0.49750,0.12226,0.29445,0.58327,0.00002
17.40125,0.49750,0.44389,0.05042,0.50508,0.00060
17.50125,0.49750,0.90924,0.00127,0.08593,0.00356
17.60125,0.49750,0.99212,0.00001,0.00610,0.00177
17.70125,0.49750,0.99930,0.00000,0.00057,0.00013
17.80125,0.49750,0.99996,0.00000,0.00004,0.00001
17.90125,0.49750,0.99999,0.00000,0.00001,0.00000
18.00125,0.49750,0.99999,0.00000,0.00001,0.00000
18.10125,0.49750,0.99999,0.00000,0.00001,0.00000
18.20125,0.49750,0.99999,0.00000,0.00001,0.00000
18.30125,0.49750,0.99999,0.00000,0.00001,0.00000
18.40125,0.49750,0.99999,0.00000,0.00001,0.00000
18.50125,0.49750,0.99999,0.00000,0.00001,0.00000
18.60125,0.49750,0.99999,0.00000,0.00001,0.00000
18.70125,0.49750,0.99998,0.00000,0.00002,0.00000
18.80125,0.49750,0.99984,0.00000,0.00014,0.00001
18.90125,0.49750,0.99538,0.00093,0.00368,0.00002
19.00125,0.49750,0.82165,0.01069,0.16713,0.00053
19.10125,0.49750,0.14057,0.02492,0.83403,0.00049
19.20125,0.49750,0.01882,0.02791,0.95326,0.00001
19.30125,0.49750,0.01984,0.01054,0.96958,0.00004
19.40125,0.49750,0.03369,0.00335,0.96228,0.00068
19.50125,0.49750,0.13064,0.01617,0.85191,0.00128
19.60125,0.49750,0.60629,0.00658,0.38297,0.00416
19.70125,0.49750,0.94406,0.00011,0.05112,0.00471
19.80125,0.49750,0.99506,0.00000,0.00451,0.00042
19.90125,0.49750,0.99961,0.00000,0.00037,0.00002
20.00125,0.49750,0.99998,0.00000,0.00002,0.00000
20.10125,0.49750,0.99999,0.00000,0.00001,0.00000
20.20125,0.49750,0.99999,0.00000,0.00001,0.00000
20.30125,0.49750,1.00000,0.00000,0.00000,0.00000
20.40125,0.49750,1.00000,0.00000,0.00000,0.00000
20.50125,0.49750,0.99999,0.00000,0.00001,0.00000
20.60125,0.49750,0.99999,0.00000,0.00001,0.00000
20.70125,0.49750,0.99999,0.00000,0.00001,0.00000
20.80125,0.49750,0.99992,0.00000,0.00007,0.00000
20.90125,0.49750,0.99814,0.00009,0.00176,0.00002
21.00125,0.49750,0.88287,0.00104,0.11477,0.00131
21.10125,0.49750,0.16505,0.00904,0.82504,0.00086
21.20125,0.49750,0.02875,0.01350,0.95769,0.00006
21.30125,0.49750,0.01695,0.00381,0.97912,0.00011
21.40125,0.49750,0.03143,0.00311,0.96487,0.00058
21.50125,0.49750,0.13219,0.03050,0.83654,0.00076
21.60125,0.49750,0.44610,0.01077,0.53640,0.00674
21.70125,0.49750,0.91075,0.00026,0.08666,0.00233
21.80125,0.49750,0.99370,0.00001,0.00617,0.00013
21.90125,0.49750,0.99959,0.00000,0.00040,0.00001
22.00125,0.49750,0.99998,0.00000,0.00002,0.00000
22.10125,0.49750,0.99999,0.00000,0.00000,0.00000
22.20125,0.49750,0.99999,0.00000,0.00000,0.00000
22.30125,0.49750,0.99999,0.00000,0.00001,0.00000
22.40125,0.49750,0.99999,0.00000,0.00001,0.00000
22.50125,0.49750,0.99999,0.00000,0.00001,0.00000
22.60125,0.49750,0.99999,0.00000,0.00001,0.00000
22.70125,0.49750,0.99999,0.00000,0.00001,0.00000
22.80125,0.49750,0.99999,0.00000,0.00001,0.00000
22.90125,0.49750,0.99999,0.00000,0.00001,0.00000
23.00125,0.49750,0.99999,0.00000,0.00001,0.00000
23.10125,0.49750,0.99998,0.00000,0.00001,0.00000
23.20125,0.49750,0.99987,0.00000,0.00013,0.00000
23.30125,0.49750,0.99656,0.00047,0.00296,0.00001
23.40125,0.49750,0.85998,0.00573,0.13390,0.00039
23.50125,0.49750,0.11556,0.01329,0.87065,0.00049
23.60125,0.49750,0.02011,0.02510,0.95477,0.00001
23.70125,0.49750,0.01889,0.01067,0.97041,0.00002
23.80125,0.49750,0.03038,0.00255,0.96675,0.00032
23.90125,0.49750,0.11762,0.01686,0.86461,0.00092
24.00125,0.49750,0.31298,0.03638,0.64610,0.00454
24.10125,0.49750,0.45975,0.00436,0.50287,0.03301
24.20125,0.49750,0.88304,0.00022,0.10390,0.01284
24.30125,0.49750,0.99014,0.00001,0.00918,0.00068
24.40125,0.49750,0.99933,0.00000,0.00065,0.00002
24.50125,0.49750,0.99997,0.00000,0.00003,0.00000
24.60125,0.49750,0.99999,0.00000,0.00001,0.00000
24.70125,0.49750,1.00000,0.00000,0.00000,0.00000
24.80125,0.49750,1.00000,0.00000,0.00000,0.00000
24.90125,0.49750,1.00000,0.00000,0.00000,0.00000
25.00125,0.49750,1.00000,0.00000,0.00000,0.00000
25.10125,0.49750,0.99999,0.00000,0.00001,0.00000
25.20125,0.49750,0.99997,0.00000,0.00003,0.00000
25.30125,0.49750,0.99964,0.00002,0.00034,0.00001
25.40125,0.49750,0.98786,0.00146,0.01063,0.00006
25.50125,0.49750,0.57345,0.01370,0.41122,0.00163
25.60125,0.49750,0.04156,0.00391,0.95365,0.00088
25.70125,0.49750,0.01226,0.00264,0.98508,0.00002
25.80125,0.49750,0.01124,0.00058,0.98815,0.00003
25.90125,0.49750,0.02431,0.00079,0.97474,0.00015
26.00125,0.49750,0.10175,0.00943,0.88823,0.00058
26.10125,0.49750,0.34098,0.03503,0.62234,0.00165
26.20125,0.49750,0.74043,0.00277,0.23597,0.02084
26.30125,0.49750,0.96728,0.00009,0.02199,0.01063
26.40125,0.49750,0.99706,0.00000,0.00217,0.00077
26.50125,0.49750,0.99975,0.00000,0.00021,0.00004
26.60125,0.49750,0.99999,0.00000,0.00001,0.00000
26.70125,0.49750,0.99999,0.00000,0.00001,0.00000
26.80125,0.49750,0.99999,0.00000,0.00001,0.00000
26.90125,0.49750,1.00000,0.00000,0.00000,0.00000
27.00125,0.49750,1.00000,0.00000,0.00000,0.00000
27.10125,0.49750,1.00000,0.00000,0.00000,0.00000
27.20125,0.49750,0.99999,0.00000,0.00001,0.00000
27.30125,0.49750,0.99999,0.00000,0.00001,0.00000
27.40125,0.49750,0.99999,0.00000,0.00001,0.00000
27.50125,0.49750,0.99991,0.00000,0.00008,0.00001
27.60125,0.49750,0.99776,0.00021,0.00201,0.00002
27.70125,0.49750,0.93032,0.00473,0.06437,0.00058
27.80125,0.49750,0.20956,0.00892,0.77754,0.00398
27.90125,0.49750,0.02111,0.00753,0.97133,0.00002
28.00125,0.49750,0.00978,0.00607,0.98414,0.00001
28.10125,0.49750,0.01743,0.00455,0.97797,0.00005
28.20125,0.49750,0.05067,0.02250,0.92673,0.00011
28.30125,0.49750,0.18478,0.11370,0.70126,0.00026
28.40125,0.49750,0.63545,0.01279,0.34014,0.01162
28.50125,0.49750,0.96022,0.00016,0.03064,0.00898
28.60125,0.49750,0.99749,0.00000,0.00197,0.00055
28.70125,0.49750,0.99984,0.00000,0.00014,0.00002
28.80125,0.49750,0.99999,0.00000,0.00001,0.00000
28.90125,0.49750,0.99999,0.00000,0.00000,0.00000
29.00125,0.49750,0.99999,0.00000,0.00001,0.00000
29.10125,0.49750,0.99999,0.00000,0.00001,0.00000
29.20125,0.49750,0.99999,0.00000,0.00001,0.00000
29.30125,0.49750,0.99999,0.00000,0.00000,0.00000
29.40125,0.49750,1.00000,0.00000,0.00000,0.00000
29.50125,0.49750,1.00000,0.00000,0.00000,0.00000
29.60125,0.49750,1.00000,0.00000,0.00000,0.00000
29.70125,0.49750,1.00000,0.00000,0.00000,0.00000
29.80125,0.49750,1.00000,0.00000,0.00000,0.00000
29.90125,0.49750,1.00000,0.00000,0.00000,0.00000
30.00125,0.49750,0.99999,0.00000,0.00001,0.00000
30.10125,0.49750,0.99999,0.00000,0.00001,0.00000
30.20125,0.49750,0.99999,0.00000,0.00001,0.00000
30.30125,0.49750,0.99999,0.00000,0.00001,0.00000
30.40125,0.49750,0.99999,0.00000,0.00001,0.00000
30.50125,0.49750,0.99993,0.00000,0.00006,0.00001
30.60125,0.49750,0.99902,0.00003,0.00093,0.00001
30.70125,0.49750,0.96029,0.00122,0.03839,0.00010
30.80125,0.49750,0.25185,0.00596,0.74108,0.00111
30.90125,0.49750,0.02574,0.01105,0.96314,0.00007
31.00125,0.49750,0.01317,0.00484,0.98197,0.00001
31.10125,0.49750,0.01870,0.00102,0.98017,0.00011
31.20125,0.49750,0.05902,0.00262,0.93779,0.00058
31.30125,0.49750,0.24668,0.01971,0.73180,0.00181
31.40125,0.49750,0.40895,0.00441,0.54563,0.04101
31.50125,0.49750,0.68425,0.00058,0.22557,0.08960
31.60125,0.49750,0.96693,0.00002,0.02060,0.01245
31.70125,0.49750,0.99678,0.00000,0.00231,0.00090
31.80125,0.49750,0.99974,0.00000,0.00022,0.00005
31.90125,0.49750,0.99998,0.00000,0.00002,0.00000
32.00125,0.49750,0.99999,0.00000,0.00001,0.00000
32.10125,0.49750,0.99998,0.00000,0.00002,0.00000
32.20125,0.49750,0.99998,0.00000,0.00002,0.00000
32.30125,0.49750,0.99998,0.00000,0.00002,0.00000
32.40125,0.49750,0.99997,0.00000,0.00003,0.00000
32.50125,0.49750,0.99998,0.00000,0.00002,0.00000
32.60125,0.49750,0.99998,0.00000,0.00002,0.00000
32.70125,0.49750,0.99999,0.00000,0.00001,0.00000
32.80125,0.49750,0.99999,0.00000,0.00001,0.00000
32.90125,0.49750,0.99999,0.00000,0.00000,0.00000
33.00125,0.49750,0.99999,0.00000,0.00001,0.00000
33.10125,0.49750,0.99994,0.00000,0.00006,0.00001
33.20125,0.49750,0.99817,0.00019,0.00163,0.00001
33.30125,0.49750,0.89401,0.00395,0.10177,0.00027
33.40125,0.49750,0.14582,0.01004,0.84360,0.00054
33.50125,0.49750,0.01850,0.00939,0.97210,0.00001
33.60125,0.49750,0.00660,0.00471,0.98868,0.00000
33.70125,0.49750,0.00633,0.00239,0.99129,0.00000
33.80125,0.49750,0.02590,0.02651,0.94759,0.00000
33.90125,0.49750,0.10070,0.13269,0.76660,0.00000
34.00125,0.49750,0.13609,0.06274,0.80101,0.00017
34.10125,0.49750,0.43980,0.01006,0.54328,0.00686
34.20125,0.49750,0.94032,0.00019,0.05087,0.00862
34.30125,0.49750,0.99528,0.00000,0.00409,0.00062
34.40125,0.49750,0.99969,0.00000,0.00030,0.00002
34.50125,0.49750,0.99998,0.00000,0.00001,0.00000
34.60125,0.49750,1.00000,0.00000,0.00000,0.00000
34.70125,0.49750,0.99999,0.00000,0.00001,0.00000
34.80125,0.49750,0.99997,0.00000,0.00003,0.00000
34.90125,0.49750,0.99918,0.00004,0.00078,0.00001
35.00125,0.49750,0.97085,0.00160,0.02736,0.00018
35.10125,0.49750,0.30400,0.00569,0.68660,0.00371
35.20125,0.49750,0.03446,0.01398,0.95135,0.00021
35.30125,0.49750,0.01189,0.01101,0.97708,0.00002
35.40125,0.49750,0.02000,0.00309,0.97679,0.00012
35.50125,0.49750,0.04211,0.00481,0.95290,0.00018
35.60125,0.49750,0.21931,0.05946,0.72076,0.00047
35.70125,0.49750,0.29398,0.01063,0.68826,0.00713
35.80125,0.49750,0.53828,0.00099,0.41574,0.04500
35.90125,0.49750,0.92335,0.00007,0.06021,0.01637
36.00125,0.49750,0.99356,0.00000,0.00514,0.00130
36.10125,0.49750,0.99960,0.00000,0.00037,0.00004
36.20125,0.49750,0.99998,0.00000,0.00002,0.00000
36.30125,0.49750,0.99999,0.00000,0.00000,0.00000
36.40125,0.49750,1.00000,0.00000,0.00000,0.00000
36.50125,0.49750,0.99999,0.00000,0.00001,0.00000
36.60125,0.49750,0.99999,0.00000,0.00001,0.00000
36.70125,0.49750,0.99999,0.00000,0.00001,0.00000
36.80125,0.49750,0.99999,0.00000,0.00001,0.00000
36.90125,0.49750,0.99999,0.00000,0.00001,0.00000
37.00125,0.49750,0.99999,0.00000,0.00001,0.00000
37.10125,0.49750,0.99994,0.00000,0.00005,0.00001
37.20125,0.49750,0.99921,0.00006,0.00071,0.00001
37.30125,0.49750,0.97534,0.00448,0.02011,0.00007
37.40125,0.49750,0.40384,0.02417,0.57048,0.00151
37.50125,0.49750,0.03337,0.01138,0.95511,0.00014
37.60125,0.49750,0.01140,0.01206,0.97654,0.00001
37.70125,0.49750,0.01524,0.00508,0.97960,0.00008
37.80125,0.49750,0.03098,0.00524,0.96299,0.00079
37.90125,0.49750,0.13333,0.03753,0.82717,0.00196
38.00125,0.49750,0.58947,0.01848,0.37620,0.01585
38.10125,0.49750,0.92537,0.00027,0.04905,0.02530
38.20125,0.49750,0.99314,0.00001,0.00401,0.00284
38.30125,0.49750,0.99960,0.00000,0.00028,0.00012
38.40125,0.49750,0.99998,0.00000,0.00002,0.00000
38.50125,0.49750,1.00000,0.00000,0.00000,0.00000
38.60125,0.49750,1.00000,0.00000,0.00000,0.00000
38.70125,0.49750,1.00000,0.00000,0.00000,0.00000
38.80125,0.49750,0.99999,0.00000,0.00001,0.00000
38.90125,0.49750,0.99997,0.00000,0.00002,0.00000
39.00125,0.49750,0.99964,0.00002,0.00033,0.00002
39.10125,0.49750,0.98989,0.00075,0.00906,0.00030
39.20125,0.49750,0.56876,0.00581,0.41482,0.01061
39.30125,0.49750,0.04626,0.00695,0.94610,0.00070
39.40125,0.49750,0.00781,0.00800,0.98418,0.00001
39.50125,0.49750,0.00905,0.00484,0.98608,0.00002
39.60125,0.49750,0.02265,0.00956,0.96770,0.00009
39.70125,0.49750,0.12003,0.09952,0.78025,0.00020
39.80125,0.49750,0.43280,0.03645,0.52732,0.00343
39.90125,0.49750,0.81990,0.00099,0.13642,0.04269
40.00125,0.49750,0.97441,0.00002,0.01747,0.00809
40.10125,0.49750,0.99833,0.00000,0.00135,0.00032
40.20125,0.49750,0.99991,0.00000,0.00008,0.00001
40.30125,0.49750,0.99999,0.00000,0.00001,0.00000
40.40125,0.49750,0.99999,0.00000,0.00001,0.00000
40.50125,0.49750,1.00000,0.00000,0.00000,0.00000
40.60125,0.49750,1.00000,0.00000,0.00000,0.00000
40.70125,0.49750,0.99999,0.00000,0.00001,0.00000
40.80125,0.49750,0.99999,0.00000,0.00001,0.00000
40.90125,0.49750,0.99999,0.00000,0.00001,0.00000
41.00125,0.49750,1.00000,0.00000,0.00000,0.00000
41.10125,0.49750,1.00000,0.00000,0.00000,0.00000
41.20125,0.49750,1.00000,0.00000,0.00000,0.00000
41.30125,0.49750,1.00000,0.00000,0.00000,0.00000
41.40125,0.49750,0.99999,0.00000,0.00001,0.00000
41.50125,0.49750,0.99990,0.00000,0.00009,0.00000
41.60125,0.49750,0.99729,0.00022,0.00249,0.00000
41.70125,0.49750,0.89418,0.02273,0.08303,0.00005
41.80125,0.49750,0.20236,0.12234,0.67474,0.00056
41.90125,0.49750,0.03466,0.19771,0.76761,0.00002
42.00125,0.49750,0.02105,0.15022,0.82873,0.00000
42.10125,0.49750,0.02183,0.06618,0.91198,0.00000
42.20125,0.49750,0.03309,0.06784,0.89907,0.00000
42.30125,0.49750,0.09377,0.25416,0.65207,0.00000
42.40125,0.49750,0.16224,0.07048,0.76720,0.00008
42.50125,0.49750,0.34611,0.01078,0.63931,0.00380
42.60125,0.49750,0.84002,0.00049,0.12034,0.03915
42.70125,0.49750,0.98167,0.00001,0.00955,0.00877
42.80125,0.49750,0.99873,0.00000,0.00082,0.00044
42.90125,0.49750,0.99993,0.00000,0.00006,0.00001
43.00125,0.49750,0.99999,0.00000,0.00001,0.00000
43.10125,0.49750,1.00000,0.00000,0.00000,0.00000
43.20125,0.49750,0.99999,0.00000,0.00001,0.00000
43.30125,0.49750,0.99996,0.00000,0.00003,0.00001
43.40125,0.49750,0.99950,0.00003,0.00044,0.00002
43.50125,0.49750,0.98452,0.00375,0.01157,0.00015
43.60125,0.49750,0.60208,0.05874,0.33547,0.00370
43.70125,0.49750,0.05390,0.00906,0.93538,0.00166
43.80125,0.49750,0.00893,0.00714,0.98389,0.00004
43.90125,0.49750,0.00805,0.00615,0.98578,0.00002
44.00125,0.49750,0.01319,0.00415,0.98261,0.00005
44.10125,0.49750,0.04581,0.01730,0.93678,0.00011
44.20125,0.49750,0.21570,0.14561,0.63852,0.00017
44.30125,0.49750,0.39678,0.01688,0.57848,0.00786
44.40125,0.49750,0.73702,0.00071,0.20510,0.05717
44.50125,0.49750,0.95598,0.00003,0.02465,0.01935
44.60125,0.49750,0.99633,0.00000,0.00215,0.00152
44.70125,0.49750,0.99982,0.00000,0.00013,0.00005
44.80125,0.49750,0.99998,0.00000,0.00001,0.00000
44.90125,0.49750,0.99999,0.00000,0.00001,0.00000
45.00125,0.49750,0.99999,0.00000,0.00001,0.00000
45.10125,0.49750,0.99999,0.00000,0.00001,0.00000
45.20125,0.49750,0.99999,0.00000,0.00001,0.00000
45.30125,0.49750,0.99998,0.00000,0.00002,0.00000
45.40125,0.49750,0.99999,0.00000,0.00001,0.00000
45.50125,0.49750,0.99999,0.00000,0.00001,0.00000
45.60125,0.49750,0.99999,0.00000,0.00001,0.00000
45.70125,0.49750,0.99999,0.00000,0.00001,0.00000
45.80125,0.49750,0.99999,0.00000,0.00001,0.00000
45.90125,0.49750,0.99999,0.00000,0.00001,0.00000
46.00125,0.49750,0.99999,0.00000,0.00001,0.00000
46.10125,0.49750,0.99999,0.00000,0.00001,0.00000
46.20125,0.49750,0.99995,0.00000,0.00005,0.00001
46.30125,0.49750,0.99970,0.00001,0.00025,0.00004
46.40125,0.49750,0.99144,0.00142,0.00699,0.00016
46.50125,0.49750,0.74193,0.01571,0.23784,0.00452
46.60125,0.49750,0.11885,0.01166,0.86707,0.00242
46.70125,0.49750,0.01998,0.02157,0.95842,0.00003
46.80125,0.49750,0.01036,0.01212,0.97750,0.00001
46.90125,0.49750,0.02470,0.00548,0.96969,0.00013
47.00125,0.49750,0.10738,0.03374,0.85847,0.00041
47.10125,0.49750,0.32478,0.05726,0.61629,0.00167
47.20125,0.49750,0.64918,0.00371,0.30246,0.04464
47.30125,0.49750,0.92069,0.00008,0.04033,0.03889
47.40125,0.49750,0.99314,0.00000,0.00370,0.00315
47.50125,0.49750,0.99956,0.00000,0.00030,0.00014
47.60125,0.49750,0.99998,0.00000,0.00002,0.00000
47.70125,0.49750,0.99999,0.00000,0.00001,0.00000
47.80125,0.49750,1.00000,0.00000,0.00000,0.00000
47.90125,0.49750,0.99999,0.00000,0.00001,0.00000
48.00125,0.49750,0.99999,0.00000,0.00001,0.00000
48.10125,0.49750,0.99999,0.00000,0.00001,0.00000
48.20125,0.49750,0.99999,0.00000,0.00001,0.00000
48.30125,0.49750,0.99994,0.00000,0.00006,0.00000
48.40125,0.49750,0.99866,0.00006,0.00127,0.00001
48.50125,0.49750,0.95070,0.00073,0.04836,0.00021
48.60125,0.49750,0.32837,0.00465,0.66548,0.00150
48.70125,0.49750,0.03170,0.04005,0.92821,0.00003
48.80125,0.49750,0.00953,0.03273,0.95774,0.00000
48.90125,0.49750,0.01812,0.01483,0.96704,0.00001
49.00125,0.49750,0.07866,0.10613,0.81516,0.00004
49.10125,0.49750,0.21932,0.17939,0.60105,0.00024
49.20125,0.49750,0.48669,0.01424,0.48718,0.01189
49.30125,0.49750,0.87691,0.00030,0.07825,0.04454
49.40125,0.49750,0.98704,0.00001,0.00722,0.00573
49.50125,0.49750,0.99913,0.00000,0.00064,0.00023
49.60125,0.49750,0.99995,0.00000,0.00004,0.00001
49.70125,0.49750,0.99999,0.00000,0.00001,0.00000
49.80125,0.49750,1.00000,0.00000,0.00000,0.00000
49.90125,0.49750,0.99999,0.00000,0.00001,0.00000
50.00125,0.49750,0.99999,0.00000,0.00001,0.00000
50.10125,0.49750,0.99999,0.00000,0.00001,0.00000
50.20125,0.49750,0.99999,0.00000,0.00001,0.00000
50.30125,0.49750,0.99999,0.00000,0.00001,0.00000
50.40125,0.49750,0.99999,0.00000,0.00001,0.00000
50.50125,0.49750,0.99997,0.00000,0.00003,0.00000
50.60125,0.49750,0.99975,0.00001,0.00023,0.00001
50.70125,0.49750,0.99283,0.00055,0.00649,0.00012
50.80125,0.49750,0.69368,0.00422,0.29546,0.00664
50.90125,0.49750,0.07572,0.00783,0.91546,0.00099
51.00125,0.49750,0.01092,0.01407,0.97500,0.00001
51.10125,0.49750,0.00832,0.00844,0.98323,0.00001
51.20125,0.49750,0.01828,0.00783,0.97386,0.00003
51.30125,0.49750,0.08492,0.06221,0.85282,0.00005
51.40125,0.49750,0.26380,0.03398,0.70147,0.00075
51.50125,0.49750,0.61935,0.00185,0.36873,0.01007
51.60125,0.49750,0.89847,0.00009,0.09190,0.00954
51.70125,0.49750,0.99090,0.00000,0.00838,0.00072
51.80125,0.49750,0.99953,0.00000,0.00044,0.00004
51.90125,0.49750,0.99995,0.00000,0.00004,0.00000
52.00125,0.49750,0.99999,0.00000,0.00001,0.00000
52.10125,0.49750,0.99999,0.00000,0.00001,0.00000
52.20125,0.49750,0.99999,0.00000,0.00000,0.00000
52.30125,0.49750,0.99999,0.00000,0.00001,0.00000
52.40125,0.49750,0.99991,0.00000,0.00008,0.00000
52.50125,0.49750,0.99801,0.00007,0.00188,0.00004
52.60125,0.49750,0.90524,0.00080,0.09215,0.00182
52.70125,0.49750,0.15971,0.00523,0.83191,0.00316
52.80125,0.49750,0.01808,0.01803,0.96386,0.00004
52.90125,0.49750,0.00964,0.00884,0.98151,0.00001
53.00125,0.49750,0.01214,0.00389,0.98396,0.00001
53.10125,0.49750,0.04908,0.02512,0.92578,0.00001
53.20125,0.49750,0.14249,0.03307,0.82435,0.00009
53.30125,0.49750,0.25948,0.00324,0.73423,0.00305
53.40125,0.49750,0.60797,0.00053,0.37204,0.01945
53.50125,0.49750,0.93608,0.00004,0.05489,0.00899
53.60125,0.49750,0.99533,0.00000,0.00404,0.00062
53.70125,0.49750,0.99975,0.00000,0.00022,0.00002
53.80125,0.49750,0.99998,0.00000,0.00002,0.00000
53.90125,0.49750,0.99999,0.00000,0.00001,0.00000
54.00125,0.49750,0.99999,0.00000,0.00001,0.00000
54.10125,0.49750,0.99999,0.00000,0.00001,0.00000
54.20125,0.49750,0.99999,0.00000,0.00001,0.00000
54.30125,0.49750,0.99999,0.00000,0.00001,0.00000
54.40125,0.49750,0.99998,0.00000,0.00002,0.00000
54.50125,0.49750,0.99991,0.00000,0.00007,0.00001
54.60125,0.49750,0.99936,0.00004,0.00050,0.00011
54.70125,0.49750,0.98593,0.00393,0.00983,0.00031
54.80125,0.49750,0.73618,0.02850,0.22861,0.00671
54.90125,0.49750,0.07388,0.00603,0.91372,0.00637
55.00125,0.49750,0.01509,0.00671,0.97794,0.00026
55.10125,0.49750,0.01108,0.00389,0.98478,0.00024
55.20125,0.49750,0.02229,0.00164,0.97288,0.00319
55.30125,0.49750,0.09905,0.00659,0.88742,0.00694
55.40125,0.49750,0.48450,0.02936,0.47550,0.01065
55.50125,0.49750,0.72497,0.00138,0.17015,0.10350
55.60125,0.49750,0.89909,0.00007,0.03756,0.06328
55.70125,0.49750,0.99223,0.00000,0.00349,0.00428
55.80125,0.49750,0.99950,0.00000,0.00026,0.00024
55.90125,0.49750,0.99996,0.00000,0.00003,0.00001
56.00125,0.49750,0.99999,0.00000,0.00001,0.00000
56.10125,0.49750,1.00000,0.00000,0.00000,0.00000
56.20125,0.49750,0.99999,0.00000,0.00001,0.00000
56.30125,0.49750,0.99999,0.00000,0.00001,0.00000
56.40125,0.49750,0.99997,0.00000,0.00002,0.00000
56.50125,0.49750,0.99979,0.00001,0.00017,0.00003
56.60125,0.49750,0.99565,0.00117,0.00305,0.00012
56.70125,0.49750,0.86543,0.02799,0.10295,0.00363
56.80125,0.49750,0.15105,0.01461,0.82855,0.00579
56.90125,0.49750,0.02603,0.02252,0.95125,0.00019
57.00125,0.49750,0.01381,0.01512,0.97101,0.00006
57.10125,0.49750,0.01964,0.00454,0.97560,0.00022
57.20125,0.49750,0.06461,0.01286,0.92195,0.00058
57.30125,0.49750,0.26608,0.08770,0.64511,0.00111
57.40125,0.49750,0.48327,0.00807,0.48901,0.01965
57.50125,0.49750,0.73375,0.00051,0.16799,0.09775
57.60125,0.49750,0.92385,0.00007,0.02874,0.04735
57.70125,0.49750,0.99211,0.00000,0.00292,0.00497
57.80125,0.49750,0.99965,0.00000,0.00018,0.00017
57.90125,0.49750,0.99997,0.00000,0.00003,0.00001
58.00125,0.49750,0.99999,0.00000,0.00001,0.00000
58.10125,0.49750,0.99999,0.00000,0.00001,0.00000
58.20125,0.49750,0.99999,0.00000,0.00001,0.00000
58.30125,0.49750,0.99997,0.00000,0.00003,0.00000
58.40125,0.49750,0.99969,0.00001,0.00030,0.00000
58.50125,0.49750,0.99106,0.00045,0.00848,0.00002
58.60125,0.49750,0.67214,0.00305,0.32416,0.00065
58.70125,0.49750,0.07109,0.00584,0.92246,0.00061
58.80125,0.49750,0.00862,0.01045,0.98093,0.00000
58.90125,0.49750,0.00517,0.00552,0.98930,0.00000
59.00125,0.49750,0.00952,0.00971,0.98077,0.00000
59.10125,0.49750,0.05097,0.11663,0.83240,0.00000
59.20125,0.49750,0.14166,0.17794,0.68035,0.00004
59.30125,0.49750,0.27832,0.02146,0.69747,0.00276
59.40125,0.49750,0.81817,0.00068,0.13735,0.04380
59.50125,0.49750,0.97433,0.00001,0.01174,0.01391
59.60125,0.49750,0.99836,0.00000,0.00105,0.00059
59.70125,0.49750,0.99991,0.00000,0.00008,0.00001
59.80125,0.49750,0.99999,0.00000,0.00001,0.00000
59.90125,0.49750,1.00000,0.00000,0.00000,0.00000
60.00125,0.49750,1.00000,0.00000,0.00000,0.00000
60.10125,0.49750,1.00000,0.00000,0.00000,0.00000
60.20125,0.49750,1.00000,0.00000,0.00000,0.00000
60.30125,0.49750,0.99999,0.00000,0.00001,0.00000
60.40125,0.49750,0.99986,0.00000,0.00013,0.00000
60.50125,0.49750,0.99557,0.00058,0.00384,0.00001
60.60125,0.49750,0.84014,0.01210,0.14754,0.00022
60.70125,0.49750,0.07175,0.01101,0.91637,0.00086
60.80125,0.49750,0.01089,0.02024,0.96887,0.00001
60.90125,0.49750,0.00718,0.00651,0.98631,0.00000
61.00125,0.49750,0.00875,0.00263,0.98861,0.00001
61.10125,0.49750,0.03022,0.01346,0.95631,0.00001
61.20125,0.49750,0.13524,0.09289,0.77183,0.00004
61.30125,0.49750,0.26394,0.01126,0.72172,0.00308
61.40125,0.49750,0.68831,0.00158,0.26950,0.04061
61.50125,0.49750,0.96138,0.00004,0.02452,0.01405
61.60125,0.49750,0.99728,0.00000,0.00197,0.00075
61.70125,0.49750,0.99984,0.00000,0.00013,0.00002
61.80125,0.49750,0.99999,0.00000,0.00001,0.00000
61.90125,0.49750,1.00000,0.00000,0.00000,0.00000
62.00125,0.49750,1.00000,0.00000,0.00000,0.00000
62.10125,0.49750,1.00000,0.00000,0.00000,0.00000
62.20125,0.49750,1.00000,0.00000,0.00000,0.00000
62.30125,0.49750,0.99999,0.00000,0.00001,0.00000
62.40125,0.49750,0.99997,0.00000,0.00003,0.00000
62.50125,0.49750,0.99961,0.00001,0.00037,0.00001
62.60125,0.49750,0.98523,0.00040,0.01415,0.00022
62.70125,0.49750,0.43073,0.00266,0.55799,0.00861
62.80125,0.49750,0.04464,0.00880,0.94628,0.00029
62.90125,0.49750,0.00806,0.00816,0.98378,0.00000
63.00125,0.49750,0.00584,0.00368,0.99048,0.00000
63.10125,0.49750,0.01062,0.01220,0.97719,0.00000
63.20125,0.49750,0.05820,0.18819,0.75361,0.00000
63.30125,0.49750,0.11598,0.06830,0.81567,0.00005
63.40125,0.49750,0.38024,0.01022,0.60668,0.00286
63.50125,0.49750,0.95017,0.00022,0.04614,0.00347
63.60125,0.49750,0.99433,0.00001,0.00408,0.00158
63.70125,0.49751,0.99964,0.00000,0.00030,0.00005
63.80125,0.49750,0.99997,0.00000,0.00003,0.00000
63.90125,0.49750,0.99999,0.00000,0.00001,0.00000
64.00125,0.49750,0.99999,0.00000,0.00001,0.00000
64.10125,0.49750,0.99999,0.00000,0.00001,0.00000
64.20125,0.49751,0.99999,0.00000,0.00001,0.00000
64.30125,0.49751,0.99998,0.00000,0.00002,0.00000
64.40125,0.49750,0.99991,0.00000,0.00008,0.00001
64.50125,0.49750,0.99760,0.00010,0.00227,0.00002
64.60125,0.49750,0.88765,0.00112,0.11072,0.00051
64.70125,0.49751,0.18861,0.00278,0.80774,0.00087
64.80125,0.49751,0.01838,0.01052,0.97109,0.00001
64.90125,0.49750,0.00531,0.00652,0.98818,0.00000
65.00125,0.49750,0.00902,0.01079,0.98019,0.00000
65.10125,0.49750,0.04272,0.15271,0.80457,0.00000
65.20125,0.49751,0.10467,0.35961,0.53568,0.00003
65.30125,0.49751,0.62512,0.03197,0.34058,0.00233
65.40125,0.49750,0.96096,0.00037,0.02494,0.01372
65.50125,0.49750,0.99639,0.00000,0.00171,0.00189
65.60125,0.49750,0.99982,0.00000,0.00014,0.00004
65.70125,0.49751,0.99999,0.00000,0.00001,0.00000
65.80125,0.49751,1.00000,0.00000,0.00000,0.00000
65.90125,0.49750,1.00000,0.00000,0.00000,0.00000
66.00125,0.49750,1.00000,0.00000,0.00000,0.00000
66.10125,0.49750,1.00000,0.00000,0.00000,0.00000
66.20125,0.49751,1.00000,0.00000,0.00000,0.00000
66.30125,0.49751,1.00000,0.00000,0.00000,0.00000
66.40125,0.49750,0.99998,0.00000,0.00002,0.00000
66.50125,0.49750,0.99976,0.00001,0.00023,0.00001
66.60125,0.49750,0.98795,0.00073,0.01127,0.00005
66.70125,0.49751,0.54270,0.00550,0.45012,0.00168
66.80125,0.49751,0.02891,0.00184,0.96852,0.00073
66.90125,0.49750,0.00511,0.00214,0.99274,0.00001
67.00125,0.49750,0.00361,0.00090,0.99549,0.00000
67.10125,0.49750,0.00644,0.00095,0.99261,0.00000
67.20125,0.49751,0.03774,0.01280,0.94945,0.00000
67.30125,0.49751,0.16062,0.06978,0.76956,0.00003
67.40125,0.49750,0.24777,0.01462,0.73501,0.00261
67.50125,0.49750,0.35675,0.00361,0.58046,0.05918
67.60125,0.49750,0.74429,0.00051,0.17174,0.08347
67.70125,0.49751,0.97175,0.00002,0.02138,0.00685
67.80125,0.49751,0.99788,0.00000,0.00192,0.00020
67.90125,0.49750,0.99987,0.00000,0.00012,0.00001
68.00125,0.49750,0.99999,0.00000,0.00001,0.00000
68.10125,0.49750,0.99999,0.00000,0.00001,0.00000
68.20125,0.49751,0.99999,0.00000,0.00001,0.00000
68.30125,0.49751,1.00000,0.00000,0.00000,0.00000
68.40125,0.49750,0.99999,0.00000,0.00001,0.00000
68.50125,0.49750,0.99999,0.00000,0.00001,0.00000
68.60125,0.49750,0.99998,0.00000,0.00002,0.00000
68.70125,0.49751,0.99975,0.00000,0.00023,0.00002
68.80125,0.49751,0.99380,0.00071,0.00545,0.00003
68.90125,0.49750,0.75171,0.01775,0.23001,0.00053
69.00125,0.49750,0.06588,0.00764,0.92579,0.00070
69.10125,0.49750,0.00963,0.01230,0.97806,0.00001
69.20125,0.49751,0.00682,0.00852,0.98465,0.00000
69.30125,0.49751,0.00947,0.00347,0.98706,0.00001
69.40125,0.49750,0.03081,0.01647,0.95270,0.00001
69.50125,0.49750,0.15106,0.16098,0.68791,0.00005
69.60125,0.49750,0.27466,0.02317,0.69837,0.00380
69.70125,0.49751,0.43515,0.00260,0.46631,0.09593
69.80125,0.49751,0.85755,0.00014,0.06568,0.07663
69.90125,0.49750,0.98958,0.00000,0.00558,0.00484
70.00125,0.49750,0.99939,0.00000,0.00047,0.00014
70.10125,0.49750,0.99996,0.00000,0.00003,0.00000
70.20125,0.49751,1.00000,0.00000,0.00000,0.00000
70.30125,0.49751,1.00000,0.00000,0.00000,0.00000
70.40125,0.49750,1.00000,0.00000,0.00000,0.00000
70.50125,0.49750,0.99999,0.00000,0.00001,0.00000
70.60125,0.49750,0.99992,0.00000,0.00008,0.00001
70.70125,0.49751,0.99838,0.00023,0.00138,0.00001
70.80125,0.49751,0.91801,0.00978,0.07191,0.00030
70.90125,0.49750,0.18167,0.02317,0.79318,0.00198
71.00125,0.49750,0.01757,0.01053,0.97184,0.00005
71.10125,0.49750,0.01021,0.00324,0.98653,0.00001
71.20125,0.49751,0.01010,0.00113,0.98875,0.00002
71.30125,0.49751,0.03108,0.00450,0.96439,0.00003
71.40125,0.49750,0.15664,0.05630,0.78698,0.00008
71.50125,0.49750,0.31478,0.03367,0.64962,0.00194
71.60125,0.49750,0.45313,0.00893,0.49398,0.04396
71.70125,0.49751,0.82077,0.00039,0.07048,0.10836
71.80125,0.49751,0.97323,0.00001,0.00836,0.01840
71.90125,0.49750,0.99877,0.00000,0.00069,0.00054
72.00125,0.49750,0.99994,0.00000,0.00005,0.00001
72.10125,0.49750,0.99999,0.00000,0.00001,0.00000
72.20125,0.49751,1.00000,0.00000,0.00000,0.00000
72.30125,0.49751,1.00000,0.00000,0.00000,0.00000
72.40125,0.49750,0.99999,0.00000,0.00001,0.00000
72.50125,0.49750,0.99999,0.00000,0.00001,0.00000
72.60125,0.49750,0.99997,0.00000,0.00002,0.00001
72.70125,0.49751,0.99973,0.00001,0.00024,0.00002
72.80125,0.49751,0.98752,0.00030,0.01209,0.00009
72.90125,0.49750,0.61895,0.00211,0.37784,0.00110
73.00125,0.49750,0.07529,0.01222,0.91225,0.00024
73.10125,0.49750,0.01207,0.01779,0.97014,0.00000
73.20125,0.49751,0.00908,0.00774,0.98317,0.00000
73.30125,0.49751,0.03362,0.01629,0.95008,0.00001
73.40125,0.49750,0.16271,0.18354,0.65372,0.00004
73.50125,0.49750,0.29161,0.07570,0.63180,0.00089
73.60125,0.49750,0.62385,0.00586,0.33582,0.03446
73.70125,0.49751,0.93862,0.00009,0.02377,0.03752
73.80125,0.49751,0.99320,0.00000,0.00238,0.00441
73.90125,0.49750,0.99960,0.00000,0.00026,0.00014
74.00125,0.49750,0.99997,0.00000,0.00002,0.00000
74.10125,0.49750,0.99999,0.00000,0.00001,0.00000
74.20125,0.49751,0.99999,0.00000,0.00001,0.00000
74.30125,0.49751,0.99999,0.00000,0.00001,0.00000
74.40125,0.49750,0.99999,0.00000,0.00001,0.00000
74.50125,0.49750,1.00000,0.00000,0.00000,0.00000
74.60125,0.49750,0.99999,0.00000,0.00001,0.00000
74.70125,0.49751,0.99998,0.00000,0.00001,0.00000
74.80125,0.49751,0.99990,0.00000,0.00008,0.00001
74.90125,0.49750,0.99653,0.00023,0.00320,0.00005
75.00125,0.49750,0.86944,0.00306,0.12705,0.00045
75.10125,0.49750,0.18227,0.00684,0.80980,0.00109
75.20125,0.49751,0.02701,0.02058,0.95237,0.00004
75.30125,0.49751,0.01930,0.00641,0.97426,0.00003
75.40125,0.49750,0.05234,0.00251,0.94496,0.00020
75.50125,0.49750,0.11936,0.00999,0.87002,0.00062
75.60125,0.49750,0.28616,0.01414,0.69746,0.00225
75.70125,0.49751,0.31848,0.00138,0.65002,0.03012
75.80125,0.49751,0.72679,0.00019,0.22811,0.04490
75.90125,0.49750,0.97766,0.00001,0.01962,0.00271
76.00125,0.49750,0.99821,0.00000,0.00167,0.00012
76.10125,0.49750,0.99987,0.00000,0.00012,0.00000
76.20125,0.49751,0.99999,0.00000,0.00001,0.00000
76.30125,0.49751,0.99999,0.00000,0.00001,0.00000
76.40125,0.49750,0.99999,0.00000,0.00001,0.00000
76.50125,0.49750,0.99999,0.00000,0.00001,0.00000
76.60125,0.49750,0.99999,0.00000,0.00001,0.00000
76.70125,0.49751,0.99991,0.00000,0.00008,0.00001
76.80125,0.49751,0.99847,0.00021,0.00130,0.00001
76.90125,0.49750,0.94550,0.01204,0.04238,0.00009
77.00125,0.49750,0.25069,0.02696,0.72137,0.00097
77.10125,0.49750,0.02970,0.02631,0.94394,0.00004
77.20125,0.49751,0.01308,0.02142,0.96548,0.00001
77.30125,0.49751,0.01496,0.00290,0.98208,0.00005
77.40125,0.49750,0.03351,0.00311,0.96320,0.00018
77.50125,0.49750,0.19047,0.04201,0.76701,0.00050
77.60125,0.49750,0.37314,0.01123,0.60930,0.00632
77.70125,0.49751,0.52673,0.00099,0.39718,0.07510
77.80125,0.49751,0.86367,0.00014,0.09692,0.03928
77.90125,0.49750,0.98221,0.00001,0.01130,0.00647
78.00125,0.49750,0.99878,0.00000,0.00094,0.00029
78.10125,0.49750,0.99993,0.00000,0.00006,0.00001
78.20125,0.49751,0.99999,0.00000,0.00001,0.00000
78.30125,0.49751,0.99999,0.00000,0.00001,0.00000
78.40125,0.49750,0.99999,0.00000,0.00001,0.00000
78.50125,0.49750,0.99999,0.00000,0.00001,0.00000
78.60125,0.49750,0.99995,0.00000,0.00004,0.00000
78.70125,0.49751,0.99968,0.00000,0.00027,0.00005
78.80125,0.49751,0.99639,0.00031,0.00312,0.00018
78.90125,0.49750,0.87389,0.00617,0.11667,0.00327
79.00125,0.49750,0.18154,0.00391,0.80370,0.01085
79.10125,0.49750,0.01893,0.00137,0.97903,0.00068
79.20125,0.49751,0.00528,0.00187,0.99283,0.00001
79.30125,0.49751,0.00502,0.00102,0.99395,0.00001
79.40125,0.49750,0.01471,0.00557,0.97970,0.00002
79.50125,0.49750,0.07258,0.08278,0.84458,0.00006
79.60125,0.49750,0.18973,0.09998,0.70924,0.00105
79.70125,0.49751,0.53168,0.00571,0.43444,0.02818
79.80125,0.49751,0.93654,0.00013,0.04724,0.01610
79.90125,0.49750,0.99476,0.00000,0.00436,0.00088
80.00125,0.49750,0.99959,0.00000,0.00038,0.00002
80.10125,0.49750,0.99998,0.00000,0.00002,0.00000
80.20125,0.49751,0.99999,0.00000,0.00001,0.00000
80.30125,0.49751,0.99999,0.00000,0.00001,0.00000
80.40125,0.49750,0.99999,0.00000,0.00001,0.00000
80.50125,0.49750,0.99998,0.00000,0.00002,0.00000
80.60125,0.49750,0.99998,0.00000,0.00002,0.00000
80.70125,0.49751,0.99995,0.00000,0.00005,0.00001
80.80125,0.49751,0.99969,0.00000,0.00023,0.00008
80.90125,0.49750,0.99673,0.00025,0.00276,0.00025
81.00125,0.49750,0.88015,0.00544,0.11048,0.00393
81.10125,0.49750,0.14503,0.00415,0.83947,0.01136
81.20125,0.49751,0.01436,0.00212,0.98336,0.00016
81.30125,0.49751,0.00462,0.00245,0.99292,0.00000
81.40125,0.49750,0.00517,0.00139,0.99344,0.00000
81.50125,0.49750,0.02402,0.00936,0.96660,0.00002
81.60125,0.49750,0.13257,0.14762,0.71976,0.00005
81.70125,0.49751,0.26013,0.06180,0.67665,0.00142
81.80125,0.49751,0.60625,0.00652,0.35454,0.03270
81.90125,0.49750,0.91899,0.00028,0.06270,0.01803
82.00125,0.49750,0.99206,0.00001,0.00654,0.00139
82.10125,0.49750,0.99942,0.00000,0.00055,0.00004
82.20125,0.49751,0.99997,0.00000,0.00003,0.00000
82.30125,0.49751,0.99999,0.00000,0.00001,0.00000
82.40125,0.49750,0.99999,0.00000,0.00001,0.00000
82.50125,0.49750,0.99999,0.00000,0.00001,0.00000
82.60125,0.49750,0.99998,0.00000,0.00002,0.00000
82.70125,0.49751,0.99998,0.00000,0.00002,0.00000
82.80125,0.49751,0.99997,0.00000,0.00003,0.00000
82.90125,0.49750,0.99990,0.00000,0.00009,0.00001
83.00125,0.49750,0.99885,0.00004,0.00108,0.00003
83.10125,0.49750,0.95230,0.00082,0.04602,0.00086
83.20125,0.49751,0.22482,0.00194,0.76259,0.01066
83.30125,0.49751,0.01880,0.00222,0.97875,0.00023
83.40125,0.49750,0.00444,0.00258,0.99298,0.00001
83.50125,0.49750,0.00673,0.00132,0.99193,0.00002
83.60125,0.49750,0.02925,0.00853,0.96216,0.00006
83.70125,0.49751,0.18223,0.14150,0.67612,0.00016
83.80125,0.49751,0.29272,0.04313,0.66007,0.00408
83.90125,0.49750,0.37385,0.00354,0.54723,0.07537
84.00125,0.49750,0.82384,0.00037,0.15256,0.02323
84.10125,0.49750,0.98366,0.00001,0.01550,0.00082
84.20125,0.49751,0.99831,0.00000,0.00166,0.00003
84.30125,0.49751,0.99991,0.00000,0.00009,0.00000
84.40125,0.49750,0.99999,0.00000,0.00001,0.00000
84.50125,0.49750,0.99999,0.00000,0.00001,0.00000
84.60125,0.49750,0.99998,0.00000,0.00002,0.00000
84.70125,0.49751,0.99997,0.00000,0.00003,0.00000
84.80125,0.49751,0.99990,0.00000,0.00009,0.00001
84.90125,0.49750,0.99892,0.00010,0.00097,0.00002
85.00125,0.49750,0.96231,0.00403,0.03350,0.00017
85.10125,0.49750,0.34278,0.01073,0.64241,0.00407
85.20125,0.49751,0.03191,0.00726,0.96056,0.00027
85.30125,0.49751,0.00817,0.00857,0.98324,0.00001
85.40125,0.49750,0.01566,0.00372,0.98036,0.00026
85.50125,0.49750,0.05095,0.00776,0.93879,0.00251
85.60125,0.49750,0.26374,0.05769,0.67373,0.00484
85.70125,0.49751,0.82598,0.00727,0.14689,0.01986
85.80125,0.49751,0.96064,0.00010,0.01660,0.02266
85.90125,0.49750,0.99518,0.00000,0.00259,0.00223
86.00125,0.49750,0.99959,0.00000,0.00032,0.00008
86.10125,0.49750,0.99997,0.00000,0.00003,0.00000
86.20125,0.49751,0.99998,0.00000,0.00002,0.00000
86.30125,0.49751,0.99998,0.00000,0.00002,0.00000
86.40125,0.49750,0.99999,0.00000,0.00001,0.00000
86.50125,0.49750,0.99999,0.00000,0.00001,0.00000
86.60125,0.49750,0.99999,0.00000,0.00001,0.00000
86.70125,0.49751,0.99999,0.00000,0.00001,0.00000
86.80125,0.49751,0.99999,0.00000,0.00001,0.00000
86.90125,0.49750,0.99999,0.00000,0.00001,0.00000
87.00125,0.49750,0.99999,0.00000,0.00001,0.00000
87.10125,0.49750,0.99999,0.00000,0.00001,0.00000
87.20125,0.49751,0.99997,0.00000,0.00002,0.00001
87.30125,0.49751,0.99995,0.00000,0.00004,0.00002
87.40125,0.49750,0.99992,0.00000,0.00006,0.00002
87.50125,0.49750,0.99988,0.00000,0.00010,0.00002
87.60125,0.49750,0.99993,0.00000,0.00006,0.00001
87.70125,0.49751,0.99996,0.00000,0.00003,0.00001
87.80125,0.49751,0.99998,0.00000,0.00002,0.00000
87.90125,0.49750,0.99999,0.00000,0.00001,0.00000
88.00125,0.49750,0.99999,0.00000,0.00000,0.00000
88.10125,0.49750,1.00000,0.00000,0.00000,0.00000
88.20125,0.49751,1.00000,0.00000,0.00000,0.00000
88.30125,0.49751,1.00000,0.00000,0.00000,0.00000
88.40125,0.49750,1.00000,0.00000,0.00000,0.00000
88.50125,0.49750,1.00000,0.00000,0.00000,0.00000
88.60125,0.49750,1.00000,0.00000,0.00000,0.00000
88.70125,0.49751,1.00000,0.00000,0.00000,0.00000
88.80125,0.49751,1.00000,0.00000,0.00000,0.00000
88.90125,0.49750,1.00000,0.00000,0.00000,0.00000
89.00125,0.49750,1.00000,0.00000,0.00000,0.00000
89.10125,0.49750,1.00000,0.00000,0.00000,0.00000
89.20125,0.49751,1.00000,0.00000,0.00000,0.00000
89.30125,0.49751,1.00000,0.00000,0.00000,0.00000
89.40125,0.49750,1.00000,0.00000,0.00000,0.00000
89.50125,0.49750,1.00000,0.00000,0.00000,0.00000
89.60125,0.49750,1.00000,0.00000,0.00000,0.00000
89.70125,0.49751,1.00000,0.00000,0.00000,0.00000
89.80125,0.49751,0.99999,0.00000,0.00000,0.00000
89.90125,0.49750,0.99999,0.00000,0.00001,0.00000
