Time (seconds), Duration (seconds),pred_(unlabeled),pred_Jab_R,pred_Sidehook_R,pred_Uppercut_R
0.00125,0.99750,0.99999,0.00000,0.00000,0.00001
0.10125,0.99750,0.99999,0.00000,0.00000,0.00001
0.20125,0.99750,0.99998,0.00000,0.00000,0.00002
0.30125,0.99750,0.99994,0.00000,0.00000,0.00006
0.40125,0.99750,0.99992,0.00000,0.00000,0.00008
0.50125,0.99750,0.99988,0.00002,0.00000,0.00010
0.60125,0.99750,0.99991,0.00005,0.00002,0.00002
0.70125,0.99750,0.99949,0.00000,0.00041,0.00010
0.80125,0.99750,0.99790,0.00000,0.00200,0.00010
0.90125,0.99750,0.97244,0.00002,0.02742,0.00012
1.00125,0.99750,0.58175,0.00012,0.41803,0.00010
1.10125,0.99750,0.07878,0.00015,0.92106,0.00001
1.20125,0.99750,0.03938,0.00011,0.96051,0.00000
1.30125,0.99750,0.08581,0.00012,0.91407,0.00000
1.40125,0.99750,0.68374,0.00006,0.31618,0.00003
1.50125,0.99750,0.98380,0.00000,0.01616,0.00004
1.60125,0.99750,0.99907,0.00000,0.00085,0.00007
1.70125,0.99750,0.99989,0.00003,0.00005,0.00003
1.80125,0.99750,0.99995,0.00002,0.00001,0.00002
1.90125,0.99750,0.99998,0.00000,0.00000,0.00001
2.00125,0.99750,0.99999,0.00000,0.00000,0.00001
2.10125,0.99750,0.99998,0.00000,0.00000,0.00002
2.20125,0.99750,0.99998,0.00000,0.00000,0.00002
2.30125,0.99750,0.99997,0.00000,0.00000,0.00003
2.40125,0.99750,0.99997,0.00001,0.00000,0.00002
2.50125,0.99750,0.99994,0.00000,0.00003,0.00003
2.60125,0.99750,0.99974,0.00000,0.00022,0.00004
2.70125,0.99750,0.99676,0.00001,0.00317,0.00007
2.80125,0.99750,0.93659,0.00005,0.06329,0.00007
2.90125,0.99750,0.43497,0.00019,0.56480,0.00005
3.00125,0.99750,0.08872,0.00021,0.91106,0.00001
3.10125,0.99750,0.10494,0.00022,0.89483,0.00001
3.20125,0.99750,0.61540,0.00014,0.38443,0.00003
3.30125,0.99750,0.96567,0.00002,0.03425,0.00006
3.40125,0.99750,0.99763,0.00000,0.00216,0.00021
3.50125,0.99750,0.99979,0.00004,0.00009,0.00008
3.60125,0.99750,0.99987,0.00004,0.00002,0.00007
3.70125,0.99750,0.99995,0.00001,0.00000,0.00004
3.80125,0.99750,0.99994,0.00000,0.00000,0.00006
3.90125,0.99750,0.99991,0.00000,0.00000,0.00008
4.00125,0.99750,0.99994,0.00001,0.00000,0.00006
4.10125,0.99750,0.99994,0.00003,0.00000,0.00003
4.20125,0.99750,0.99995,0.00001,0.00002,0.00002
4.30125,0.99750,0.99981,0.00000,0.00016,0.00002
4.40125,0.99750,0.99708,0.00001,0.00289,0.00002
4.50125,0.99750,0.94542,0.00007,0.05449,0.00002
4.60125,0.99750,0.40787,0.00034,0.59178,0.00001
4.70125,0.99750,0.04490,0.00032,0.95478,0.00000
4.80125,0.99750,0.08117,0.00039,0.91844,0.00000
4.90125,0.99750,0.54448,0.00022,0.45529,0.00001
5.00125,0.99750,0.95700,0.00003,0.04296,0.00001
5.10125,0.99750,0.99842,0.00000,0.00155,0.00002
5.20125,0.99750,0.99992,0.00001,0.00006,0.00001
5.30125,0.99750,0.99997,0.00001,0.00001,0.00001
5.40125,0.99750,0.99998,0.00000,0.00000,0.00002
5.50125,0.99750,0.99995,0.00000,0.00000,0.00004
5.60125,0.99750,0.99996,0.00000,0.00000,0.00004
5.70125,0.99750,0.99996,0.00000,0.00000,0.00003
5.80125,0.99750,0.99997,0.00001,0.00001,0.00001
5.90125,0.99750,0.99975,0.00000,0.00019,0.00006
6.00125,0.99750,0.99808,0.00000,0.00183,0.00009
6.10125,0.99750,0.96475,0.00002,0.03513,0.00010
6.20125,0.99750,0.58136,0.00008,0.41850,0.00006
6.30125,0.99750,0.07831,0.00010,0.92158,0.00001
6.40125,0.99750,0.02360,0.00009,0.97631,0.00000
6.50125,0.99750,0.10830,0.00011,0.89159,0.00001
6.60125,0.99750,0.72487,0.00004,0.27505,0.00003
6.70125,0.99750,0.98672,0.00000,0.01324,0.00003
6.80125,0.99750,0.99922,0.00000,0.00072,0.00006
6.90125,0.99750,0.99994,0.00001,0.00003,0.00002
7.00125,0.99750,0.99997,0.00001,0.00000,0.00002
7.10125,0.99750,0.99993,0.00001,0.00000,0.00006
7.20125,0.99750,0.99988,0.00001,0.00000,0.00011
7.30125,0.99750,0.99991,0.00002,0.00000,0.00007
7.40125,0.99750,0.99997,0.00002,0.00001,0.00001
7.50125,0.99750,0.99986,0.00000,0.00008,0.00005
7.60125,0.99750,0.99885,0.00000,0.00108,0.00006
7.70125,0.99750,0.98121,0.00002,0.01868,0.00009
7.80125,0.99750,0.72499,0.00006,0.27487,0.00008
7.90125,0.99750,0.13099,0.00008,0.86891,0.00002
8.00125,0.99750,0.02933,0.00006,0.97061,0.00000
8.10125,0.99750,0.02265,0.00006,0.97728,0.00000
8.20125,0.99750,0.14781,0.00009,0.85209,0.00001
8.30125,0.99750,0.76334,0.00006,0.23652,0.00008
8.40125,0.99750,0.97903,0.00002,0.02041,0.00054
8.50125,0.99750,0.99918,0.00015,0.00060,0.00008
8.60125,0.99750,0.99977,0.00007,0.00006,0.00010
8.70125,0.99750,0.99993,0.00001,0.00000,0.00006
8.80125,0.99750,0.99993,0.00000,0.00000,0.00007
8.90125,0.99750,0.99983,0.00000,0.00000,0.00016
9.00125,0.99750,0.99979,0.00000,0.00000,0.00020
9.10125,0.99750,0.99987,0.00001,0.00000,0.00012
9.20125,0.99750,0.99994,0.00003,0.00001,0.00003
9.30125,0.99750,0.99975,0.00000,0.00011,0.00014
9.40125,0.99750,0.99889,0.00000,0.00098,0.00013
9.50125,0.99750,0.98200,0.00001,0.01782,0.00017
9.60125,0.99750,0.75719,0.00003,0.24265,0.00013
9.70125,0.99750,0.14733,0.00006,0.85257,0.00004
9.80125,0.99750,0.04636,0.00005,0.95358,0.00001
9.90125,0.99750,0.13269,0.00007,0.86722,0.00003
10.00125,0.99750,0.48073,0.00005,0.51911,0.00010
10.10125,0.99750,0.95260,0.00001,0.04715,0.00024
10.20125,0.99750,0.99618,0.00000,0.00328,0.00053
10.30125,0.99750,0.99972,0.00004,0.00014,0.00010
10.40125,0.99750,0.99984,0.00002,0.00002,0.00012
10.50125,0.99750,0.99987,0.00000,0.00000,0.00013
10.60125,0.99750,0.99979,0.00000,0.00000,0.00021
10.70125,0.99750,0.99960,0.00000,0.00000,0.00040
10.80125,0.99750,0.99965,0.00000,0.00000,0.00034
10.90125,0.99750,0.99989,0.00000,0.00000,0.00010
11.00125,0.99750,0.99966,0.00000,0.00002,0.00032
11.10125,0.99750,0.99953,0.00000,0.00017,0.00030
11.20125,0.99750,0.99645,0.00000,0.00314,0.00041
11.30125,0.99750,0.94448,0.00002,0.05500,0.00050
11.40125,0.99750,0.48286,0.00011,0.51665,0.00038
11.50125,0.99750,0.10994,0.00018,0.88976,0.00012
11.60125,0.99750,0.44873,0.00018,0.55091,0.00018
11.70125,0.99750,0.92032,0.00006,0.07946,0.00017
11.80125,0.99750,0.99513,0.00001,0.00474,0.00012
11.90125,0.99750,0.99964,0.00000,0.00024,0.00012
12.00125,0.99750,0.99992,0.00001,0.00002,0.00005
12.10125,0.99750,0.99979,0.00004,0.00003,0.00014
12.20125,0.99750,0.99971,0.00008,0.00003,0.00017
12.30125,0.99750,0.99968,0.00014,0.00003,0.00014
12.40125,0.99750,0.99976,0.00016,0.00004,0.00005
12.50125,0.99750,0.99980,0.00002,0.00012,0.00006
12.60125,0.99750,0.99884,0.00001,0.00101,0.00014
12.70125,0.99750,0.98685,0.00002,0.01297,0.00017
12.80125,0.99750,0.78157,0.00007,0.21824,0.00012
12.90125,0.99750,0.15185,0.00011,0.84801,0.00003
13.00125,0.99750,0.03630,0.00009,0.96360,0.00001
13.10125,0.99750,0.07941,0.00011,0.92047,0.00001
13.20125,0.99750,0.50451,0.00008,0.49539,0.00003
13.30125,0.99750,0.94221,0.00001,0.05771,0.00006
13.40125,0.99750,0.99711,0.00000,0.00273,0.00016
13.50125,0.99750,0.99985,0.00000,0.00010,0.00004
13.60125,0.99750,0.99995,0.00001,0.00001,0.00003
13.70125,0.99750,0.99993,0.00001,0.00000,0.00006
13.80125,0.99750,0.99981,0.00001,0.00000,0.00018
13.90125,0.99750,0.99980,0.00002,0.00000,0.00018
14.00125,0.99750,0.99979,0.00003,0.00000,0.00018
14.10125,0.99750,0.99987,0.00004,0.00004,0.00006
14.20125,0.99750,0.99935,0.00001,0.00039,0.00025
14.30125,0.99750,0.99593,0.00001,0.00380,0.00026
14.40125,0.99750,0.93143,0.00006,0.06822,0.00029
14.50125,0.99750,0.38319,0.00020,0.61646,0.00015
14.60125,0.99750,0.04711,0.00022,0.95265,0.00002
14.70125,0.99750,0.02377,0.00022,0.97601,0.00001
14.80125,0.99750,0.13269,0.00027,0.86702,0.00002
14.90125,0.99750,0.79290,0.00011,0.20690,0.00008
15.00125,0.99750,0.99084,0.00001,0.00909,0.00006
15.10125,0.99750,0.99931,0.00001,0.00057,0.00012
15.20125,0.99750,0.99992,0.00002,0.00003,0.00003
15.30125,0.99750,0.99996,0.00001,0.00000,0.00003
15.40125,0.99750,0.99995,0.00000,0.00000,0.00005
15.50125,0.99750,0.99989,0.00000,0.00000,0.00010
15.60125,0.99750,0.99988,0.00000,0.00000,0.00011
15.70125,0.99750,0.99991,0.00001,0.00000,0.00008
15.80125,0.99750,0.99995,0.00003,0.00001,0.00002
15.90125,0.99750,0.99970,0.00000,0.00020,0.00010
16.00125,0.99750,0.99766,0.00001,0.00223,0.00011
16.10125,0.99750,0.96202,0.00002,0.03785,0.00011
16.20125,0.99750,0.58444,0.00006,0.41542,0.00008
16.30125,0.99750,0.10814,0.00005,0.89179,0.00002
16.40125,0.99750,0.05026,0.00004,0.94969,0.00001
16.50125,0.99750,0.04931,0.00004,0.95065,0.00001
16.60125,0.99750,0.29454,0.00006,0.70535,0.00005
16.70125,0.99750,0.80371,0.00004,0.19601,0.00024
16.80125,0.99750,0.98112,0.00004,0.01798,0.00086
16.90125,0.99750,0.99868,0.00027,0.00080,0.00025
17.00125,0.99750,0.99965,0.00008,0.00007,0.00020
17.10125,0.99750,0.99951,0.00005,0.00002,0.00042
17.20125,0.99750,0.99873,0.00011,0.00002,0.00114
17.30125,0.99750,0.99889,0.00031,0.00003,0.00078
17.40125,0.99750,0.99897,0.00039,0.00003,0.00061
17.50125,0.99750,0.99945,0.00003,0.00003,0.00049
17.60125,0.99750,0.99891,0.00000,0.00023,0.00086
17.70125,0.99750,0.99799,0.00000,0.00125,0.00075
17.80125,0.99750,0.97977,0.00001,0.01912,0.00110
17.90125,0.99750,0.67943,0.00008,0.31970,0.00079
18.00125,0.99750,0.12967,0.00012,0.86999,0.00021
18.10125,0.99750,0.06479,0.00012,0.93504,0.00006
18.20125,0.99750,0.18153,0.00013,0.81822,0.00011
18.30125,0.99750,0.76089,0.00007,0.23859,0.00046
18.40125,0.99750,0.96844,0.00001,0.03108,0.00047
18.50125,0.99750,0.99810,0.00002,0.00170,0.00017
18.60125,0.99750,0.99977,0.00006,0.00010,0.00008
18.70125,0.99750,0.99993,0.00002,0.00001,0.00004
18.80125,0.99750,0.99997,0.00000,0.00000,0.00003
18.90125,0.99750,0.99994,0.00000,0.00000,0.00006
19.00125,0.99750,0.99991,0.00000,0.00000,0.00009
19.10125,0.99750,0.99992,0.00000,0.00000,0.00008
19.20125,0.99750,0.99986,0.00001,0.00000,0.00013
19.30125,0.99750,0.99993,0.00001,0.00001,0.00004
19.40125,0.99750,0.99965,0.00000,0.00021,0.00014
19.50125,0.99750,0.99776,0.00000,0.00205,0.00019
19.60125,0.99750,0.95742,0.00003,0.04234,0.00021
19.70125,0.99750,0.47600,0.00017,0.52369,0.00014
19.80125,0.99750,0.06066,0.00018,0.93914,0.00002
19.90125,0.99750,0.03669,0.00014,0.96315,0.00001
20.00125,0.99750,0.14494,0.00015,0.85488,0.00003
20.10125,0.99750,0.66021,0.00013,0.33946,0.00020
20.20125,0.99750,0.91729,0.00006,0.08232,0.00033
20.30125,0.99750,0.96768,0.00031,0.03034,0.00166
20.40125,0.99750,0.99033,0.00451,0.00383,0.00133
20.50125,0.99750,0.99601,0.00243,0.00035,0.00120
20.60125,0.99750,0.99867,0.00029,0.00002,0.00102
20.70125,0.99750,0.99837,0.00008,0.00000,0.00155
20.80125,0.99750,0.99762,0.00010,0.00000,0.00227
20.90125,0.99750,0.99847,0.00042,0.00001,0.00110
21.00125,0.99750,0.99821,0.00158,0.00007,0.00014
21.10125,0.99750,0.99904,0.00005,0.00053,0.00038
21.20125,0.99750,0.99923,0.00001,0.00057,0.00019
21.30125,0.99750,0.99802,0.00001,0.00184,0.00013
21.40125,0.99750,0.97185,0.00003,0.02802,0.00011
21.50125,0.99750,0.58540,0.00018,0.41432,0.00010
21.60125,0.99750,0.12731,0.00028,0.87238,0.00003
21.70125,0.99750,0.36358,0.00023,0.63616,0.00003
21.80125,0.99750,0.88755,0.00005,0.11236,0.00004
21.90125,0.99750,0.99427,0.00000,0.00567,0.00006
22.00125,0.99750,0.99939,0.00000,0.00036,0.00025
22.10125,0.99750,0.99995,0.00001,0.00001,0.00003
22.20125,0.99750,0.99997,0.00000,0.00000,0.00003
22.30125,0.99750,0.99997,0.00000,0.00000,0.00003
22.40125,0.99750,0.99994,0.00000,0.00000,0.00006
22.50125,0.99750,0.99994,0.00000,0.00000,0.00005
22.60125,0.99750,0.99992,0.00001,0.00000,0.00007
22.70125,0.99750,0.99996,0.00001,0.00001,0.00003
22.80125,0.99750,0.99963,0.00000,0.00020,0.00017
22.90125,0.99750,0.99808,0.00000,0.00161,0.00031
23.00125,0.99750,0.97157,0.00001,0.02813,0.00029
23.10125,0.99750,0.61685,0.00005,0.38288,0.00022
23.20125,0.99750,0.09320,0.00007,0.90668,0.00005
23.30125,0.99750,0.04757,0.00007,0.95234,0.00002
23.40125,0.99750,0.41089,0.00006,0.58899,0.00006
23.50125,0.99750,0.94558,0.00001,0.05429,0.00012
23.60125,0.99750,0.99785,0.00000,0.00207,0.00009
23.70125,0.99750,0.99967,0.00000,0.00017,0.00015
23.80125,0.99750,0.99996,0.00001,0.00001,0.00003
23.90125,0.99750,0.99998,0.00000,0.00000,0.00002
24.00125,0.99750,0.99993,0.00000,0.00000,0.00007
24.10125,0.99750,0.99992,0.00001,0.00000,0.00008
24.20125,0.99750,0.99991,0.00001,0.00000,0.00007
24.30125,0.99750,0.99992,0.00002,0.00000,0.00005
24.40125,0.99750,0.99982,0.00001,0.00005,0.00012
24.50125,0.99750,0.99933,0.00000,0.00049,0.00018
24.60125,0.99750,0.99393,0.00001,0.00576,0.00030
24.70125,0.99750,0.88512,0.00008,0.11463,0.00017
24.80125,0.99750,0.23807,0.00025,0.76162,0.00005
24.90125,0.99750,0.04834,0.00026,0.95139,0.00001
25.00125,0.99750,0.04160,0.00024,0.95816,0.00000
25.10125,0.99750,0.34223,0.00024,0.65750,0.00003
25.20125,0.99750,0.92176,0.00007,0.07811,0.00006
25.30125,0.99750,0.99403,0.00001,0.00584,0.00012
25.40125,0.99750,0.99974,0.00003,0.00021,0.00002
25.50125,0.99750,0.99989,0.00006,0.00003,0.00002
25.60125,0.99750,0.99983,0.00011,0.00002,0.00004
25.70125,0.99750,0.99969,0.00017,0.00002,0.00012
25.80125,0.99750,0.99960,0.00022,0.00002,0.00016
25.90125,0.99750,0.99961,0.00026,0.00003,0.00010
26.00125,0.99750,0.99988,0.00004,0.00004,0.00004
26.10125,0.99750,0.99956,0.00001,0.00034,0.00009
26.20125,0.99750,0.99608,0.00002,0.00376,0.00014
26.30125,0.99750,0.93693,0.00011,0.06283,0.00013
26.40125,0.99750,0.36675,0.00036,0.63284,0.00005
26.50125,0.99750,0.05967,0.00034,0.93998,0.00001
26.60125,0.99750,0.04620,0.00023,0.95356,0.00000
26.70125,0.99750,0.41183,0.00019,0.58796,0.00002
26.80125,0.99750,0.94675,0.00004,0.05317,0.00003
26.90125,0.99750,0.99799,0.00000,0.00196,0.00005
27.00125,0.99750,0.99982,0.00000,0.00014,0.00004
27.10125,0.99750,0.99995,0.00002,0.00001,0.00002
27.20125,0.99750,0.99998,0.00000,0.00000,0.00001
27.30125,0.99750,0.99995,0.00001,0.00000,0.00005
27.40125,0.99750,0.99992,0.00001,0.00000,0.00007
27.50125,0.99750,0.99993,0.00001,0.00000,0.00006
27.60125,0.99750,0.99988,0.00003,0.00000,0.00009
27.70125,0.99750,0.99969,0.00001,0.00003,0.00026
27.80125,0.99750,0.99909,0.00000,0.00037,0.00054
27.90125,0.99750,0.99335,0.00001,0.00562,0.00102
28.00125,0.99750,0.90869,0.00004,0.09036,0.00091
28.10125,0.99750,0.29877,0.00012,0.70070,0.00041
28.20125,0.99750,0.06189,0.00012,0.93791,0.00008
28.30125,0.99750,0.13028,0.00012,0.86949,0.00011
28.40125,0.99750,0.64234,0.00008,0.35725,0.00033
28.50125,0.99750,0.97630,0.00001,0.02320,0.00049
28.60125,0.99750,0.99721,0.00000,0.00243,0.00035
28.70125,0.99750,0.99985,0.00000,0.00010,0.00005
28.80125,0.99750,0.99994,0.00001,0.00001,0.00004
28.90125,0.99750,0.99993,0.00001,0.00000,0.00005
29.00125,0.99750,0.99988,0.00002,0.00000,0.00010
29.10125,0.99750,0.99986,0.00004,0.00000,0.00009
29.20125,0.99750,0.99986,0.00006,0.00000,0.00008
29.30125,0.99750,0.99990,0.00002,0.00003,0.00006
29.40125,0.99750,0.99970,0.00000,0.00018,0.00011
29.50125,0.99750,0.99732,0.00001,0.00247,0.00019
29.60125,0.99750,0.95247,0.00009,0.04729,0.00016
29.70125,0.99750,0.48610,0.00037,0.51343,0.00009
29.80125,0.99750,0.05199,0.00038,0.94762,0.00001
29.90125,0.99750,0.07412,0.00037,0.92550,0.00001
30.00125,0.99750,0.32750,0.00034,0.67212,0.00004
30.10125,0.99750,0.92389,0.00007,0.07595,0.00009
30.20125,0.99750,0.99653,0.00001,0.00338,0.00009
30.30125,0.99750,0.99979,0.00001,0.00016,0.00004
30.40125,0.99750,0.99966,0.00011,0.00015,0.00007
30.50125,0.99750,0.99938,0.00032,0.00017,0.00013
30.60125,0.99750,0.99904,0.00053,0.00021,0.00021
30.70125,0.99750,0.99892,0.00053,0.00017,0.00039
30.80125,0.99750,0.99936,0.00038,0.00018,0.00008
30.90125,0.99750,0.99899,0.00005,0.00085,0.00011
31.00125,0.99750,0.99624,0.00002,0.00364,0.00010
31.10125,0.99750,0.93837,0.00007,0.06140,0.00016
31.20125,0.99750,0.42843,0.00024,0.57126,0.00007
31.30125,0.99750,0.06161,0.00024,0.93815,0.00001
31.40125,0.99750,0.03568,0.00018,0.96414,0.00000
31.50125,0.99750,0.05337,0.00017,0.94646,0.00000
31.60125,0.99750,0.53213,0.00014,0.46770,0.00002
31.70125,0.99750,0.96240,0.00003,0.03755,0.00002
31.80125,0.99750,0.99764,0.00000,0.00226,0.00009
31.90125,0.99750,0.99979,0.00002,0.00016,0.00003
32.00125,0.99750,0.99948,0.00014,0.00026,0.00012
32.10125,0.99750,0.99921,0.00030,0.00028,0.00021
32.20125,0.99750,0.99870,0.00058,0.00032,0.00039
32.30125,0.99750,0.99825,0.00077,0.00034,0.00065
32.40125,0.99750,0.99930,0.00020,0.00031,0.00018
32.50125,0.99750,0.99842,0.00002,0.00109,0.00047
32.60125,0.99750,0.99224,0.00003,0.00697,0.00076
32.70125,0.99750,0.88065,0.00017,0.11832,0.00086
32.80125,0.99750,0.25598,0.00035,0.74346,0.00021
32.90125,0.99750,0.06574,0.00029,0.93393,0.00004
33.00125,0.99750,0.04470,0.00020,0.95508,0.00002
33.10125,0.99750,0.23535,0.00023,0.76437,0.00005
33.20125,0.99750,0.88036,0.00008,0.11946,0.00011
33.30125,0.99750,0.99406,0.00001,0.00585,0.00008
33.40125,0.99750,0.99956,0.00000,0.00032,0.00012
33.50125,0.99750,0.99992,0.00002,0.00002,0.00004
33.60125,0.99750,0.99995,0.00001,0.00000,0.00004
33.70125,0.99750,0.99989,0.00001,0.00000,0.00010
33.80125,0.99750,0.99977,0.00002,0.00000,0.00021
33.90125,0.99750,0.99980,0.00004,0.00000,0.00016
34.00125,0.99750,0.99988,0.00007,0.00001,0.00004
34.10125,0.99750,0.99979,0.00005,0.00010,0.00006
34.20125,0.99750,0.99905,0.00002,0.00084,0.00009
34.30125,0.99750,0.98672,0.00006,0.01308,0.00014
34.40125,0.99750,0.77769,0.00026,0.22196,0.00009
34.50125,0.99750,0.14775,0.00039,0.85185,0.00002
34.60125,0.99750,0.03305,0.00033,0.96662,0.00000
34.70125,0.99750,0.03700,0.00035,0.96265,0.00000
34.80125,0.99750,0.24612,0.00057,0.75330,0.00001
34.90125,0.99750,0.77083,0.00034,0.22875,0.00008
35.00125,0.99750,0.98760,0.00003,0.01211,0.00026
35.10125,0.99750,0.99945,0.00008,0.00037,0.00011
35.20125,0.99750,0.99960,0.00015,0.00010,0.00014
35.30125,0.99750,0.99939,0.00020,0.00009,0.00032
35.40125,0.99750,0.99870,0.00035,0.00009,0.00085
35.50125,0.99750,0.99838,0.00057,0.00009,0.00096
35.60125,0.99750,0.99840,0.00086,0.00010,0.00063
35.70125,0.99750,0.99902,0.00063,0.00029,0.00006
35.80125,0.99750,0.99754,0.00005,0.00229,0.00013
35.90125,0.99750,0.98875,0.00005,0.01103,0.00017
36.00125,0.99750,0.80703,0.00021,0.19261,0.00016
36.10125,0.99750,0.22528,0.00021,0.77449,0.00003
36.20125,0.99750,0.05905,0.00013,0.94081,0.00001
36.30125,0.99750,0.03613,0.00012,0.96375,0.00000
36.40125,0.99750,0.05272,0.00010,0.94717,0.00000
36.50125,0.99750,0.39064,0.00011,0.60921,0.00004
36.60125,0.99750,0.94089,0.00002,0.05898,0.00011
36.70125,0.99750,0.99622,0.00001,0.00323,0.00054
36.80125,0.99750,0.99963,0.00007,0.00014,0.00016
36.90125,0.99750,0.99986,0.00003,0.00002,0.00010
37.00125,0.99750,0.99976,0.00002,0.00001,0.00022
37.10125,0.99750,0.99929,0.00004,0.00001,0.00066
37.20125,0.99750,0.99916,0.00007,0.00001,0.00076
37.30125,0.99750,0.99930,0.00009,0.00001,0.00060
37.40125,0.99750,0.99972,0.00013,0.00003,0.00013
37.50125,0.99750,0.99908,0.00002,0.00042,0.00048
37.60125,0.99750,0.99716,0.00002,0.00222,0.00059
37.70125,0.99750,0.96020,0.00009,0.03907,0.00064
37.80125,0.99750,0.52678,0.00027,0.47271,0.00025
37.90125,0.99750,0.07673,0.00032,0.92292,0.00003
38.00125,0.99750,0.03232,0.00027,0.96740,0.00001
38.10125,0.99750,0.06947,0.00029,0.93022,0.00001
38.20125,0.99750,0.60536,0.00023,0.39434,0.00007
38.30125,0.99750,0.97565,0.00003,0.02426,0.00007
38.40125,0.99750,0.99872,0.00001,0.00117,0.00010
38.50125,0.99750,0.99977,0.00005,0.00014,0.00004
38.60125,0.99750,0.99937,0.00025,0.00031,0.00008
38.70125,0.99750,0.99890,0.00059,0.00039,0.00012
38.80125,0.99750,0.99812,0.00119,0.00050,0.00019
38.90125,0.99750,0.99773,0.00155,0.00061,0.00011
39.00125,0.99750,0.99930,0.00007,0.00053,0.00011
39.10125,0.99750,0.99843,0.00002,0.00146,0.00009
39.20125,0.99750,0.98262,0.00007,0.01720,0.00011
39.30125,0.99750,0.66414,0.00037,0.33541,0.00008
39.40125,0.99750,0.08943,0.00053,0.91003,0.00001
39.50125,0.99750,0.02766,0.00035,0.97198,0.00000
39.60125,0.99750,0.03887,0.00031,0.96081,0.00000
39.70125,0.99750,0.36075,0.00031,0.63892,0.00002
39.80125,0.99750,0.93363,0.00007,0.06626,0.00005
39.90125,0.99750,0.99643,0.00001,0.00347,0.00010
40.00125,0.99750,0.99982,0.00002,0.00013,0.00002
40.10125,0.99750,0.99993,0.00002,0.00002,0.00003
40.20125,0.99750,0.99996,0.00000,0.00000,0.00003
40.30125,0.99750,0.99998,0.00000,0.00000,0.00002
40.40125,0.99750,0.99998,0.00000,0.00000,0.00002
40.50125,0.99750,0.99999,0.00000,0.00000,0.00001
40.60125,0.99750,0.99999,0.00000,0.00000,0.00001
40.70125,0.99750,0.99999,0.00000,0.00000,0.00001
40.80125,0.99750,0.99999,0.00000,0.00000,0.00001
40.90125,0.99750,0.99999,0.00000,0.00000,0.00001
41.00125,0.99750,0.99998,0.00000,0.00000,0.00002
41.10125,0.99750,0.99995,0.00000,0.00000,0.00005
41.20125,0.99750,0.99992,0.00000,0.00000,0.00007
41.30125,0.99750,0.99985,0.00002,0.00000,0.00013
41.40125,0.99750,0.99984,0.00011,0.00001,0.00003
41.50125,0.99750,0.99961,0.00001,0.00024,0.00014
41.60125,0.99750,0.99822,0.00001,0.00163,0.00014
41.70125,0.99750,0.97344,0.00003,0.02629,0.00024
41.80125,0.99750,0.62514,0.00016,0.37450,0.00019
41.90125,0.99750,0.09188,0.00025,0.90784,0.00003
42.00125,0.99750,0.03533,0.00021,0.96445,0.00001
42.10125,0.99750,0.07244,0.00026,0.92729,0.00002
42.20125,0.99750,0.65601,0.00016,0.34375,0.00008
42.30125,0.99750,0.98152,0.00002,0.01838,0.00007
42.40125,0.99750,0.99844,0.00000,0.00125,0.00030
42.50125,0.99750,0.99987,0.00004,0.00005,0.00005
42.60125,0.99750,0.99990,0.00004,0.00001,0.00006
42.70125,0.99750,0.99996,0.00001,0.00000,0.00003
42.80125,0.99750,0.99997,0.00000,0.00000,0.00003
42.90125,0.99750,0.99994,0.00000,0.00000,0.00006
43.00125,0.99750,0.99991,0.00000,0.00000,0.00009
43.10125,0.99750,0.99987,0.00000,0.00000,0.00013
43.20125,0.99750,0.99979,0.00002,0.00000,0.00018
43.30125,0.99750,0.99977,0.00016,0.00004,0.00003
43.40125,0.99750,0.99897,0.00003,0.00088,0.00012
43.50125,0.99750,0.99328,0.00003,0.00651,0.00018
43.60125,0.99750,0.88331,0.00017,0.11625,0.00027
43.70125,0.99750,0.24487,0.00051,0.75453,0.00009
43.80125,0.99750,0.03750,0.00044,0.96205,0.00001
43.90125,0.99750,0.02260,0.00033,0.97706,0.00000
44.00125,0.99750,0.04714,0.00034,0.95252,0.00001
44.10125,0.99750,0.45706,0.00034,0.54256,0.00004
44.20125,0.99750,0.94299,0.00007,0.05685,0.00008
44.30125,0.99750,0.99661,0.00001,0.00303,0.00035
44.40125,0.99750,0.99971,0.00009,0.00012,0.00009
44.50125,0.99750,0.99989,0.00004,0.00001,0.00005
44.60125,0.99750,0.99996,0.00001,0.00000,0.00003
44.70125,0.99750,0.99994,0.00000,0.00000,0.00005
44.80125,0.99750,0.99988,0.00000,0.00000,0.00012
44.90125,0.99750,0.99988,0.00000,0.00000,0.00012
45.00125,0.99750,0.99982,0.00001,0.00000,0.00017
45.10125,0.99750,0.99990,0.00003,0.00001,0.00006
45.20125,0.99750,0.99954,0.00000,0.00023,0.00022
45.30125,0.99750,0.99833,0.00001,0.00133,0.00034
45.40125,0.99750,0.97025,0.00004,0.02934,0.00037
45.50125,0.99750,0.56752,0.00024,0.43198,0.00026
45.60125,0.99750,0.09239,0.00037,0.90720,0.00005
45.70125,0.99750,0.03501,0.00041,0.96457,0.00001
45.80125,0.99750,0.20273,0.00065,0.79658,0.00005
45.90125,0.99750,0.81613,0.00030,0.18343,0.00014
46.00125,0.99750,0.99028,0.00003,0.00960,0.00009
46.10125,0.99750,0.99928,0.00001,0.00056,0.00015
46.20125,0.99750,0.99986,0.00006,0.00003,0.00005
46.30125,0.99750,0.99993,0.00003,0.00000,0.00003
46.40125,0.99750,0.99996,0.00000,0.00000,0.00003
46.50125,0.99750,0.99992,0.00000,0.00000,0.00008
46.60125,0.99750,0.99986,0.00000,0.00000,0.00014
46.70125,0.99750,0.99986,0.00000,0.00000,0.00014
46.80125,0.99750,0.99979,0.00003,0.00000,0.00018
46.90125,0.99750,0.99988,0.00003,0.00004,0.00005
47.00125,0.99750,0.99908,0.00001,0.00075,0.00016
47.10125,0.99750,0.98948,0.00002,0.01030,0.00019
47.20125,0.99750,0.84180,0.00010,0.15800,0.00011
47.30125,0.99750,0.20031,0.00018,0.79948,0.00003
47.40125,0.99750,0.03268,0.00015,0.96717,0.00000
47.50125,0.99750,0.02501,0.00014,0.97485,0.00000
47.60125,0.99750,0.15420,0.00016,0.84563,0.00001
47.70125,0.99750,0.75041,0.00010,0.24945,0.00004
47.80125,0.99750,0.98662,0.00001,0.01332,0.00005
47.90125,0.99750,0.99911,0.00001,0.00082,0.00005
48.00125,0.99750,0.99988,0.00004,0.00005,0.00003
48.10125,0.99750,0.99997,0.00001,0.00000,0.00002
48.20125,0.99750,0.99996,0.00000,0.00000,0.00004
48.30125,0.99750,0.99987,0.00000,0.00000,0.00013
48.40125,0.99750,0.99980,0.00000,0.00000,0.00020
48.50125,0.99750,0.99978,0.00000,0.00000,0.00021
48.60125,0.99750,0.99970,0.00002,0.00000,0.00027
48.70125,0.99750,0.99985,0.00002,0.00006,0.00007
48.80125,0.99750,0.99883,0.00001,0.00094,0.00023
48.90125,0.99750,0.99240,0.00001,0.00715,0.00044
49.00125,0.99750,0.86902,0.00010,0.13049,0.00040
49.10125,0.99750,0.26833,0.00032,0.73125,0.00010
49.20125,0.99750,0.05692,0.00036,0.94271,0.00001
49.30125,0.99750,0.03176,0.00033,0.96790,0.00000
49.40125,0.99750,0.20755,0.00044,0.79200,0.00002
49.50125,0.99750,0.82009,0.00028,0.17957,0.00006
49.60125,0.99750,0.98598,0.00005,0.01390,0.00008
49.70125,0.99750,0.99902,0.00004,0.00079,0.00015
49.80125,0.99750,0.99970,0.00018,0.00005,0.00007
49.90125,0.99750,0.99990,0.00005,0.00001,0.00004
50.00125,0.99750,0.99991,0.00002,0.00000,0.00007
50.10125,0.99750,0.99979,0.00002,0.00000,0.00020
50.20125,0.99750,0.99955,0.00001,0.00000,0.00044
50.30125,0.99750,0.99920,0.00002,0.00000,0.00078
50.40125,0.99750,0.99821,0.00013,0.00001,0.00164
50.50125,0.99750,0.99926,0.00013,0.00021,0.00040
50.60125,0.99750,0.99432,0.00002,0.00396,0.00170
50.70125,0.99750,0.97066,0.00004,0.02693,0.00237
50.80125,0.99750,0.64233,0.00015,0.35614,0.00138
50.90125,0.99750,0.13090,0.00017,0.86869,0.00024
51.00125,0.99750,0.05933,0.00013,0.94048,0.00006
51.10125,0.99750,0.05131,0.00013,0.94853,0.00003
51.20125,0.99750,0.17162,0.00025,0.82807,0.00006
51.30125,0.99750,0.70925,0.00022,0.29035,0.00017
51.40125,0.99750,0.97085,0.00004,0.02896,0.00015
51.50125,0.99750,0.99782,0.00004,0.00186,0.00028
51.60125,0.99750,0.99962,0.00018,0.00011,0.00009
51.70125,0.99750,0.99986,0.00007,0.00001,0.00006
51.80125,0.99750,0.99990,0.00002,0.00000,0.00008
51.90125,0.99750,0.99974,0.00003,0.00000,0.00023
52.00125,0.99750,0.99973,0.00004,0.00000,0.00023
52.10125,0.99750,0.99977,0.00006,0.00000,0.00016
52.20125,0.99750,0.99988,0.00007,0.00002,0.00003
52.30125,0.99750,0.99972,0.00001,0.00021,0.00006
52.40125,0.99750,0.99765,0.00001,0.00225,0.00009
52.50125,0.99750,0.97705,0.00003,0.02281,0.00011
52.60125,0.99750,0.69233,0.00008,0.30750,0.00009
52.70125,0.99750,0.12463,0.00009,0.87525,0.00003
52.80125,0.99750,0.04600,0.00008,0.95391,0.00001
52.90125,0.99750,0.11895,0.00008,0.88096,0.00001
53.00125,0.99750,0.73256,0.00005,0.26734,0.00006
53.10125,0.99750,0.98404,0.00000,0.01587,0.00008
53.20125,0.99750,0.99876,0.00000,0.00106,0.00017
53.30125,0.99750,0.99987,0.00001,0.00005,0.00007
53.40125,0.99750,0.99995,0.00000,0.00000,0.00004
53.50125,0.99750,0.99990,0.00001,0.00000,0.00009
53.60125,0.99750,0.99986,0.00002,0.00000,0.00012
53.70125,0.99750,0.99988,0.00004,0.00001,0.00007
53.80125,0.99750,0.99991,0.00006,0.00001,0.00003
53.90125,0.99750,0.99993,0.00002,0.00003,0.00002
54.00125,0.99750,0.99949,0.00001,0.00048,0.00003
54.10125,0.99750,0.99472,0.00003,0.00519,0.00005
54.20125,0.99750,0.92166,0.00016,0.07811,0.00006
54.30125,0.99750,0.35366,0.00037,0.64594,0.00003
54.40125,0.99750,0.05309,0.00028,0.94662,0.00001
54.50125,0.99750,0.04575,0.00025,0.95400,0.00000
54.60125,0.99750,0.20373,0.00034,0.79591,0.00001
54.70125,0.99750,0.80176,0.00019,0.19798,0.00007
54.80125,0.99750,0.98713,0.00002,0.01264,0.00021
54.90125,0.99750,0.99884,0.00005,0.00097,0.00014
55.00125,0.99750,0.99965,0.00011,0.00008,0.00016
55.10125,0.99750,0.99988,0.00003,0.00000,0.00008
55.20125,0.99750,0.99990,0.00000,0.00000,0.00009
55.30125,0.99750,0.99977,0.00001,0.00000,0.00023
55.40125,0.99750,0.99979,0.00001,0.00000,0.00020
55.50125,0.99750,0.99982,0.00002,0.00000,0.00016
55.60125,0.99750,0.99987,0.00008,0.00001,0.00004
55.70125,0.99750,0.99980,0.00002,0.00013,0.00006
55.80125,0.99750,0.99896,0.00001,0.00099,0.00004
55.90125,0.99750,0.99540,0.00003,0.00451,0.00007
56.00125,0.99750,0.93490,0.00017,0.06488,0.00005
56.10125,0.99750,0.38649,0.00060,0.61289,0.00002
56.20125,0.99750,0.12166,0.00050,0.87783,0.00000
56.30125,0.99750,0.15511,0.00045,0.84444,0.00001
56.40125,0.99750,0.58638,0.00036,0.41325,0.00002
56.50125,0.99750,0.95917,0.00009,0.04071,0.00003
56.60125,0.99750,0.99744,0.00002,0.00240,0.00015
56.70125,0.99750,0.99973,0.00009,0.00013,0.00005
56.80125,0.99750,0.99978,0.00010,0.00001,0.00011
56.90125,0.99750,0.99979,0.00007,0.00001,0.00013
57.00125,0.99750,0.99945,0.00007,0.00001,0.00047
57.10125,0.99750,0.99906,0.00011,0.00001,0.00082
57.20125,0.99750,0.99903,0.00020,0.00001,0.00076
57.30125,0.99750,0.99898,0.00068,0.00004,0.00030
57.40125,0.99750,0.99915,0.00052,0.00028,0.00005
57.50125,0.99750,0.99805,0.00014,0.00169,0.00012
57.60125,0.99750,0.98764,0.00024,0.01195,0.00017
57.70125,0.99750,0.82784,0.00067,0.17137,0.00012
57.80125,0.99750,0.25400,0.00098,0.74499,0.00004
57.90125,0.99750,0.07500,0.00077,0.92423,0.00001
58.00125,0.99750,0.09922,0.00073,0.90004,0.00001
58.10125,0.99750,0.58145,0.00053,0.41800,0.00002
58.20125,0.99750,0.96509,0.00009,0.03480,0.00002
58.30125,0.99750,0.99779,0.00001,0.00213,0.00007
58.40125,0.99750,0.99973,0.00001,0.00012,0.00015
58.50125,0.99750,0.99990,0.00002,0.00002,0.00006
58.60125,0.99750,0.99994,0.00001,0.00000,0.00005
58.70125,0.99750,0.99985,0.00001,0.00000,0.00013
58.80125,0.99750,0.99981,0.00003,0.00000,0.00016
58.90125,0.99750,0.99984,0.00004,0.00000,0.00012
59.00125,0.99750,0.99976,0.00017,0.00001,0.00006
59.10125,0.99750,0.99958,0.00025,0.00015,0.00002
59.20125,0.99750,0.99788,0.00007,0.00199,0.00006
59.30125,0.99750,0.98966,0.00009,0.01017,0.00008
59.40125,0.99750,0.87718,0.00029,0.12243,0.00011
59.50125,0.99750,0.29082,0.00038,0.70877,0.00004
59.60125,0.99750,0.08472,0.00022,0.91506,0.00001
59.70125,0.99750,0.07530,0.00015,0.92455,0.00000
59.80125,0.99750,0.42628,0.00011,0.57359,0.00002
59.90125,0.99750,0.86348,0.00003,0.13643,0.00006
60.00125,0.99750,0.98485,0.00000,0.01497,0.00018
60.10125,0.99750,0.99799,0.00000,0.00148,0.00053
60.20125,0.99750,0.99965,0.00002,0.00012,0.00021
60.30125,0.99750,0.99977,0.00002,0.00002,0.00019
60.40125,0.99750,0.99982,0.00001,0.00000,0.00017
60.50125,0.99750,0.99980,0.00000,0.00000,0.00020
60.60125,0.99750,0.99981,0.00000,0.00000,0.00019
60.70125,0.99750,0.99984,0.00000,0.00000,0.00016
60.80125,0.99750,0.99985,0.00000,0.00000,0.00015
60.90125,0.99750,0.99990,0.00000,0.00000,0.00010
61.00125,0.99750,0.99991,0.00000,0.00000,0.00009
61.10125,0.99750,0.99990,0.00000,0.00000,0.00010
61.20125,0.99750,0.99990,0.00000,0.00000,0.00010
61.30125,0.99750,0.99990,0.00000,0.00000,0.00010
61.40125,0.99750,0.99991,0.00000,0.00000,0.00009
61.50125,0.99750,0.99994,0.00000,0.00000,0.00006
61.60125,0.99750,0.99993,0.00000,0.00000,0.00007
61.70125,0.99750,0.99992,0.00000,0.00000,0.00008
61.80125,0.99750,0.99991,0.00000,0.00000,0.00009
61.90125,0.99750,0.99986,0.00000,0.00000,0.00014
62.00125,0.99750,0.99991,0.00000,0.00000,0.00009
62.10125,0.99750,0.99991,0.00000,0.00000,0.00009
62.20125,0.99750,0.99981,0.00000,0.00000,0.00019
62.30125,0.99750,0.99943,0.00000,0.00000,0.00057
62.40125,0.99750,0.99672,0.00001,0.00000,0.00327
62.50125,0.99750,0.97904,0.00000,0.00000,0.02095
62.60125,0.99750,0.93100,0.00000,0.00000,0.06899
62.70125,0.99750,0.79159,0.00000,0.00000,0.20841
62.80125,0.99750,0.68940,0.00001,0.00000,0.31058
62.90125,0.99750,0.81118,0.00004,0.00004,0.18874
63.00125,0.99750,0.75723,0.00006,0.00007,0.24264
63.10125,0.99750,0.87417,0.00003,0.00001,0.12579
63.20125,0.99751,0.95121,0.00001,0.00000,0.04878
63.30125,0.99750,0.98464,0.00000,0.00000,0.01536
63.40125,0.99750,0.99731,0.00000,0.00000,0.00269
63.50125,0.99750,0.99969,0.00000,0.00000,0.00031
63.60125,0.99750,0.99993,0.00000,0.00000,0.00007
63.70125,0.99751,0.99996,0.00000,0.00000,0.00004
63.80125,0.99750,0.99995,0.00000,0.00000,0.00005
63.90125,0.99750,0.99970,0.00000,0.00000,0.00030
64.00125,0.99750,0.99821,0.00000,0.00000,0.00179
64.10125,0.99750,0.98718,0.00000,0.00000,0.01282
64.20125,0.99751,0.92355,0.00000,0.00000,0.07645
64.30125,0.99751,0.76355,0.00000,0.00001,0.23644
64.40125,0.99750,0.67927,0.00000,0.00002,0.32071
64.50125,0.99750,0.65091,0.00000,0.00003,0.34905
64.60125,0.99750,0.67603,0.00001,0.00003,0.32393
64.70125,0.99751,0.86297,0.00000,0.00000,0.13703
64.80125,0.99751,0.96003,0.00000,0.00000,0.03997
64.90125,0.99750,0.98902,0.00000,0.00000,0.01098
65.00125,0.99750,0.99842,0.00000,0.00000,0.00158
65.10125,0.99750,0.99982,0.00000,0.00000,0.00018
65.20125,0.99751,0.99997,0.00000,0.00000,0.00003
65.30125,0.99751,0.99999,0.00000,0.00000,0.00001
65.40125,0.99750,1.00000,0.00000,0.00000,0.00000
65.50125,0.99750,0.99999,0.00000,0.00000,0.00001
65.60125,0.99750,0.99997,0.00000,0.00000,0.00003
65.70125,0.99751,0.99986,0.00000,0.00000,0.00014
65.80125,0.99751,0.99915,0.00000,0.00000,0.00085
65.90125,0.99750,0.99359,0.00000,0.00000,0.00641
66.00125,0.99750,0.93988,0.00000,0.00001,0.06011
66.10125,0.99750,0.75231,0.00000,0.00003,0.24766
66.20125,0.99751,0.51323,0.00001,0.00011,0.48666
66.30125,0.99751,0.49215,0.00002,0.00015,0.50768
66.40125,0.99750,0.64162,0.00001,0.00008,0.35829
66.50125,0.99750,0.79059,0.00000,0.00002,0.20939
66.60125,0.99750,0.93810,0.00000,0.00000,0.06190
66.70125,0.99751,0.98514,0.00000,0.00000,0.01486
66.80125,0.99751,0.99775,0.00000,0.00000,0.00225
66.90125,0.99750,0.99974,0.00000,0.00000,0.00026
67.00125,0.99750,0.99997,0.00000,0.00000,0.00003
67.10125,0.99750,0.99999,0.00000,0.00000,0.00001
67.20125,0.99751,0.99999,0.00000,0.00000,0.00001
67.30125,0.99751,0.99998,0.00000,0.00000,0.00002
67.40125,0.99750,0.99992,0.00000,0.00000,0.00008
67.50125,0.99750,0.99969,0.00000,0.00000,0.00031
67.60125,0.99750,0.99754,0.00001,0.00000,0.00245
67.70125,0.99751,0.97820,0.00001,0.00000,0.02180
67.80125,0.99751,0.85434,0.00000,0.00001,0.14565
67.90125,0.99750,0.58098,0.00000,0.00002,0.41900
68.00125,0.99750,0.43784,0.00001,0.00003,0.56212
68.10125,0.99750,0.47382,0.00001,0.00004,0.52614
68.20125,0.99751,0.68568,0.00000,0.00001,0.31430
68.30125,0.99751,0.88147,0.00000,0.00000,0.11852
68.40125,0.99750,0.96527,0.00000,0.00000,0.03473
68.50125,0.99750,0.99244,0.00000,0.00000,0.00756
68.60125,0.99750,0.99890,0.00000,0.00000,0.00110
68.70125,0.99751,0.99989,0.00000,0.00000,0.00011
68.80125,0.99751,0.99998,0.00000,0.00000,0.00002
68.90125,0.99750,0.99999,0.00000,0.00000,0.00001
69.00125,0.99750,0.99999,0.00000,0.00000,0.00001
69.10125,0.99750,0.99998,0.00000,0.00000,0.00002
69.20125,0.99751,0.99993,0.00000,0.00000,0.00007
69.30125,0.99751,0.99968,0.00000,0.00000,0.00032
69.40125,0.99750,0.99745,0.00001,0.00000,0.00254
69.50125,0.99750,0.98003,0.00001,0.00000,0.01997
69.60125,0.99750,0.87997,0.00000,0.00001,0.12002
69.70125,0.99751,0.66244,0.00001,0.00002,0.33753
69.80125,0.99751,0.45302,0.00003,0.00004,0.54692
69.90125,0.99750,0.49021,0.00004,0.00005,0.50970
70.00125,0.99750,0.66196,0.00002,0.00002,0.33801
70.10125,0.99750,0.88140,0.00000,0.00000,0.11859
70.20125,0.99751,0.96756,0.00000,0.00000,0.03244
70.30125,0.99751,0.99344,0.00000,0.00000,0.00656
70.40125,0.99750,0.99913,0.00000,0.00000,0.00087
70.50125,0.99750,0.99989,0.00000,0.00000,0.00011
70.60125,0.99750,0.99998,0.00000,0.00000,0.00002
70.70125,0.99751,0.99999,0.00000,0.00000,0.00001
70.80125,0.99751,1.00000,0.00000,0.00000,0.00000
70.90125,0.99750,0.99999,0.00000,0.00000,0.00001
71.00125,0.99750,0.99991,0.00000,0.00000,0.00009
71.10125,0.99750,0.99944,0.00000,0.00000,0.00056
71.20125,0.99751,0.99234,0.00000,0.00000,0.00766
71.30125,0.99751,0.96488,0.00000,0.00000,0.03512
71.40125,0.99750,0.89619,0.00000,0.00000,0.10380
71.50125,0.99750,0.75620,0.00000,0.00002,0.24378
71.60125,0.99750,0.59860,0.00000,0.00004,0.40135
71.70125,0.99751,0.51116,0.00001,0.00007,0.48876
71.80125,0.99751,0.69060,0.00000,0.00001,0.30938
71.90125,0.99750,0.86384,0.00000,0.00000,0.13616
72.00125,0.99750,0.95588,0.00000,0.00000,0.04412
72.10125,0.99750,0.99365,0.00000,0.00000,0.00634
72.20125,0.99751,0.99941,0.00000,0.00000,0.00059
72.30125,0.99751,0.99975,0.00000,0.00000,0.00025
72.40125,0.99750,0.99981,0.00000,0.00000,0.00019
72.50125,0.99750,0.99989,0.00000,0.00000,0.00011
72.60125,0.99750,0.99975,0.00000,0.00000,0.00024
72.70125,0.99751,0.99922,0.00001,0.00000,0.00077
72.80125,0.99751,0.99730,0.00004,0.00001,0.00265
72.90125,0.99750,0.98635,0.00036,0.00000,0.01330
73.00125,0.99750,0.93452,0.00035,0.00001,0.06512
73.10125,0.99750,0.67584,0.00018,0.00013,0.32384
73.20125,0.99751,0.30274,0.00020,0.00022,0.69683
73.30125,0.99751,0.25255,0.00017,0.00013,0.74716
73.40125,0.99750,0.18265,0.00018,0.00005,0.81712
73.50125,0.99750,0.27461,0.00026,0.00004,0.72509
73.60125,0.99750,0.49538,0.00012,0.00001,0.50448
73.70125,0.99751,0.76448,0.00004,0.00000,0.23548
73.80125,0.99751,0.92980,0.00001,0.00000,0.07019
73.90125,0.99750,0.98893,0.00000,0.00000,0.01106
74.00125,0.99750,0.99857,0.00000,0.00000,0.00143
74.10125,0.99750,0.99983,0.00000,0.00000,0.00017
74.20125,0.99751,0.99992,0.00000,0.00000,0.00008
74.30125,0.99751,0.99995,0.00000,0.00000,0.00005
74.40125,0.99750,0.99996,0.00000,0.00000,0.00004
74.50125,0.99750,0.99987,0.00000,0.00000,0.00013
74.60125,0.99750,0.99956,0.00000,0.00000,0.00044
74.70125,0.99751,0.99780,0.00002,0.00000,0.00219
74.80125,0.99751,0.98303,0.00002,0.00001,0.01695
74.90125,0.99750,0.86406,0.00000,0.00014,0.13580
75.00125,0.99750,0.54691,0.00001,0.00055,0.45254
75.10125,0.99750,0.33355,0.00001,0.00069,0.66576
75.20125,0.99751,0.34218,0.00001,0.00040,0.65742
75.30125,0.99751,0.34107,0.00001,0.00026,0.65866
75.40125,0.99750,0.54540,0.00000,0.00006,0.45454
75.50125,0.99750,0.75295,0.00000,0.00002,0.24703
75.60125,0.99750,0.90729,0.00000,0.00000,0.09271
75.70125,0.99751,0.97707,0.00000,0.00000,0.02293
75.80125,0.99751,0.99760,0.00000,0.00000,0.00240
75.90125,0.99750,0.99978,0.00000,0.00000,0.00022
76.00125,0.99750,0.99993,0.00000,0.00000,0.00007
76.10125,0.99750,0.99992,0.00000,0.00000,0.00008
76.20125,0.99751,0.99989,0.00000,0.00000,0.00010
76.30125,0.99751,0.99972,0.00000,0.00000,0.00027
76.40125,0.99750,0.99864,0.00001,0.00000,0.00134
76.50125,0.99750,0.99125,0.00001,0.00000,0.00875
76.60125,0.99750,0.95180,0.00000,0.00001,0.04819
76.70125,0.99751,0.80305,0.00000,0.00009,0.19686
76.80125,0.99751,0.51243,0.00002,0.00051,0.48703
76.90125,0.99750,0.38934,0.00003,0.00084,0.60978
77.00125,0.99750,0.52231,0.00001,0.00027,0.47740
77.10125,0.99750,0.78872,0.00000,0.00002,0.21126
77.20125,0.99751,0.90600,0.00000,0.00000,0.09399
77.30125,0.99751,0.97022,0.00000,0.00000,0.02978
77.40125,0.99750,0.99580,0.00000,0.00000,0.00420
77.50125,0.99750,0.99949,0.00000,0.00000,0.00051
77.60125,0.99750,0.99992,0.00000,0.00000,0.00008
77.70125,0.99751,0.99997,0.00000,0.00000,0.00003
77.80125,0.99751,0.99997,0.00000,0.00000,0.00003
77.90125,0.99750,0.99992,0.00000,0.00000,0.00008
78.00125,0.99750,0.99960,0.00000,0.00000,0.00040
78.10125,0.99750,0.99682,0.00001,0.00000,0.00316
78.20125,0.99751,0.98269,0.00000,0.00000,0.01731
78.30125,0.99751,0.90417,0.00000,0.00000,0.09583
78.40125,0.99750,0.62316,0.00000,0.00000,0.37683
78.50125,0.99750,0.30788,0.00001,0.00002,0.69209
78.60125,0.99750,0.26285,0.00003,0.00002,0.73710
78.70125,0.99751,0.37406,0.00001,0.00001,0.62592
78.80125,0.99751,0.67484,0.00000,0.00000,0.32516
78.90125,0.99750,0.88445,0.00000,0.00000,0.11555
79.00125,0.99750,0.97143,0.00000,0.00000,0.02857
79.10125,0.99750,0.99655,0.00000,0.00000,0.00345
79.20125,0.99751,0.99962,0.00000,0.00000,0.00038
79.30125,0.99751,0.99989,0.00000,0.00000,0.00011
79.40125,0.99750,0.99992,0.00000,0.00000,0.00008
79.50125,0.99750,0.99992,0.00000,0.00000,0.00008
79.60125,0.99750,0.99970,0.00000,0.00000,0.00030
79.70125,0.99751,0.99802,0.00001,0.00000,0.00197
79.80125,0.99751,0.98640,0.00002,0.00000,0.01359
79.90125,0.99750,0.90822,0.00001,0.00000,0.09177
80.00125,0.99750,0.67041,0.00002,0.00002,0.32955
80.10125,0.99750,0.38736,0.00007,0.00006,0.61251
80.20125,0.99751,0.27862,0.00013,0.00008,0.72117
80.30125,0.99751,0.47467,0.00004,0.00002,0.52526
80.40125,0.99750,0.74800,0.00001,0.00000,0.25199
80.50125,0.99750,0.92460,0.00000,0.00000,0.07540
80.60125,0.99750,0.98078,0.00000,0.00000,0.01922
80.70125,0.99751,0.99731,0.00000,0.00000,0.00269
80.80125,0.99751,0.99964,0.00000,0.00000,0.00036
80.90125,0.99750,0.99995,0.00000,0.00000,0.00005
81.00125,0.99750,0.99999,0.00000,0.00000,0.00001
81.10125,0.99750,0.99999,0.00000,0.00000,0.00001
81.20125,0.99751,0.99998,0.00000,0.00000,0.00002
81.30125,0.99751,0.99994,0.00000,0.00000,0.00006
81.40125,0.99750,0.99964,0.00000,0.00000,0.00036
81.50125,0.99750,0.99753,0.00000,0.00000,0.00247
81.60125,0.99750,0.97662,0.00000,0.00000,0.02337
81.70125,0.99751,0.86821,0.00000,0.00003,0.13176
81.80125,0.99751,0.58684,0.00000,0.00011,0.41305
81.90125,0.99750,0.37270,0.00000,0.00023,0.62706
82.00125,0.99750,0.17777,0.00001,0.00032,0.82190
82.10125,0.99750,0.27792,0.00000,0.00007,0.72201
82.20125,0.99751,0.57847,0.00000,0.00001,0.42152
82.30125,0.99751,0.83322,0.00000,0.00000,0.16677
82.40125,0.99750,0.96134,0.00000,0.00000,0.03866
82.50125,0.99750,0.99527,0.00000,0.00000,0.00473
82.60125,0.99750,0.99881,0.00000,0.00000,0.00119
82.70125,0.99751,0.99904,0.00000,0.00000,0.00096
82.80125,0.99751,0.99884,0.00001,0.00000,0.00116
82.90125,0.99750,0.99831,0.00001,0.00000,0.00168
83.00125,0.99750,0.99591,0.00003,0.00000,0.00406
83.10125,0.99750,0.97102,0.00001,0.00000,0.02897
83.20125,0.99751,0.82262,0.00000,0.00001,0.17737
83.30125,0.99751,0.49543,0.00000,0.00002,0.50454
83.40125,0.99750,0.36606,0.00001,0.00003,0.63390
83.50125,0.99750,0.29753,0.00001,0.00002,0.70243
83.60125,0.99750,0.53043,0.00000,0.00000,0.46956
83.70125,0.99751,0.81222,0.00000,0.00000,0.18778
83.80125,0.99751,0.93546,0.00000,0.00000,0.06454
83.90125,0.99750,0.98734,0.00000,0.00000,0.01266
84.00125,0.99750,0.99804,0.00000,0.00000,0.00196
84.10125,0.99750,0.99978,0.00000,0.00000,0.00022
84.20125,0.99751,0.99995,0.00000,0.00000,0.00005
84.30125,0.99751,0.99993,0.00000,0.00000,0.00007
84.40125,0.99750,0.99986,0.00000,0.00000,0.00014
84.50125,0.99750,0.99961,0.00000,0.00000,0.00039
84.60125,0.99750,0.99725,0.00001,0.00000,0.00274
84.70125,0.99751,0.98174,0.00000,0.00000,0.01825
84.80125,0.99751,0.89919,0.00000,0.00002,0.10079
84.90125,0.99750,0.74161,0.00001,0.00006,0.25832
85.00125,0.99750,0.55365,0.00002,0.00014,0.44619
85.10125,0.99750,0.54696,0.00002,0.00010,0.45292
85.20125,0.99751,0.77430,0.00000,0.00001,0.22568
85.30125,0.99751,0.92410,0.00000,0.00000,0.07589
85.40125,0.99750,0.97790,0.00000,0.00000,0.02210
85.50125,0.99750,0.99535,0.00000,0.00000,0.00465
85.60125,0.99750,0.99946,0.00000,0.00000,0.00054
85.70125,0.99751,0.99993,0.00000,0.00000,0.00007
85.80125,0.99751,0.99996,0.00000,0.00000,0.00004
85.90125,0.99750,0.99992,0.00000,0.00000,0.00008
86.00125,0.99750,0.99986,0.00000,0.00000,0.00014
86.10125,0.99750,0.99926,0.00000,0.00000,0.00073
86.20125,0.99751,0.99473,0.00001,0.00000,0.00525
86.30125,0.99751,0.95503,0.00000,0.00000,0.04497
86.40125,0.99750,0.80332,0.00000,0.00002,0.19666
86.50125,0.99750,0.57958,0.00001,0.00004,0.42038
86.60125,0.99750,0.36744,0.00001,0.00007,0.63247
86.70125,0.99751,0.39163,0.00001,0.00004,0.60831
86.80125,0.99751,0.67175,0.00000,0.00001,0.32824
86.90125,0.99750,0.87595,0.00000,0.00000,0.12405
87.00125,0.99750,0.96661,0.00000,0.00000,0.03339
87.10125,0.99750,0.99340,0.00000,0.00000,0.00660
87.20125,0.99751,0.99918,0.00000,0.00000,0.00082
87.30125,0.99751,0.99994,0.00000,0.00000,0.00006
87.40125,0.99750,0.99998,0.00000,0.00000,0.00002
87.50125,0.99750,0.99998,0.00000,0.00000,0.00002
87.60125,0.99750,0.99998,0.00000,0.00000,0.00002
87.70125,0.99751,0.99993,0.00000,0.00000,0.00007
87.80125,0.99751,0.99966,0.00000,0.00000,0.00034
87.90125,0.99750,0.99770,0.00002,0.00000,0.00227
88.00125,0.99750,0.98143,0.00002,0.00000,0.01855
88.10125,0.99750,0.89038,0.00001,0.00001,0.10960
88.20125,0.99751,0.61199,0.00004,0.00003,0.38795
88.30125,0.99751,0.34958,0.00010,0.00008,0.65024
88.40125,0.99750,0.34603,0.00016,0.00006,0.65375
88.50125,0.99750,0.50281,0.00007,0.00001,0.49710
88.60125,0.99750,0.73646,0.00001,0.00000,0.26352
88.70125,0.99751,0.90510,0.00000,0.00000,0.09490
88.80125,0.99751,0.97716,0.00000,0.00000,0.02284
88.90125,0.99750,0.99688,0.00000,0.00000,0.00312
89.00125,0.99750,0.99965,0.00000,0.00000,0.00035
89.10125,0.99750,0.99989,0.00000,0.00000,0.00011
89.20125,0.99751,0.99988,0.00000,0.00000,0.00012
89.30125,0.99751,0.99985,0.00000,0.00000,0.00015
89.40125,0.99750,0.99956,0.00000,0.00000,0.00044
89.50125,0.99750,0.99731,0.00001,0.00000,0.00268
89.60125,0.99750,0.98355,0.00001,0.00000,0.01644
89.70125,0.99751,0.87616,0.00000,0.00000,0.12384
89.80125,0.99751,0.58548,0.00001,0.00001,0.41451
89.90125,0.99750,0.34868,0.00002,0.00002,0.65128
90.00125,0.99750,0.33289,0.00002,0.00002,0.66706
90.10125,0.99750,0.56089,0.00001,0.00000,0.43910
90.20125,0.99751,0.83181,0.00000,0.00000,0.16819
90.30125,0.99751,0.93259,0.00000,0.00000,0.06741
90.40125,0.99750,0.98378,0.00000,0.00000,0.01622
90.50125,0.99750,0.99769,0.00000,0.00000,0.00231
90.60125,0.99750,0.99969,0.00000,0.00000,0.00031
90.70125,0.99751,0.99996,0.00000,0.00000,0.00004
90.80125,0.99751,0.99999,0.00000,0.00000,0.00001
90.90125,0.99750,0.99998,0.00000,0.00000,0.00002
91.00125,0.99750,0.99994,0.00000,0.00000,0.00006
91.10125,0.99750,0.99967,0.00000,0.00000,0.00033
91.20125,0.99751,0.99790,0.00001,0.00000,0.00209
91.30125,0.99751,0.98734,0.00000,0.00000,0.01266
91.40125,0.99750,0.92212,0.00000,0.00001,0.07786
91.50125,0.99750,0.75056,0.00000,0.00004,0.24940
91.60125,0.99750,0.62010,0.00001,0.00006,0.37983
91.70125,0.99751,0.65167,0.00001,0.00006,0.34826
91.80125,0.99751,0.80004,0.00000,0.00001,0.19994
91.90125,0.99750,0.93855,0.00000,0.00000,0.06145
92.00125,0.99750,0.98274,0.00000,0.00000,0.01726
92.10125,0.99750,0.99620,0.00000,0.00000,0.00380
92.20125,0.99751,0.99951,0.00000,0.00000,0.00049
92.30125,0.99751,0.99993,0.00000,0.00000,0.00007
92.40125,0.99750,0.99998,0.00000,0.00000,0.00002
92.50125,0.99750,0.99997,0.00000,0.00000,0.00003
92.60125,0.99750,0.99992,0.00000,0.00000,0.00008
92.70125,0.99751,0.99968,0.00000,0.00000,0.00031
92.80125,0.99751,0.99797,0.00001,0.00000,0.00202
92.90125,0.99750,0.98276,0.00001,0.00000,0.01724
93.00125,0.99750,0.90127,0.00000,0.00002,0.09871
93.10125,0.99750,0.60328,0.00001,0.00004,0.39666
93.20125,0.99751,0.38135,0.00003,0.00009,0.61853
93.30125,0.99751,0.32116,0.00004,0.00010,0.67870
93.40125,0.99750,0.52319,0.00001,0.00002,0.47679
93.50125,0.99750,0.77720,0.00000,0.00000,0.22279
93.60125,0.99750,0.91999,0.00000,0.00000,0.08000
93.70125,0.99751,0.97672,0.00000,0.00000,0.02328
93.80125,0.99751,0.99657,0.00000,0.00000,0.00343
93.90125,0.99750,0.99963,0.00000,0.00000,0.00037
94.00125,0.99750,0.99994,0.00000,0.00000,0.00006
94.10125,0.99750,0.99997,0.00000,0.00000,0.00003
94.20125,0.99751,0.99995,0.00000,0.00000,0.00005
94.30125,0.99751,0.99987,0.00000,0.00000,0.00013
94.40125,0.99750,0.99955,0.00000,0.00000,0.00044
94.50125,0.99750,0.99739,0.00002,0.00000,0.00259
94.60125,0.99750,0.98408,0.00002,0.00000,0.01590
94.70125,0.99751,0.89689,0.00001,0.00002,0.10308
94.80125,0.99751,0.59129,0.00001,0.00013,0.40856
94.90125,0.99750,0.34956,0.00002,0.00025,0.65018
95.00125,0.99750,0.27323,0.00002,0.00019,0.72656
95.10125,0.99750,0.50973,0.00001,0.00004,0.49023
95.20125,0.99751,0.77800,0.00000,0.00000,0.22200
95.30125,0.99751,0.93111,0.00000,0.00000,0.06889
95.40125,0.99750,0.98139,0.00000,0.00000,0.01861
95.50125,0.99750,0.99644,0.00000,0.00000,0.00356
95.60125,0.99750,0.99957,0.00000,0.00000,0.00043
95.70125,0.99751,0.99996,0.00000,0.00000,0.00004
95.80125,0.99751,0.99998,0.00000,0.00000,0.00002
95.90125,0.99750,0.99997,0.00000,0.00000,0.00003
96.00125,0.99750,0.99993,0.00000,0.00000,0.00007
96.10125,0.99750,0.99970,0.00000,0.00000,0.00030
96.20125,0.99751,0.99816,0.00001,0.00000,0.00183
96.30125,0.99751,0.98744,0.00001,0.00000,0.01256
96.40125,0.99750,0.90195,0.00000,0.00001,0.09805
96.50125,0.99750,0.67266,0.00000,0.00002,0.32732
96.60125,0.99750,0.49834,0.00001,0.00005,0.50161
96.70125,0.99751,0.30938,0.00001,0.00008,0.69053
96.80125,0.99751,0.42419,0.00001,0.00003,0.57577
96.90125,0.99750,0.71551,0.00000,0.00000,0.28448
97.00125,0.99750,0.91173,0.00000,0.00000,0.08827
97.10125,0.99750,0.97810,0.00000,0.00000,0.02190
97.20125,0.99751,0.99588,0.00000,0.00000,0.00411
97.30125,0.99751,0.99946,0.00000,0.00000,0.00054
97.40125,0.99750,0.99994,0.00000,0.00000,0.00006
97.50125,0.99750,0.99998,0.00000,0.00000,0.00002
97.60125,0.99750,0.99998,0.00000,0.00000,0.00002
97.70125,0.99751,0.99998,0.00000,0.00000,0.00002
97.80125,0.99751,0.99993,0.00000,0.00000,0.00007
97.90125,0.99750,0.99970,0.00000,0.00000,0.00030
98.00125,0.99750,0.99844,0.00001,0.00000,0.00155
98.10125,0.99750,0.98919,0.00002,0.00000,0.01079
98.20125,0.99751,0.93763,0.00002,0.00002,0.06233
98.30125,0.99751,0.69935,0.00001,0.00032,0.30033
98.40125,0.99750,0.39320,0.00001,0.00126,0.60552
98.50125,0.99750,0.16942,0.00002,0.00257,0.82798
98.60125,0.99750,0.38335,0.00002,0.00102,0.61562
98.70125,0.99751,0.59851,0.00001,0.00024,0.40124
98.80125,0.99751,0.83941,0.00000,0.00004,0.16055
98.90125,0.99750,0.95248,0.00000,0.00001,0.04752
99.00125,0.99750,0.98971,0.00000,0.00000,0.01028
99.10125,0.99750,0.99858,0.00000,0.00000,0.00142
99.20125,0.99751,0.99982,0.00000,0.00000,0.00018
99.30125,0.99751,0.99998,0.00000,0.00000,0.00002
99.40125,0.99750,0.99999,0.00000,0.00000,0.00001
99.50125,0.99750,0.99999,0.00000,0.00000,0.00001
99.60125,0.99750,0.99996,0.00000,0.00000,0.00004
99.70125,0.99751,0.99984,0.00000,0.00000,0.00016
99.80125,0.99751,0.99921,0.00000,0.00000,0.00079
99.90125,0.99750,0.99401,0.00000,0.00000,0.00599
100.00125,0.99750,0.94491,0.00000,0.00001,0.05508
100.10125,0.99750,0.77183,0.00000,0.00005,0.22812
100.20125,0.99751,0.52681,0.00000,0.00012,0.47307
100.30125,0.99751,0.34880,0.00001,0.00023,0.65096
100.40125,0.99750,0.54266,0.00000,0.00008,0.45726
100.50125,0.99750,0.77700,0.00000,0.00001,0.22299
100.60125,0.99750,0.92303,0.00000,0.00000,0.07697
100.70125,0.99751,0.97867,0.00000,0.00000,0.02133
100.80125,0.99751,0.99573,0.00000,0.00000,0.00427
100.90125,0.99750,0.99947,0.00000,0.00000,0.00053
101.00125,0.99750,0.99995,0.00000,0.00000,0.00005
101.10125,0.99750,0.99998,0.00000,0.00000,0.00002
101.20125,0.99751,0.99998,0.00000,0.00000,0.00002
101.30125,0.99751,0.99996,0.00000,0.00000,0.00004
101.40125,0.99750,0.99985,0.00000,0.00000,0.00015
101.50125,0.99750,0.99943,0.00000,0.00000,0.00057
101.60125,0.99750,0.99625,0.00003,0.00000,0.00372
101.70125,0.99751,0.97145,0.00001,0.00000,0.02854
101.80125,0.99751,0.82335,0.00000,0.00003,0.17662
101.90125,0.99750,0.56063,0.00001,0.00006,0.43930
102.00125,0.99750,0.28545,0.00001,0.00011,0.71443
102.10125,0.99750,0.29761,0.00001,0.00007,0.70230
102.20125,0.99751,0.51334,0.00000,0.00001,0.48664
102.30125,0.99751,0.79233,0.00000,0.00000,0.20766
102.40125,0.99750,0.92454,0.00000,0.00000,0.07546
102.50125,0.99750,0.98035,0.00000,0.00000,0.01965
102.60125,0.99750,0.99752,0.00000,0.00000,0.00248
102.70125,0.99751,0.99970,0.00000,0.00000,0.00030
102.80125,0.99751,0.99996,0.00000,0.00000,0.00004
102.90125,0.99750,0.99999,0.00000,0.00000,0.00001
103.00125,0.99750,0.99998,0.00000,0.00000,0.00002
103.10125,0.99750,0.99995,0.00000,0.00000,0.00005
103.20125,0.99751,0.99980,0.00000,0.00000,0.00020
103.30125,0.99751,0.99898,0.00000,0.00000,0.00102
103.40125,0.99750,0.99283,0.00000,0.00000,0.00716
103.50125,0.99750,0.94331,0.00000,0.00001,0.05669
103.60125,0.99750,0.74185,0.00000,0.00003,0.25812
103.70125,0.99751,0.45123,0.00000,0.00009,0.54868
103.80125,0.99751,0.28470,0.00001,0.00015,0.71514
103.90125,0.99750,0.35847,0.00001,0.00008,0.64144
104.00125,0.99750,0.60570,0.00000,0.00001,0.39429
104.10125,0.99750,0.82967,0.00000,0.00000,0.17032
104.20125,0.99751,0.95113,0.00000,0.00000,0.04887
104.30125,0.99751,0.99001,0.00000,0.00000,0.00999
104.40125,0.99750,0.99870,0.00000,0.00000,0.00130
104.50125,0.99750,0.99987,0.00000,0.00000,0.00013
104.60125,0.99750,0.99997,0.00000,0.00000,0.00003
104.70125,0.99751,0.99998,0.00000,0.00000,0.00002
104.80125,0.99751,0.99997,0.00000,0.00000,0.00003
104.90125,0.99750,0.99991,0.00000,0.00000,0.00009
105.00125,0.99750,0.99972,0.00000,0.00000,0.00028
105.10125,0.99750,0.99832,0.00001,0.00000,0.00168
105.20125,0.99751,0.98967,0.00002,0.00000,0.01031
105.30125,0.99751,0.92007,0.00001,0.00001,0.07991
105.40125,0.99750,0.66414,0.00001,0.00005,0.33580
105.50125,0.99750,0.32110,0.00001,0.00012,0.67877
105.60125,0.99750,0.23177,0.00001,0.00014,0.76808
105.70125,0.99751,0.48292,0.00001,0.00005,0.51702
105.80125,0.99751,0.72748,0.00000,0.00001,0.27251
105.90125,0.99750,0.89004,0.00000,0.00000,0.10996
106.00125,0.99750,0.96932,0.00000,0.00000,0.03068
106.10125,0.99750,0.99343,0.00000,0.00000,0.00657
106.20125,0.99751,0.99903,0.00000,0.00000,0.00097
106.30125,0.99751,0.99991,0.00000,0.00000,0.00009
106.40125,0.99750,0.99997,0.00000,0.00000,0.00003
106.50125,0.99750,0.99999,0.00000,0.00000,0.00001
106.60125,0.99750,0.99997,0.00000,0.00000,0.00003
106.70125,0.99751,0.99986,0.00000,0.00000,0.00014
106.80125,0.99751,0.99939,0.00000,0.00000,0.00061
106.90125,0.99750,0.99633,0.00001,0.00000,0.00365
107.00125,0.99750,0.97292,0.00001,0.00000,0.02707
107.10125,0.99750,0.87493,0.00000,0.00003,0.12504
107.20125,0.99751,0.67225,0.00001,0.00009,0.32765
107.30125,0.99751,0.61017,0.00001,0.00011,0.38972
107.40125,0.99750,0.68201,0.00001,0.00006,0.31793
107.50125,0.99750,0.75914,0.00000,0.00001,0.24085
107.60125,0.99750,0.91975,0.00000,0.00000,0.08025
107.70125,0.99751,0.97904,0.00000,0.00000,0.02096
107.80125,0.99751,0.99443,0.00000,0.00000,0.00557
107.90125,0.99750,0.99923,0.00000,0.00000,0.00077
108.00125,0.99750,0.99991,0.00000,0.00000,0.00009
108.10125,0.99750,0.99999,0.00000,0.00000,0.00001
108.20125,0.99751,0.99999,0.00000,0.00000,0.00001
108.30125,0.99751,0.99997,0.00000,0.00000,0.00003
108.40125,0.99750,0.99989,0.00000,0.00000,0.00011
108.50125,0.99750,0.99965,0.00000,0.00000,0.00035
108.60125,0.99750,0.99761,0.00001,0.00000,0.00238
108.70125,0.99751,0.98349,0.00001,0.00000,0.01650
108.80125,0.99751,0.89347,0.00000,0.00001,0.10652
108.90125,0.99750,0.64940,0.00001,0.00004,0.35055
109.00125,0.99750,0.40668,0.00001,0.00010,0.59321
109.10125,0.99750,0.38262,0.00001,0.00009,0.61727
109.20125,0.99751,0.64250,0.00001,0.00005,0.35745
109.30125,0.99751,0.84335,0.00000,0.00001,0.15664
109.40125,0.99750,0.94139,0.00000,0.00000,0.05861
109.50125,0.99750,0.98450,0.00000,0.00000,0.01550
109.60125,0.99750,0.99758,0.00000,0.00000,0.00242
109.70125,0.99751,0.99966,0.00000,0.00000,0.00034
109.80125,0.99751,0.99995,0.00000,0.00000,0.00005
109.90125,0.99750,0.99998,0.00000,0.00000,0.00002
110.00125,0.99750,0.99997,0.00000,0.00000,0.00003
110.10125,0.99750,0.99992,0.00000,0.00000,0.00008
110.20125,0.99751,0.99963,0.00000,0.00000,0.00037
110.30125,0.99751,0.99822,0.00000,0.00000,0.00178
110.40125,0.99750,0.99008,0.00001,0.00000,0.00991
110.50125,0.99750,0.93365,0.00001,0.00000,0.06634
110.60125,0.99750,0.69410,0.00000,0.00002,0.30587
110.70125,0.99751,0.38282,0.00001,0.00007,0.61710
110.80125,0.99751,0.23248,0.00001,0.00012,0.76739
110.90125,0.99750,0.36803,0.00001,0.00005,0.63191
111.00125,0.99750,0.68076,0.00000,0.00001,0.31923
111.10125,0.99750,0.89482,0.00000,0.00000,0.10518
111.20125,0.99751,0.97138,0.00000,0.00000,0.02862
111.30125,0.99751,0.99446,0.00000,0.00000,0.00554
111.40125,0.99750,0.99889,0.00000,0.00000,0.00111
111.50125,0.99750,0.99988,0.00000,0.00000,0.00012
111.60125,0.99750,0.99997,0.00000,0.00000,0.00003
111.70125,0.99751,0.99998,0.00000,0.00000,0.00002
111.80125,0.99751,0.99996,0.00000,0.00000,0.00004
111.90125,0.99750,0.99985,0.00000,0.00000,0.00015
112.00125,0.99750,0.99923,0.00000,0.00000,0.00076
112.10125,0.99750,0.99452,0.00002,0.00000,0.00546
112.20125,0.99751,0.96309,0.00003,0.00000,0.03688
112.30125,0.99751,0.82804,0.00001,0.00000,0.17195
112.40125,0.99750,0.51908,0.00004,0.00001,0.48087
112.50125,0.99750,0.31361,0.00009,0.00001,0.68628
112.60125,0.99750,0.41370,0.00010,0.00002,0.58618
112.70125,0.99751,0.64583,0.00006,0.00001,0.35411
112.80125,0.99751,0.87826,0.00001,0.00000,0.12173
112.90125,0.99750,0.96185,0.00000,0.00000,0.03815
113.00125,0.99750,0.99030,0.00000,0.00000,0.00970
113.10125,0.99750,0.99866,0.00000,0.00000,0.00133
113.20125,0.99751,0.99980,0.00000,0.00000,0.00020
113.30125,0.99751,0.99997,0.00000,0.00000,0.00003
113.40125,0.99750,0.99999,0.00000,0.00000,0.00001
113.50125,0.99750,0.99998,0.00000,0.00000,0.00002
113.60125,0.99750,0.99994,0.00000,0.00000,0.00006
113.70125,0.99751,0.99973,0.00000,0.00000,0.00027
113.80125,0.99751,0.99839,0.00000,0.00000,0.00160
113.90125,0.99750,0.98909,0.00000,0.00000,0.01091
114.00125,0.99750,0.93078,0.00000,0.00000,0.06922
114.10125,0.99750,0.74534,0.00000,0.00001,0.25464
114.20125,0.99751,0.43087,0.00000,0.00006,0.56907
114.30125,0.99751,0.28364,0.00001,0.00010,0.71626
114.40125,0.99750,0.43430,0.00001,0.00006,0.56564
114.50125,0.99750,0.68306,0.00000,0.00001,0.31693
114.60125,0.99750,0.86208,0.00000,0.00000,0.13792
114.70125,0.99751,0.95890,0.00000,0.00000,0.04109
114.80125,0.99751,0.99257,0.00000,0.00000,0.00743
114.90125,0.99750,0.99894,0.00000,0.00000,0.00106
115.00125,0.99750,0.99989,0.00000,0.00000,0.00011
115.10125,0.99750,0.99997,0.00000,0.00000,0.00003
115.20125,0.99751,0.99999,0.00000,0.00000,0.00001
115.30125,0.99751,0.99999,0.00000,0.00000,0.00001
115.40125,0.99750,0.99997,0.00000,0.00000,0.00003
115.50125,0.99750,0.99989,0.00000,0.00000,0.00011
115.60125,0.99750,0.99965,0.00000,0.00000,0.00034
115.70125,0.99751,0.99772,0.00001,0.00000,0.00227
115.80125,0.99751,0.98424,0.00001,0.00000,0.01575
115.90125,0.99750,0.90085,0.00000,0.00001,0.09914
116.00125,0.99750,0.68850,0.00001,0.00005,0.31144
116.10125,0.99750,0.47829,0.00002,0.00014,0.52155
116.20125,0.99751,0.57253,0.00002,0.00009,0.42737
116.30125,0.99751,0.69403,0.00001,0.00006,0.30590
116.40125,0.99750,0.88751,0.00000,0.00001,0.11248
116.50125,0.99750,0.96655,0.00000,0.00000,0.03345
116.60125,0.99750,0.98969,0.00000,0.00000,0.01031
116.70125,0.99751,0.99838,0.00000,0.00000,0.00162
116.80125,0.99751,0.99976,0.00000,0.00000,0.00024
116.90125,0.99750,0.99997,0.00000,0.00000,0.00003
117.00125,0.99750,0.99999,0.00000,0.00000,0.00001
117.10125,0.99750,0.99998,0.00000,0.00000,0.00002
117.20125,0.99751,0.99991,0.00000,0.00000,0.00009
117.30125,0.99751,0.99966,0.00000,0.00000,0.00034
117.40125,0.99750,0.99814,0.00001,0.00000,0.00186
117.50125,0.99750,0.98768,0.00001,0.00000,0.01230
117.60125,0.99750,0.92779,0.00001,0.00001,0.07220
117.70125,0.99751,0.74105,0.00001,0.00003,0.25892
117.80125,0.99751,0.49158,0.00002,0.00009,0.50832
117.90125,0.99750,0.46204,0.00002,0.00012,0.53781
118.00125,0.99750,0.64812,0.00004,0.00017,0.35167
118.10125,0.99750,0.82565,0.00001,0.00002,0.17431
118.20125,0.99751,0.93255,0.00000,0.00000,0.06745
118.30125,0.99751,0.97641,0.00000,0.00000,0.02358
118.40125,0.99750,0.99386,0.00000,0.00000,0.00614
118.50125,0.99750,0.99916,0.00000,0.00000,0.00084
118.60125,0.99750,0.99990,0.00000,0.00000,0.00010
118.70125,0.99751,0.99997,0.00000,0.00000,0.00003
118.80125,0.99751,0.99997,0.00000,0.00000,0.00003
118.90125,0.99750,0.99991,0.00000,0.00000,0.00009
119.00125,0.99750,0.99971,0.00000,0.00000,0.00029
119.10125,0.99750,0.99870,0.00000,0.00000,0.00129
119.20125,0.99751,0.99240,0.00001,0.00000,0.00759
119.30125,0.99751,0.96432,0.00001,0.00000,0.03567
119.40125,0.99750,0.85137,0.00000,0.00001,0.14862
119.50125,0.99750,0.57648,0.00000,0.00003,0.42349
119.60125,0.99750,0.44690,0.00001,0.00003,0.55306
119.70125,0.99751,0.55237,0.00001,0.00003,0.44759
119.80125,0.99751,0.56359,0.00001,0.00004,0.43636
119.90125,0.99750,0.67187,0.00001,0.00003,0.32809
120.00125,0.99750,0.73930,0.00002,0.00003,0.26065
120.10125,0.99750,0.82221,0.00002,0.00014,0.17764
120.20125,0.99751,0.92655,0.00002,0.00082,0.07262
120.30125,0.99751,0.97511,0.00005,0.00020,0.02464
120.40125,0.99750,0.99128,0.00010,0.00004,0.00858
120.50125,0.99750,0.99259,0.00008,0.00003,0.00730
120.60125,0.99750,0.99172,0.00006,0.00002,0.00820
120.70125,0.99751,0.98950,0.00002,0.00001,0.01047
120.80125,0.99751,0.99229,0.00000,0.00000,0.00770
