Time(Seconds),Length(Seconds),Label(string),Confidence(double),Comment(string)
2.8998623,0.532877,Uppercut_R,1,
3.8029849,0.6609058,Uppercut_R,1,
5.1524785,0.6539853,Uppercut_R,1,
6.3573012,0.6297637,Uppercut_R,1,
7.5476238,0.6090023,Uppercut_R,1,
8.6003075,0.633224,Uppercut_R,1,
9.8010108,0.6228432,Uppercut_R,1,
10.915208,0.6574456,Uppercut_R,1,
11.9848684,0.6332239,Uppercut_R,1,
13.0437017,0.6747468,Uppercut_R,1,
14.202882200000001,0.6263035,Uppercut_R,1,
15.1579084,0.7093492,Uppercut_R,1,
16.2628204,0.6539853,Uppercut_R,1,
17.1313406,0.7750937,Uppercut_R,1,
18.2489981,0.7162696,Uppercut_R,1,
19.196970099999998,0.8159316000000001,Uppercut_R,1,
20.3660254,0.5917009,Uppercut_R,1,
21.3521937,0.6436046,Uppercut_R,1,
22.4223919,0.5674793,Uppercut_R,1,
23.4812254,0.564019,Uppercut_R,1,
25.1248492,0.5674793,Uppercut_R,1,
26.8791909,0.5917009999999999,Uppercut_R,1,
28.1774402,0.6747468,Uppercut_R,1,
29.7691506,0.6124624,Uppercut_R,1,
31.1683961,0.5778601,Uppercut_R,1,
32.3864006,0.5467178,Uppercut_R,1,
33.6472366,0.4913541,Uppercut_R,1,
34.8167977,0.5467178,Uppercut_R,1,
35.9863588,0.5259564,Uppercut_R,1,
37.1454475,0.5155756,Uppercut_R,1,
38.349611,0.4602118,Uppercut_R,1,
39.474189,0.5121155,Uppercut_R,1,
40.6160682,0.532877,Uppercut_R,1,
41.8268373,0.4982746,Uppercut_R,1,
42.9237334,0.5259564,Uppercut_R,1,
44.080762,0.5051951,Uppercut_R,1,
45.253144,0.5017348,Uppercut_R,1,
46.3500401,0.5467178,Uppercut_R,1,
47.6337891,0.4083084,Uppercut_R,1,
48.6372586,0.5605589,Uppercut_R,1,
49.7921261,0.5363372,Uppercut_R,1,
50.9513065,0.4740528,Uppercut_R,1,
51.9928388,0.5155756,Uppercut_R,1,
53.0725551,0.591701,Uppercut_R,1,
54.1832921,0.5951612,Uppercut_R,1,
55.3390123,0.5432577000000001,Uppercut_R,1,
56.4956447,0.5501781,Uppercut_R,1,
57.6513649,0.5363372,Uppercut_R,1,
58.6894369,0.6124624,Uppercut_R,1,
59.9420536,0.5121155,Uppercut_R,1,
61.0666316,0.5570985,Uppercut_R,1,
62.2336049,0.5328768,Uppercut_R,1,
63.3166698,0.5674794,Uppercut_R,1,
64.4274068,0.5813203,Uppercut_R,1,
65.4897006,0.5709395,Uppercut_R,1,
66.648881,0.5882407,Uppercut_R,1,
67.7468725,0.48443359999999996,Uppercut_R,1,
68.7607228,0.5605589,Uppercut_R,1,
69.8230165,0.5917011,Uppercut_R,1,
70.8931031,0.5674793,Uppercut_R,1,
72.0695846,0.5605588,Uppercut_R,1,
73.1274538,0.6055419,Uppercut_R,1,
74.1724463,0.5951613,Uppercut_R,1,
75.2967094,0.5155758,Uppercut_R,1,
76.20675259999999,0.7820142999999999,Uppercut_R,1,
77.3832342,0.7301105,Uppercut_R,1,
78.7622661,0.6470648,Uppercut_R,1,
80.0356345,0.491354,Uppercut_R,1,
81.0667859,0.5363372,Uppercut_R,1,
82.1463809,0.5986215,Uppercut_R,1,
83.2819988,0.6159226,Uppercut_R,1,
84.39965629999999,0.5190361,Uppercut_R,1,
85.4000001,0.6436046,Uppercut_R,1,
86.5487999,0.550178,Uppercut_R,1,
87.6768381,0.6020818,Uppercut_R,1,
88.8742025,0.5674793,Uppercut_R,1,
89.8737603,0.6119577,Uppercut_R,1,
90.9607271,0.7404914,Uppercut_R,1,
92.6047873,0.5674793,Uppercut_R,1,
93.6913027,0.5778601,Uppercut_R,1,
94.7881988,0.5294166,Uppercut_R,1,
95.8406595,0.605542,Uppercut_R,1,
97.0863459,0.5640191,Uppercut_R,1,
98.2081229,0.550178,Uppercut_R,1,
99.3361611,0.5432576,Uppercut_R,1,
