Time(Seconds),Length(Seconds),Label(string),Confidence(double),Comment(string)
2.8669365,0.5685977999999998,Uppercut_R,1,
4.8750719,0.6101210999999999,Uppercut_R,1,
6.7095712,0.7123477,Uppercut_R,1,
8.4910669,0.7882673,Uppercut_R,1,
10.1723081,0.8502126000000001,Uppercut_R,1,
12.0687057,0.8435634,Uppercut_R,1,
13.636906999999999,0.8585056,Uppercut_R,1,
15.3128476,0.9204589,Uppercut_R,1,
17.2142283,0.8121071000000001,Uppercut_R,1,
18.8166824,0.76166,Uppercut_R,1,
20.4431081,0.9176622,Uppercut_R,1,
22.1181165,0.8441759000000001,Uppercut_R,1,
24.0157413,0.8073215,Uppercut_R,1,
25.7447902,0.8277648,Uppercut_R,1,
27.4358757,0.8757134,Uppercut_R,1,
29.2914866,0.9404578000000001,Uppercut_R,1,
31.1203239,0.7822497,Uppercut_R,1,
32.8853924,0.966012,Uppercut_R,1,
36.2303092,0.8294721,Uppercut_R,1,
37.8717367,0.8820438000000002,Uppercut_R,1,
39.521927999999996,0.9263394,Uppercut_R,1,
41.3371347,0.9419156999999999,Uppercut_R,1,
43.070316,0.8713342,Uppercut_R,1,
44.7085784,0.9088172000000001,Uppercut_R,1,
46.4115853,0.870841,Uppercut_R,1,
48.1846858,0.8411515999999999,Uppercut_R,1,
49.8521552,0.8783907999999998,Uppercut_R,1,
51.8659688,0.8744939999999999,Uppercut_R,1,
53.9099651,0.9127087,Uppercut_R,1,
55.715194,0.8601315,Uppercut_R,1,
58.857620399999995,0.8462624,Uppercut_R,1,
60.7334307,0.8392004,Uppercut_R,1,
62.4624794,0.9071101,Uppercut_R,1,
64.6649223,0.9370487999999999,Uppercut_R,1,
66.3925077,1.1629171000000003,Uppercut_R,1,
69.8919796,0.8608632,Uppercut_R,1,
71.59084580000001,0.9639857,Uppercut_R,1,
73.563041,0.9579745,Uppercut_R,1,
75.5099287,0.9866991,Uppercut_R,1,
77.38501289999999,0.9584622000000002,Uppercut_R,1,
81.2096539,0.9112453000000001,Uppercut_R,1,
82.9060866,0.87425,Uppercut_R,1,
84.6728622,0.8134025,Uppercut_R,1,
86.2758312,0.8817943000000001,Uppercut_R,1,
87.8447261,0.9341276,Uppercut_R,1,
89.421897,0.9978963999999999,Uppercut_R,1,
90.9944449,0.9331518999999999,Uppercut_R,1,
93.8263044,1.0346476999999998,Uppercut_R,1,
97.4895777,0.7868728,Uppercut_R,1,
100.4019924,0.8786292,Uppercut_R,1,
103.3591905,0.8944494999999999,Uppercut_R,1,
106.5101233,0.9221986,Uppercut_R,1,
109.96529960000001,0.8635405999999999,Uppercut_R,1,
113.07851869999999,0.8211852000000001,Uppercut_R,1,
116.0600516,0.7708032,Uppercut_R,1,
120.1723841,0.8129092,Uppercut_R,1,
127.4733789,0.8732745,Uppercut_R,1,
129.8033594,0.9309624999999999,Uppercut_R,1,
131.6872019,0.9197651,Uppercut_R,1,
134.1688163,0.8172939,Uppercut_R,1,
136.3033496,0.8900702999999999,Uppercut_R,1,
138.4636864,0.9049150000000001,Uppercut_R,1,
140.6018726,0.836767,Uppercut_R,1,
142.8252539,0.8009912,Uppercut_R,1,
144.9427529,1.3975493,Uppercut_R,1,
147.0390769,0.9000481,Uppercut_R,1,
149.28508920000002,0.7296726,Uppercut_R,1,
151.2957376,0.8849594,Uppercut_R,1,
153.3175833,0.9124593999999999,Uppercut_R,1,
155.42972749999998,0.8518555999999999,Uppercut_R,1,
157.6053968,0.9747702999999999,Uppercut_R,1,
159.7229023,0.903701,Uppercut_R,1,
161.8615762,0.8939617000000001,Uppercut_R,1,
164.1696501,0.7776211999999999,Uppercut_R,1,
166.4141972,0.7761579000000001,Uppercut_R,1,
171.5850409,0.9219438999999999,Uppercut_R,1,
173.9313186,0.8538013000000001,Uppercut_R,1,
176.2554567,0.7272391000000002,Uppercut_R,1,
178.8862662,0.9703911,Uppercut_R,1,
181.2578631,0.9910783000000001,Uppercut_R,1,
