Time (seconds), Duration (seconds),pred_(unlabeled),pred_Jab_R,pred_Sidehook_R,pred_Uppercut_R
0.00125,0.84000,1.00000,0.00000,0.00000,0.00000
0.12125,0.84000,1.00000,0.00000,0.00000,0.00000
0.24125,0.84000,1.00000,0.00000,0.00000,0.00000
0.36125,0.84000,1.00000,0.00000,0.00000,0.00000
0.48125,0.84000,0.99998,0.00000,0.00002,0.00000
0.60125,0.84000,0.99984,0.00001,0.00014,0.00001
0.72125,0.84000,0.99825,0.00016,0.00158,0.00001
0.84125,0.84000,0.97615,0.00054,0.02329,0.00002
0.96125,0.84000,0.40771,0.00004,0.59189,0.00036
1.08125,0.84000,0.02933,0.00006,0.97037,0.00023
1.20125,0.84000,0.01622,0.00012,0.98362,0.00004
1.32125,0.84000,0.01210,0.00010,0.98778,0.00002
1.44125,0.84000,0.01343,0.00013,0.98643,0.00001
1.56125,0.84000,0.19614,0.00010,0.80352,0.00024
1.68125,0.84000,0.93580,0.00299,0.06118,0.00003
1.80125,0.84000,0.99495,0.00066,0.00439,0.00000
1.92125,0.84000,0.99961,0.00003,0.00036,0.00000
2.04125,0.84000,0.99996,0.00000,0.00004,0.00000
2.16125,0.84000,1.00000,0.00000,0.00000,0.00000
2.28125,0.84000,1.00000,0.00000,0.00000,0.00000
2.40125,0.84000,0.99996,0.00000,0.00004,0.00000
2.52125,0.84000,0.99957,0.00002,0.00038,0.00003
2.64125,0.84000,0.99240,0.00035,0.00723,0.00002
2.76125,0.84000,0.84763,0.00015,0.15199,0.00023
2.88125,0.84000,0.18641,0.00016,0.81283,0.00061
3.00125,0.84000,0.03361,0.00029,0.96576,0.00034
3.12125,0.84000,0.02540,0.00029,0.97414,0.00016
3.24125,0.84000,0.01927,0.00028,0.98037,0.00008
3.36125,0.84000,0.11658,0.00020,0.88310,0.00013
3.48125,0.84000,0.84032,0.00045,0.15900,0.00022
3.60125,0.84000,0.98890,0.00155,0.00955,0.00001
3.72125,0.84000,0.99839,0.00015,0.00145,0.00000
3.84125,0.84000,0.99986,0.00001,0.00013,0.00000
3.96125,0.84000,0.99996,0.00000,0.00003,0.00000
4.08125,0.84000,0.99998,0.00000,0.00002,0.00000
4.20125,0.84000,0.99985,0.00004,0.00011,0.00001
4.32125,0.84000,0.99716,0.00067,0.00216,0.00001
4.44125,0.84000,0.97955,0.00034,0.02008,0.00003
4.56125,0.84000,0.51792,0.00021,0.48135,0.00052
4.68125,0.84000,0.09354,0.00133,0.90492,0.00021
4.80125,0.84000,0.04133,0.00097,0.95759,0.00011
4.92125,0.84000,0.02033,0.00071,0.97894,0.00002
5.04125,0.84000,0.09073,0.00038,0.90887,0.00001
5.16125,0.84000,0.77800,0.00030,0.22153,0.00017
5.28125,0.84000,0.99157,0.00131,0.00711,0.00001
5.40125,0.84000,0.99931,0.00007,0.00063,0.00000
5.52125,0.84000,0.99990,0.00000,0.00010,0.00000
5.64125,0.84000,0.99996,0.00000,0.00004,0.00000
5.76125,0.84000,0.99995,0.00000,0.00005,0.00000
5.88125,0.84000,0.99948,0.00003,0.00046,0.00002
6.00125,0.84000,0.98965,0.00054,0.00980,0.00001
6.12125,0.84000,0.79966,0.00016,0.19992,0.00026
6.24125,0.84000,0.11534,0.00018,0.88408,0.00040
6.36125,0.84000,0.02524,0.00029,0.97418,0.00030
6.48125,0.84000,0.01711,0.00030,0.98248,0.00010
6.60125,0.84000,0.01437,0.00028,0.98530,0.00005
6.72125,0.84000,0.10354,0.00025,0.89595,0.00027
6.84125,0.84000,0.84447,0.00051,0.15480,0.00021
6.96125,0.84000,0.98982,0.00063,0.00954,0.00001
7.08125,0.84000,0.99868,0.00004,0.00127,0.00000
7.20125,0.84000,0.99965,0.00001,0.00035,0.00000
7.32125,0.84000,0.99973,0.00000,0.00026,0.00000
7.44125,0.84000,0.99971,0.00001,0.00028,0.00001
7.56125,0.84000,0.99601,0.00013,0.00382,0.00003
7.68125,0.84000,0.94897,0.00064,0.05037,0.00002
7.80125,0.84000,0.33771,0.00016,0.66184,0.00029
7.92125,0.84000,0.03882,0.00017,0.96082,0.00019
8.04125,0.84000,0.02049,0.00034,0.97907,0.00010
8.16125,0.84000,0.01610,0.00016,0.98369,0.00005
8.28125,0.84000,0.01434,0.00022,0.98543,0.00001
8.40125,0.84000,0.07836,0.00023,0.92125,0.00017
8.52125,0.84000,0.72385,0.01737,0.25876,0.00002
8.64125,0.84000,0.97249,0.00206,0.02544,0.00001
8.76125,0.84000,0.99741,0.00018,0.00241,0.00000
8.88125,0.84000,0.99969,0.00002,0.00029,0.00000
9.00125,0.84000,0.99994,0.00000,0.00005,0.00000
9.12125,0.84000,0.99994,0.00000,0.00006,0.00000
9.24125,0.84000,0.99979,0.00001,0.00019,0.00001
9.36125,0.84000,0.99728,0.00013,0.00257,0.00003
9.48125,0.84000,0.95399,0.00034,0.04562,0.00004
9.60125,0.84000,0.34091,0.00006,0.65858,0.00045
9.72125,0.84000,0.04298,0.00012,0.95656,0.00035
9.84125,0.84000,0.02395,0.00019,0.97567,0.00019
9.96125,0.84000,0.01823,0.00016,0.98155,0.00007
10.08125,0.84000,0.04169,0.00024,0.95803,0.00005
10.20125,0.84000,0.47413,0.00012,0.52445,0.00131
10.32125,0.84000,0.96636,0.00235,0.03125,0.00005
10.44125,0.84000,0.99706,0.00017,0.00276,0.00001
10.56125,0.84000,0.99965,0.00001,0.00034,0.00000
10.68125,0.84000,0.99994,0.00000,0.00006,0.00000
10.80125,0.84000,0.99995,0.00000,0.00005,0.00000
10.92125,0.84000,0.99983,0.00000,0.00016,0.00000
11.04125,0.84000,0.99792,0.00007,0.00200,0.00001
11.16125,0.84000,0.96761,0.00008,0.03227,0.00004
11.28125,0.84000,0.43985,0.00001,0.55956,0.00057
11.40125,0.84000,0.05737,0.00004,0.94178,0.00081
11.52125,0.84000,0.02084,0.00006,0.97866,0.00044
11.64125,0.84000,0.01723,0.00018,0.98248,0.00011
11.76125,0.84000,0.07298,0.00013,0.92680,0.00009
11.88125,0.84000,0.73042,0.00008,0.26913,0.00037
12.00125,0.84000,0.98907,0.00101,0.00991,0.00001
12.12125,0.84000,0.99876,0.00012,0.00112,0.00000
12.24125,0.84000,0.99958,0.00004,0.00039,0.00000
12.36125,0.84000,0.99976,0.00002,0.00021,0.00000
12.48125,0.84000,0.99966,0.00004,0.00029,0.00001
12.60125,0.84000,0.99536,0.00068,0.00395,0.00001
12.72125,0.84000,0.93156,0.00172,0.06667,0.00005
12.84125,0.84000,0.26354,0.00046,0.73530,0.00070
12.96125,0.84000,0.04121,0.00047,0.95775,0.00056
13.08125,0.84000,0.02683,0.00042,0.97203,0.00072
13.20125,0.84000,0.01851,0.00034,0.98096,0.00019
13.32125,0.84000,0.06282,0.00042,0.93649,0.00027
13.44125,0.84000,0.65421,0.00021,0.34338,0.00220
13.56125,0.84000,0.98682,0.00065,0.01248,0.00005
13.68125,0.84000,0.99874,0.00008,0.00117,0.00001
13.80125,0.84000,0.99975,0.00001,0.00024,0.00000
13.92125,0.84000,0.99987,0.00001,0.00013,0.00000
14.04125,0.84000,0.99987,0.00001,0.00012,0.00000
14.16125,0.84000,0.99939,0.00004,0.00055,0.00002
14.28125,0.84000,0.98421,0.00146,0.01432,0.00001
14.40125,0.84000,0.78983,0.00253,0.20751,0.00013
14.52125,0.84000,0.11756,0.00087,0.88077,0.00080
14.64125,0.84000,0.03215,0.00184,0.96534,0.00067
14.76125,0.84000,0.02480,0.00181,0.97308,0.00032
14.88125,0.84000,0.02205,0.00269,0.97514,0.00012
15.00125,0.84000,0.21072,0.00122,0.78762,0.00044
15.12125,0.84000,0.91949,0.00017,0.07973,0.00061
15.24125,0.84000,0.99586,0.00031,0.00381,0.00002
15.36125,0.84000,0.99944,0.00003,0.00053,0.00000
15.48125,0.84000,0.99991,0.00000,0.00009,0.00000
15.60125,0.84000,0.99996,0.00000,0.00003,0.00000
15.72125,0.84000,0.99992,0.00000,0.00007,0.00000
15.84125,0.84000,0.99909,0.00002,0.00083,0.00006
15.96125,0.84000,0.98568,0.00045,0.01379,0.00009
16.08125,0.84000,0.85663,0.00073,0.14256,0.00008
16.20125,0.84000,0.15297,0.00013,0.84658,0.00033
16.32125,0.84000,0.03122,0.00027,0.96827,0.00025
16.44125,0.84000,0.02991,0.00012,0.96968,0.00028
16.56125,0.84000,0.02221,0.00010,0.97764,0.00005
16.68125,0.84000,0.02268,0.00010,0.97720,0.00002
16.80125,0.84000,0.16260,0.00032,0.83678,0.00030
16.92125,0.84000,0.74571,0.02244,0.23183,0.00002
17.04125,0.84000,0.96246,0.00410,0.03343,0.00001
17.16125,0.84000,0.99496,0.00078,0.00426,0.00000
17.28125,0.84000,0.99842,0.00022,0.00136,0.00000
17.40125,0.84000,0.99898,0.00014,0.00088,0.00000
17.52125,0.84000,0.99870,0.00016,0.00113,0.00001
17.64125,0.84000,0.99349,0.00080,0.00568,0.00003
17.76125,0.84000,0.94007,0.00016,0.05945,0.00032
17.88125,0.84000,0.20833,0.00005,0.78769,0.00393
18.00125,0.84000,0.03997,0.00009,0.95824,0.00170
18.12125,0.84000,0.02287,0.00009,0.97665,0.00040
18.24125,0.84000,0.01776,0.00012,0.98199,0.00013
18.36125,0.84000,0.02274,0.00013,0.97705,0.00008
18.48125,0.84000,0.39497,0.00044,0.60416,0.00043
18.60125,0.84000,0.95765,0.00543,0.03690,0.00001
18.72125,0.84000,0.99487,0.00085,0.00427,0.00000
18.84125,0.84000,0.99962,0.00004,0.00034,0.00000
18.96125,0.84000,0.99996,0.00000,0.00004,0.00000
19.08125,0.84000,0.99999,0.00000,0.00001,0.00000
19.20125,0.84000,0.99997,0.00000,0.00003,0.00000
19.32125,0.84000,0.99977,0.00001,0.00021,0.00001
19.44125,0.84000,0.99685,0.00011,0.00302,0.00002
19.56125,0.84000,0.95606,0.00011,0.04376,0.00007
19.68125,0.84000,0.31896,0.00005,0.68022,0.00076
19.80125,0.84000,0.04853,0.00011,0.95070,0.00067
19.92125,0.84000,0.02768,0.00015,0.97194,0.00023
20.04125,0.84000,0.02050,0.00009,0.97933,0.00008
20.16125,0.84000,0.06392,0.00017,0.93574,0.00016
20.28125,0.84000,0.59870,0.00015,0.40028,0.00087
20.40125,0.84000,0.93771,0.00705,0.05522,0.00002
20.52125,0.84000,0.97588,0.00712,0.01700,0.00000
20.64125,0.84000,0.99713,0.00085,0.00201,0.00000
20.76125,0.84000,0.99965,0.00007,0.00028,0.00000
20.88125,0.84000,0.99986,0.00004,0.00010,0.00000
21.00125,0.84000,0.99921,0.00024,0.00054,0.00000
21.12125,0.84000,0.99644,0.00115,0.00240,0.00001
21.24125,0.84000,0.98403,0.00224,0.01373,0.00001
21.36125,0.84000,0.86828,0.00015,0.13142,0.00015
21.48125,0.84000,0.21308,0.00019,0.78577,0.00096
21.60125,0.84000,0.03603,0.00024,0.96312,0.00061
21.72125,0.84000,0.02406,0.00041,0.97536,0.00017
21.84125,0.84000,0.02395,0.00040,0.97563,0.00003
21.96125,0.84000,0.42082,0.00017,0.57874,0.00028
22.08125,0.84000,0.95146,0.00018,0.04823,0.00014
22.20125,0.84000,0.99604,0.00044,0.00351,0.00000
22.32125,0.84000,0.99972,0.00002,0.00026,0.00000
22.44125,0.84000,0.99994,0.00000,0.00006,0.00000
22.56125,0.84000,0.99997,0.00000,0.00003,0.00000
22.68125,0.84000,0.99980,0.00001,0.00019,0.00001
22.80125,0.84000,0.99745,0.00012,0.00241,0.00003
22.92125,0.84000,0.97129,0.00178,0.02691,0.00002
23.04125,0.84000,0.53216,0.00024,0.46683,0.00077
23.16125,0.84000,0.02912,0.00026,0.96993,0.00069
23.28125,0.84000,0.01843,0.00034,0.98071,0.00053
23.40125,0.84000,0.01388,0.00048,0.98548,0.00017
23.52125,0.84000,0.01698,0.00045,0.98250,0.00007
23.64125,0.84000,0.33651,0.00025,0.66162,0.00162
23.76125,0.84000,0.95961,0.00029,0.04000,0.00010
23.88125,0.84000,0.99658,0.00017,0.00324,0.00001
24.00125,0.84000,0.99969,0.00001,0.00030,0.00000
24.12125,0.84000,0.99986,0.00000,0.00014,0.00000
24.24125,0.84000,0.99993,0.00000,0.00007,0.00000
24.36125,0.84000,0.99967,0.00001,0.00030,0.00002
24.48125,0.84000,0.99387,0.00032,0.00577,0.00004
24.60125,0.84000,0.94519,0.00159,0.05313,0.00009
24.72125,0.84000,0.20328,0.00017,0.79496,0.00158
24.84125,0.84000,0.03361,0.00016,0.96369,0.00254
24.96125,0.84000,0.02232,0.00017,0.97667,0.00084
25.08125,0.84000,0.01540,0.00012,0.98425,0.00024
25.20125,0.84000,0.01788,0.00020,0.98175,0.00016
25.32125,0.84000,0.26512,0.00008,0.73279,0.00200
25.44125,0.84000,0.96609,0.00123,0.03264,0.00005
25.56125,0.84000,0.99546,0.00028,0.00425,0.00001
25.68125,0.84000,0.99906,0.00004,0.00089,0.00000
25.80125,0.84000,0.99940,0.00003,0.00057,0.00000
25.92125,0.84000,0.99962,0.00001,0.00036,0.00000
26.04125,0.84000,0.99913,0.00004,0.00080,0.00003
26.16125,0.84000,0.97536,0.00188,0.02275,0.00002
26.28125,0.84000,0.72204,0.00092,0.27687,0.00016
26.40125,0.84000,0.07230,0.00021,0.92694,0.00055
26.52125,0.84000,0.02434,0.00034,0.97506,0.00026
26.64125,0.84000,0.01727,0.00018,0.98246,0.00009
26.76125,0.84000,0.01470,0.00024,0.98502,0.00003
26.88125,0.84000,0.08325,0.00023,0.91623,0.00030
27.00125,0.84000,0.79089,0.00014,0.20866,0.00031
27.12125,0.84000,0.99242,0.00080,0.00678,0.00001
27.24125,0.84000,0.99882,0.00009,0.00109,0.00000
27.36125,0.84000,0.99982,0.00001,0.00017,0.00000
27.48125,0.84000,0.99988,0.00000,0.00011,0.00000
27.60125,0.84000,0.99989,0.00001,0.00010,0.00000
27.72125,0.84000,0.99914,0.00005,0.00078,0.00003
27.84125,0.84000,0.98307,0.00172,0.01517,0.00004
27.96125,0.84000,0.78241,0.00037,0.21621,0.00101
28.08125,0.84000,0.06537,0.00009,0.93036,0.00418
28.20125,0.84000,0.01900,0.00007,0.97738,0.00355
28.32125,0.84000,0.01871,0.00010,0.97942,0.00177
28.44125,0.84000,0.01450,0.00008,0.98465,0.00077
28.56125,0.84000,0.10489,0.00010,0.89206,0.00294
28.68125,0.84000,0.81052,0.00006,0.18778,0.00163
28.80125,0.84000,0.99301,0.00043,0.00652,0.00004
28.92125,0.84000,0.99897,0.00006,0.00097,0.00000
29.04125,0.84000,0.99980,0.00001,0.00020,0.00000
29.16125,0.84000,0.99983,0.00001,0.00016,0.00000
29.28125,0.84000,0.99979,0.00001,0.00019,0.00001
29.40125,0.84000,0.99676,0.00022,0.00300,0.00001
29.52125,0.84000,0.96162,0.00044,0.03792,0.00002
29.64125,0.84000,0.45014,0.00007,0.54945,0.00034
29.76125,0.84000,0.04930,0.00009,0.94981,0.00080
29.88125,0.84000,0.02381,0.00015,0.97571,0.00033
30.00125,0.84000,0.01691,0.00013,0.98287,0.00008
30.12125,0.84000,0.03590,0.00020,0.96384,0.00006
30.24125,0.84000,0.55682,0.00007,0.44188,0.00123
30.36125,0.84000,0.98414,0.00085,0.01497,0.00004
30.48125,0.84000,0.99791,0.00015,0.00193,0.00001
30.60125,0.84000,0.99881,0.00007,0.00112,0.00001
30.72125,0.84000,0.99903,0.00005,0.00091,0.00001
30.84125,0.84000,0.99949,0.00004,0.00045,0.00003
30.96125,0.84000,0.99129,0.00062,0.00805,0.00004
31.08125,0.84000,0.88057,0.00502,0.11436,0.00005
31.20125,0.84000,0.15356,0.00064,0.84541,0.00038
31.32125,0.84000,0.02064,0.00036,0.97880,0.00020
31.44125,0.84000,0.01927,0.00032,0.98029,0.00012
31.56125,0.84000,0.01498,0.00026,0.98470,0.00005
31.68125,0.84000,0.02588,0.00033,0.97367,0.00012
31.80125,0.84000,0.31690,0.00015,0.68150,0.00145
31.92125,0.84000,0.94744,0.00074,0.05172,0.00010
32.04125,0.84000,0.99400,0.00021,0.00577,0.00002
32.16125,0.84000,0.99740,0.00013,0.00246,0.00001
32.28125,0.84000,0.99772,0.00009,0.00218,0.00001
32.40125,0.84000,0.99825,0.00008,0.00164,0.00003
32.52125,0.84000,0.99223,0.00052,0.00723,0.00002
32.64125,0.84000,0.91258,0.00399,0.08336,0.00006
32.76125,0.84000,0.19020,0.00054,0.80840,0.00086
32.88125,0.84000,0.02288,0.00025,0.97655,0.00032
33.00125,0.84000,0.01444,0.00031,0.98505,0.00021
33.12125,0.84000,0.01195,0.00019,0.98774,0.00012
33.24125,0.84000,0.01738,0.00035,0.98212,0.00016
33.36125,0.84000,0.28896,0.00011,0.70827,0.00266
33.48125,0.84000,0.94672,0.00168,0.05152,0.00008
33.60125,0.84000,0.99579,0.00027,0.00393,0.00001
33.72125,0.84000,0.99918,0.00003,0.00079,0.00000
33.84125,0.84000,0.99956,0.00001,0.00044,0.00000
33.96125,0.84000,0.99970,0.00001,0.00029,0.00000
34.08125,0.84000,0.99906,0.00002,0.00089,0.00003
34.20125,0.84000,0.98454,0.00073,0.01469,0.00005
34.32125,0.84000,0.84088,0.00350,0.15553,0.00008
34.44125,0.84000,0.17171,0.00078,0.82707,0.00044
34.56125,0.84000,0.03489,0.00150,0.96310,0.00051
34.68125,0.84000,0.02441,0.00135,0.97394,0.00030
34.80125,0.84000,0.02295,0.00164,0.97526,0.00015
34.92125,0.84000,0.03758,0.00159,0.96071,0.00012
35.04125,0.84000,0.48990,0.00043,0.50742,0.00225
35.16125,0.84000,0.96276,0.00159,0.03554,0.00012
35.28125,0.84000,0.99444,0.00019,0.00535,0.00002
35.40125,0.84000,0.99828,0.00003,0.00168,0.00000
35.52125,0.84000,0.99871,0.00002,0.00127,0.00001
35.64125,0.84000,0.99921,0.00001,0.00077,0.00001
35.76125,0.84000,0.99723,0.00008,0.00259,0.00010
35.88125,0.84000,0.96622,0.00129,0.03243,0.00006
36.00125,0.84000,0.61011,0.00270,0.38702,0.00016
36.12125,0.84000,0.08964,0.00080,0.90909,0.00048
36.24125,0.84000,0.04119,0.00075,0.95750,0.00056
36.36125,0.84000,0.03405,0.00040,0.96511,0.00043
36.48125,0.84000,0.02775,0.00051,0.97165,0.00009
36.60125,0.84000,0.04611,0.00050,0.95323,0.00015
36.72125,0.84000,0.40669,0.00086,0.59159,0.00086
36.84125,0.84000,0.94434,0.00432,0.05130,0.00004
36.96125,0.84000,0.99081,0.00070,0.00848,0.00000
37.08125,0.84000,0.99824,0.00012,0.00163,0.00000
37.20125,0.84000,0.99910,0.00004,0.00086,0.00000
37.32125,0.84000,0.99944,0.00002,0.00054,0.00000
37.44125,0.84000,0.99899,0.00005,0.00094,0.00001
37.56125,0.84000,0.98513,0.00077,0.01407,0.00003
37.68125,0.84000,0.82959,0.00208,0.16824,0.00009
37.80125,0.84000,0.10267,0.00025,0.89637,0.00071
37.92125,0.84000,0.02145,0.00035,0.97785,0.00035
38.04125,0.84000,0.01627,0.00026,0.98329,0.00019
38.16125,0.84000,0.01524,0.00035,0.98432,0.00009
38.28125,0.84000,0.02291,0.00040,0.97646,0.00024
38.40125,0.84000,0.36887,0.00022,0.62825,0.00267
38.52125,0.84000,0.96851,0.00157,0.02984,0.00007
38.64125,0.84000,0.99325,0.00037,0.00635,0.00003
38.76125,0.84000,0.99608,0.00024,0.00365,0.00002
38.88125,0.84000,0.99663,0.00025,0.00307,0.00004
39.00125,0.84000,0.99880,0.00015,0.00102,0.00003
39.12125,0.84000,0.98694,0.00220,0.01084,0.00002
39.24125,0.84000,0.82498,0.00255,0.17232,0.00014
39.36125,0.84000,0.15402,0.00086,0.84444,0.00068
39.48125,0.84000,0.05473,0.00099,0.94320,0.00108
39.60125,0.84000,0.03643,0.00070,0.96255,0.00032
39.72125,0.84000,0.02770,0.00066,0.97149,0.00014
39.84125,0.84000,0.10525,0.00027,0.89400,0.00048
39.96125,0.84000,0.81102,0.00015,0.18713,0.00170
40.08125,0.84000,0.99225,0.00034,0.00734,0.00007
40.20125,0.84000,0.99879,0.00007,0.00113,0.00000
40.32125,0.84000,0.99987,0.00000,0.00012,0.00000
40.44125,0.84000,0.99999,0.00000,0.00001,0.00000
40.56125,0.84000,1.00000,0.00000,0.00000,0.00000
40.68125,0.84000,1.00000,0.00000,0.00000,0.00000
40.80125,0.84000,1.00000,0.00000,0.00000,0.00000
40.92125,0.84000,1.00000,0.00000,0.00000,0.00000
41.04125,0.84000,1.00000,0.00000,0.00000,0.00000
41.16125,0.84000,0.99999,0.00000,0.00001,0.00000
41.28125,0.84000,0.99996,0.00000,0.00004,0.00000
41.40125,0.84000,0.99977,0.00001,0.00021,0.00001
41.52125,0.84000,0.99810,0.00019,0.00162,0.00009
41.64125,0.84000,0.97072,0.00331,0.02594,0.00004
41.76125,0.84000,0.58501,0.00118,0.41315,0.00065
41.88125,0.84000,0.07143,0.00084,0.92649,0.00124
42.00125,0.84000,0.03436,0.00054,0.96445,0.00064
42.12125,0.84000,0.02559,0.00062,0.97364,0.00015
42.24125,0.84000,0.01549,0.00040,0.98408,0.00004
42.36125,0.84000,0.18647,0.00039,0.81270,0.00043
42.48125,0.84000,0.86847,0.00035,0.13101,0.00017
42.60125,0.84000,0.98938,0.00053,0.01007,0.00001
42.72125,0.84000,0.99872,0.00004,0.00124,0.00000
42.84125,0.84000,0.99988,0.00000,0.00012,0.00000
42.96125,0.84000,0.99998,0.00000,0.00001,0.00000
43.08125,0.84000,0.99999,0.00000,0.00001,0.00000
43.20125,0.84000,0.99991,0.00000,0.00009,0.00000
43.32125,0.84000,0.99936,0.00001,0.00059,0.00004
43.44125,0.84000,0.99254,0.00029,0.00709,0.00008
43.56125,0.84000,0.89566,0.00327,0.10102,0.00005
43.68125,0.84000,0.23053,0.00058,0.76853,0.00036
43.80125,0.84000,0.03232,0.00044,0.96692,0.00032
43.92125,0.84000,0.01812,0.00053,0.98129,0.00005
44.04125,0.84000,0.01349,0.00051,0.98598,0.00002
44.16125,0.84000,0.01636,0.00075,0.98288,0.00001
44.28125,0.84000,0.16668,0.00064,0.83245,0.00024
44.40125,0.84000,0.86566,0.00617,0.12813,0.00003
44.52125,0.84000,0.98891,0.00181,0.00927,0.00000
44.64125,0.84000,0.99930,0.00009,0.00062,0.00000
44.76125,0.84000,0.99992,0.00000,0.00008,0.00000
44.88125,0.84000,0.99998,0.00000,0.00002,0.00000
45.00125,0.84000,0.99997,0.00000,0.00003,0.00000
45.12125,0.84000,0.99981,0.00001,0.00017,0.00001
45.24125,0.84000,0.99660,0.00015,0.00323,0.00002
45.36125,0.84000,0.94308,0.00055,0.05632,0.00004
45.48125,0.84000,0.30162,0.00018,0.69769,0.00051
45.60125,0.84000,0.03561,0.00017,0.96385,0.00037
45.72125,0.84000,0.01945,0.00025,0.98018,0.00012
45.84125,0.84000,0.01437,0.00021,0.98539,0.00004
45.96125,0.84000,0.02553,0.00038,0.97407,0.00002
46.08125,0.84000,0.46902,0.00016,0.53056,0.00026
46.20125,0.84000,0.96698,0.00108,0.03192,0.00002
46.32125,0.84000,0.99590,0.00029,0.00381,0.00000
46.44125,0.84000,0.99958,0.00002,0.00040,0.00000
46.56125,0.84000,0.99994,0.00000,0.00006,0.00000
46.68125,0.84000,0.99998,0.00000,0.00002,0.00000
46.80125,0.84000,0.99990,0.00000,0.00010,0.00000
46.92125,0.84000,0.99907,0.00002,0.00085,0.00005
47.04125,0.84000,0.98796,0.00042,0.01157,0.00005
47.16125,0.84000,0.86228,0.00084,0.13671,0.00017
47.28125,0.84000,0.11053,0.00020,0.88872,0.00055
47.40125,0.84000,0.03239,0.00046,0.96690,0.00025
47.52125,0.84000,0.02180,0.00025,0.97784,0.00011
47.64125,0.84000,0.01696,0.00037,0.98264,0.00003
47.76125,0.84000,0.03499,0.00033,0.96465,0.00003
47.88125,0.84000,0.56520,0.00030,0.43413,0.00038
48.00125,0.84000,0.97599,0.00211,0.02189,0.00001
48.12125,0.84000,0.99797,0.00020,0.00183,0.00000
48.24125,0.84000,0.99973,0.00001,0.00026,0.00000
48.36125,0.84000,0.99995,0.00000,0.00005,0.00000
48.48125,0.84000,0.99998,0.00000,0.00001,0.00000
48.60125,0.84000,0.99989,0.00000,0.00010,0.00000
48.72125,0.84000,0.99940,0.00002,0.00055,0.00003
48.84125,0.84000,0.98591,0.00046,0.01361,0.00002
48.96125,0.84000,0.79777,0.00059,0.20157,0.00007
49.08125,0.84000,0.11614,0.00007,0.88343,0.00036
49.20125,0.84000,0.01981,0.00013,0.98001,0.00006
49.32125,0.84000,0.01376,0.00011,0.98611,0.00002
49.44125,0.84000,0.01160,0.00017,0.98822,0.00001
49.56125,0.84000,0.02544,0.00024,0.97430,0.00002
49.68125,0.84000,0.44137,0.00038,0.55803,0.00021
49.80125,0.84000,0.94725,0.00656,0.04619,0.00001
49.92125,0.84000,0.99486,0.00059,0.00455,0.00000
50.04125,0.84000,0.99933,0.00003,0.00063,0.00000
50.16125,0.84000,0.99980,0.00001,0.00019,0.00000
50.28125,0.84000,0.99988,0.00000,0.00012,0.00000
50.40125,0.84000,0.99928,0.00002,0.00068,0.00001
50.52125,0.84000,0.99608,0.00014,0.00361,0.00017
50.64125,0.84000,0.95213,0.00274,0.04490,0.00023
50.76125,0.84000,0.58236,0.00352,0.41382,0.00029
50.88125,0.84000,0.04279,0.00013,0.95646,0.00061
51.00125,0.84000,0.02098,0.00007,0.97879,0.00015
51.12125,0.84000,0.01663,0.00010,0.98321,0.00006
51.24125,0.84000,0.01331,0.00012,0.98655,0.00002
51.36125,0.84000,0.01892,0.00019,0.98088,0.00001
51.48125,0.84000,0.31494,0.00020,0.68456,0.00030
51.60125,0.84000,0.94253,0.00565,0.05181,0.00001
51.72125,0.84000,0.99012,0.00100,0.00888,0.00000
51.84125,0.84000,0.99912,0.00005,0.00083,0.00000
51.96125,0.84000,0.99973,0.00001,0.00026,0.00000
52.08125,0.84000,0.99986,0.00000,0.00014,0.00000
52.20125,0.84000,0.99946,0.00002,0.00051,0.00001
52.32125,0.84000,0.99529,0.00036,0.00428,0.00007
52.44125,0.84000,0.95546,0.00216,0.04232,0.00006
52.56125,0.84000,0.42644,0.00078,0.57105,0.00173
52.68125,0.84000,0.04833,0.00072,0.94999,0.00097
52.80125,0.84000,0.04004,0.00088,0.95862,0.00046
52.92125,0.84000,0.02728,0.00056,0.97192,0.00024
53.04125,0.84000,0.03144,0.00108,0.96739,0.00009
53.16125,0.84000,0.39389,0.00029,0.60401,0.00182
53.28125,0.84000,0.97837,0.00080,0.02075,0.00008
53.40125,0.84000,0.99695,0.00017,0.00287,0.00001
53.52125,0.84000,0.99959,0.00002,0.00039,0.00000
53.64125,0.84000,0.99988,0.00000,0.00011,0.00000
53.76125,0.84000,0.99995,0.00000,0.00005,0.00000
53.88125,0.84000,0.99986,0.00001,0.00012,0.00001
54.00125,0.84000,0.99658,0.00055,0.00286,0.00001
54.12125,0.84000,0.96911,0.00167,0.02921,0.00001
54.24125,0.84000,0.44230,0.00060,0.55667,0.00043
54.36125,0.84000,0.05364,0.00129,0.94488,0.00019
54.48125,0.84000,0.02627,0.00135,0.97233,0.00005
54.60125,0.84000,0.01503,0.00047,0.98448,0.00002
54.72125,0.84000,0.01803,0.00072,0.98124,0.00001
54.84125,0.84000,0.28063,0.00033,0.71866,0.00038
54.96125,0.84000,0.90219,0.00714,0.09065,0.00002
55.08125,0.84000,0.98968,0.00112,0.00920,0.00000
55.20125,0.84000,0.99904,0.00006,0.00090,0.00000
55.32125,0.84000,0.99986,0.00000,0.00013,0.00000
55.44125,0.84000,0.99997,0.00000,0.00003,0.00000
55.56125,0.84000,0.99989,0.00000,0.00011,0.00000
55.68125,0.84000,0.99927,0.00003,0.00068,0.00002
55.80125,0.84000,0.99077,0.00041,0.00880,0.00002
55.92125,0.84000,0.89610,0.00048,0.10336,0.00006
56.04125,0.84000,0.17154,0.00019,0.82771,0.00056
56.16125,0.84000,0.08163,0.00060,0.91743,0.00034
56.28125,0.84000,0.03776,0.00025,0.96183,0.00016
56.40125,0.84000,0.04056,0.00041,0.95895,0.00007
56.52125,0.84000,0.05906,0.00033,0.94049,0.00012
56.64125,0.84000,0.71760,0.00036,0.28103,0.00101
56.76125,0.84000,0.97873,0.00114,0.02011,0.00002
56.88125,0.84000,0.99285,0.00087,0.00628,0.00000
57.00125,0.84000,0.99897,0.00008,0.00095,0.00000
57.12125,0.84000,0.99957,0.00002,0.00041,0.00000
57.24125,0.84000,0.99974,0.00001,0.00025,0.00000
57.36125,0.84000,0.99865,0.00007,0.00127,0.00001
57.48125,0.84000,0.98293,0.00156,0.01548,0.00003
57.60125,0.84000,0.88499,0.00734,0.10765,0.00001
57.72125,0.84000,0.31540,0.00504,0.67946,0.00010
57.84125,0.84000,0.04475,0.00537,0.94973,0.00015
57.96125,0.84000,0.02788,0.00417,0.96788,0.00008
58.08125,0.84000,0.02508,0.00476,0.97012,0.00004
58.20125,0.84000,0.03156,0.00627,0.96215,0.00003
58.32125,0.84000,0.56144,0.00333,0.43473,0.00049
58.44125,0.84000,0.96250,0.00098,0.03638,0.00014
58.56125,0.84000,0.99230,0.00055,0.00714,0.00001
58.68125,0.84000,0.99927,0.00006,0.00067,0.00000
58.80125,0.84000,0.99979,0.00001,0.00020,0.00000
58.92125,0.84000,0.99990,0.00001,0.00009,0.00000
59.04125,0.84000,0.99955,0.00003,0.00041,0.00000
59.16125,0.84000,0.99568,0.00042,0.00388,0.00002
59.28125,0.84000,0.94887,0.00453,0.04660,0.00001
59.40125,0.84000,0.57375,0.00269,0.42345,0.00012
59.52125,0.84000,0.04694,0.00053,0.95206,0.00047
59.64125,0.84000,0.02594,0.00060,0.97315,0.00032
59.76125,0.84000,0.02378,0.00032,0.97564,0.00025
59.88125,0.84000,0.03107,0.00037,0.96839,0.00017
60.00125,0.84000,0.18532,0.00046,0.81074,0.00347
60.12125,0.84000,0.71053,0.00029,0.28416,0.00502
60.24125,0.84000,0.97438,0.00151,0.02391,0.00020
60.36125,0.84000,0.99602,0.00029,0.00367,0.00002
60.48125,0.84000,0.99906,0.00005,0.00089,0.00000
60.60125,0.84000,0.99981,0.00001,0.00018,0.00000
60.72125,0.84000,0.99993,0.00000,0.00007,0.00000
60.84125,0.84000,0.99995,0.00000,0.00005,0.00000
60.96125,0.84000,0.99995,0.00000,0.00005,0.00000
61.08125,0.84000,0.99993,0.00000,0.00006,0.00000
61.20125,0.84000,0.99993,0.00000,0.00007,0.00000
61.32125,0.84000,0.99996,0.00000,0.00004,0.00000
61.44125,0.84000,0.99997,0.00000,0.00003,0.00000
61.56125,0.84000,0.99997,0.00000,0.00003,0.00000
61.68125,0.84000,0.99998,0.00000,0.00001,0.00000
61.80125,0.84000,0.99999,0.00000,0.00001,0.00000
61.92125,0.84000,0.99999,0.00000,0.00001,0.00000
62.04125,0.84000,0.99999,0.00000,0.00001,0.00000
62.16125,0.84000,0.99999,0.00000,0.00000,0.00000
62.28125,0.84000,0.99999,0.00000,0.00001,0.00000
62.40125,0.84000,0.99993,0.00000,0.00007,0.00000
62.52125,0.84000,0.99982,0.00001,0.00014,0.00002
62.64125,0.84000,0.99926,0.00025,0.00000,0.00048
62.76125,0.84000,0.98344,0.00067,0.00000,0.01589
62.88125,0.84000,0.37602,0.00032,0.00003,0.62363
63.00125,0.84000,0.14292,0.00032,0.00004,0.85672
63.12125,0.84000,0.84993,0.00020,0.00002,0.14985
63.24125,0.84000,0.99148,0.00003,0.00000,0.00849
63.36125,0.84000,0.99978,0.00000,0.00002,0.00019
63.48125,0.84000,0.99976,0.00000,0.00023,0.00001
63.60125,0.84000,0.99999,0.00000,0.00001,0.00000
63.72125,0.84000,1.00000,0.00000,0.00000,0.00000
63.84125,0.84000,1.00000,0.00000,0.00000,0.00000
63.96125,0.84000,0.99993,0.00000,0.00006,0.00000
64.08125,0.84000,0.99943,0.00002,0.00053,0.00002
64.20125,0.84000,0.99896,0.00026,0.00028,0.00050
64.32125,0.84000,0.98818,0.00264,0.00003,0.00916
64.44125,0.84000,0.58936,0.00079,0.00032,0.40953
64.56125,0.84000,0.13468,0.00068,0.00088,0.86377
64.68125,0.84000,0.85269,0.00054,0.00069,0.14607
64.80125,0.84000,0.99731,0.00004,0.00004,0.00261
64.92125,0.84000,0.99964,0.00000,0.00002,0.00033
65.04125,0.84000,0.99975,0.00000,0.00024,0.00001
65.16125,0.84000,0.99998,0.00000,0.00002,0.00000
65.28125,0.84000,1.00000,0.00000,0.00000,0.00000
65.40125,0.84000,1.00000,0.00000,0.00000,0.00000
65.52125,0.84000,1.00000,0.00000,0.00000,0.00000
65.64125,0.84000,0.99999,0.00000,0.00001,0.00000
65.76125,0.84000,0.99995,0.00000,0.00005,0.00001
65.88125,0.84000,0.99960,0.00001,0.00029,0.00011
66.00125,0.84000,0.99843,0.00011,0.00007,0.00139
66.12125,0.84000,0.97477,0.00326,0.00001,0.02196
66.24125,0.84000,0.38396,0.00371,0.00004,0.61229
66.36125,0.84000,0.18176,0.00371,0.00020,0.81432
66.48125,0.84000,0.90362,0.00234,0.00011,0.09393
66.60125,0.84000,0.99810,0.00013,0.00001,0.00176
66.72125,0.84000,0.99959,0.00001,0.00001,0.00039
66.84125,0.84000,0.99990,0.00000,0.00009,0.00001
66.96125,0.84000,0.99998,0.00000,0.00002,0.00000
67.08125,0.84000,1.00000,0.00000,0.00000,0.00000
67.20125,0.84000,1.00000,0.00000,0.00000,0.00000
67.32125,0.84000,1.00000,0.00000,0.00000,0.00000
67.44125,0.84000,0.99999,0.00000,0.00001,0.00000
67.56125,0.84000,0.99989,0.00000,0.00009,0.00002
67.68125,0.84000,0.99897,0.00002,0.00069,0.00032
67.80125,0.84000,0.99361,0.00034,0.00023,0.00582
67.92125,0.84000,0.91204,0.00799,0.00008,0.07989
68.04125,0.84000,0.21852,0.00073,0.00055,0.78019
68.16125,0.84000,0.19336,0.00037,0.00124,0.80502
68.28125,0.84000,0.94004,0.00013,0.00043,0.05939
68.40125,0.84000,0.99779,0.00001,0.00004,0.00216
68.52125,0.84000,0.99977,0.00000,0.00002,0.00021
68.64125,0.84000,0.99979,0.00000,0.00020,0.00001
68.76125,0.84000,1.00000,0.00000,0.00000,0.00000
68.88125,0.84000,1.00000,0.00000,0.00000,0.00000
69.00125,0.84000,1.00000,0.00000,0.00000,0.00000
69.12125,0.84000,1.00000,0.00000,0.00000,0.00000
69.24125,0.84000,0.99998,0.00000,0.00001,0.00000
69.36125,0.84000,0.99987,0.00000,0.00011,0.00002
69.48125,0.84000,0.99896,0.00002,0.00070,0.00032
69.60125,0.84000,0.99482,0.00038,0.00005,0.00474
69.72125,0.84000,0.92134,0.00686,0.00001,0.07180
69.84125,0.84000,0.16468,0.00102,0.00006,0.83424
69.96125,0.84000,0.21316,0.00090,0.00016,0.78577
70.08125,0.84000,0.94580,0.00037,0.00006,0.05377
70.20125,0.84000,0.99590,0.00007,0.00001,0.00402
70.32125,0.84000,0.99967,0.00001,0.00001,0.00031
70.44125,0.84000,0.99977,0.00000,0.00021,0.00001
70.56125,0.84000,0.99999,0.00000,0.00001,0.00000
70.68125,0.84000,1.00000,0.00000,0.00000,0.00000
70.80125,0.84000,1.00000,0.00000,0.00000,0.00000
70.92125,0.84000,1.00000,0.00000,0.00000,0.00000
71.04125,0.84000,0.99998,0.00000,0.00002,0.00000
71.16125,0.84000,0.99978,0.00001,0.00018,0.00004
71.28125,0.84000,0.99954,0.00013,0.00002,0.00031
71.40125,0.84000,0.99348,0.00058,0.00002,0.00592
71.52125,0.84000,0.79941,0.00035,0.00042,0.19982
71.64125,0.84000,0.63234,0.00165,0.00287,0.36313
71.76125,0.84000,0.95373,0.00053,0.00062,0.04513
71.88125,0.84000,0.99813,0.00004,0.00010,0.00173
72.00125,0.84000,0.99981,0.00000,0.00007,0.00011
72.12125,0.84000,0.99879,0.00000,0.00120,0.00001
72.24125,0.84000,0.99997,0.00000,0.00003,0.00000
72.36125,0.84000,1.00000,0.00000,0.00000,0.00000
72.48125,0.84000,1.00000,0.00000,0.00000,0.00000
72.60125,0.84000,0.99998,0.00000,0.00002,0.00000
72.72125,0.84000,0.99985,0.00000,0.00013,0.00002
72.84125,0.84000,0.99909,0.00002,0.00067,0.00022
72.96125,0.84000,0.99158,0.00009,0.00342,0.00491
73.08125,0.84000,0.84620,0.00120,0.00330,0.14930
73.20125,0.84000,0.35513,0.02560,0.00020,0.61907
73.32125,0.84000,0.18702,0.01586,0.00007,0.79705
73.44125,0.84000,0.06260,0.00510,0.00010,0.93219
73.56125,0.84000,0.63636,0.01440,0.00028,0.34897
73.68125,0.84000,0.96114,0.00392,0.00007,0.03486
73.80125,0.84000,0.99706,0.00034,0.00002,0.00259
73.92125,0.84000,0.99972,0.00002,0.00014,0.00012
74.04125,0.84000,0.99983,0.00000,0.00017,0.00001
74.16125,0.84000,1.00000,0.00000,0.00000,0.00000
74.28125,0.84000,1.00000,0.00000,0.00000,0.00000
74.40125,0.84000,0.99999,0.00000,0.00001,0.00000
74.52125,0.84000,0.99992,0.00000,0.00005,0.00003
74.64125,0.84000,0.99890,0.00002,0.00056,0.00052
74.76125,0.84000,0.98837,0.00019,0.00477,0.00667
74.88125,0.84000,0.90251,0.00158,0.02060,0.07531
75.00125,0.84000,0.58256,0.03187,0.00775,0.37782
75.12125,0.84000,0.28088,0.03189,0.00413,0.68310
75.24125,0.84000,0.12769,0.01401,0.00817,0.85013
75.36125,0.84000,0.83155,0.01669,0.00661,0.14515
75.48125,0.84000,0.99007,0.00250,0.00112,0.00631
75.60125,0.84000,0.99901,0.00022,0.00012,0.00066
75.72125,0.84000,0.99972,0.00002,0.00019,0.00007
75.84125,0.84000,0.99988,0.00000,0.00011,0.00001
75.96125,0.84000,1.00000,0.00000,0.00000,0.00000
76.08125,0.84000,1.00000,0.00000,0.00000,0.00000
76.20125,0.84000,1.00000,0.00000,0.00000,0.00000
76.32125,0.84000,0.99995,0.00000,0.00003,0.00001
76.44125,0.84000,0.99961,0.00001,0.00028,0.00010
76.56125,0.84000,0.99893,0.00004,0.00040,0.00063
76.68125,0.84000,0.98744,0.00110,0.00003,0.01143
76.80125,0.84000,0.77445,0.00541,0.00017,0.21998
76.92125,0.84000,0.09394,0.00153,0.00040,0.90413
77.04125,0.84000,0.77143,0.00683,0.00086,0.22088
77.16125,0.84000,0.99047,0.00066,0.00007,0.00880
77.28125,0.84000,0.99938,0.00005,0.00001,0.00056
77.40125,0.84000,0.99980,0.00001,0.00013,0.00007
77.52125,0.84000,0.99994,0.00000,0.00006,0.00000
77.64125,0.84000,1.00000,0.00000,0.00000,0.00000
77.76125,0.84000,1.00000,0.00000,0.00000,0.00000
77.88125,0.84000,1.00000,0.00000,0.00000,0.00000
78.00125,0.84000,0.99996,0.00000,0.00004,0.00001
78.12125,0.84000,0.99980,0.00000,0.00016,0.00003
78.24125,0.84000,0.99927,0.00002,0.00014,0.00058
78.36125,0.84000,0.98748,0.00065,0.00001,0.01187
78.48125,0.84000,0.77450,0.00179,0.00005,0.22366
78.60125,0.84000,0.09691,0.00029,0.00017,0.90263
78.72125,0.84000,0.86600,0.00340,0.00058,0.13003
78.84125,0.84000,0.99346,0.00017,0.00005,0.00631
78.96125,0.84000,0.99958,0.00002,0.00001,0.00040
79.08125,0.84000,0.99914,0.00000,0.00083,0.00003
79.20125,0.84000,0.99988,0.00000,0.00012,0.00000
79.32125,0.84000,1.00000,0.00000,0.00000,0.00000
79.44125,0.84000,1.00000,0.00000,0.00000,0.00000
79.56125,0.84000,0.99998,0.00000,0.00001,0.00000
79.68125,0.84000,0.99972,0.00000,0.00020,0.00008
79.80125,0.84000,0.99825,0.00002,0.00095,0.00079
79.92125,0.84000,0.98880,0.00028,0.00012,0.01080
80.04125,0.84000,0.84556,0.00757,0.00001,0.14686
80.16125,0.84000,0.09369,0.00091,0.00008,0.90532
80.28125,0.84000,0.19405,0.00096,0.00018,0.80481
80.40125,0.84000,0.95030,0.00085,0.00008,0.04877
80.52125,0.84000,0.99699,0.00005,0.00001,0.00295
80.64125,0.84000,0.99982,0.00000,0.00001,0.00017
80.76125,0.84000,0.99971,0.00000,0.00027,0.00001
80.88125,0.84000,0.99999,0.00000,0.00001,0.00000
81.00125,0.84000,1.00000,0.00000,0.00000,0.00000
81.12125,0.84000,1.00000,0.00000,0.00000,0.00000
81.24125,0.84000,1.00000,0.00000,0.00000,0.00000
81.36125,0.84000,0.99997,0.00000,0.00002,0.00001
81.48125,0.84000,0.99982,0.00000,0.00013,0.00005
81.60125,0.84000,0.99885,0.00002,0.00045,0.00068
81.72125,0.84000,0.98844,0.00046,0.00012,0.01098
81.84125,0.84000,0.78818,0.00287,0.00063,0.20832
81.96125,0.84000,0.06381,0.00060,0.00232,0.93327
82.08125,0.84000,0.80602,0.00376,0.00548,0.18474
82.20125,0.84000,0.98136,0.00118,0.00188,0.01558
82.32125,0.84000,0.99890,0.00008,0.00020,0.00083
82.44125,0.84000,0.99875,0.00001,0.00117,0.00008
82.56125,0.84000,0.99979,0.00000,0.00020,0.00000
82.68125,0.84000,1.00000,0.00000,0.00000,0.00000
82.80125,0.84000,0.99998,0.00000,0.00002,0.00000
82.92125,0.84000,0.99991,0.00000,0.00007,0.00002
83.04125,0.84000,0.99906,0.00002,0.00060,0.00033
83.16125,0.84000,0.99628,0.00012,0.00019,0.00341
83.28125,0.84000,0.93078,0.00301,0.00008,0.06613
83.40125,0.84000,0.26898,0.00215,0.00045,0.72842
83.52125,0.84000,0.08685,0.00031,0.00120,0.91165
83.64125,0.84000,0.84842,0.00060,0.00135,0.14963
83.76125,0.84000,0.99143,0.00006,0.00026,0.00825
83.88125,0.84000,0.99909,0.00001,0.00009,0.00081
84.00125,0.84000,0.99892,0.00000,0.00102,0.00005
84.12125,0.84000,0.99992,0.00000,0.00008,0.00000
84.24125,0.84000,1.00000,0.00000,0.00000,0.00000
84.36125,0.84000,1.00000,0.00000,0.00000,0.00000
84.48125,0.84000,0.99997,0.00000,0.00002,0.00001
84.60125,0.84000,0.99968,0.00000,0.00021,0.00010
84.72125,0.84000,0.99878,0.00004,0.00038,0.00080
84.84125,0.84000,0.98395,0.00082,0.00002,0.01520
84.96125,0.84000,0.61252,0.00404,0.00020,0.38325
85.08125,0.84000,0.13824,0.00168,0.00042,0.85966
85.20125,0.84000,0.87316,0.00688,0.00095,0.11901
85.32125,0.84000,0.99496,0.00046,0.00007,0.00451
85.44125,0.84000,0.99937,0.00007,0.00002,0.00054
85.56125,0.84000,0.99986,0.00000,0.00012,0.00002
85.68125,0.84000,0.99995,0.00000,0.00005,0.00000
85.80125,0.84000,1.00000,0.00000,0.00000,0.00000
85.92125,0.84000,1.00000,0.00000,0.00000,0.00000
86.04125,0.84000,0.99998,0.00000,0.00002,0.00000
86.16125,0.84000,0.99981,0.00000,0.00013,0.00005
86.28125,0.84000,0.99861,0.00003,0.00057,0.00078
86.40125,0.84000,0.98750,0.00148,0.00010,0.01092
86.52125,0.84000,0.76260,0.00825,0.00021,0.22894
86.64125,0.84000,0.09192,0.00171,0.00081,0.90556
86.76125,0.84000,0.80012,0.00738,0.00150,0.19100
86.88125,0.84000,0.99056,0.00116,0.00030,0.00797
87.00125,0.84000,0.99927,0.00006,0.00003,0.00064
87.12125,0.84000,0.99980,0.00001,0.00014,0.00006
87.24125,0.84000,0.99992,0.00000,0.00008,0.00000
87.36125,0.84000,1.00000,0.00000,0.00000,0.00000
87.48125,0.84000,1.00000,0.00000,0.00000,0.00000
87.60125,0.84000,1.00000,0.00000,0.00000,0.00000
87.72125,0.84000,0.99998,0.00000,0.00001,0.00000
87.84125,0.84000,0.99987,0.00000,0.00009,0.00004
87.96125,0.84000,0.99882,0.00001,0.00056,0.00061
88.08125,0.84000,0.99155,0.00021,0.00012,0.00812
88.20125,0.84000,0.87221,0.00517,0.00001,0.12261
88.32125,0.84000,0.14686,0.00112,0.00003,0.85199
88.44125,0.84000,0.19366,0.00146,0.00011,0.80476
88.56125,0.84000,0.92479,0.00153,0.00007,0.07360
88.68125,0.84000,0.99678,0.00011,0.00001,0.00310
88.80125,0.84000,0.99949,0.00001,0.00001,0.00049
88.92125,0.84000,0.99968,0.00000,0.00031,0.00002
89.04125,0.84000,0.99997,0.00000,0.00003,0.00000
89.16125,0.84000,1.00000,0.00000,0.00000,0.00000
89.28125,0.84000,1.00000,0.00000,0.00000,0.00000
89.40125,0.84000,0.99994,0.00000,0.00004,0.00002
89.52125,0.84000,0.99946,0.00001,0.00037,0.00016
89.64125,0.84000,0.99717,0.00004,0.00082,0.00197
89.76125,0.84000,0.96802,0.00146,0.00013,0.03040
89.88125,0.84000,0.60270,0.00547,0.00023,0.39160
90.00125,0.84000,0.05601,0.00057,0.00074,0.94268
90.12125,0.84000,0.59063,0.00103,0.00140,0.40694
90.24125,0.84000,0.98163,0.00014,0.00020,0.01802
90.36125,0.84000,0.99855,0.00001,0.00003,0.00141
90.48125,0.84000,0.99978,0.00000,0.00013,0.00008
90.60125,0.84000,0.99990,0.00000,0.00010,0.00000
90.72125,0.84000,1.00000,0.00000,0.00000,0.00000
90.84125,0.84000,1.00000,0.00000,0.00000,0.00000
90.96125,0.84000,1.00000,0.00000,0.00000,0.00000
91.08125,0.84000,0.99998,0.00000,0.00002,0.00001
91.20125,0.84000,0.99982,0.00000,0.00013,0.00005
91.32125,0.84000,0.99890,0.00004,0.00038,0.00068
91.44125,0.84000,0.98877,0.00113,0.00006,0.01005
91.56125,0.84000,0.75022,0.01216,0.00004,0.23758
91.68125,0.84000,0.07661,0.00219,0.00023,0.92097
91.80125,0.84000,0.56745,0.00247,0.00020,0.42988
91.92125,0.84000,0.96610,0.00072,0.00007,0.03311
92.04125,0.84000,0.99651,0.00006,0.00001,0.00342
92.16125,0.84000,0.99983,0.00000,0.00002,0.00014
92.28125,0.84000,0.99992,0.00000,0.00007,0.00001
92.40125,0.84000,1.00000,0.00000,0.00000,0.00000
92.52125,0.84000,1.00000,0.00000,0.00000,0.00000
92.64125,0.84000,0.99999,0.00000,0.00001,0.00000
92.76125,0.84000,0.99992,0.00000,0.00006,0.00002
92.88125,0.84000,0.99934,0.00001,0.00037,0.00028
93.00125,0.84000,0.99421,0.00015,0.00034,0.00531
93.12125,0.84000,0.92613,0.00589,0.00004,0.06794
93.24125,0.84000,0.19070,0.00244,0.00027,0.80658
93.36125,0.84000,0.21845,0.00301,0.00081,0.77773
93.48125,0.84000,0.93526,0.00397,0.00050,0.06028
93.60125,0.84000,0.99792,0.00025,0.00004,0.00179
93.72125,0.84000,0.99979,0.00003,0.00001,0.00016
93.84125,0.84000,0.99968,0.00000,0.00031,0.00001
93.96125,0.84000,0.99999,0.00000,0.00001,0.00000
94.08125,0.84000,1.00000,0.00000,0.00000,0.00000
94.20125,0.84000,1.00000,0.00000,0.00000,0.00000
94.32125,0.84000,0.99999,0.00000,0.00001,0.00000
94.44125,0.84000,0.99980,0.00000,0.00015,0.00005
94.56125,0.84000,0.99880,0.00001,0.00071,0.00047
94.68125,0.84000,0.99204,0.00013,0.00177,0.00606
94.80125,0.84000,0.89932,0.00433,0.00012,0.09623
94.92125,0.84000,0.23632,0.01269,0.00021,0.75077
95.04125,0.84000,0.07313,0.00332,0.00035,0.92319
95.16125,0.84000,0.57648,0.00530,0.00072,0.41749
95.28125,0.84000,0.97967,0.00084,0.00011,0.01938
95.40125,0.84000,0.99874,0.00006,0.00001,0.00118
95.52125,0.84000,0.99984,0.00000,0.00010,0.00006
95.64125,0.84000,0.99990,0.00000,0.00009,0.00000
95.76125,0.84000,1.00000,0.00000,0.00000,0.00000
95.88125,0.84000,1.00000,0.00000,0.00000,0.00000
96.00125,0.84000,1.00000,0.00000,0.00000,0.00000
96.12125,0.84000,0.99997,0.00000,0.00002,0.00000
96.24125,0.84000,0.99975,0.00000,0.00019,0.00007
96.36125,0.84000,0.99857,0.00003,0.00063,0.00078
96.48125,0.84000,0.98448,0.00066,0.00014,0.01472
96.60125,0.84000,0.70725,0.00513,0.00047,0.28715
96.72125,0.84000,0.06767,0.00149,0.00152,0.92932
96.84125,0.84000,0.63137,0.00219,0.00250,0.36394
96.96125,0.84000,0.98484,0.00068,0.00063,0.01385
97.08125,0.84000,0.99898,0.00005,0.00008,0.00090
97.20125,0.84000,0.99973,0.00000,0.00021,0.00005
97.32125,0.84000,0.99986,0.00000,0.00014,0.00000
97.44125,0.84000,1.00000,0.00000,0.00000,0.00000
97.56125,0.84000,1.00000,0.00000,0.00000,0.00000
97.68125,0.84000,1.00000,0.00000,0.00000,0.00000
97.80125,0.84000,0.99998,0.00000,0.00001,0.00000
97.92125,0.84000,0.99982,0.00000,0.00014,0.00004
98.04125,0.84000,0.99874,0.00001,0.00084,0.00041
98.16125,0.84000,0.99106,0.00006,0.00368,0.00520
98.28125,0.84000,0.93373,0.00083,0.00195,0.06349
98.40125,0.84000,0.40289,0.01055,0.00024,0.58631
98.52125,0.84000,0.13448,0.00289,0.00052,0.86211
98.64125,0.84000,0.18425,0.00203,0.00101,0.81271
98.76125,0.84000,0.87726,0.00087,0.00060,0.12126
98.88125,0.84000,0.99448,0.00011,0.00006,0.00535
99.00125,0.84000,0.99942,0.00002,0.00003,0.00052
99.12125,0.84000,0.99984,0.00000,0.00014,0.00002
99.24125,0.84000,0.99998,0.00000,0.00002,0.00000
99.36125,0.84000,1.00000,0.00000,0.00000,0.00000
99.48125,0.84000,1.00000,0.00000,0.00000,0.00000
99.60125,0.84000,1.00000,0.00000,0.00000,0.00000
99.72125,0.84000,0.99997,0.00000,0.00002,0.00000
99.84125,0.84000,0.99979,0.00000,0.00014,0.00007
99.96125,0.84000,0.99816,0.00001,0.00100,0.00082
100.08125,0.84000,0.98777,0.00039,0.00040,0.01145
100.20125,0.84000,0.77224,0.00541,0.00092,0.22143
100.32125,0.84000,0.10857,0.00336,0.00301,0.88506
100.44125,0.84000,0.66431,0.01012,0.00443,0.32114
100.56125,0.84000,0.98647,0.00210,0.00078,0.01066
100.68125,0.84000,0.99893,0.00025,0.00010,0.00072
100.80125,0.84000,0.99982,0.00002,0.00009,0.00006
100.92125,0.84000,0.99995,0.00000,0.00004,0.00000
101.04125,0.84000,1.00000,0.00000,0.00000,0.00000
101.16125,0.84000,1.00000,0.00000,0.00000,0.00000
101.28125,0.84000,1.00000,0.00000,0.00000,0.00000
101.40125,0.84000,0.99998,0.00000,0.00002,0.00000
101.52125,0.84000,0.99982,0.00000,0.00015,0.00004
101.64125,0.84000,0.99839,0.00001,0.00104,0.00055
101.76125,0.84000,0.99152,0.00021,0.00129,0.00698
101.88125,0.84000,0.88839,0.00533,0.00004,0.10624
102.00125,0.84000,0.22017,0.00632,0.00010,0.77341
102.12125,0.84000,0.09192,0.00180,0.00013,0.90615
102.24125,0.84000,0.71707,0.00272,0.00025,0.27996
102.36125,0.84000,0.99133,0.00039,0.00002,0.00826
102.48125,0.84000,0.99899,0.00005,0.00001,0.00096
102.60125,0.84000,0.99986,0.00000,0.00010,0.00004
102.72125,0.84000,0.99993,0.00000,0.00006,0.00000
102.84125,0.84000,1.00000,0.00000,0.00000,0.00000
102.96125,0.84000,1.00000,0.00000,0.00000,0.00000
103.08125,0.84000,1.00000,0.00000,0.00000,0.00000
103.20125,0.84000,0.99998,0.00000,0.00002,0.00000
103.32125,0.84000,0.99983,0.00000,0.00013,0.00003
103.44125,0.84000,0.99863,0.00001,0.00083,0.00053
103.56125,0.84000,0.99093,0.00028,0.00034,0.00844
103.68125,0.84000,0.85265,0.00411,0.00022,0.14302
103.80125,0.84000,0.10750,0.00080,0.00116,0.89054
103.92125,0.84000,0.20705,0.00071,0.00228,0.78996
104.04125,0.84000,0.94805,0.00067,0.00122,0.05006
104.16125,0.84000,0.99747,0.00003,0.00014,0.00235
104.28125,0.84000,0.99982,0.00000,0.00007,0.00011
104.40125,0.84000,0.99961,0.00000,0.00038,0.00001
104.52125,0.84000,0.99999,0.00000,0.00001,0.00000
104.64125,0.84000,1.00000,0.00000,0.00000,0.00000
104.76125,0.84000,1.00000,0.00000,0.00000,0.00000
104.88125,0.84000,1.00000,0.00000,0.00000,0.00000
105.00125,0.84000,0.99993,0.00000,0.00005,0.00001
105.12125,0.84000,0.99945,0.00000,0.00035,0.00019
105.24125,0.84000,0.99574,0.00006,0.00186,0.00234
105.36125,0.84000,0.96470,0.00128,0.00056,0.03346
105.48125,0.84000,0.57245,0.01601,0.00031,0.41123
105.60125,0.84000,0.08892,0.00284,0.00106,0.90718
105.72125,0.84000,0.28759,0.00306,0.00234,0.70700
105.84125,0.84000,0.96555,0.00123,0.00066,0.03256
105.96125,0.84000,0.99830,0.00010,0.00007,0.00152
106.08125,0.84000,0.99981,0.00001,0.00006,0.00011
106.20125,0.84000,0.99976,0.00000,0.00024,0.00001
106.32125,0.84000,0.99999,0.00000,0.00001,0.00000
106.44125,0.84000,1.00000,0.00000,0.00000,0.00000
106.56125,0.84000,1.00000,0.00000,0.00000,0.00000
106.68125,0.84000,0.99999,0.00000,0.00001,0.00000
106.80125,0.84000,0.99992,0.00000,0.00007,0.00002
106.92125,0.84000,0.99921,0.00001,0.00055,0.00023
107.04125,0.84000,0.99680,0.00009,0.00050,0.00261
107.16125,0.84000,0.94934,0.00311,0.00006,0.04749
107.28125,0.84000,0.43835,0.00461,0.00030,0.55674
107.40125,0.84000,0.09530,0.00131,0.00050,0.90289
107.52125,0.84000,0.80877,0.00217,0.00053,0.18853
107.64125,0.84000,0.98521,0.00043,0.00009,0.01427
107.76125,0.84000,0.99854,0.00008,0.00003,0.00135
107.88125,0.84000,0.99975,0.00000,0.00021,0.00004
108.00125,0.84000,0.99995,0.00000,0.00005,0.00000
108.12125,0.84000,1.00000,0.00000,0.00000,0.00000
108.24125,0.84000,1.00000,0.00000,0.00000,0.00000
108.36125,0.84000,1.00000,0.00000,0.00000,0.00000
108.48125,0.84000,0.99998,0.00000,0.00002,0.00000
108.60125,0.84000,0.99981,0.00000,0.00014,0.00006
108.72125,0.84000,0.99848,0.00003,0.00079,0.00070
108.84125,0.84000,0.98952,0.00065,0.00013,0.00970
108.96125,0.84000,0.79507,0.00919,0.00006,0.19568
109.08125,0.84000,0.08425,0.00081,0.00038,0.91457
109.20125,0.84000,0.17480,0.00069,0.00069,0.82382
109.32125,0.84000,0.93401,0.00038,0.00029,0.06532
109.44125,0.84000,0.99383,0.00005,0.00004,0.00608
109.56125,0.84000,0.99971,0.00001,0.00004,0.00024
109.68125,0.84000,0.99970,0.00000,0.00028,0.00002
109.80125,0.84000,0.99999,0.00000,0.00001,0.00000
109.92125,0.84000,1.00000,0.00000,0.00000,0.00000
110.04125,0.84000,1.00000,0.00000,0.00000,0.00000
110.16125,0.84000,0.99999,0.00000,0.00001,0.00000
110.28125,0.84000,0.99992,0.00000,0.00007,0.00002
110.40125,0.84000,0.99927,0.00001,0.00049,0.00023
110.52125,0.84000,0.99593,0.00008,0.00014,0.00384
110.64125,0.84000,0.92861,0.00341,0.00006,0.06793
110.76125,0.84000,0.29196,0.00277,0.00020,0.70506
110.88125,0.84000,0.05697,0.00044,0.00037,0.94223
111.00125,0.84000,0.62073,0.00091,0.00050,0.37786
111.12125,0.84000,0.97528,0.00025,0.00013,0.02433
111.24125,0.84000,0.99843,0.00004,0.00007,0.00146
111.36125,0.84000,0.99961,0.00000,0.00028,0.00010
111.48125,0.84000,0.99989,0.00000,0.00010,0.00000
111.60125,0.84000,1.00000,0.00000,0.00000,0.00000
111.72125,0.84000,1.00000,0.00000,0.00000,0.00000
111.84125,0.84000,0.99999,0.00000,0.00001,0.00000
111.96125,0.84000,0.99993,0.00000,0.00006,0.00001
112.08125,0.84000,0.99936,0.00000,0.00050,0.00013
112.20125,0.84000,0.99701,0.00004,0.00127,0.00168
112.32125,0.84000,0.97452,0.00068,0.00007,0.02474
112.44125,0.84000,0.64099,0.01484,0.00002,0.34415
112.56125,0.84000,0.08697,0.00566,0.00006,0.90731
112.68125,0.84000,0.14616,0.00578,0.00009,0.84798
112.80125,0.84000,0.78910,0.00403,0.00006,0.20681
112.92125,0.84000,0.98899,0.00037,0.00001,0.01063
113.04125,0.84000,0.99910,0.00003,0.00002,0.00085
113.16125,0.84000,0.99981,0.00000,0.00014,0.00005
113.28125,0.84000,0.99999,0.00000,0.00001,0.00000
113.40125,0.84000,1.00000,0.00000,0.00000,0.00000
113.52125,0.84000,1.00000,0.00000,0.00000,0.00000
113.64125,0.84000,1.00000,0.00000,0.00000,0.00000
113.76125,0.84000,0.99995,0.00000,0.00004,0.00001
113.88125,0.84000,0.99963,0.00000,0.00027,0.00009
114.00125,0.84000,0.99823,0.00003,0.00036,0.00139
114.12125,0.84000,0.97170,0.00131,0.00009,0.02690
114.24125,0.84000,0.53016,0.00285,0.00043,0.46656
114.36125,0.84000,0.07146,0.00093,0.00086,0.92675
114.48125,0.84000,0.75381,0.00238,0.00131,0.24250
114.60125,0.84000,0.99285,0.00025,0.00013,0.00677
114.72125,0.84000,0.99928,0.00003,0.00003,0.00066
114.84125,0.84000,0.99976,0.00000,0.00020,0.00004
114.96125,0.84000,0.99994,0.00000,0.00006,0.00000
115.08125,0.84000,1.00000,0.00000,0.00000,0.00000
115.20125,0.84000,1.00000,0.00000,0.00000,0.00000
115.32125,0.84000,1.00000,0.00000,0.00000,0.00000
115.44125,0.84000,1.00000,0.00000,0.00000,0.00000
115.56125,0.84000,0.99997,0.00000,0.00002,0.00000
115.68125,0.84000,0.99981,0.00000,0.00014,0.00005
115.80125,0.84000,0.99850,0.00002,0.00090,0.00059
115.92125,0.84000,0.99074,0.00046,0.00012,0.00868
116.04125,0.84000,0.84401,0.00826,0.00002,0.14770
116.16125,0.84000,0.12942,0.00355,0.00009,0.86693
116.28125,0.84000,0.20808,0.00445,0.00018,0.78729
116.40125,0.84000,0.93704,0.00167,0.00005,0.06124
116.52125,0.84000,0.99487,0.00021,0.00001,0.00490
116.64125,0.84000,0.99965,0.00003,0.00001,0.00032
116.76125,0.84000,0.99984,0.00000,0.00015,0.00002
116.88125,0.84000,0.99999,0.00000,0.00001,0.00000
117.00125,0.84000,1.00000,0.00000,0.00000,0.00000
117.12125,0.84000,1.00000,0.00000,0.00000,0.00000
117.24125,0.84000,0.99999,0.00000,0.00001,0.00000
117.36125,0.84000,0.99994,0.00000,0.00005,0.00001
117.48125,0.84000,0.99946,0.00001,0.00045,0.00009
117.60125,0.84000,0.99786,0.00006,0.00063,0.00145
117.72125,0.84000,0.97049,0.00163,0.00004,0.02785
117.84125,0.84000,0.37671,0.00654,0.00015,0.61660
117.96125,0.84000,0.08514,0.00334,0.00020,0.91132
118.08125,0.84000,0.76614,0.00306,0.00025,0.23055
118.20125,0.84000,0.98572,0.00039,0.00002,0.01386
118.32125,0.84000,0.99877,0.00005,0.00001,0.00118
118.44125,0.84000,0.99988,0.00000,0.00006,0.00006
118.56125,0.84000,0.99994,0.00000,0.00006,0.00000
118.68125,0.84000,1.00000,0.00000,0.00000,0.00000
118.80125,0.84000,1.00000,0.00000,0.00000,0.00000
118.92125,0.84000,1.00000,0.00000,0.00000,0.00000
119.04125,0.84000,0.99995,0.00000,0.00004,0.00000
119.16125,0.84000,0.99970,0.00000,0.00026,0.00004
119.28125,0.84000,0.99881,0.00001,0.00059,0.00059
119.40125,0.84000,0.98879,0.00032,0.00011,0.01077
119.52125,0.84000,0.78918,0.00387,0.00005,0.20691
119.64125,0.84000,0.08760,0.00073,0.00022,0.91145
119.76125,0.84000,0.25179,0.00053,0.00037,0.74730
119.88125,0.84000,0.93309,0.00023,0.00012,0.06655
120.00125,0.84000,0.97917,0.00012,0.00008,0.02063
120.12125,0.84000,0.99502,0.00011,0.00029,0.00458
120.24125,0.84000,0.98165,0.00001,0.01602,0.00233
120.36125,0.84000,0.99884,0.00005,0.00101,0.00010
120.48125,0.84000,0.99928,0.00006,0.00060,0.00006
120.60125,0.84000,0.99871,0.00012,0.00103,0.00015
120.72125,0.84000,0.99886,0.00009,0.00094,0.00011
120.84125,0.84000,0.99948,0.00002,0.00047,0.00004
120.96125,0.84000,0.99989,0.00000,0.00010,0.00001
