Time (seconds), Duration (seconds),pred_(unlabeled),pred_Jab_R,pred_Sidehook_R,pred_Uppercut_R
0.00125,0.49750,0.99713,0.00023,0.00017,0.00246
0.10125,0.49750,0.99756,0.00015,0.00012,0.00216
0.20125,0.49750,0.99739,0.00012,0.00012,0.00237
0.30125,0.49750,0.99734,0.00010,0.00011,0.00245
0.40125,0.49750,0.99758,0.00006,0.00008,0.00228
0.50125,0.49750,0.99781,0.00004,0.00006,0.00209
0.60125,0.49750,0.99764,0.00005,0.00007,0.00224
0.70125,0.49750,0.99707,0.00005,0.00009,0.00279
0.80125,0.49750,0.98749,0.00015,0.00051,0.01184
0.90125,0.49750,0.98230,0.00065,0.00769,0.00936
1.00125,0.49750,0.90681,0.00330,0.08699,0.00290
1.10125,0.49750,0.17708,0.00201,0.82006,0.00086
1.20125,0.49750,0.02009,0.00037,0.97925,0.00029
1.30125,0.49750,0.01835,0.00033,0.98120,0.00012
1.40125,0.49750,0.02111,0.00018,0.97823,0.00048
1.50125,0.49750,0.02361,0.00057,0.97452,0.00130
1.60125,0.49750,0.14505,0.02239,0.82954,0.00302
1.70125,0.49750,0.22014,0.16165,0.61691,0.00130
1.80125,0.49750,0.22598,0.37723,0.39611,0.00068
1.90125,0.49750,0.30895,0.60260,0.08810,0.00035
2.00125,0.49750,0.87307,0.10640,0.01952,0.00100
2.10125,0.49750,0.99021,0.00594,0.00246,0.00139
2.20125,0.49750,0.99776,0.00046,0.00032,0.00146
2.30125,0.49750,0.99823,0.00008,0.00008,0.00161
2.40125,0.49750,0.99816,0.00004,0.00005,0.00174
2.50125,0.49750,0.99794,0.00004,0.00006,0.00197
2.60125,0.49750,0.99540,0.00007,0.00015,0.00438
2.70125,0.49750,0.97802,0.00028,0.00125,0.02045
2.80125,0.49750,0.97038,0.00098,0.01610,0.01253
2.90125,0.49750,0.76713,0.00548,0.22303,0.00436
3.00125,0.49750,0.06636,0.00094,0.93205,0.00065
3.10125,0.49750,0.01362,0.00013,0.98607,0.00018
3.20125,0.49750,0.01488,0.00013,0.98484,0.00015
3.30125,0.49750,0.03015,0.00010,0.96848,0.00126
3.40125,0.49750,0.07956,0.00047,0.91319,0.00678
3.50125,0.49750,0.38959,0.02215,0.57628,0.01198
3.60125,0.49750,0.41086,0.19582,0.38936,0.00396
3.70125,0.49750,0.29861,0.46347,0.23680,0.00112
3.80125,0.49750,0.51698,0.41896,0.06334,0.00072
3.90125,0.49750,0.93193,0.05364,0.01331,0.00111
4.00125,0.49750,0.99359,0.00351,0.00153,0.00137
4.10125,0.49750,0.99812,0.00020,0.00016,0.00152
4.20125,0.49750,0.99838,0.00003,0.00004,0.00154
4.30125,0.49750,0.99811,0.00004,0.00005,0.00180
4.40125,0.49750,0.99778,0.00004,0.00006,0.00211
4.50125,0.49750,0.99705,0.00004,0.00008,0.00282
4.60125,0.49750,0.98931,0.00008,0.00035,0.01026
4.70125,0.49750,0.96404,0.00041,0.00373,0.03182
4.80125,0.49750,0.91242,0.00112,0.04619,0.04028
4.90125,0.49750,0.54744,0.00434,0.43754,0.01068
5.00125,0.49750,0.06762,0.00497,0.92687,0.00053
5.10125,0.49750,0.01718,0.00016,0.98258,0.00008
5.20125,0.49750,0.02598,0.00037,0.97349,0.00016
5.30125,0.49750,0.02903,0.00022,0.97035,0.00041
5.40125,0.49750,0.02923,0.00039,0.96942,0.00096
5.50125,0.49750,0.12297,0.00299,0.86978,0.00426
5.60125,0.49750,0.22507,0.28711,0.48503,0.00280
5.70125,0.49750,0.20056,0.37150,0.42687,0.00106
5.80125,0.49750,0.21775,0.69601,0.08588,0.00036
5.90125,0.49750,0.79284,0.18949,0.01647,0.00119
6.00125,0.49750,0.98355,0.01202,0.00279,0.00164
6.10125,0.49750,0.99678,0.00090,0.00049,0.00182
6.20125,0.49750,0.99827,0.00010,0.00010,0.00153
6.30125,0.49750,0.99812,0.00003,0.00005,0.00180
6.40125,0.49750,0.99119,0.00010,0.00035,0.00836
6.50125,0.49750,0.97520,0.00027,0.00264,0.02188
6.60125,0.49750,0.96331,0.00083,0.02447,0.01139
6.70125,0.49750,0.54625,0.00390,0.44684,0.00301
6.80125,0.49750,0.07542,0.00018,0.92367,0.00073
6.90125,0.49750,0.06199,0.00064,0.93708,0.00030
7.00125,0.49750,0.04500,0.00036,0.95438,0.00027
7.10125,0.49750,0.03874,0.00049,0.96016,0.00061
7.20125,0.49750,0.14127,0.00356,0.85234,0.00283
7.30125,0.49750,0.14169,0.22728,0.63025,0.00078
7.40125,0.49750,0.10846,0.15562,0.73564,0.00029
7.50125,0.49750,0.26230,0.45755,0.27990,0.00025
7.60125,0.49750,0.73459,0.19303,0.07185,0.00053
7.70125,0.49750,0.97956,0.01262,0.00695,0.00088
7.80125,0.49750,0.99781,0.00064,0.00039,0.00117
7.90125,0.49750,0.99817,0.00010,0.00008,0.00165
8.00125,0.49750,0.99828,0.00006,0.00006,0.00159
8.10125,0.49750,0.99800,0.00006,0.00007,0.00186
8.20125,0.49750,0.99772,0.00006,0.00008,0.00214
8.30125,0.49750,0.99751,0.00006,0.00009,0.00234
8.40125,0.49750,0.99726,0.00007,0.00010,0.00258
8.50125,0.49750,0.99237,0.00010,0.00031,0.00723
8.60125,0.49750,0.98074,0.00037,0.00336,0.01553
8.70125,0.49750,0.94493,0.00100,0.03733,0.01674
8.80125,0.49750,0.56455,0.00430,0.42696,0.00419
8.90125,0.49750,0.05984,0.00115,0.93869,0.00032
9.00125,0.49750,0.01327,0.00011,0.98653,0.00008
9.10125,0.49750,0.02003,0.00028,0.97957,0.00012
9.20125,0.49750,0.02423,0.00020,0.97521,0.00035
9.30125,0.49750,0.06510,0.00128,0.93198,0.00163
9.40125,0.49750,0.20591,0.02696,0.76312,0.00401
9.50125,0.49750,0.19082,0.35645,0.45194,0.00079
9.60125,0.49750,0.24555,0.47244,0.28138,0.00063
9.70125,0.49750,0.42245,0.51369,0.06346,0.00041
9.80125,0.49750,0.89067,0.08784,0.02029,0.00120
9.90125,0.49750,0.98840,0.00671,0.00319,0.00170
10.00125,0.49750,0.99730,0.00030,0.00023,0.00217
10.10125,0.49750,0.99761,0.00008,0.00009,0.00221
10.20125,0.49750,0.99745,0.00007,0.00010,0.00237
10.30125,0.49750,0.99600,0.00007,0.00018,0.00375
10.40125,0.49750,0.98187,0.00023,0.00097,0.01693
10.50125,0.49750,0.96657,0.00078,0.01190,0.02075
10.60125,0.49750,0.86267,0.00420,0.12296,0.01017
10.70125,0.49750,0.15649,0.00310,0.83900,0.00141
10.80125,0.49750,0.01837,0.00007,0.98126,0.00030
10.90125,0.49750,0.01154,0.00012,0.98823,0.00010
11.00125,0.49750,0.00886,0.00007,0.99091,0.00016
11.10125,0.49750,0.00771,0.00007,0.99196,0.00026
11.20125,0.49750,0.01941,0.00064,0.97947,0.00048
11.30125,0.49750,0.04122,0.05997,0.89863,0.00019
11.40125,0.49750,0.05511,0.08483,0.85993,0.00013
11.50125,0.49750,0.22817,0.29844,0.47314,0.00025
11.60125,0.49750,0.75740,0.14807,0.09374,0.00079
11.70125,0.49750,0.98091,0.01237,0.00551,0.00121
11.80125,0.49750,0.99666,0.00086,0.00052,0.00196
11.90125,0.49750,0.99729,0.00016,0.00014,0.00241
12.00125,0.49750,0.99461,0.00014,0.00023,0.00503
12.10125,0.49750,0.97641,0.00045,0.00140,0.02174
12.20125,0.49750,0.95750,0.00068,0.01074,0.03108
12.30125,0.49750,0.85986,0.00274,0.12453,0.01287
12.40125,0.49750,0.16216,0.00309,0.83243,0.00232
12.50125,0.49750,0.01459,0.00005,0.98479,0.00057
12.60125,0.49750,0.01391,0.00007,0.98564,0.00038
12.70125,0.49750,0.01139,0.00005,0.98791,0.00064
12.80125,0.49750,0.02159,0.00017,0.97575,0.00249
12.90125,0.49750,0.14691,0.00178,0.84575,0.00556
13.00125,0.49750,0.34407,0.16477,0.48977,0.00139
13.10125,0.49750,0.24429,0.28531,0.46999,0.00041
13.20125,0.49750,0.34372,0.51363,0.14242,0.00024
13.30125,0.49750,0.83900,0.12529,0.03514,0.00057
13.40125,0.49750,0.97944,0.01297,0.00611,0.00149
13.50125,0.49750,0.99641,0.00089,0.00063,0.00207
13.60125,0.49750,0.99741,0.00014,0.00013,0.00232
13.70125,0.49750,0.99789,0.00007,0.00007,0.00197
13.80125,0.49750,0.99038,0.00024,0.00028,0.00910
13.90125,0.49750,0.97556,0.00063,0.00153,0.02228
14.00125,0.49750,0.97960,0.00184,0.00719,0.01137
14.10125,0.49750,0.84904,0.00711,0.13572,0.00814
14.20125,0.49750,0.14783,0.00046,0.83845,0.01326
14.30125,0.49750,0.08348,0.00020,0.90796,0.00836
14.40125,0.49750,0.09238,0.00007,0.89091,0.01665
14.50125,0.49750,0.03418,0.00003,0.94311,0.02269
14.60125,0.49750,0.07074,0.00013,0.89552,0.03361
14.70125,0.49750,0.28821,0.02259,0.68083,0.00837
14.80125,0.49750,0.16232,0.05726,0.77927,0.00115
14.90125,0.49750,0.25367,0.30245,0.44358,0.00030
15.00125,0.49750,0.71885,0.19262,0.08812,0.00042
15.10125,0.49750,0.97965,0.01450,0.00521,0.00064
15.20125,0.49750,0.99676,0.00123,0.00075,0.00126
15.30125,0.49750,0.99847,0.00010,0.00010,0.00132
15.40125,0.49750,0.99713,0.00005,0.00008,0.00274
15.50125,0.49750,0.98253,0.00016,0.00043,0.01688
15.60125,0.49750,0.95986,0.00039,0.00272,0.03704
15.70125,0.49750,0.95770,0.00061,0.01010,0.03159
15.80125,0.49750,0.72166,0.00476,0.26329,0.01030
15.90125,0.49750,0.22848,0.00066,0.76814,0.00271
16.00125,0.49750,0.04840,0.00021,0.95096,0.00043
16.10125,0.49750,0.03323,0.00013,0.96619,0.00045
16.20125,0.49750,0.01363,0.00011,0.98602,0.00025
16.30125,0.49750,0.04995,0.00030,0.94813,0.00161
16.40125,0.49750,0.07536,0.01861,0.90482,0.00121
16.50125,0.49750,0.13078,0.08179,0.78672,0.00071
16.60125,0.49750,0.31807,0.28786,0.39355,0.00052
16.70125,0.49750,0.77400,0.14975,0.07530,0.00095
16.80125,0.49750,0.97445,0.01647,0.00767,0.00141
16.90125,0.49750,0.99703,0.00081,0.00055,0.00161
17.00125,0.49750,0.99791,0.00010,0.00011,0.00189
17.10125,0.49750,0.99731,0.00005,0.00010,0.00254
17.20125,0.49750,0.98976,0.00010,0.00041,0.00973
17.30125,0.49750,0.97791,0.00044,0.00520,0.01645
17.40125,0.49750,0.93895,0.00121,0.04694,0.01291
17.50125,0.49750,0.40921,0.00537,0.58323,0.00220
17.60125,0.49750,0.04871,0.00054,0.95041,0.00035
17.70125,0.49750,0.01519,0.00040,0.98429,0.00011
17.80125,0.49750,0.02766,0.00021,0.97167,0.00046
17.90125,0.49750,0.01709,0.00012,0.98206,0.00072
18.00125,0.49750,0.05463,0.00061,0.94147,0.00329
18.10125,0.49750,0.19178,0.02839,0.77630,0.00353
18.20125,0.49750,0.29758,0.06394,0.63663,0.00186
18.30125,0.49750,0.45878,0.23767,0.30259,0.00096
18.40125,0.49750,0.79401,0.16478,0.04023,0.00099
18.50125,0.49750,0.98501,0.00987,0.00346,0.00166
18.60125,0.49750,0.99638,0.00106,0.00059,0.00197
18.70125,0.49750,0.99756,0.00021,0.00017,0.00206
18.80125,0.49750,0.99243,0.00023,0.00045,0.00690
18.90125,0.49750,0.97940,0.00066,0.00332,0.01662
19.00125,0.49750,0.95476,0.00103,0.02066,0.02355
19.10125,0.49750,0.72819,0.00458,0.25799,0.00924
19.20125,0.49750,0.08405,0.00064,0.91281,0.00250
19.30125,0.49750,0.02238,0.00011,0.97687,0.00065
19.40125,0.49750,0.01908,0.00010,0.98021,0.00062
19.50125,0.49750,0.01085,0.00005,0.98845,0.00066
19.60125,0.49750,0.02569,0.00018,0.97167,0.00246
19.70125,0.49750,0.06863,0.00954,0.92038,0.00145
19.80125,0.49750,0.10492,0.08382,0.81058,0.00068
19.90125,0.49750,0.29402,0.19505,0.51007,0.00085
20.00125,0.49750,0.66582,0.22888,0.10453,0.00077
20.10125,0.49750,0.96420,0.02174,0.01281,0.00125
20.20125,0.49750,0.99590,0.00143,0.00095,0.00171
20.30125,0.49750,0.99693,0.00016,0.00018,0.00273
20.40125,0.49750,0.98725,0.00027,0.00079,0.01169
20.50125,0.49750,0.97568,0.00106,0.01094,0.01231
20.60125,0.49750,0.91652,0.00436,0.07276,0.00636
20.70125,0.49750,0.32290,0.00795,0.66790,0.00125
20.80125,0.49750,0.02840,0.00019,0.97097,0.00044
20.90125,0.49750,0.02109,0.00043,0.97832,0.00016
21.00125,0.49750,0.02084,0.00037,0.97839,0.00039
21.10125,0.49750,0.01545,0.00069,0.98337,0.00049
21.20125,0.49750,0.04560,0.00399,0.94913,0.00128
21.30125,0.49750,0.06947,0.27712,0.65316,0.00025
21.40125,0.49750,0.03569,0.20672,0.75748,0.00010
21.50125,0.49750,0.10277,0.49340,0.40368,0.00016
21.60125,0.49750,0.53911,0.27712,0.18289,0.00087
21.70125,0.49750,0.95377,0.02585,0.01846,0.00192
21.80125,0.49750,0.99543,0.00141,0.00099,0.00217
21.90125,0.49750,0.99656,0.00010,0.00019,0.00315
22.00125,0.49750,0.98700,0.00013,0.00065,0.01222
22.10125,0.49750,0.97588,0.00061,0.01247,0.01104
22.20125,0.49750,0.88132,0.00193,0.10968,0.00707
22.30125,0.49750,0.21778,0.00492,0.77647,0.00083
22.40125,0.49750,0.02065,0.00071,0.97849,0.00016
22.50125,0.49750,0.00440,0.00026,0.99526,0.00008
22.60125,0.49750,0.01219,0.00018,0.98681,0.00082
22.70125,0.49750,0.01477,0.00014,0.98179,0.00330
22.80125,0.49750,0.03638,0.00042,0.95183,0.01137
22.90125,0.49750,0.05562,0.00940,0.93210,0.00288
23.00125,0.49750,0.12987,0.03994,0.82949,0.00070
23.10125,0.49750,0.34063,0.17570,0.48322,0.00044
23.20125,0.49750,0.70999,0.16282,0.12684,0.00036
23.30125,0.49750,0.97833,0.01345,0.00762,0.00059
23.40125,0.49750,0.99772,0.00088,0.00047,0.00093
23.50125,0.49750,0.99782,0.00019,0.00016,0.00184
23.60125,0.49750,0.98942,0.00025,0.00048,0.00986
23.70125,0.49750,0.97044,0.00055,0.00423,0.02478
23.80125,0.49750,0.95413,0.00151,0.02738,0.01697
23.90125,0.49750,0.52652,0.00681,0.46222,0.00445
24.00125,0.49750,0.06971,0.00020,0.92866,0.00144
24.10125,0.49750,0.03039,0.00017,0.96913,0.00030
24.20125,0.49750,0.04386,0.00011,0.95524,0.00079
24.30125,0.49750,0.03913,0.00008,0.95884,0.00195
24.40125,0.49750,0.22190,0.00056,0.76450,0.01304
24.50125,0.49750,0.58850,0.04843,0.35355,0.00952
24.60125,0.49750,0.78548,0.03117,0.17351,0.00983
24.70125,0.49750,0.81832,0.11203,0.06674,0.00291
24.80125,0.49750,0.89572,0.08439,0.01775,0.00215
24.90125,0.49750,0.98636,0.00807,0.00266,0.00291
25.00125,0.49750,0.99499,0.00166,0.00071,0.00264
25.10125,0.49750,0.99599,0.00071,0.00047,0.00282
25.20125,0.49750,0.99652,0.00020,0.00024,0.00305
25.30125,0.49750,0.99620,0.00008,0.00019,0.00353
25.40125,0.49750,0.98549,0.00012,0.00081,0.01358
25.50125,0.49750,0.96425,0.00035,0.00935,0.02605
25.60125,0.49750,0.91871,0.00109,0.06182,0.01838
25.70125,0.49750,0.35643,0.00554,0.63509,0.00294
25.80125,0.49750,0.02917,0.00061,0.96978,0.00044
25.90125,0.49750,0.00706,0.00016,0.99267,0.00011
26.00125,0.49750,0.01090,0.00023,0.98865,0.00022
26.10125,0.49750,0.01178,0.00017,0.98735,0.00070
26.20125,0.49750,0.02510,0.00042,0.97157,0.00291
26.30125,0.49750,0.07874,0.01890,0.90095,0.00141
26.40125,0.49750,0.17428,0.12136,0.70350,0.00085
26.50125,0.49750,0.40141,0.21348,0.38433,0.00077
26.60125,0.49750,0.71352,0.18244,0.10340,0.00064
26.70125,0.49750,0.98106,0.01276,0.00537,0.00081
26.80125,0.49750,0.99720,0.00093,0.00050,0.00137
26.90125,0.49750,0.99835,0.00022,0.00015,0.00128
27.00125,0.49750,0.99849,0.00009,0.00008,0.00134
27.10125,0.49750,0.99446,0.00018,0.00049,0.00487
27.20125,0.49750,0.98778,0.00071,0.00675,0.00476
27.30125,0.49750,0.93372,0.00229,0.06116,0.00282
27.40125,0.49750,0.25770,0.00331,0.73825,0.00074
27.50125,0.49750,0.01466,0.00005,0.98515,0.00014
27.60125,0.49750,0.00989,0.00002,0.98997,0.00012
27.70125,0.49750,0.00785,0.00004,0.99200,0.00011
27.80125,0.49750,0.00954,0.00017,0.99011,0.00018
27.90125,0.49750,0.04713,0.00243,0.94980,0.00065
28.00125,0.49750,0.09980,0.20916,0.69065,0.00039
28.10125,0.49750,0.17547,0.59009,0.23424,0.00020
28.20125,0.49750,0.61341,0.31218,0.07380,0.00062
28.30125,0.49750,0.96549,0.02408,0.00924,0.00119
28.40125,0.49750,0.99589,0.00160,0.00091,0.00160
28.50125,0.49750,0.99731,0.00018,0.00020,0.00231
28.60125,0.49750,0.98838,0.00024,0.00082,0.01057
28.70125,0.49750,0.97739,0.00061,0.01019,0.01181
28.80125,0.49750,0.90593,0.00268,0.08749,0.00390
28.90125,0.49750,0.20195,0.00404,0.79358,0.00043
29.00125,0.49750,0.04695,0.00085,0.95207,0.00013
29.10125,0.49750,0.04361,0.00191,0.95441,0.00007
29.20125,0.49750,0.04835,0.00153,0.94995,0.00017
29.30125,0.49750,0.03770,0.00299,0.95902,0.00028
29.40125,0.49750,0.13065,0.02745,0.84094,0.00096
29.50125,0.49750,0.10678,0.19320,0.69977,0.00025
29.60125,0.49750,0.24175,0.22539,0.53256,0.00030
29.70125,0.49750,0.53496,0.30953,0.15513,0.00037
29.80125,0.49750,0.93504,0.04544,0.01874,0.00078
29.90125,0.49750,0.99445,0.00241,0.00156,0.00159
30.00125,0.49750,0.99678,0.00043,0.00034,0.00244
30.10125,0.49750,0.99789,0.00024,0.00019,0.00168
30.20125,0.49750,0.99826,0.00013,0.00012,0.00149
30.30125,0.49750,0.99354,0.00058,0.00087,0.00501
30.40125,0.49750,0.98733,0.00125,0.00613,0.00529
30.50125,0.49750,0.95275,0.00290,0.04198,0.00237
30.60125,0.49750,0.40594,0.00893,0.58442,0.00071
30.70125,0.49750,0.03319,0.00066,0.96585,0.00030
30.80125,0.49750,0.03406,0.00149,0.96419,0.00026
30.90125,0.49750,0.02460,0.00101,0.97408,0.00031
31.00125,0.49750,0.01652,0.00301,0.98013,0.00033
31.10125,0.49750,0.03832,0.01018,0.95056,0.00094
31.20125,0.49750,0.04638,0.12039,0.83288,0.00034
31.30125,0.49750,0.05003,0.12533,0.82444,0.00020
31.40125,0.49750,0.24480,0.33622,0.41849,0.00048
31.50125,0.49750,0.85082,0.05966,0.08730,0.00223
31.60125,0.49750,0.98470,0.00619,0.00653,0.00258
31.70125,0.49750,0.99666,0.00074,0.00049,0.00211
31.80125,0.49750,0.99759,0.00015,0.00014,0.00213
31.90125,0.49750,0.99754,0.00012,0.00012,0.00221
32.00125,0.49750,0.99137,0.00027,0.00047,0.00789
32.10125,0.49750,0.97999,0.00094,0.00537,0.01371
32.20125,0.49750,0.93683,0.00226,0.05199,0.00892
32.30125,0.49750,0.39835,0.00668,0.59336,0.00161
32.40125,0.49750,0.03768,0.00017,0.96189,0.00027
32.50125,0.49750,0.01600,0.00020,0.98371,0.00008
32.60125,0.49750,0.03139,0.00008,0.96814,0.00039
32.70125,0.49750,0.02328,0.00013,0.97610,0.00049
32.80125,0.49750,0.08139,0.00084,0.91560,0.00218
32.90125,0.49750,0.22932,0.09797,0.67118,0.00152
33.00125,0.49750,0.33789,0.11228,0.54866,0.00118
33.10125,0.49750,0.70049,0.17816,0.12077,0.00059
33.20125,0.49750,0.96454,0.02463,0.00999,0.00084
33.30125,0.49750,0.99663,0.00136,0.00081,0.00120
33.40125,0.49750,0.99801,0.00013,0.00012,0.00174
33.50125,0.49750,0.99827,0.00005,0.00005,0.00163
33.60125,0.49750,0.99800,0.00005,0.00006,0.00189
33.70125,0.49750,0.99301,0.00011,0.00021,0.00668
33.80125,0.49750,0.98661,0.00024,0.00179,0.01135
33.90125,0.49750,0.98038,0.00065,0.01066,0.00831
34.00125,0.49750,0.68586,0.00394,0.30742,0.00277
34.10125,0.49750,0.09603,0.00020,0.90306,0.00071
34.20125,0.49750,0.03694,0.00034,0.96265,0.00007
34.30125,0.49750,0.05642,0.00190,0.94164,0.00004
34.40125,0.49750,0.11716,0.00498,0.87774,0.00011
34.50125,0.49750,0.88080,0.00375,0.11414,0.00131
34.60125,0.49750,0.98365,0.01005,0.00555,0.00075
34.70125,0.49750,0.99720,0.00098,0.00065,0.00117
34.80125,0.49750,0.99753,0.00012,0.00014,0.00222
34.90125,0.49750,0.99778,0.00007,0.00009,0.00205
35.00125,0.49750,0.99799,0.00009,0.00010,0.00183
35.10125,0.49750,0.99135,0.00024,0.00046,0.00795
35.20125,0.49750,0.98473,0.00058,0.00452,0.01018
35.30125,0.49750,0.96623,0.00215,0.02749,0.00413
35.40125,0.49750,0.57022,0.00737,0.42114,0.00127
35.50125,0.49750,0.05384,0.00078,0.94488,0.00049
35.60125,0.49750,0.09467,0.00533,0.89947,0.00052
35.70125,0.49750,0.10390,0.00246,0.89207,0.00156
35.80125,0.49750,0.06300,0.00504,0.92997,0.00198
35.90125,0.49750,0.16466,0.01388,0.81528,0.00618
36.00125,0.49750,0.40042,0.23098,0.36627,0.00232
36.10125,0.49750,0.36611,0.09980,0.53305,0.00104
36.20125,0.49750,0.48787,0.31252,0.19907,0.00054
36.30125,0.49750,0.92788,0.04277,0.02806,0.00129
36.40125,0.49750,0.99316,0.00293,0.00176,0.00215
36.50125,0.49750,0.99587,0.00070,0.00056,0.00288
36.60125,0.49750,0.99689,0.00017,0.00018,0.00276
36.70125,0.49750,0.99755,0.00008,0.00009,0.00228
36.80125,0.49750,0.99630,0.00008,0.00013,0.00349
36.90125,0.49750,0.98519,0.00025,0.00087,0.01369
37.00125,0.49750,0.95933,0.00060,0.00847,0.03159
37.10125,0.49750,0.88965,0.00247,0.08648,0.02140
37.20125,0.49750,0.31081,0.00638,0.67930,0.00352
37.30125,0.49750,0.03694,0.00068,0.96204,0.00034
37.40125,0.49750,0.03167,0.00034,0.96765,0.00034
37.50125,0.49750,0.08374,0.00077,0.91455,0.00093
37.60125,0.49750,0.11015,0.00147,0.88550,0.00289
37.70125,0.49750,0.21943,0.00644,0.76668,0.00744
37.80125,0.49750,0.38976,0.14207,0.46310,0.00508
37.90125,0.49750,0.17260,0.34961,0.47715,0.00063
38.00125,0.49750,0.14868,0.55152,0.29953,0.00027
38.10125,0.49750,0.29227,0.50784,0.19958,0.00031
38.20125,0.49750,0.87800,0.08548,0.03571,0.00081
38.30125,0.49750,0.98704,0.00780,0.00402,0.00114
38.40125,0.49750,0.99721,0.00101,0.00058,0.00121
38.50125,0.49750,0.99855,0.00021,0.00016,0.00107
38.60125,0.49750,0.99686,0.00007,0.00014,0.00293
38.70125,0.49750,0.98075,0.00024,0.00116,0.01785
38.80125,0.49750,0.97112,0.00058,0.00960,0.01870
38.90125,0.49750,0.94667,0.00141,0.04092,0.01101
39.00125,0.49750,0.45944,0.00527,0.53258,0.00271
39.10125,0.49750,0.14151,0.00035,0.85743,0.00071
39.20125,0.49750,0.14602,0.00164,0.85200,0.00034
39.30125,0.49750,0.10694,0.00119,0.89134,0.00053
39.40125,0.49750,0.04227,0.00159,0.95583,0.00031
39.50125,0.49750,0.09430,0.00809,0.89630,0.00131
39.60125,0.49750,0.16192,0.36729,0.46999,0.00079
39.70125,0.49750,0.19390,0.28906,0.51615,0.00089
39.80125,0.49750,0.56503,0.29232,0.14146,0.00119
39.90125,0.49750,0.92043,0.06186,0.01574,0.00196
40.00125,0.49750,0.99142,0.00449,0.00173,0.00236
40.10125,0.49750,0.99711,0.00037,0.00027,0.00225
40.20125,0.49750,0.99805,0.00007,0.00007,0.00182
40.30125,0.49750,0.99781,0.00007,0.00007,0.00205
40.40125,0.49750,0.99786,0.00006,0.00007,0.00200
40.50125,0.49750,0.99792,0.00006,0.00007,0.00194
40.60125,0.49750,0.99781,0.00005,0.00007,0.00207
40.70125,0.49750,0.99751,0.00006,0.00008,0.00235
40.80125,0.49750,0.99744,0.00007,0.00008,0.00241
40.90125,0.49750,0.99746,0.00007,0.00009,0.00239
41.00125,0.49750,0.99689,0.00007,0.00010,0.00294
41.10125,0.49750,0.98648,0.00025,0.00076,0.01251
41.20125,0.49750,0.97013,0.00062,0.00696,0.02228
41.30125,0.49750,0.94877,0.00202,0.03861,0.01060
41.40125,0.49750,0.48574,0.00715,0.50478,0.00233
41.50125,0.49750,0.05540,0.00020,0.94385,0.00055
41.60125,0.49750,0.04733,0.00052,0.95189,0.00026
41.70125,0.49750,0.04725,0.00021,0.95203,0.00050
41.80125,0.49750,0.01484,0.00022,0.98463,0.00031
41.90125,0.49750,0.03476,0.00094,0.96342,0.00088
42.00125,0.49750,0.04865,0.12249,0.82858,0.00028
42.10125,0.49750,0.02383,0.10121,0.87488,0.00008
42.20125,0.49750,0.03972,0.52992,0.43032,0.00005
42.30125,0.49750,0.35073,0.42379,0.22497,0.00051
42.40125,0.49750,0.90315,0.06346,0.03148,0.00191
42.50125,0.49750,0.99248,0.00324,0.00178,0.00250
42.60125,0.49750,0.99702,0.00018,0.00018,0.00262
42.70125,0.49750,0.99717,0.00007,0.00010,0.00266
42.80125,0.49750,0.99747,0.00007,0.00010,0.00236
42.90125,0.49750,0.99795,0.00007,0.00009,0.00189
43.00125,0.49750,0.99226,0.00015,0.00035,0.00724
43.10125,0.49750,0.97628,0.00067,0.00410,0.01895
43.20125,0.49750,0.95344,0.00148,0.02780,0.01729
43.30125,0.49750,0.61909,0.00545,0.37075,0.00472
43.40125,0.49750,0.08643,0.00252,0.91049,0.00056
43.50125,0.49750,0.01544,0.00013,0.98430,0.00014
43.60125,0.49750,0.03052,0.00020,0.96901,0.00027
43.70125,0.49750,0.01900,0.00013,0.98046,0.00042
43.80125,0.49750,0.03563,0.00072,0.96248,0.00116
43.90125,0.49750,0.04473,0.00665,0.94768,0.00094
44.00125,0.49750,0.07405,0.10280,0.82292,0.00022
44.10125,0.49750,0.04895,0.30148,0.64949,0.00008
44.20125,0.49750,0.18819,0.54255,0.26905,0.00021
44.30125,0.49750,0.82822,0.10250,0.06800,0.00128
44.40125,0.49750,0.98746,0.00553,0.00471,0.00230
44.50125,0.49750,0.99547,0.00061,0.00043,0.00349
44.60125,0.49750,0.99733,0.00007,0.00009,0.00251
44.70125,0.49750,0.99767,0.00005,0.00007,0.00221
44.80125,0.49750,0.99769,0.00006,0.00007,0.00218
44.90125,0.49750,0.99755,0.00005,0.00008,0.00232
45.00125,0.49750,0.99467,0.00007,0.00017,0.00510
45.10125,0.49750,0.98440,0.00029,0.00175,0.01357
45.20125,0.49750,0.97910,0.00085,0.01025,0.00980
45.30125,0.49750,0.87868,0.00428,0.11305,0.00400
45.40125,0.49750,0.15978,0.00189,0.83667,0.00166
45.50125,0.49750,0.02164,0.00027,0.97766,0.00043
45.60125,0.49750,0.01977,0.00025,0.97959,0.00040
45.70125,0.49750,0.00891,0.00019,0.99054,0.00036
45.80125,0.49750,0.00745,0.00021,0.99167,0.00066
45.90125,0.49750,0.02219,0.00558,0.97187,0.00037
46.00125,0.49750,0.03032,0.06049,0.90909,0.00010
46.10125,0.49750,0.10668,0.20802,0.68514,0.00015
46.20125,0.49750,0.47639,0.19738,0.32561,0.00062
46.30125,0.49750,0.89279,0.06469,0.04127,0.00125
46.40125,0.49750,0.99105,0.00467,0.00248,0.00180
46.50125,0.49750,0.99661,0.00039,0.00028,0.00272
46.60125,0.49750,0.99703,0.00016,0.00015,0.00266
46.70125,0.49750,0.99742,0.00012,0.00012,0.00233
46.80125,0.49750,0.99567,0.00008,0.00016,0.00409
46.90125,0.49750,0.98106,0.00020,0.00100,0.01774
47.00125,0.49750,0.97171,0.00046,0.00869,0.01914
47.10125,0.49750,0.90668,0.00223,0.08334,0.00776
47.20125,0.49750,0.20179,0.00284,0.79403,0.00134
47.30125,0.49750,0.04086,0.00036,0.95835,0.00043
47.40125,0.49750,0.05323,0.00114,0.94543,0.00021
47.50125,0.49750,0.04025,0.00056,0.95875,0.00043
47.60125,0.49750,0.03252,0.00053,0.96598,0.00096
47.70125,0.49750,0.07930,0.00388,0.91495,0.00188
47.80125,0.49750,0.12206,0.05068,0.82638,0.00089
47.90125,0.49750,0.11781,0.07010,0.81169,0.00041
48.00125,0.49750,0.39787,0.23600,0.36571,0.00042
48.10125,0.49750,0.85366,0.08861,0.05684,0.00089
48.20125,0.49750,0.98723,0.00775,0.00364,0.00138
48.30125,0.49750,0.99676,0.00136,0.00072,0.00116
48.40125,0.49750,0.99794,0.00019,0.00015,0.00172
48.50125,0.49750,0.99789,0.00011,0.00011,0.00189
48.60125,0.49750,0.99390,0.00020,0.00033,0.00558
48.70125,0.49750,0.98392,0.00040,0.00189,0.01379
48.80125,0.49750,0.97756,0.00072,0.01051,0.01121
48.90125,0.49750,0.68161,0.00579,0.30906,0.00354
49.00125,0.49750,0.07509,0.00050,0.92367,0.00074
49.10125,0.49750,0.02427,0.00034,0.97520,0.00018
49.20125,0.49750,0.02291,0.00026,0.97665,0.00018
49.30125,0.49750,0.01299,0.00011,0.98656,0.00034
49.40125,0.49750,0.04431,0.00027,0.95264,0.00278
49.50125,0.49750,0.08608,0.02143,0.89117,0.00132
49.60125,0.49750,0.12346,0.03799,0.83762,0.00093
49.70125,0.49750,0.46806,0.10164,0.42934,0.00096
49.80125,0.49750,0.86056,0.07761,0.06101,0.00081
49.90125,0.49750,0.98683,0.00775,0.00436,0.00106
50.00125,0.49750,0.99743,0.00068,0.00040,0.00149
50.10125,0.49750,0.99821,0.00015,0.00012,0.00152
50.20125,0.49750,0.99749,0.00016,0.00013,0.00222
50.30125,0.49750,0.99756,0.00016,0.00013,0.00216
50.40125,0.49750,0.99714,0.00013,0.00015,0.00258
50.50125,0.49750,0.98729,0.00023,0.00071,0.01177
50.60125,0.49750,0.97498,0.00053,0.00738,0.01711
50.70125,0.49750,0.95728,0.00143,0.03159,0.00971
50.80125,0.49750,0.44324,0.00411,0.54975,0.00290
50.90125,0.49750,0.06481,0.00013,0.93434,0.00072
51.00125,0.49750,0.03547,0.00040,0.96389,0.00024
51.10125,0.49750,0.03462,0.00015,0.96459,0.00065
51.20125,0.49750,0.00842,0.00012,0.99124,0.00022
51.30125,0.49750,0.02187,0.00081,0.97681,0.00050
51.40125,0.49750,0.03350,0.08055,0.88573,0.00022
51.50125,0.49750,0.03030,0.08199,0.88762,0.00009
51.60125,0.49750,0.11233,0.39280,0.49475,0.00012
51.70125,0.49750,0.67975,0.19666,0.12277,0.00082
51.80125,0.49750,0.97060,0.01703,0.01051,0.00186
51.90125,0.49750,0.99534,0.00103,0.00092,0.00272
52.00125,0.49750,0.99711,0.00017,0.00018,0.00255
52.10125,0.49750,0.99738,0.00017,0.00015,0.00230
52.20125,0.49750,0.99746,0.00018,0.00015,0.00221
52.30125,0.49750,0.99004,0.00042,0.00061,0.00893
52.40125,0.49750,0.97588,0.00092,0.00431,0.01889
52.50125,0.49750,0.95788,0.00123,0.01770,0.02319
52.60125,0.49750,0.62806,0.00581,0.35946,0.00668
52.70125,0.49750,0.12060,0.00072,0.87737,0.00130
52.80125,0.49750,0.03318,0.00025,0.96630,0.00027
52.90125,0.49750,0.02836,0.00019,0.97114,0.00031
53.00125,0.49750,0.01796,0.00014,0.98155,0.00035
53.10125,0.49750,0.09280,0.00065,0.90331,0.00324
53.20125,0.49750,0.21483,0.03732,0.74373,0.00413
53.30125,0.49750,0.37392,0.13250,0.49010,0.00348
53.40125,0.49750,0.71362,0.18320,0.10171,0.00147
53.50125,0.49750,0.90423,0.07752,0.01692,0.00134
53.60125,0.49750,0.98723,0.00857,0.00245,0.00174
53.70125,0.49750,0.99718,0.00060,0.00038,0.00184
53.80125,0.49750,0.99822,0.00008,0.00008,0.00161
53.90125,0.49750,0.99737,0.00009,0.00011,0.00243
54.00125,0.49750,0.99347,0.00012,0.00029,0.00612
54.10125,0.49750,0.97878,0.00040,0.00175,0.01907
54.20125,0.49750,0.96487,0.00103,0.01559,0.01852
54.30125,0.49750,0.87914,0.00374,0.10659,0.01054
54.40125,0.49750,0.27323,0.00795,0.71682,0.00200
54.50125,0.49750,0.06204,0.00125,0.93570,0.00100
54.60125,0.49750,0.03641,0.00308,0.96012,0.00039
54.70125,0.49750,0.02132,0.00132,0.97673,0.00063
54.80125,0.49750,0.01293,0.00068,0.98506,0.00133
54.90125,0.49750,0.04696,0.00488,0.94356,0.00459
55.00125,0.49750,0.14813,0.12661,0.72322,0.00203
55.10125,0.49750,0.36542,0.10614,0.52553,0.00291
55.20125,0.49750,0.77500,0.13264,0.09053,0.00183
55.30125,0.49750,0.95473,0.03553,0.00822,0.00152
55.40125,0.49750,0.99363,0.00290,0.00132,0.00216
55.50125,0.49750,0.99767,0.00053,0.00036,0.00144
55.60125,0.49750,0.99798,0.00030,0.00023,0.00149
55.70125,0.49750,0.98873,0.00082,0.00121,0.00924
55.80125,0.49750,0.96459,0.00203,0.00830,0.02508
55.90125,0.49750,0.96504,0.00424,0.02074,0.00998
56.00125,0.49750,0.85444,0.00617,0.13227,0.00711
56.10125,0.49750,0.34798,0.00205,0.64695,0.00302
56.20125,0.49750,0.15411,0.00133,0.84362,0.00093
56.30125,0.49750,0.22221,0.00196,0.77463,0.00119
56.40125,0.49750,0.07295,0.00042,0.92485,0.00179
56.50125,0.49750,0.28061,0.00159,0.70563,0.01216
56.60125,0.49750,0.79159,0.00858,0.17897,0.02086
56.70125,0.49750,0.93656,0.00497,0.04977,0.00870
56.80125,0.49750,0.90765,0.02181,0.06404,0.00651
56.90125,0.49750,0.93923,0.03949,0.01096,0.01032
57.00125,0.49750,0.94329,0.02556,0.00775,0.02339
57.10125,0.49750,0.88984,0.06869,0.01746,0.02401
57.20125,0.49750,0.89551,0.02409,0.01874,0.06166
57.30125,0.49750,0.83710,0.01093,0.02909,0.12289
57.40125,0.49750,0.76524,0.00764,0.08283,0.14430
57.50125,0.49750,0.72499,0.00495,0.17605,0.09401
57.60125,0.49750,0.47491,0.00363,0.46334,0.05812
57.70125,0.49750,0.07658,0.00570,0.91582,0.00189
57.80125,0.49750,0.02804,0.00076,0.97105,0.00015
57.90125,0.49750,0.01716,0.00134,0.98146,0.00004
58.00125,0.49750,0.01714,0.00113,0.98168,0.00005
58.10125,0.49750,0.01872,0.00064,0.98048,0.00016
58.20125,0.49750,0.08591,0.00067,0.90988,0.00354
58.30125,0.49750,0.13914,0.00598,0.84484,0.01004
58.40125,0.49750,0.08478,0.00194,0.90266,0.01062
58.50125,0.49750,0.20907,0.00969,0.77592,0.00533
58.60125,0.49750,0.71334,0.01795,0.26377,0.00494
58.70125,0.49750,0.95476,0.00533,0.03584,0.00407
58.80125,0.49750,0.99242,0.00134,0.00408,0.00216
58.90125,0.49750,0.99838,0.00023,0.00025,0.00114
59.00125,0.49750,0.99130,0.00015,0.00032,0.00823
59.10125,0.49750,0.96911,0.00050,0.00435,0.02604
59.20125,0.49750,0.96639,0.00144,0.01896,0.01321
59.30125,0.49750,0.68227,0.00948,0.30519,0.00307
59.40125,0.49750,0.10647,0.00152,0.89075,0.00126
59.50125,0.49750,0.01625,0.00063,0.98278,0.00034
59.60125,0.49750,0.03906,0.00044,0.95869,0.00182
59.70125,0.49750,0.02872,0.00015,0.96489,0.00624
59.80125,0.49750,0.05862,0.00025,0.91196,0.02917
59.90125,0.49750,0.20828,0.01534,0.74913,0.02725
60.00125,0.49750,0.52360,0.02398,0.43704,0.01537
60.10125,0.49750,0.80520,0.04028,0.14674,0.00777
60.20125,0.49750,0.93893,0.03449,0.02255,0.00403
60.30125,0.49750,0.98860,0.00537,0.00203,0.00399
60.40125,0.49750,0.99614,0.00043,0.00031,0.00311
60.50125,0.49750,0.99447,0.00017,0.00023,0.00514
60.60125,0.49750,0.97757,0.00057,0.00134,0.02053
60.70125,0.49750,0.96631,0.00126,0.01105,0.02138
60.80125,0.49750,0.89816,0.00383,0.08677,0.01124
60.90125,0.49750,0.20732,0.00966,0.78144,0.00158
61.00125,0.49750,0.01571,0.00017,0.98377,0.00035
61.10125,0.49750,0.01540,0.00026,0.98411,0.00023
61.20125,0.49750,0.01634,0.00011,0.98293,0.00062
61.30125,0.49750,0.02749,0.00006,0.96818,0.00426
61.40125,0.49750,0.14920,0.00006,0.74454,0.10620
61.50125,0.49750,0.43871,0.00111,0.36272,0.19747
61.60125,0.49750,0.31308,0.00059,0.53567,0.15066
61.70125,0.49750,0.55625,0.00261,0.38116,0.05999
61.80125,0.49750,0.84126,0.00533,0.13267,0.02074
61.90125,0.49750,0.94974,0.00576,0.03770,0.00680
62.00125,0.49750,0.98749,0.00334,0.00687,0.00231
62.10125,0.49750,0.99726,0.00081,0.00066,0.00128
62.20125,0.49750,0.99531,0.00031,0.00051,0.00387
62.30125,0.49750,0.97607,0.00033,0.00216,0.02144
62.40125,0.49750,0.95242,0.00064,0.01794,0.02900
62.50125,0.49750,0.85174,0.00200,0.12862,0.01764
62.60125,0.49750,0.15390,0.00367,0.84104,0.00139
62.70125,0.49750,0.02093,0.00011,0.97871,0.00025
62.80125,0.49750,0.01942,0.00040,0.98002,0.00016
62.90125,0.49750,0.02628,0.00019,0.97294,0.00059
63.00125,0.49750,0.02404,0.00011,0.97437,0.00147
63.10125,0.49750,0.11958,0.00086,0.86892,0.01064
63.20125,0.49750,0.37643,0.10054,0.51234,0.01070
63.30125,0.49750,0.45168,0.07948,0.46428,0.00456
63.40125,0.49750,0.76790,0.13388,0.09688,0.00134
63.50125,0.49750,0.92674,0.06023,0.01200,0.00102
63.60125,0.49750,0.99162,0.00557,0.00173,0.00108
63.70125,0.49751,0.99806,0.00066,0.00034,0.00094
63.80125,0.49750,0.99188,0.00038,0.00053,0.00721
63.90125,0.49750,0.97582,0.00139,0.00903,0.01377
64.00125,0.49750,0.93785,0.00408,0.05255,0.00552
64.10125,0.49750,0.37318,0.01052,0.61528,0.00102
64.20125,0.49751,0.03374,0.00043,0.96538,0.00045
64.30125,0.49751,0.01530,0.00065,0.98391,0.00013
64.40125,0.49750,0.02675,0.00023,0.97223,0.00080
64.50125,0.49750,0.01055,0.00016,0.98847,0.00082
64.60125,0.49750,0.03240,0.00074,0.96345,0.00341
64.70125,0.49751,0.09406,0.04517,0.85958,0.00119
64.80125,0.49751,0.15762,0.05854,0.78324,0.00060
64.90125,0.49750,0.40663,0.26114,0.33177,0.00047
65.00125,0.49750,0.87524,0.08988,0.03412,0.00076
65.10125,0.49750,0.98685,0.00920,0.00311,0.00084
65.20125,0.49751,0.99751,0.00071,0.00040,0.00137
65.30125,0.49751,0.99775,0.00018,0.00017,0.00191
65.40125,0.49750,0.99796,0.00011,0.00012,0.00181
65.50125,0.49750,0.99775,0.00008,0.00010,0.00207
65.60125,0.49750,0.99751,0.00006,0.00008,0.00235
65.70125,0.49751,0.99731,0.00005,0.00008,0.00256
65.80125,0.49751,0.99730,0.00006,0.00008,0.00256
65.90125,0.49750,0.99720,0.00006,0.00008,0.00266
66.00125,0.49750,0.99737,0.00005,0.00007,0.00250
66.10125,0.49750,0.99748,0.00005,0.00007,0.00240
66.20125,0.49751,0.99760,0.00005,0.00007,0.00228
66.30125,0.49751,0.99710,0.00004,0.00008,0.00277
66.40125,0.49750,0.98517,0.00020,0.00044,0.01419
66.50125,0.49750,0.97237,0.00079,0.00567,0.02117
66.60125,0.49750,0.96251,0.00269,0.02564,0.00916
66.70125,0.49751,0.43464,0.00918,0.55349,0.00269
66.80125,0.49751,0.04021,0.00050,0.95790,0.00138
66.90125,0.49750,0.03281,0.00075,0.96599,0.00045
67.00125,0.49750,0.03672,0.00020,0.96159,0.00149
67.10125,0.49750,0.01069,0.00019,0.98832,0.00079
67.20125,0.49751,0.04978,0.00184,0.94678,0.00160
67.30125,0.49751,0.12340,0.08619,0.79012,0.00029
67.40125,0.49750,0.04921,0.12009,0.83065,0.00005
67.50125,0.49750,0.05333,0.64371,0.30294,0.00002
67.60125,0.49750,0.38794,0.46614,0.14576,0.00016
67.70125,0.49751,0.88225,0.08383,0.03313,0.00079
67.80125,0.49751,0.98974,0.00532,0.00314,0.00180
67.90125,0.49750,0.99694,0.00033,0.00027,0.00246
68.00125,0.49750,0.99750,0.00008,0.00009,0.00234
68.10125,0.49750,0.99755,0.00005,0.00007,0.00234
68.20125,0.49751,0.99750,0.00005,0.00007,0.00238
68.30125,0.49751,0.99748,0.00006,0.00008,0.00239
68.40125,0.49750,0.99747,0.00006,0.00009,0.00239
68.50125,0.49750,0.99671,0.00006,0.00012,0.00311
68.60125,0.49750,0.98461,0.00024,0.00077,0.01438
68.70125,0.49751,0.96710,0.00057,0.00595,0.02638
68.80125,0.49751,0.95440,0.00177,0.02798,0.01585
68.90125,0.49750,0.55936,0.00628,0.42954,0.00482
69.00125,0.49750,0.05239,0.00016,0.94480,0.00264
69.10125,0.49750,0.03762,0.00016,0.96072,0.00150
69.20125,0.49751,0.03834,0.00006,0.95831,0.00328
69.30125,0.49751,0.02599,0.00015,0.97047,0.00339
69.40125,0.49750,0.07259,0.00110,0.91965,0.00666
69.50125,0.49750,0.20758,0.18337,0.60764,0.00141
69.60125,0.49750,0.08895,0.28689,0.62396,0.00020
69.70125,0.49751,0.03656,0.78550,0.17792,0.00002
69.80125,0.49751,0.20926,0.64507,0.14552,0.00015
69.90125,0.49750,0.77732,0.17191,0.04987,0.00090
70.00125,0.49750,0.98055,0.01189,0.00563,0.00194
70.10125,0.49750,0.99621,0.00083,0.00058,0.00239
70.20125,0.49751,0.99742,0.00014,0.00014,0.00230
70.30125,0.49751,0.99738,0.00006,0.00008,0.00248
70.40125,0.49750,0.99739,0.00007,0.00009,0.00245
70.50125,0.49750,0.99758,0.00007,0.00008,0.00227
70.60125,0.49750,0.99762,0.00007,0.00008,0.00222
70.70125,0.49751,0.99754,0.00007,0.00009,0.00231
70.80125,0.49751,0.99739,0.00007,0.00009,0.00245
70.90125,0.49750,0.99482,0.00007,0.00018,0.00493
71.00125,0.49750,0.97826,0.00028,0.00163,0.01983
71.10125,0.49750,0.95005,0.00149,0.03255,0.01591
71.20125,0.49751,0.76952,0.00502,0.22066,0.00480
71.30125,0.49751,0.08034,0.00374,0.91565,0.00027
71.40125,0.49750,0.01316,0.00047,0.98625,0.00012
71.50125,0.49750,0.01464,0.00061,0.98465,0.00009
71.60125,0.49750,0.01328,0.00054,0.98596,0.00023
71.70125,0.49751,0.00548,0.00073,0.99359,0.00019
71.80125,0.49751,0.02370,0.00800,0.96763,0.00067
71.90125,0.49750,0.04738,0.14775,0.80464,0.00023
72.00125,0.49750,0.04859,0.40884,0.54247,0.00010
72.10125,0.49750,0.07917,0.73698,0.18375,0.00010
72.20125,0.49751,0.45525,0.47012,0.07385,0.00078
72.30125,0.49751,0.93580,0.05003,0.01204,0.00213
72.40125,0.49750,0.99266,0.00331,0.00177,0.00226
72.50125,0.49750,0.99716,0.00025,0.00023,0.00235
72.60125,0.49750,0.99745,0.00007,0.00008,0.00240
72.70125,0.49751,0.99766,0.00005,0.00007,0.00222
72.80125,0.49751,0.99770,0.00006,0.00007,0.00217
72.90125,0.49750,0.99759,0.00006,0.00008,0.00227
73.00125,0.49750,0.99747,0.00007,0.00009,0.00237
73.10125,0.49750,0.99753,0.00006,0.00008,0.00232
73.20125,0.49751,0.99499,0.00008,0.00017,0.00476
73.30125,0.49751,0.97776,0.00031,0.00117,0.02076
73.40125,0.49750,0.95774,0.00068,0.00994,0.03164
73.50125,0.49750,0.91211,0.00262,0.07080,0.01448
73.60125,0.49750,0.30671,0.00433,0.68613,0.00283
73.70125,0.49751,0.05385,0.00013,0.94530,0.00071
73.80125,0.49751,0.07435,0.00047,0.92481,0.00037
73.90125,0.49750,0.06041,0.00026,0.93867,0.00066
74.00125,0.49750,0.06106,0.00083,0.93687,0.00124
74.10125,0.49750,0.07604,0.00262,0.91914,0.00220
74.20125,0.49751,0.10876,0.12940,0.76107,0.00078
74.30125,0.49751,0.18390,0.09173,0.72339,0.00097
74.40125,0.49750,0.49671,0.21810,0.28431,0.00089
74.50125,0.49750,0.90911,0.03715,0.05202,0.00172
74.60125,0.49750,0.99107,0.00452,0.00256,0.00185
74.70125,0.49751,0.99750,0.00027,0.00020,0.00204
74.80125,0.49751,0.99705,0.00016,0.00015,0.00264
74.90125,0.49750,0.99679,0.00023,0.00021,0.00277
75.00125,0.49750,0.99769,0.00023,0.00019,0.00188
75.10125,0.49750,0.99472,0.00030,0.00044,0.00454
75.20125,0.49751,0.97959,0.00093,0.00306,0.01643
75.30125,0.49751,0.96785,0.00206,0.02118,0.00891
75.40125,0.49750,0.89315,0.00358,0.10054,0.00274
75.50125,0.49750,0.23730,0.00366,0.75734,0.00170
75.60125,0.49750,0.11154,0.00321,0.88400,0.00125
75.70125,0.49751,0.21136,0.00334,0.78357,0.00173
75.80125,0.49751,0.19087,0.00146,0.80040,0.00727
75.90125,0.49750,0.19159,0.00491,0.78592,0.01758
76.00125,0.49750,0.33853,0.04566,0.60860,0.00722
76.10125,0.49750,0.26300,0.07806,0.65724,0.00171
76.20125,0.49751,0.31343,0.23091,0.45505,0.00061
76.30125,0.49751,0.59374,0.31474,0.09122,0.00030
76.40125,0.49750,0.96224,0.02773,0.00947,0.00056
76.50125,0.49750,0.99570,0.00203,0.00095,0.00132
76.60125,0.49750,0.99796,0.00039,0.00022,0.00143
76.70125,0.49751,0.99822,0.00016,0.00011,0.00151
76.80125,0.49751,0.99762,0.00011,0.00011,0.00215
76.90125,0.49750,0.99733,0.00010,0.00011,0.00246
77.00125,0.49750,0.99808,0.00010,0.00010,0.00173
77.10125,0.49750,0.99838,0.00009,0.00008,0.00145
77.20125,0.49751,0.99805,0.00008,0.00009,0.00178
77.30125,0.49751,0.99135,0.00028,0.00046,0.00792
77.40125,0.49750,0.98221,0.00095,0.00521,0.01163
77.50125,0.49750,0.96505,0.00189,0.02203,0.01103
77.60125,0.49750,0.57751,0.00872,0.41064,0.00313
77.70125,0.49751,0.06268,0.00045,0.93601,0.00086
77.80125,0.49751,0.01966,0.00038,0.97977,0.00019
77.90125,0.49750,0.02327,0.00015,0.97604,0.00054
78.00125,0.49750,0.00608,0.00012,0.99360,0.00020
78.10125,0.49750,0.01564,0.00053,0.98316,0.00067
78.20125,0.49751,0.04362,0.06958,0.88639,0.00042
78.30125,0.49751,0.05063,0.14287,0.80628,0.00023
78.40125,0.49750,0.05639,0.63276,0.31080,0.00005
78.50125,0.49750,0.34900,0.53200,0.11864,0.00036
78.60125,0.49750,0.90682,0.07269,0.01908,0.00141
78.70125,0.49751,0.99191,0.00462,0.00198,0.00149
78.80125,0.49751,0.99724,0.00049,0.00034,0.00194
78.90125,0.49750,0.99711,0.00021,0.00018,0.00250
79.00125,0.49750,0.99701,0.00013,0.00016,0.00271
79.10125,0.49750,0.98667,0.00037,0.00091,0.01205
79.20125,0.49751,0.95849,0.00161,0.01403,0.02587
79.30125,0.49751,0.88496,0.00300,0.09290,0.01914
79.40125,0.49750,0.31774,0.00719,0.67158,0.00349
79.50125,0.49750,0.03893,0.00054,0.96011,0.00042
79.60125,0.49750,0.00782,0.00008,0.99201,0.00009
79.70125,0.49751,0.01294,0.00006,0.98673,0.00027
79.80125,0.49751,0.00867,0.00003,0.99084,0.00046
79.90125,0.49750,0.01456,0.00003,0.98361,0.00179
80.00125,0.49750,0.01431,0.00061,0.98408,0.00100
80.10125,0.49750,0.02225,0.00712,0.97024,0.00039
80.20125,0.49751,0.04399,0.05099,0.90481,0.00021
80.30125,0.49751,0.28932,0.18041,0.52959,0.00069
80.40125,0.49750,0.77761,0.11803,0.10258,0.00178
80.50125,0.49750,0.95585,0.03086,0.01099,0.00230
80.60125,0.49750,0.99224,0.00306,0.00151,0.00319
80.70125,0.49751,0.99503,0.00082,0.00054,0.00360
80.80125,0.49751,0.99558,0.00051,0.00042,0.00350
80.90125,0.49750,0.99060,0.00057,0.00093,0.00790
81.00125,0.49750,0.96251,0.00071,0.00301,0.03377
81.10125,0.49750,0.89158,0.00140,0.02080,0.08622
81.20125,0.49751,0.68579,0.00377,0.25614,0.05430
81.30125,0.49751,0.14794,0.00570,0.84243,0.00393
81.40125,0.49750,0.03456,0.00073,0.96438,0.00034
81.50125,0.49750,0.01273,0.00036,0.98685,0.00007
81.60125,0.49750,0.02172,0.00036,0.97780,0.00012
81.70125,0.49751,0.02731,0.00020,0.97193,0.00056
81.80125,0.49751,0.03573,0.00023,0.96202,0.00202
81.90125,0.49750,0.09016,0.00745,0.90036,0.00203
82.00125,0.49750,0.09748,0.02847,0.87270,0.00135
82.10125,0.49750,0.08615,0.15274,0.76070,0.00041
82.20125,0.49751,0.18760,0.49173,0.32019,0.00048
82.30125,0.49751,0.40174,0.51551,0.08199,0.00076
82.40125,0.49750,0.88251,0.09055,0.02460,0.00235
82.50125,0.49750,0.98575,0.00678,0.00394,0.00353
82.60125,0.49750,0.99433,0.00127,0.00092,0.00348
82.70125,0.49751,0.99672,0.00036,0.00031,0.00261
82.80125,0.49751,0.99716,0.00010,0.00012,0.00262
82.90125,0.49750,0.99753,0.00010,0.00010,0.00227
83.00125,0.49750,0.99773,0.00011,0.00011,0.00205
83.10125,0.49750,0.99055,0.00019,0.00039,0.00887
83.20125,0.49751,0.98117,0.00100,0.00609,0.01174
83.30125,0.49751,0.96858,0.00246,0.02230,0.00666
83.40125,0.49750,0.65289,0.01001,0.33504,0.00206
83.50125,0.49750,0.12278,0.00165,0.87460,0.00097
83.60125,0.49750,0.04636,0.00115,0.95223,0.00025
83.70125,0.49751,0.09679,0.00100,0.90078,0.00143
83.80125,0.49751,0.02267,0.00071,0.97595,0.00067
83.90125,0.49750,0.05460,0.00382,0.93968,0.00191
84.00125,0.49750,0.06347,0.09355,0.84258,0.00040
84.10125,0.49750,0.05907,0.10944,0.83128,0.00021
84.20125,0.49751,0.10771,0.35048,0.54166,0.00015
84.30125,0.49751,0.54667,0.26295,0.18965,0.00073
84.40125,0.49750,0.95061,0.02574,0.02154,0.00210
84.50125,0.49750,0.99380,0.00192,0.00130,0.00298
84.60125,0.49750,0.99585,0.00039,0.00032,0.00344
84.70125,0.49751,0.99618,0.00014,0.00016,0.00352
84.80125,0.49751,0.99683,0.00009,0.00011,0.00297
84.90125,0.49750,0.99764,0.00004,0.00007,0.00224
85.00125,0.49750,0.99323,0.00007,0.00020,0.00650
85.10125,0.49750,0.97244,0.00021,0.00131,0.02604
85.20125,0.49751,0.95825,0.00069,0.01613,0.02492
85.30125,0.49751,0.86243,0.00349,0.12407,0.01001
85.40125,0.49750,0.22224,0.00662,0.76992,0.00122
85.50125,0.49750,0.08198,0.00045,0.91734,0.00022
85.60125,0.49750,0.08886,0.00107,0.90993,0.00013
85.70125,0.49751,0.11773,0.00038,0.88120,0.00070
85.80125,0.49751,0.07138,0.00056,0.92717,0.00089
85.90125,0.49750,0.12721,0.00453,0.86575,0.00251
86.00125,0.49750,0.25311,0.14962,0.59525,0.00202
86.10125,0.49750,0.30738,0.17125,0.52029,0.00108
86.20125,0.49751,0.59984,0.29555,0.10394,0.00067
86.30125,0.49751,0.94983,0.03747,0.01130,0.00140
86.40125,0.49750,0.99325,0.00315,0.00158,0.00202
86.50125,0.49750,0.99717,0.00024,0.00023,0.00236
86.60125,0.49750,0.99645,0.00011,0.00014,0.00330
86.70125,0.49751,0.99630,0.00012,0.00014,0.00345
86.80125,0.49751,0.99713,0.00008,0.00010,0.00270
86.90125,0.49750,0.99699,0.00007,0.00011,0.00283
87.00125,0.49750,0.99699,0.00009,0.00013,0.00280
87.10125,0.49750,0.99758,0.00007,0.00010,0.00225
87.20125,0.49751,0.99124,0.00015,0.00048,0.00813
87.30125,0.49751,0.96808,0.00053,0.00376,0.02763
87.40125,0.49750,0.95499,0.00106,0.01602,0.02793
87.50125,0.49750,0.83864,0.00306,0.13882,0.01948
87.60125,0.49750,0.14490,0.00121,0.84352,0.01037
87.70125,0.49751,0.02484,0.00004,0.97292,0.00219
87.80125,0.49751,0.03395,0.00008,0.96298,0.00300
87.90125,0.49750,0.01721,0.00004,0.97957,0.00319
88.00125,0.49750,0.01839,0.00009,0.97757,0.00395
88.10125,0.49750,0.06170,0.00257,0.93348,0.00224
88.20125,0.49751,0.10075,0.11974,0.77882,0.00069
88.30125,0.49751,0.15760,0.21823,0.62374,0.00043
88.40125,0.49750,0.36773,0.41339,0.21837,0.00051
88.50125,0.49750,0.87622,0.08891,0.03351,0.00136
88.60125,0.49750,0.99043,0.00490,0.00253,0.00213
88.70125,0.49751,0.99637,0.00042,0.00032,0.00289
88.80125,0.49751,0.99673,0.00014,0.00014,0.00300
88.90125,0.49750,0.99725,0.00007,0.00009,0.00259
89.00125,0.49750,0.99730,0.00006,0.00008,0.00256
89.10125,0.49750,0.99757,0.00007,0.00008,0.00228
89.20125,0.49751,0.99741,0.00012,0.00012,0.00235
89.30125,0.49751,0.99525,0.00014,0.00022,0.00438
89.40125,0.49750,0.97698,0.00069,0.00158,0.02074
89.50125,0.49750,0.94873,0.00152,0.01081,0.03894
89.60125,0.49750,0.87470,0.00126,0.05041,0.07363
89.70125,0.49751,0.36093,0.00325,0.62385,0.01197
89.80125,0.49751,0.04781,0.00006,0.94965,0.00248
89.90125,0.49750,0.02689,0.00006,0.97228,0.00076
90.00125,0.49750,0.01805,0.00003,0.98122,0.00069
90.10125,0.49750,0.01719,0.00018,0.98214,0.00049
90.20125,0.49751,0.04881,0.00059,0.94858,0.00201
90.30125,0.49751,0.07880,0.04479,0.87536,0.00106
90.40125,0.49750,0.03247,0.01384,0.95302,0.00067
90.50125,0.49750,0.04727,0.01940,0.93192,0.00141
90.60125,0.49750,0.08853,0.00688,0.89341,0.01118
90.70125,0.49751,0.23027,0.00348,0.62901,0.13725
90.80125,0.49751,0.39647,0.00113,0.20660,0.39579
90.90125,0.49750,0.65605,0.00049,0.03473,0.30872
91.00125,0.49750,0.88915,0.00042,0.00872,0.10171
