Time(Seconds),Length(Seconds),Label(string),Confidence(double),Comment(string)
2.1410424,0.6530088000000001,Uppercut_R,1,
4.42564,0.7836772000000001,Uppercut_R,1,
6.6824582,0.8199156,Uppercut_R,1,
9.0800312,0.7586258000000001,Uppercut_R,1,
11.0848376,0.7452390000000002,Uppercut_R,1,
12.9718401,0.8805396999999999,Uppercut_R,1,
14.9966326,0.9497240999999998,Uppercut_R,1,
17.100790699999997,0.8569211000000002,Uppercut_R,1,
19.2434357,0.9056418,Uppercut_R,1,
21.2156361,0.9650718999999999,Uppercut_R,1,
23.3120009,0.7975416000000001,Uppercut_R,1,
25.1468874,0.9372924999999999,Uppercut_R,1,
27.0964245,0.9828075999999999,Uppercut_R,1,
28.9897369,0.8922043000000001,Uppercut_R,1,
39.7017231,1.0485477,Uppercut_R,1,
41.5433987,0.8320073,Uppercut_R,1,
43.0512583,0.7157374000000002,Uppercut_R,1,
45.473645700000006,0.9901234,Uppercut_R,1,
47.2489135,0.9004247,Uppercut_R,1,
48.8658791,0.9447964,Uppercut_R,1,
50.589700300000004,0.9306932000000001,Uppercut_R,1,
52.366402900000004,0.9825182000000001,Uppercut_R,1,
54.1949299,0.8880942000000001,Uppercut_R,1,
55.927787300000006,0.9565116,Uppercut_R,1,
57.6626073,0.9226105,Uppercut_R,1,
59.3185385,1.0071425999999999,Uppercut_R,1,
61.120531299999996,0.9523508,Uppercut_R,1,
62.829771699999995,0.8922044,Uppercut_R,1,
64.64711229999999,0.9694207000000001,Uppercut_R,1,
66.4316069,0.9981047999999999,Uppercut_R,1,
68.2854753,0.9937558,Uppercut_R,1,
79.72834490000001,0.8960757,Uppercut_R,1,
81.3940311,0.8281865,Uppercut_R,1,
83.4915899,0.9021974,Uppercut_R,1,
85.50270619999999,0.9621557000000002,Uppercut_R,1,
87.5687136,0.9499122999999999,Uppercut_R,1,
89.4909993,0.9749637999999999,Uppercut_R,1,
91.56618399999999,0.9859624999999999,Uppercut_R,1,
93.5164862,0.9637767,Uppercut_R,1,
95.3177626,0.9319377000000001,Uppercut_R,1,
97.3425551,0.9187392,Uppercut_R,1,
99.1175355,0.9884010999999999,Uppercut_R,1,
101.0765879,1.0355877999999998,Uppercut_R,1,
102.8384183,0.9925112,Uppercut_R,1,
104.6396947,0.8810173000000001,Uppercut_R,1,
106.3094911,0.8139039000000001,Uppercut_R,1,
108.0732338,0.956461,Uppercut_R,1,
109.66318609999999,0.9097519000000001,Uppercut_R,1,
111.3456529,0.8333024,Uppercut_R,1,
112.9238909,0.8807785,Uppercut_R,1,
