Time (seconds), Duration (seconds),pred_(unlabeled),pred_Jab_R,pred_Sidehook_R,pred_Uppercut_R
0.00125,0.49750,0.99909,0.00059,0.00017,0.00016
0.10125,0.49750,0.99898,0.00071,0.00020,0.00012
0.20125,0.49750,0.99891,0.00078,0.00021,0.00010
0.30125,0.49750,0.99891,0.00078,0.00021,0.00010
0.40125,0.49750,0.99893,0.00076,0.00021,0.00010
0.50125,0.49750,0.99891,0.00078,0.00021,0.00010
0.60125,0.49750,0.99889,0.00079,0.00021,0.00010
0.70125,0.49750,0.99888,0.00081,0.00021,0.00010
0.80125,0.49750,0.99886,0.00083,0.00021,0.00010
0.90125,0.49750,0.99887,0.00082,0.00021,0.00010
1.00125,0.49750,0.99880,0.00088,0.00022,0.00009
1.10125,0.49750,0.99876,0.00093,0.00022,0.00009
1.20125,0.49750,0.99875,0.00094,0.00022,0.00009
1.30125,0.49750,0.99878,0.00091,0.00022,0.00009
1.40125,0.49750,0.99885,0.00085,0.00021,0.00010
1.50125,0.49750,0.99896,0.00074,0.00019,0.00011
1.60125,0.49750,0.99900,0.00071,0.00019,0.00011
1.70125,0.49750,0.99900,0.00070,0.00019,0.00011
1.80125,0.49750,0.99898,0.00072,0.00020,0.00010
1.90125,0.49750,0.99891,0.00079,0.00022,0.00008
2.00125,0.49750,0.99809,0.00152,0.00036,0.00004
2.10125,0.49750,0.99639,0.00295,0.00063,0.00002
2.20125,0.49750,0.99310,0.00566,0.00121,0.00003
2.30125,0.49750,0.98118,0.01436,0.00432,0.00014
2.40125,0.49750,0.96046,0.02413,0.01433,0.00108
2.50125,0.49750,0.92230,0.03683,0.03112,0.00974
2.60125,0.49750,0.86145,0.06284,0.05514,0.02057
2.70125,0.49750,0.79338,0.10679,0.08125,0.01858
2.80125,0.49750,0.81162,0.12282,0.06010,0.00545
2.90125,0.49750,0.90791,0.06940,0.02077,0.00192
3.00125,0.49750,0.98191,0.01278,0.00430,0.00100
3.10125,0.49750,0.99518,0.00218,0.00124,0.00140
3.20125,0.49750,0.99734,0.00038,0.00038,0.00190
3.30125,0.49750,0.99706,0.00008,0.00013,0.00273
3.40125,0.49750,0.99726,0.00004,0.00009,0.00261
3.50125,0.49750,0.99722,0.00005,0.00009,0.00263
3.60125,0.49750,0.99747,0.00005,0.00008,0.00240
3.70125,0.49750,0.99777,0.00008,0.00009,0.00206
3.80125,0.49750,0.99765,0.00011,0.00010,0.00214
3.90125,0.49750,0.99737,0.00013,0.00013,0.00237
4.00125,0.49750,0.99724,0.00015,0.00015,0.00246
4.10125,0.49750,0.99685,0.00017,0.00022,0.00276
4.20125,0.49750,0.99259,0.00217,0.00339,0.00184
4.30125,0.49750,0.95170,0.04260,0.00408,0.00161
4.40125,0.49750,0.56531,0.43156,0.00092,0.00221
4.50125,0.49750,0.07728,0.92251,0.00005,0.00016
4.60125,0.49750,0.01154,0.98844,0.00000,0.00002
4.70125,0.49750,0.01315,0.98682,0.00000,0.00003
4.80125,0.49750,0.03149,0.96842,0.00000,0.00009
4.90125,0.49750,0.38828,0.61114,0.00001,0.00058
5.00125,0.49750,0.90557,0.09229,0.00002,0.00212
5.10125,0.49750,0.98982,0.00704,0.00002,0.00312
5.20125,0.49750,0.99622,0.00042,0.00006,0.00330
5.30125,0.49750,0.99821,0.00004,0.00005,0.00170
5.40125,0.49750,0.99789,0.00005,0.00006,0.00200
5.50125,0.49750,0.99779,0.00005,0.00006,0.00210
5.60125,0.49750,0.99779,0.00005,0.00006,0.00210
5.70125,0.49750,0.99734,0.00018,0.00027,0.00221
5.80125,0.49750,0.98865,0.00371,0.00663,0.00101
5.90125,0.49750,0.88247,0.11412,0.00210,0.00131
6.00125,0.49750,0.34489,0.65416,0.00052,0.00043
6.10125,0.49750,0.03192,0.96802,0.00004,0.00002
6.20125,0.49750,0.01013,0.98986,0.00000,0.00001
6.30125,0.49750,0.01429,0.98567,0.00000,0.00004
6.40125,0.49750,0.13714,0.86261,0.00000,0.00025
6.50125,0.49750,0.63969,0.35824,0.00001,0.00206
6.60125,0.49750,0.96425,0.03127,0.00002,0.00446
6.70125,0.49750,0.99230,0.00207,0.00003,0.00560
6.80125,0.49750,0.99683,0.00015,0.00010,0.00292
6.90125,0.49750,0.99757,0.00005,0.00007,0.00231
7.00125,0.49750,0.99784,0.00004,0.00006,0.00206
7.10125,0.49750,0.99769,0.00005,0.00006,0.00220
7.20125,0.49750,0.99683,0.00018,0.00023,0.00277
7.30125,0.49750,0.98968,0.00480,0.00388,0.00164
7.40125,0.49750,0.87468,0.12057,0.00321,0.00154
7.50125,0.49750,0.19029,0.80891,0.00034,0.00046
7.60125,0.49750,0.01567,0.98429,0.00002,0.00002
7.70125,0.49750,0.00629,0.99371,0.00000,0.00000
7.80125,0.49750,0.00945,0.99055,0.00000,0.00001
7.90125,0.49750,0.02247,0.97750,0.00000,0.00003
8.00125,0.49750,0.32400,0.67564,0.00000,0.00036
8.10125,0.49750,0.88270,0.11552,0.00001,0.00177
8.20125,0.49750,0.98617,0.01041,0.00002,0.00340
8.30125,0.49750,0.99549,0.00067,0.00005,0.00379
8.40125,0.49750,0.99818,0.00006,0.00007,0.00169
8.50125,0.49750,0.99787,0.00004,0.00006,0.00204
8.60125,0.49750,0.99736,0.00006,0.00009,0.00250
8.70125,0.49750,0.99604,0.00032,0.00063,0.00301
8.80125,0.49750,0.98093,0.00935,0.00820,0.00152
8.90125,0.49750,0.71195,0.28410,0.00182,0.00212
9.00125,0.49750,0.15187,0.84742,0.00020,0.00052
9.10125,0.49750,0.01554,0.98442,0.00002,0.00003
9.20125,0.49750,0.00939,0.99060,0.00000,0.00001
9.30125,0.49750,0.01743,0.98249,0.00000,0.00008
9.40125,0.49750,0.14329,0.85625,0.00000,0.00046
9.50125,0.49750,0.66474,0.33227,0.00003,0.00296
9.60125,0.49750,0.95509,0.03832,0.00003,0.00655
9.70125,0.49750,0.98873,0.00267,0.00003,0.00857
9.80125,0.49750,0.99583,0.00023,0.00014,0.00380
9.90125,0.49750,0.99735,0.00006,0.00008,0.00251
10.00125,0.49750,0.99772,0.00005,0.00007,0.00216
10.10125,0.49750,0.99774,0.00005,0.00006,0.00214
10.20125,0.49750,0.99772,0.00005,0.00006,0.00216
10.30125,0.49750,0.99775,0.00005,0.00006,0.00213
10.40125,0.49750,0.99772,0.00005,0.00006,0.00216
10.50125,0.49750,0.99763,0.00005,0.00007,0.00225
10.60125,0.49750,0.99657,0.00067,0.00133,0.00144
10.70125,0.49750,0.97635,0.02017,0.00210,0.00139
10.80125,0.49750,0.70352,0.29363,0.00066,0.00220
10.90125,0.49750,0.13554,0.86398,0.00023,0.00025
11.00125,0.49750,0.01390,0.98608,0.00001,0.00002
11.10125,0.49750,0.01354,0.98639,0.00000,0.00007
11.20125,0.49750,0.03888,0.96091,0.00000,0.00022
11.30125,0.49750,0.30744,0.69121,0.00001,0.00134
11.40125,0.49750,0.87779,0.11684,0.00001,0.00537
11.50125,0.49750,0.98275,0.00945,0.00003,0.00777
11.60125,0.49750,0.99538,0.00065,0.00017,0.00381
11.70125,0.49750,0.99742,0.00006,0.00009,0.00243
11.80125,0.49750,0.99810,0.00004,0.00006,0.00180
11.90125,0.49750,0.99777,0.00005,0.00007,0.00211
12.00125,0.49750,0.99630,0.00049,0.00100,0.00222
12.10125,0.49750,0.98219,0.01319,0.00283,0.00179
12.20125,0.49750,0.73216,0.26375,0.00137,0.00272
12.30125,0.49750,0.14104,0.85849,0.00013,0.00034
12.40125,0.49750,0.01397,0.98601,0.00000,0.00002
12.50125,0.49750,0.00913,0.99084,0.00000,0.00003
12.60125,0.49750,0.02049,0.97943,0.00000,0.00008
12.70125,0.49750,0.17700,0.82221,0.00000,0.00079
12.80125,0.49750,0.81492,0.18044,0.00001,0.00463
12.90125,0.49750,0.97512,0.01650,0.00004,0.00833
13.00125,0.49750,0.99347,0.00088,0.00027,0.00538
13.10125,0.49750,0.99725,0.00008,0.00011,0.00256
13.20125,0.49750,0.99815,0.00004,0.00006,0.00176
13.30125,0.49750,0.99768,0.00005,0.00007,0.00220
13.40125,0.49750,0.99647,0.00055,0.00131,0.00167
13.50125,0.49750,0.97920,0.01764,0.00082,0.00234
13.60125,0.49750,0.70364,0.29334,0.00092,0.00210
13.70125,0.49750,0.12694,0.87271,0.00008,0.00027
13.80125,0.49750,0.01253,0.98745,0.00000,0.00002
13.90125,0.49750,0.01048,0.98948,0.00000,0.00004
14.00125,0.49750,0.04326,0.95663,0.00000,0.00011
14.10125,0.49750,0.43104,0.56788,0.00000,0.00108
14.20125,0.49750,0.91435,0.08213,0.00001,0.00350
14.30125,0.49750,0.99077,0.00439,0.00003,0.00481
14.40125,0.49750,0.99708,0.00026,0.00016,0.00250
14.50125,0.49750,0.99789,0.00005,0.00006,0.00200
14.60125,0.49750,0.99787,0.00004,0.00005,0.00204
14.70125,0.49750,0.99762,0.00012,0.00017,0.00210
14.80125,0.49750,0.99060,0.00408,0.00437,0.00095
14.90125,0.49750,0.87668,0.12084,0.00085,0.00164
15.00125,0.49750,0.25613,0.74290,0.00054,0.00043
15.10125,0.49750,0.02316,0.97674,0.00007,0.00003
15.20125,0.49750,0.00721,0.99278,0.00000,0.00001
15.30125,0.49750,0.00979,0.99018,0.00000,0.00003
15.40125,0.49750,0.08251,0.91732,0.00000,0.00017
15.50125,0.49750,0.50534,0.49328,0.00001,0.00138
15.60125,0.49750,0.91837,0.07744,0.00001,0.00418
15.70125,0.49750,0.98890,0.00508,0.00003,0.00599
15.80125,0.49750,0.99552,0.00023,0.00023,0.00402
15.90125,0.49750,0.99797,0.00005,0.00007,0.00191
16.00125,0.49750,0.99783,0.00005,0.00006,0.00207
16.10125,0.49750,0.99783,0.00011,0.00017,0.00189
16.20125,0.49750,0.99341,0.00350,0.00201,0.00108
16.30125,0.49750,0.90285,0.09296,0.00132,0.00286
16.40125,0.49750,0.35418,0.64343,0.00165,0.00075
16.50125,0.49750,0.03699,0.96287,0.00009,0.00005
16.60125,0.49750,0.01117,0.98881,0.00000,0.00002
16.70125,0.49750,0.02145,0.97846,0.00000,0.00008
16.80125,0.49750,0.25218,0.74732,0.00001,0.00049
16.90125,0.49750,0.82593,0.17147,0.00001,0.00258
17.00125,0.49750,0.98026,0.01436,0.00003,0.00534
17.10125,0.49750,0.99371,0.00083,0.00015,0.00531
17.20125,0.49750,0.99740,0.00007,0.00009,0.00245
17.30125,0.49750,0.99795,0.00004,0.00006,0.00194
17.40125,0.49750,0.99766,0.00005,0.00007,0.00223
17.50125,0.49750,0.99724,0.00055,0.00070,0.00151
17.60125,0.49750,0.97912,0.01867,0.00040,0.00181
17.70125,0.49750,0.71535,0.28206,0.00032,0.00227
17.80125,0.49750,0.18073,0.81864,0.00022,0.00041
17.90125,0.49750,0.01533,0.98464,0.00001,0.00002
18.00125,0.49750,0.01409,0.98587,0.00000,0.00004
18.10125,0.49750,0.03437,0.96548,0.00000,0.00015
18.20125,0.49750,0.22322,0.77642,0.00001,0.00035
18.30125,0.49750,0.79219,0.20592,0.00002,0.00188
18.40125,0.49750,0.98082,0.01583,0.00004,0.00331
18.50125,0.49750,0.99555,0.00107,0.00010,0.00328
18.60125,0.49750,0.99861,0.00008,0.00009,0.00123
18.70125,0.49750,0.99778,0.00005,0.00007,0.00210
18.80125,0.49750,0.99778,0.00005,0.00006,0.00211
18.90125,0.49750,0.99787,0.00004,0.00006,0.00203
19.00125,0.49750,0.99673,0.00007,0.00012,0.00308
19.10125,0.49750,0.99431,0.00153,0.00210,0.00206
19.20125,0.49750,0.95391,0.04174,0.00217,0.00219
19.30125,0.49750,0.53106,0.46559,0.00088,0.00247
19.40125,0.49750,0.05188,0.94783,0.00015,0.00014
19.50125,0.49750,0.00899,0.99100,0.00000,0.00001
19.60125,0.49750,0.01064,0.98933,0.00000,0.00003
19.70125,0.49750,0.04242,0.95743,0.00000,0.00015
19.80125,0.49750,0.33489,0.66437,0.00001,0.00074
19.90125,0.49750,0.90317,0.09399,0.00001,0.00283
20.00125,0.49750,0.98788,0.00742,0.00003,0.00467
20.10125,0.49750,0.99636,0.00037,0.00019,0.00309
20.20125,0.49750,0.99831,0.00007,0.00008,0.00154
20.30125,0.49750,0.99809,0.00004,0.00006,0.00181
20.40125,0.49750,0.99745,0.00006,0.00009,0.00240
20.50125,0.49750,0.99572,0.00116,0.00159,0.00153
20.60125,0.49750,0.94702,0.03261,0.01948,0.00089
20.70125,0.49750,0.44894,0.54503,0.00535,0.00067
20.80125,0.49750,0.04707,0.95266,0.00022,0.00004
20.90125,0.49750,0.00517,0.99482,0.00000,0.00000
21.00125,0.49750,0.00594,0.99406,0.00000,0.00001
21.10125,0.49750,0.02284,0.97708,0.00000,0.00008
21.20125,0.49750,0.35300,0.64608,0.00000,0.00092
21.30125,0.49750,0.91384,0.08227,0.00001,0.00388
21.40125,0.49750,0.98834,0.00640,0.00007,0.00520
21.50125,0.49750,0.99516,0.00031,0.00026,0.00427
21.60125,0.49750,0.99797,0.00007,0.00008,0.00188
21.70125,0.49750,0.99785,0.00005,0.00007,0.00202
21.80125,0.49750,0.99797,0.00005,0.00006,0.00192
21.90125,0.49750,0.99782,0.00004,0.00006,0.00207
22.00125,0.49750,0.99617,0.00110,0.00150,0.00123
22.10125,0.49750,0.97003,0.02585,0.00293,0.00119
22.20125,0.49750,0.54576,0.45182,0.00178,0.00063
22.30125,0.49750,0.06663,0.93325,0.00008,0.00005
22.40125,0.49750,0.00862,0.99137,0.00000,0.00001
22.50125,0.49750,0.01390,0.98604,0.00000,0.00006
22.60125,0.49750,0.06575,0.93415,0.00000,0.00010
22.70125,0.49750,0.61345,0.38546,0.00003,0.00107
22.80125,0.49750,0.95781,0.03964,0.00010,0.00244
22.90125,0.49750,0.99555,0.00284,0.00034,0.00127
23.00125,0.49750,0.99898,0.00026,0.00015,0.00061
23.10125,0.49750,0.99845,0.00008,0.00006,0.00141
23.20125,0.49750,0.99824,0.00006,0.00006,0.00163
23.30125,0.49750,0.99808,0.00006,0.00007,0.00179
23.40125,0.49750,0.99694,0.00033,0.00041,0.00232
23.50125,0.49750,0.98758,0.00724,0.00374,0.00143
23.60125,0.49750,0.86977,0.12465,0.00107,0.00451
23.70125,0.49750,0.26847,0.73043,0.00030,0.00081
23.80125,0.49750,0.02919,0.97074,0.00001,0.00007
23.90125,0.49750,0.01509,0.98485,0.00000,0.00006
24.00125,0.49750,0.04205,0.95769,0.00000,0.00026
24.10125,0.49750,0.30091,0.69857,0.00001,0.00052
24.20125,0.49750,0.86127,0.13647,0.00002,0.00224
24.30125,0.49750,0.98672,0.00984,0.00008,0.00335
24.40125,0.49750,0.99693,0.00075,0.00028,0.00204
24.50125,0.49750,0.99803,0.00010,0.00010,0.00177
24.60125,0.49750,0.99783,0.00005,0.00006,0.00206
24.70125,0.49750,0.99765,0.00005,0.00006,0.00224
24.80125,0.49750,0.99776,0.00031,0.00034,0.00160
24.90125,0.49750,0.98777,0.00683,0.00459,0.00081
25.00125,0.49750,0.81129,0.18646,0.00119,0.00107
25.10125,0.49750,0.20954,0.78991,0.00030,0.00025
25.20125,0.49750,0.01552,0.98446,0.00001,0.00001
25.30125,0.49750,0.00948,0.99050,0.00000,0.00002
25.40125,0.49750,0.01659,0.98336,0.00000,0.00006
25.50125,0.49750,0.10775,0.89211,0.00001,0.00014
25.60125,0.49750,0.68319,0.31590,0.00004,0.00087
25.70125,0.49750,0.97043,0.02786,0.00016,0.00155
25.80125,0.49750,0.99704,0.00155,0.00048,0.00093
25.90125,0.49750,0.99892,0.00008,0.00008,0.00091
26.00125,0.49750,0.99861,0.00003,0.00004,0.00132
26.10125,0.49750,0.99815,0.00004,0.00005,0.00176
26.20125,0.49750,0.99792,0.00004,0.00005,0.00199
26.30125,0.49750,0.99768,0.00005,0.00006,0.00221
26.40125,0.49750,0.99763,0.00005,0.00006,0.00226
26.50125,0.49750,0.99673,0.00009,0.00015,0.00302
26.60125,0.49750,0.99119,0.00245,0.00479,0.00157
26.70125,0.49750,0.92852,0.05775,0.01260,0.00114
26.80125,0.49750,0.42635,0.56884,0.00402,0.00079
26.90125,0.49750,0.04896,0.95071,0.00027,0.00006
27.00125,0.49750,0.01068,0.98931,0.00000,0.00001
27.10125,0.49750,0.01758,0.98230,0.00000,0.00012
27.20125,0.49750,0.07405,0.92549,0.00000,0.00045
27.30125,0.49750,0.64018,0.35755,0.00001,0.00226
27.40125,0.49750,0.95838,0.03587,0.00002,0.00573
27.50125,0.49750,0.99293,0.00311,0.00012,0.00384
27.60125,0.49750,0.99838,0.00018,0.00015,0.00129
27.70125,0.49750,0.99850,0.00004,0.00005,0.00141
27.80125,0.49750,0.99793,0.00005,0.00006,0.00196
27.90125,0.49750,0.99772,0.00005,0.00007,0.00215
28.00125,0.49750,0.99642,0.00039,0.00081,0.00238
28.10125,0.49750,0.98151,0.01200,0.00479,0.00170
28.20125,0.49750,0.74407,0.25220,0.00112,0.00261
28.30125,0.49750,0.15965,0.83989,0.00012,0.00033
28.40125,0.49750,0.01559,0.98438,0.00000,0.00003
28.50125,0.49750,0.01402,0.98587,0.00000,0.00010
28.60125,0.49750,0.08422,0.91504,0.00000,0.00074
28.70125,0.49750,0.68172,0.31526,0.00001,0.00302
28.80125,0.49750,0.96658,0.02612,0.00002,0.00727
28.90125,0.49750,0.99280,0.00164,0.00009,0.00547
29.00125,0.49750,0.99800,0.00012,0.00011,0.00177
29.10125,0.49750,0.99825,0.00004,0.00006,0.00165
29.20125,0.49750,0.99768,0.00004,0.00006,0.00221
29.30125,0.49750,0.99576,0.00017,0.00034,0.00373
29.40125,0.49750,0.98489,0.00374,0.00899,0.00237
29.50125,0.49750,0.88280,0.10480,0.01042,0.00198
29.60125,0.49750,0.32714,0.66716,0.00477,0.00093
29.70125,0.49750,0.03263,0.96712,0.00019,0.00006
29.80125,0.49750,0.01019,0.98979,0.00000,0.00001
29.90125,0.49750,0.01452,0.98541,0.00000,0.00007
30.00125,0.49750,0.16914,0.83022,0.00000,0.00064
30.10125,0.49750,0.73017,0.26745,0.00001,0.00236
30.20125,0.49750,0.97228,0.02304,0.00004,0.00463
30.30125,0.49750,0.99420,0.00138,0.00013,0.00428
30.40125,0.49750,0.99784,0.00009,0.00010,0.00197
30.50125,0.49750,0.99792,0.00006,0.00007,0.00196
30.60125,0.49750,0.99777,0.00005,0.00006,0.00212
30.70125,0.49750,0.99771,0.00005,0.00007,0.00217
30.80125,0.49750,0.99587,0.00144,0.00153,0.00116
30.90125,0.49750,0.95407,0.03652,0.00869,0.00073
31.00125,0.49750,0.41381,0.58465,0.00104,0.00051
31.10125,0.49750,0.05819,0.94161,0.00014,0.00005
31.20125,0.49750,0.00762,0.99237,0.00000,0.00001
31.30125,0.49750,0.01258,0.98738,0.00000,0.00004
31.40125,0.49750,0.03789,0.96188,0.00000,0.00023
31.50125,0.49750,0.38427,0.61351,0.00001,0.00221
31.60125,0.49750,0.86859,0.12355,0.00003,0.00783
31.70125,0.49750,0.97738,0.01189,0.00017,0.01057
31.80125,0.49750,0.99402,0.00069,0.00049,0.00480
31.90125,0.49750,0.99725,0.00011,0.00014,0.00250
32.00125,0.49750,0.99786,0.00005,0.00007,0.00202
32.10125,0.49750,0.99800,0.00020,0.00022,0.00158
32.20125,0.49750,0.99172,0.00482,0.00283,0.00064
32.30125,0.49750,0.83639,0.16180,0.00026,0.00155
32.40125,0.49750,0.26739,0.73185,0.00031,0.00045
32.50125,0.49750,0.02418,0.97577,0.00003,0.00003
32.60125,0.49750,0.00940,0.99058,0.00000,0.00002
32.70125,0.49750,0.01806,0.98181,0.00000,0.00013
32.80125,0.49750,0.24197,0.75688,0.00002,0.00113
32.90125,0.49750,0.77554,0.22078,0.00002,0.00366
33.00125,0.49750,0.96880,0.02306,0.00003,0.00811
33.10125,0.49750,0.99173,0.00153,0.00017,0.00657
33.20125,0.49750,0.99688,0.00011,0.00016,0.00284
33.30125,0.49750,0.99834,0.00005,0.00006,0.00155
33.40125,0.49750,0.99762,0.00005,0.00008,0.00225
33.50125,0.49750,0.99636,0.00038,0.00095,0.00231
33.60125,0.49750,0.98025,0.01126,0.00721,0.00128
33.70125,0.49750,0.64121,0.35623,0.00077,0.00179
33.80125,0.49750,0.10449,0.89500,0.00027,0.00024
33.90125,0.49750,0.00931,0.99068,0.00001,0.00001
34.00125,0.49750,0.00591,0.99408,0.00000,0.00001
34.10125,0.49750,0.01423,0.98573,0.00000,0.00004
34.20125,0.49750,0.26236,0.73713,0.00000,0.00051
34.30125,0.49750,0.80956,0.18850,0.00000,0.00194
34.40125,0.49750,0.97361,0.02263,0.00002,0.00374
34.50125,0.49750,0.99511,0.00111,0.00010,0.00368
34.60125,0.49750,0.99793,0.00012,0.00013,0.00182
34.70125,0.49750,0.99840,0.00005,0.00006,0.00149
34.80125,0.49750,0.99823,0.00016,0.00016,0.00145
34.90125,0.49750,0.99309,0.00346,0.00275,0.00070
35.00125,0.49750,0.88501,0.11299,0.00096,0.00105
35.10125,0.49750,0.29812,0.70101,0.00042,0.00044
35.20125,0.49750,0.02661,0.97333,0.00003,0.00003
35.30125,0.49750,0.00847,0.99152,0.00000,0.00001
35.40125,0.49750,0.01373,0.98622,0.00000,0.00005
35.50125,0.49750,0.04943,0.95051,0.00000,0.00006
35.60125,0.49750,0.35875,0.64084,0.00001,0.00040
35.70125,0.49750,0.91318,0.08526,0.00003,0.00153
35.80125,0.49750,0.99224,0.00549,0.00014,0.00214
35.90125,0.49750,0.99855,0.00031,0.00024,0.00091
36.00125,0.49750,0.99804,0.00004,0.00005,0.00187
36.10125,0.49750,0.99743,0.00004,0.00008,0.00245
36.20125,0.49750,0.99485,0.00045,0.00109,0.00361
36.30125,0.49750,0.97356,0.01359,0.01100,0.00185
36.40125,0.49750,0.67609,0.31913,0.00152,0.00326
36.50125,0.49750,0.12607,0.87309,0.00021,0.00062
36.60125,0.49750,0.01647,0.98349,0.00001,0.00004
36.70125,0.49750,0.01131,0.98863,0.00000,0.00006
36.80125,0.49750,0.02656,0.97314,0.00000,0.00030
36.90125,0.49750,0.21548,0.78219,0.00000,0.00232
37.00125,0.49750,0.74933,0.24335,0.00002,0.00731
37.10125,0.49750,0.96173,0.02460,0.00008,0.01360
37.20125,0.49750,0.99098,0.00155,0.00047,0.00700
37.30125,0.49750,0.99608,0.00016,0.00025,0.00351
37.40125,0.49750,0.99783,0.00006,0.00009,0.00202
37.50125,0.49750,0.99705,0.00008,0.00012,0.00276
37.60125,0.49750,0.99569,0.00106,0.00168,0.00157
37.70125,0.49750,0.95630,0.03457,0.00834,0.00079
37.80125,0.49750,0.43892,0.55971,0.00047,0.00090
37.90125,0.49750,0.04924,0.95043,0.00026,0.00006
38.00125,0.49750,0.00647,0.99352,0.00001,0.00000
38.10125,0.49750,0.00646,0.99353,0.00000,0.00001
38.20125,0.49750,0.01575,0.98420,0.00000,0.00005
38.30125,0.49750,0.17312,0.82663,0.00001,0.00025
38.40125,0.49750,0.74406,0.25428,0.00001,0.00165
38.50125,0.49750,0.97558,0.02085,0.00003,0.00355
38.60125,0.49750,0.99544,0.00112,0.00015,0.00329
38.70125,0.49750,0.99787,0.00008,0.00010,0.00195
38.80125,0.49750,0.99793,0.00004,0.00006,0.00197
38.90125,0.49750,0.99564,0.00061,0.00148,0.00227
39.00125,0.49750,0.96954,0.01456,0.01480,0.00109
39.10125,0.49750,0.68214,0.31260,0.00357,0.00170
39.20125,0.49750,0.12279,0.87475,0.00221,0.00025
39.30125,0.49750,0.01384,0.98607,0.00007,0.00001
39.40125,0.49750,0.01055,0.98943,0.00000,0.00002
39.50125,0.49750,0.02556,0.97431,0.00000,0.00013
39.60125,0.49750,0.22654,0.77278,0.00001,0.00068
39.70125,0.49750,0.79994,0.19676,0.00001,0.00329
39.80125,0.49750,0.97722,0.01650,0.00003,0.00624
39.90125,0.49750,0.99526,0.00087,0.00015,0.00372
40.00125,0.49750,0.99791,0.00009,0.00011,0.00189
40.10125,0.49750,0.99807,0.00004,0.00006,0.00184
40.20125,0.49750,0.99736,0.00022,0.00036,0.00205
40.30125,0.49750,0.98868,0.00551,0.00475,0.00106
40.40125,0.49750,0.84406,0.15320,0.00056,0.00218
40.50125,0.49750,0.29153,0.70759,0.00018,0.00070
40.60125,0.49750,0.02361,0.97634,0.00000,0.00005
40.70125,0.49750,0.01218,0.98776,0.00000,0.00007
40.80125,0.49750,0.02684,0.97289,0.00000,0.00027
40.90125,0.49750,0.30674,0.69216,0.00001,0.00109
41.00125,0.49750,0.82365,0.17243,0.00002,0.00391
41.10125,0.49750,0.98446,0.01072,0.00008,0.00474
41.20125,0.49750,0.99708,0.00074,0.00032,0.00187
41.30125,0.49750,0.99838,0.00006,0.00007,0.00149
41.40125,0.49750,0.99849,0.00003,0.00005,0.00143
41.50125,0.49750,0.99853,0.00003,0.00004,0.00140
41.60125,0.49750,0.99833,0.00003,0.00004,0.00159
41.70125,0.49750,0.99818,0.00004,0.00005,0.00173
41.80125,0.49750,0.99795,0.00005,0.00007,0.00193
41.90125,0.49750,0.99538,0.00116,0.00214,0.00132
42.00125,0.49750,0.95920,0.02685,0.01306,0.00088
42.10125,0.49750,0.62326,0.37051,0.00548,0.00075
42.20125,0.49750,0.09553,0.90119,0.00321,0.00007
42.30125,0.49750,0.01263,0.98732,0.00005,0.00001
42.40125,0.49750,0.01468,0.98529,0.00000,0.00003
42.50125,0.49750,0.04070,0.95924,0.00000,0.00006
42.60125,0.49750,0.39705,0.60257,0.00002,0.00036
42.70125,0.49750,0.90349,0.09490,0.00002,0.00159
42.80125,0.49750,0.99300,0.00492,0.00007,0.00201
42.90125,0.49750,0.99853,0.00032,0.00021,0.00094
43.00125,0.49750,0.99852,0.00004,0.00005,0.00138
43.10125,0.49750,0.99801,0.00003,0.00005,0.00190
43.20125,0.49750,0.99819,0.00005,0.00006,0.00170
43.30125,0.49750,0.99565,0.00130,0.00163,0.00142
43.40125,0.49750,0.94794,0.03610,0.01523,0.00073
43.50125,0.49750,0.53647,0.45750,0.00517,0.00086
43.60125,0.49750,0.08174,0.91693,0.00124,0.00009
43.70125,0.49750,0.01576,0.98418,0.00005,0.00001
43.80125,0.49750,0.01550,0.98449,0.00000,0.00002
43.90125,0.49750,0.04038,0.95953,0.00000,0.00008
44.00125,0.49750,0.25903,0.74068,0.00000,0.00028
44.10125,0.49750,0.81437,0.18440,0.00001,0.00122
44.20125,0.49750,0.98362,0.01399,0.00002,0.00237
44.30125,0.49750,0.99630,0.00075,0.00013,0.00282
44.40125,0.49750,0.99810,0.00007,0.00009,0.00174
44.50125,0.49750,0.99813,0.00004,0.00005,0.00178
44.60125,0.49750,0.99776,0.00004,0.00006,0.00214
44.70125,0.49750,0.99777,0.00035,0.00049,0.00139
44.80125,0.49750,0.98225,0.01081,0.00623,0.00071
44.90125,0.49750,0.68508,0.31303,0.00089,0.00099
45.00125,0.49750,0.13942,0.86009,0.00032,0.00017
45.10125,0.49750,0.01291,0.98708,0.00001,0.00001
45.20125,0.49750,0.00866,0.99133,0.00000,0.00001
45.30125,0.49750,0.01744,0.98251,0.00000,0.00005
45.40125,0.49750,0.19444,0.80538,0.00002,0.00016
45.50125,0.49750,0.76084,0.23832,0.00003,0.00082
45.60125,0.49750,0.97761,0.02069,0.00014,0.00156
45.70125,0.49750,0.99709,0.00118,0.00036,0.00137
45.80125,0.49750,0.99868,0.00008,0.00008,0.00116
45.90125,0.49750,0.99827,0.00004,0.00005,0.00165
46.00125,0.49750,0.99767,0.00005,0.00007,0.00221
46.10125,0.49750,0.99633,0.00052,0.00090,0.00226
46.20125,0.49750,0.96433,0.01289,0.02183,0.00096
46.30125,0.49750,0.73175,0.25932,0.00755,0.00137
46.40125,0.49750,0.15768,0.83284,0.00921,0.00027
46.50125,0.49750,0.02128,0.97833,0.00037,0.00002
46.60125,0.49750,0.01671,0.98325,0.00000,0.00003
46.70125,0.49750,0.03291,0.96699,0.00000,0.00010
46.80125,0.49750,0.31221,0.68746,0.00003,0.00030
46.90125,0.49750,0.78366,0.21531,0.00002,0.00101
47.00125,0.49750,0.97715,0.02072,0.00007,0.00206
47.10125,0.49750,0.99696,0.00123,0.00035,0.00146
47.20125,0.49750,0.99805,0.00010,0.00011,0.00173
47.30125,0.49750,0.99780,0.00005,0.00007,0.00208
47.40125,0.49750,0.99760,0.00006,0.00009,0.00225
47.50125,0.49750,0.99601,0.00161,0.00136,0.00102
47.60125,0.49750,0.94688,0.04897,0.00339,0.00076
47.70125,0.49750,0.49241,0.50608,0.00045,0.00105
47.80125,0.49750,0.06901,0.93080,0.00010,0.00009
47.90125,0.49750,0.01120,0.98878,0.00000,0.00001
48.00125,0.49750,0.01573,0.98422,0.00000,0.00005
48.10125,0.49750,0.07674,0.92290,0.00000,0.00037
48.20125,0.49750,0.59459,0.40449,0.00001,0.00091
48.30125,0.49750,0.93797,0.05986,0.00002,0.00216
48.40125,0.49750,0.99311,0.00394,0.00005,0.00291
48.50125,0.49750,0.99744,0.00024,0.00010,0.00223
48.60125,0.49750,0.99856,0.00005,0.00005,0.00134
48.70125,0.49750,0.99735,0.00011,0.00015,0.00240
48.80125,0.49750,0.99276,0.00244,0.00314,0.00166
48.90125,0.49750,0.89796,0.05201,0.04924,0.00079
49.00125,0.49750,0.37713,0.60936,0.01295,0.00056
49.10125,0.49750,0.04230,0.95045,0.00720,0.00005
49.20125,0.49750,0.01018,0.98969,0.00012,0.00001
49.30125,0.49750,0.01480,0.98517,0.00000,0.00003
49.40125,0.49750,0.03376,0.96607,0.00000,0.00017
49.50125,0.49750,0.31589,0.68313,0.00002,0.00096
49.60125,0.49750,0.68566,0.31159,0.00003,0.00272
49.70125,0.49750,0.96368,0.03112,0.00015,0.00505
49.80125,0.49750,0.99505,0.00210,0.00058,0.00228
49.90125,0.49750,0.99824,0.00019,0.00019,0.00138
50.00125,0.49750,0.99838,0.00010,0.00012,0.00140
50.10125,0.49750,0.99719,0.00012,0.00020,0.00249
50.20125,0.49750,0.99190,0.00169,0.00362,0.00279
50.30125,0.49750,0.86983,0.02192,0.10665,0.00161
50.40125,0.49750,0.55731,0.27187,0.16970,0.00112
50.50125,0.49750,0.09186,0.73622,0.17182,0.00010
50.60125,0.49750,0.02701,0.96835,0.00462,0.00001
50.70125,0.49750,0.02974,0.97017,0.00005,0.00003
50.80125,0.49750,0.03783,0.96205,0.00000,0.00011
50.90125,0.49750,0.31798,0.68100,0.00002,0.00100
51.00125,0.49750,0.87578,0.11977,0.00001,0.00444
51.10125,0.49750,0.98368,0.00828,0.00002,0.00802
51.20125,0.49750,0.99511,0.00051,0.00012,0.00426
51.30125,0.49750,0.99760,0.00005,0.00008,0.00227
51.40125,0.49750,0.99787,0.00004,0.00007,0.00202
51.50125,0.49750,0.99574,0.00061,0.00111,0.00254
51.60125,0.49750,0.96060,0.01482,0.02343,0.00115
51.70125,0.49750,0.68617,0.30704,0.00528,0.00151
51.80125,0.49750,0.12162,0.87549,0.00263,0.00026
51.90125,0.49750,0.01823,0.98156,0.00019,0.00002
52.00125,0.49750,0.01561,0.98436,0.00000,0.00003
52.10125,0.49750,0.02695,0.97278,0.00000,0.00026
52.20125,0.49750,0.44611,0.55177,0.00002,0.00211
52.30125,0.49750,0.82075,0.17280,0.00002,0.00643
52.40125,0.49750,0.97428,0.01391,0.00003,0.01178
52.50125,0.49750,0.98945,0.00093,0.00013,0.00948
52.60125,0.49750,0.99709,0.00007,0.00010,0.00274
52.70125,0.49750,0.99643,0.00008,0.00015,0.00334
52.80125,0.49750,0.99430,0.00105,0.00268,0.00197
52.90125,0.49750,0.96182,0.02949,0.00736,0.00134
53.00125,0.49750,0.56565,0.43072,0.00149,0.00214
53.10125,0.49750,0.07310,0.92635,0.00039,0.00016
53.20125,0.49750,0.00921,0.99078,0.00000,0.00001
53.30125,0.49750,0.01125,0.98870,0.00000,0.00005
53.40125,0.49750,0.03754,0.96215,0.00000,0.00031
53.50125,0.49750,0.28303,0.71561,0.00001,0.00135
53.60125,0.49750,0.84941,0.14332,0.00002,0.00725
53.70125,0.49750,0.97895,0.00974,0.00010,0.01122
53.80125,0.49750,0.99441,0.00066,0.00029,0.00465
53.90125,0.49750,0.99761,0.00008,0.00010,0.00221
54.00125,0.49750,0.99727,0.00007,0.00012,0.00254
54.10125,0.49750,0.99382,0.00170,0.00289,0.00160
54.20125,0.49750,0.94026,0.04591,0.01277,0.00106
54.30125,0.49750,0.52597,0.46969,0.00283,0.00151
54.40125,0.49750,0.05352,0.94422,0.00217,0.00010
54.50125,0.49750,0.01064,0.98930,0.00005,0.00001
54.60125,0.49750,0.01568,0.98425,0.00000,0.00007
54.70125,0.49750,0.05431,0.94532,0.00000,0.00037
54.80125,0.49750,0.38396,0.61449,0.00004,0.00151
54.90125,0.49750,0.83830,0.15610,0.00003,0.00558
55.00125,0.49750,0.97863,0.01169,0.00009,0.00958
55.10125,0.49750,0.99458,0.00076,0.00038,0.00428
55.20125,0.49750,0.99734,0.00011,0.00015,0.00240
55.30125,0.49750,0.99782,0.00007,0.00009,0.00202
55.40125,0.49750,0.99665,0.00035,0.00055,0.00244
55.50125,0.49750,0.97222,0.00945,0.01739,0.00095
55.60125,0.49750,0.74508,0.23431,0.01981,0.00080
55.70125,0.49750,0.22316,0.77122,0.00508,0.00054
55.80125,0.49750,0.02703,0.97168,0.00125,0.00004
55.90125,0.49750,0.01943,0.98052,0.00002,0.00003
56.00125,0.49750,0.02688,0.97293,0.00000,0.00019
56.10125,0.49750,0.10402,0.89524,0.00000,0.00073
56.20125,0.49750,0.36055,0.63767,0.00003,0.00175
56.30125,0.49750,0.90254,0.09060,0.00003,0.00682
56.40125,0.49750,0.98456,0.00740,0.00017,0.00787
56.50125,0.49750,0.99510,0.00039,0.00037,0.00414
56.60125,0.49750,0.99720,0.00008,0.00011,0.00260
56.70125,0.49750,0.99738,0.00007,0.00012,0.00244
56.80125,0.49750,0.99459,0.00215,0.00205,0.00121
56.90125,0.49750,0.94914,0.04803,0.00090,0.00194
57.00125,0.49750,0.62349,0.37314,0.00043,0.00294
57.10125,0.49750,0.10149,0.89796,0.00028,0.00027
57.20125,0.49750,0.01807,0.98187,0.00000,0.00005
57.30125,0.49750,0.02225,0.97751,0.00000,0.00024
57.40125,0.49750,0.13821,0.86120,0.00001,0.00058
57.50125,0.49750,0.57978,0.41906,0.00002,0.00113
57.60125,0.49750,0.95592,0.04052,0.00001,0.00355
57.70125,0.49750,0.99334,0.00296,0.00007,0.00363
57.80125,0.49750,0.99807,0.00014,0.00015,0.00164
57.90125,0.49750,0.99798,0.00004,0.00006,0.00192
58.00125,0.49750,0.99734,0.00009,0.00017,0.00240
58.10125,0.49750,0.99330,0.00251,0.00308,0.00111
58.20125,0.49750,0.93996,0.05579,0.00304,0.00121
58.30125,0.49750,0.55052,0.44558,0.00221,0.00169
58.40125,0.49750,0.06546,0.93332,0.00108,0.00014
58.50125,0.49750,0.01645,0.98348,0.00001,0.00005
58.60125,0.49750,0.02513,0.97442,0.00000,0.00045
58.70125,0.49750,0.12696,0.87106,0.00002,0.00197
58.80125,0.49750,0.60541,0.39023,0.00006,0.00430
58.90125,0.49750,0.95322,0.03650,0.00003,0.01025
59.00125,0.49750,0.99191,0.00221,0.00016,0.00572
59.10125,0.49750,0.99755,0.00021,0.00029,0.00195
59.20125,0.49750,0.99747,0.00086,0.00105,0.00063
59.30125,0.49750,0.96463,0.02341,0.01159,0.00037
59.40125,0.49750,0.64308,0.35426,0.00174,0.00091
59.50125,0.49750,0.09888,0.90005,0.00093,0.00014
59.60125,0.49750,0.01734,0.98260,0.00004,0.00002
59.70125,0.49750,0.01571,0.98420,0.00000,0.00009
59.80125,0.49750,0.03306,0.96645,0.00000,0.00049
59.90125,0.49750,0.27047,0.72749,0.00004,0.00200
60.00125,0.49750,0.74026,0.25302,0.00005,0.00668
60.10125,0.49750,0.96614,0.02140,0.00015,0.01232
60.20125,0.49750,0.99164,0.00157,0.00055,0.00624
60.30125,0.49750,0.99554,0.00020,0.00036,0.00390
60.40125,0.49750,0.99477,0.00136,0.00188,0.00199
60.50125,0.49750,0.94431,0.02922,0.02546,0.00101
60.60125,0.49750,0.57207,0.42340,0.00299,0.00153
60.70125,0.49750,0.08264,0.91435,0.00285,0.00016
60.80125,0.49750,0.01206,0.98778,0.00014,0.00001
60.90125,0.49750,0.00973,0.99025,0.00000,0.00002
61.00125,0.49750,0.01468,0.98525,0.00000,0.00006
61.10125,0.49750,0.17239,0.82728,0.00001,0.00032
61.20125,0.49750,0.66238,0.33551,0.00001,0.00210
61.30125,0.49750,0.96980,0.02578,0.00002,0.00440
61.40125,0.49750,0.99475,0.00176,0.00011,0.00338
61.50125,0.49750,0.99812,0.00025,0.00020,0.00144
61.60125,0.49750,0.99795,0.00043,0.00048,0.00115
61.70125,0.49750,0.97557,0.01033,0.01358,0.00052
61.80125,0.49750,0.80022,0.19339,0.00553,0.00087
61.90125,0.49750,0.31209,0.68328,0.00391,0.00072
62.00125,0.49750,0.06780,0.93145,0.00059,0.00016
62.10125,0.49750,0.03124,0.96856,0.00001,0.00019
62.20125,0.49750,0.04400,0.95514,0.00000,0.00086
62.30125,0.49750,0.26749,0.73058,0.00006,0.00187
62.40125,0.49750,0.71155,0.28452,0.00008,0.00385
62.50125,0.49750,0.96157,0.02958,0.00016,0.00869
62.60125,0.49750,0.99238,0.00288,0.00095,0.00379
62.70125,0.49750,0.99696,0.00017,0.00024,0.00263
62.80125,0.49750,0.99717,0.00014,0.00017,0.00252
62.90125,0.49750,0.99372,0.00156,0.00286,0.00185
63.00125,0.49750,0.95059,0.03687,0.01158,0.00096
63.10125,0.49750,0.67847,0.31691,0.00218,0.00244
63.20125,0.49750,0.12347,0.87581,0.00041,0.00031
63.30125,0.49750,0.01754,0.98240,0.00001,0.00006
63.40125,0.49750,0.02009,0.97976,0.00000,0.00015
63.50125,0.49750,0.14907,0.84926,0.00000,0.00166
63.60125,0.49750,0.65745,0.34016,0.00003,0.00237
63.70125,0.49751,0.95720,0.03776,0.00005,0.00499
63.80125,0.49750,0.99386,0.00239,0.00027,0.00348
63.90125,0.49750,0.99762,0.00015,0.00014,0.00209
64.00125,0.49750,0.99796,0.00009,0.00009,0.00186
64.10125,0.49750,0.99746,0.00076,0.00079,0.00099
64.20125,0.49751,0.97595,0.01785,0.00551,0.00069
64.30125,0.49751,0.69859,0.29939,0.00091,0.00111
64.40125,0.49750,0.12913,0.87005,0.00068,0.00015
64.50125,0.49750,0.01808,0.98188,0.00002,0.00002
64.60125,0.49750,0.01908,0.98078,0.00000,0.00014
64.70125,0.49751,0.04586,0.95382,0.00000,0.00031
64.80125,0.49751,0.38816,0.61056,0.00005,0.00123
64.90125,0.49750,0.87269,0.12247,0.00005,0.00479
65.00125,0.49750,0.98469,0.00889,0.00020,0.00623
65.10125,0.49750,0.99711,0.00064,0.00042,0.00183
65.20125,0.49751,0.99762,0.00007,0.00010,0.00222
65.30125,0.49751,0.99590,0.00025,0.00048,0.00337
65.40125,0.49750,0.97976,0.00673,0.01213,0.00138
65.50125,0.49750,0.81165,0.18132,0.00555,0.00148
65.60125,0.49750,0.25512,0.74309,0.00077,0.00103
65.70125,0.49751,0.02574,0.97409,0.00011,0.00006
65.80125,0.49751,0.01486,0.98508,0.00000,0.00005
65.90125,0.49750,0.02794,0.97149,0.00000,0.00056
66.00125,0.49750,0.13700,0.85995,0.00001,0.00304
66.10125,0.49750,0.43062,0.56375,0.00007,0.00557
66.20125,0.49751,0.89899,0.08211,0.00014,0.01875
66.30125,0.49751,0.98161,0.00719,0.00082,0.01037
66.40125,0.49750,0.99469,0.00048,0.00092,0.00390
66.50125,0.49750,0.99732,0.00011,0.00019,0.00238
66.60125,0.49750,0.99304,0.00045,0.00144,0.00507
66.70125,0.49751,0.95408,0.01114,0.03314,0.00164
66.80125,0.49751,0.73210,0.23982,0.02663,0.00144
66.90125,0.49750,0.22109,0.77268,0.00522,0.00101
67.00125,0.49750,0.02748,0.97112,0.00133,0.00008
67.10125,0.49750,0.01569,0.98428,0.00001,0.00003
67.20125,0.49751,0.01963,0.98028,0.00000,0.00009
67.30125,0.49751,0.07036,0.92926,0.00000,0.00038
67.40125,0.49750,0.21639,0.78269,0.00002,0.00090
67.50125,0.49750,0.76173,0.23345,0.00003,0.00480
67.60125,0.49750,0.97311,0.01822,0.00017,0.00850
67.70125,0.49751,0.99081,0.00086,0.00072,0.00761
67.80125,0.49751,0.99654,0.00013,0.00018,0.00314
67.90125,0.49750,0.99745,0.00009,0.00012,0.00235
68.00125,0.49750,0.99437,0.00181,0.00220,0.00162
68.10125,0.49750,0.94632,0.04749,0.00495,0.00124
68.20125,0.49751,0.60263,0.39331,0.00078,0.00328
68.30125,0.49751,0.08649,0.91292,0.00029,0.00031
68.40125,0.49750,0.01938,0.98054,0.00000,0.00008
68.50125,0.49750,0.02739,0.97215,0.00000,0.00047
68.60125,0.49750,0.15153,0.84729,0.00000,0.00117
68.70125,0.49751,0.59950,0.39909,0.00004,0.00137
68.80125,0.49751,0.95352,0.04280,0.00003,0.00365
68.90125,0.49750,0.99384,0.00311,0.00015,0.00290
69.00125,0.49750,0.99859,0.00018,0.00019,0.00104
69.10125,0.49750,0.99766,0.00006,0.00008,0.00220
69.20125,0.49751,0.99778,0.00004,0.00006,0.00212
69.30125,0.49751,0.99774,0.00005,0.00007,0.00214
69.40125,0.49750,0.99652,0.00073,0.00123,0.00152
69.50125,0.49750,0.96676,0.02147,0.01086,0.00092
69.60125,0.49750,0.64009,0.35645,0.00228,0.00118
69.70125,0.49751,0.10006,0.89826,0.00156,0.00012
69.80125,0.49751,0.01246,0.98750,0.00003,0.00001
69.90125,0.49750,0.01488,0.98508,0.00000,0.00004
70.00125,0.49750,0.03599,0.96389,0.00000,0.00012
70.10125,0.49750,0.28312,0.71642,0.00002,0.00044
70.20125,0.49751,0.79268,0.20483,0.00002,0.00247
70.30125,0.49751,0.97899,0.01615,0.00010,0.00476
70.40125,0.49750,0.99641,0.00116,0.00048,0.00194
70.50125,0.49750,0.99743,0.00011,0.00012,0.00234
70.60125,0.49750,0.99778,0.00005,0.00007,0.00210
70.70125,0.49751,0.99774,0.00013,0.00022,0.00191
70.80125,0.49751,0.98985,0.00391,0.00536,0.00089
70.90125,0.49750,0.91788,0.07774,0.00247,0.00191
71.00125,0.49750,0.51563,0.48105,0.00167,0.00165
71.10125,0.49750,0.07510,0.92432,0.00040,0.00018
71.20125,0.49751,0.02669,0.97320,0.00000,0.00011
71.30125,0.49751,0.05238,0.94689,0.00000,0.00073
71.40125,0.49750,0.36930,0.62945,0.00002,0.00123
71.50125,0.49750,0.81242,0.18541,0.00003,0.00214
71.60125,0.49750,0.97796,0.01816,0.00003,0.00385
71.70125,0.49751,0.99624,0.00106,0.00011,0.00259
71.80125,0.49751,0.99864,0.00010,0.00009,0.00117
71.90125,0.49750,0.99788,0.00008,0.00008,0.00196
72.00125,0.49750,0.99796,0.00005,0.00006,0.00193
72.10125,0.49750,0.99811,0.00015,0.00017,0.00156
72.20125,0.49751,0.98959,0.00499,0.00463,0.00079
72.30125,0.49751,0.86314,0.13456,0.00111,0.00119
72.40125,0.49750,0.31549,0.68284,0.00116,0.00050
72.50125,0.49750,0.03250,0.96721,0.00026,0.00003
72.60125,0.49750,0.01295,0.98702,0.00001,0.00002
72.70125,0.49751,0.01956,0.98036,0.00000,0.00008
72.80125,0.49751,0.15906,0.84059,0.00002,0.00033
72.90125,0.49750,0.67289,0.32551,0.00003,0.00157
73.00125,0.49750,0.95916,0.03697,0.00002,0.00385
73.10125,0.49750,0.99227,0.00253,0.00004,0.00516
73.20125,0.49751,0.99727,0.00018,0.00013,0.00242
73.30125,0.49751,0.99768,0.00006,0.00008,0.00218
73.40125,0.49750,0.99772,0.00006,0.00007,0.00215
73.50125,0.49750,0.99782,0.00005,0.00007,0.00206
73.60125,0.49750,0.99785,0.00005,0.00006,0.00204
73.70125,0.49751,0.99776,0.00005,0.00006,0.00212
73.80125,0.49751,0.99843,0.00010,0.00013,0.00134
73.90125,0.49750,0.99475,0.00239,0.00216,0.00070
74.00125,0.49750,0.93060,0.06686,0.00185,0.00070
74.10125,0.49750,0.48290,0.51534,0.00104,0.00072
74.20125,0.49751,0.06491,0.93459,0.00044,0.00006
74.30125,0.49751,0.01279,0.98718,0.00001,0.00002
74.40125,0.49750,0.01899,0.98093,0.00000,0.00007
74.50125,0.49750,0.05704,0.94265,0.00001,0.00030
74.60125,0.49750,0.38334,0.61568,0.00005,0.00093
74.70125,0.49751,0.86991,0.12618,0.00005,0.00386
74.80125,0.49751,0.98653,0.00801,0.00018,0.00528
74.90125,0.49750,0.99619,0.00063,0.00026,0.00293
75.00125,0.49750,0.99821,0.00006,0.00007,0.00167
75.10125,0.49750,0.99768,0.00006,0.00007,0.00219
75.20125,0.49751,0.99746,0.00021,0.00025,0.00207
75.30125,0.49751,0.98778,0.00553,0.00567,0.00101
75.40125,0.49750,0.86474,0.13025,0.00381,0.00120
75.50125,0.49750,0.31664,0.68142,0.00131,0.00062
75.60125,0.49750,0.03262,0.96717,0.00017,0.00005
75.70125,0.49751,0.01527,0.98470,0.00000,0.00003
75.80125,0.49751,0.02560,0.97426,0.00000,0.00014
75.90125,0.49750,0.21297,0.78664,0.00001,0.00039
76.00125,0.49750,0.75550,0.24339,0.00002,0.00108
76.10125,0.49750,0.97198,0.02592,0.00003,0.00206
76.20125,0.49751,0.99642,0.00141,0.00012,0.00205
76.30125,0.49751,0.99883,0.00011,0.00011,0.00096
76.40125,0.49750,0.99808,0.00006,0.00006,0.00181
76.50125,0.49750,0.99791,0.00004,0.00006,0.00199
76.60125,0.49750,0.99762,0.00007,0.00009,0.00222
76.70125,0.49751,0.99406,0.00200,0.00281,0.00113
76.80125,0.49751,0.93926,0.05414,0.00567,0.00093
76.90125,0.49750,0.51979,0.47739,0.00137,0.00145
77.00125,0.49750,0.06864,0.93108,0.00014,0.00013
77.10125,0.49750,0.01441,0.98554,0.00000,0.00005
77.20125,0.49751,0.02763,0.97178,0.00000,0.00059
77.30125,0.49751,0.09104,0.90692,0.00000,0.00204
77.40125,0.49750,0.42267,0.57317,0.00003,0.00413
77.50125,0.49750,0.86502,0.12272,0.00012,0.01214
77.60125,0.49750,0.98215,0.01092,0.00070,0.00623
77.70125,0.49751,0.99638,0.00094,0.00056,0.00213
77.80125,0.49751,0.99760,0.00013,0.00015,0.00212
77.90125,0.49750,0.99477,0.00029,0.00078,0.00415
78.00125,0.49750,0.97215,0.00524,0.02074,0.00187
78.10125,0.49750,0.86042,0.11355,0.02424,0.00179
78.20125,0.49751,0.43788,0.55519,0.00394,0.00299
78.30125,0.49751,0.04842,0.95063,0.00014,0.00081
78.40125,0.49750,0.02688,0.97228,0.00001,0.00082
78.50125,0.49750,0.06570,0.92854,0.00001,0.00576
78.60125,0.49750,0.55051,0.42855,0.00006,0.02088
78.70125,0.49751,0.87587,0.11279,0.00030,0.01104
78.80125,0.49751,0.98590,0.00943,0.00112,0.00355
78.90125,0.49750,0.99748,0.00087,0.00049,0.00117
79.00125,0.49750,0.99881,0.00010,0.00010,0.00099
79.10125,0.49750,0.99711,0.00015,0.00027,0.00247
79.20125,0.49751,0.99160,0.00179,0.00483,0.00179
79.30125,0.49751,0.92182,0.04133,0.03598,0.00087
79.40125,0.49750,0.47823,0.51819,0.00163,0.00195
79.50125,0.49750,0.05162,0.94680,0.00143,0.00014
79.60125,0.49750,0.00966,0.99031,0.00001,0.00001
79.70125,0.49751,0.00917,0.99080,0.00000,0.00003
79.80125,0.49751,0.02363,0.97619,0.00000,0.00018
79.90125,0.49750,0.24092,0.75878,0.00001,0.00029
80.00125,0.49750,0.71683,0.28152,0.00001,0.00164
80.10125,0.49750,0.97541,0.02133,0.00004,0.00321
80.20125,0.49751,0.99549,0.00132,0.00018,0.00301
80.30125,0.49751,0.99811,0.00014,0.00013,0.00163
80.40125,0.49750,0.99754,0.00007,0.00009,0.00229
80.50125,0.49750,0.99650,0.00016,0.00030,0.00304
80.60125,0.49750,0.98554,0.00408,0.00900,0.00138
80.70125,0.49751,0.86109,0.09887,0.03926,0.00078
80.80125,0.49751,0.31727,0.67841,0.00347,0.00085
80.90125,0.49750,0.02780,0.96945,0.00270,0.00005
81.00125,0.49750,0.01015,0.98978,0.00006,0.00001
81.10125,0.49750,0.01189,0.98809,0.00000,0.00003
81.20125,0.49751,0.02339,0.97653,0.00000,0.00008
81.30125,0.49751,0.28552,0.71421,0.00002,0.00026
81.40125,0.49750,0.85288,0.14588,0.00001,0.00123
81.50125,0.49750,0.98665,0.01100,0.00002,0.00233
81.60125,0.49750,0.99637,0.00064,0.00006,0.00293
81.70125,0.49751,0.99814,0.00005,0.00006,0.00175
81.80125,0.49751,0.99776,0.00005,0.00007,0.00212
81.90125,0.49750,0.99761,0.00006,0.00008,0.00224
82.00125,0.49750,0.99770,0.00006,0.00008,0.00216
82.10125,0.49750,0.99753,0.00007,0.00011,0.00229
82.20125,0.49751,0.99630,0.00113,0.00135,0.00123
82.30125,0.49751,0.94789,0.03537,0.01615,0.00060
82.40125,0.49750,0.65560,0.34075,0.00220,0.00145
82.50125,0.49750,0.13639,0.86206,0.00128,0.00027
82.60125,0.49750,0.01813,0.98179,0.00005,0.00003
82.70125,0.49751,0.01674,0.98320,0.00000,0.00006
82.80125,0.49751,0.04072,0.95898,0.00000,0.00030
82.90125,0.49750,0.31002,0.68926,0.00001,0.00071
83.00125,0.49750,0.78864,0.20916,0.00002,0.00218
83.10125,0.49750,0.97961,0.01627,0.00005,0.00408
83.20125,0.49751,0.99516,0.00088,0.00019,0.00376
83.30125,0.49751,0.99744,0.00009,0.00011,0.00236
83.40125,0.49750,0.99771,0.00006,0.00008,0.00215
83.50125,0.49750,0.99791,0.00004,0.00006,0.00200
83.60125,0.49750,0.99803,0.00003,0.00005,0.00189
83.70125,0.49751,0.99791,0.00004,0.00005,0.00200
83.80125,0.49751,0.99856,0.00021,0.00026,0.00097
83.90125,0.49750,0.99245,0.00549,0.00119,0.00087
84.00125,0.49750,0.91900,0.07824,0.00047,0.00229
84.10125,0.49750,0.45997,0.53875,0.00050,0.00079
84.20125,0.49751,0.08001,0.91969,0.00002,0.00028
84.30125,0.49751,0.04460,0.95444,0.00000,0.00096
84.40125,0.49750,0.08710,0.91237,0.00001,0.00052
84.50125,0.49750,0.43986,0.55880,0.00018,0.00116
84.60125,0.49750,0.88292,0.11276,0.00025,0.00407
84.70125,0.49751,0.98800,0.00904,0.00108,0.00189
84.80125,0.49751,0.99716,0.00090,0.00092,0.00102
84.90125,0.49750,0.99018,0.00318,0.00524,0.00140
85.00125,0.49750,0.94217,0.05093,0.00586,0.00103
85.10125,0.49750,0.66668,0.32939,0.00108,0.00285
85.20125,0.49751,0.10855,0.89064,0.00048,0.00032
85.30125,0.49751,0.01743,0.98252,0.00000,0.00005
85.40125,0.49750,0.02253,0.97728,0.00000,0.00019
85.50125,0.49750,0.11134,0.88783,0.00000,0.00084
85.60125,0.49750,0.37022,0.62908,0.00003,0.00066
85.70125,0.49751,0.82625,0.17147,0.00005,0.00224
85.80125,0.49751,0.98713,0.01000,0.00026,0.00261
85.90125,0.49750,0.99752,0.00060,0.00038,0.00149
86.00125,0.49750,0.99787,0.00018,0.00018,0.00177
86.10125,0.49750,0.99577,0.00154,0.00171,0.00098
86.20125,0.49751,0.95222,0.03071,0.01666,0.00042
86.30125,0.49751,0.45596,0.54227,0.00126,0.00051
86.40125,0.49750,0.05297,0.94653,0.00045,0.00005
86.50125,0.49750,0.00761,0.99237,0.00002,0.00001
86.60125,0.49750,0.01012,0.98986,0.00000,0.00002
86.70125,0.49751,0.01882,0.98110,0.00000,0.00008
86.80125,0.49751,0.31433,0.68494,0.00001,0.00072
86.90125,0.49750,0.71510,0.28189,0.00002,0.00298
87.00125,0.49750,0.94902,0.04295,0.00018,0.00786
87.10125,0.49750,0.98594,0.00687,0.00193,0.00526
87.20125,0.49751,0.99312,0.00189,0.00258,0.00241
87.30125,0.49751,0.99254,0.00308,0.00292,0.00145
87.40125,0.49750,0.99504,0.00181,0.00186,0.00129
87.50125,0.49750,0.99691,0.00080,0.00104,0.00125
87.60125,0.49750,0.99743,0.00035,0.00065,0.00157
87.70125,0.49751,0.99757,0.00014,0.00036,0.00192
87.80125,0.49751,0.99778,0.00006,0.00018,0.00198
87.90125,0.49750,0.99835,0.00004,0.00010,0.00151
88.00125,0.49750,0.99861,0.00004,0.00008,0.00126
88.10125,0.49750,0.99852,0.00004,0.00007,0.00137
88.20125,0.49751,0.99841,0.00003,0.00006,0.00150
88.30125,0.49751,0.99812,0.00003,0.00007,0.00178
88.40125,0.49750,0.99790,0.00003,0.00008,0.00199
88.50125,0.49750,0.99789,0.00003,0.00007,0.00201
88.60125,0.49750,0.99814,0.00002,0.00006,0.00178
88.70125,0.49751,0.99824,0.00002,0.00005,0.00168
88.80125,0.49751,0.99832,0.00003,0.00005,0.00161
88.90125,0.49750,0.99834,0.00002,0.00005,0.00159
89.00125,0.49750,0.99844,0.00002,0.00004,0.00149
89.10125,0.49750,0.99854,0.00002,0.00004,0.00140
89.20125,0.49751,0.99861,0.00002,0.00004,0.00133
