Time (seconds), Duration (seconds),pred_(unlabeled),pred_Jab_R,pred_Sidehook_R,pred_Uppercut_R
0.00125,0.99750,0.98365,0.00023,0.00000,0.01612
0.10125,0.99750,0.96915,0.00014,0.00000,0.03071
0.20125,0.99750,0.95417,0.00008,0.00000,0.04575
0.30125,0.99750,0.95535,0.00010,0.00000,0.04454
0.40125,0.99750,0.96338,0.00012,0.00000,0.03649
0.50125,0.99750,0.96999,0.00019,0.00000,0.02982
0.60125,0.99750,0.96222,0.00056,0.00000,0.03722
0.70125,0.99750,0.95124,0.00077,0.00000,0.04799
0.80125,0.99750,0.93897,0.00079,0.00000,0.06024
0.90125,0.99750,0.97020,0.00022,0.00000,0.02958
1.00125,0.99750,0.99027,0.00004,0.00000,0.00968
1.10125,0.99750,0.99682,0.00001,0.00000,0.00317
1.20125,0.99750,0.99885,0.00000,0.00000,0.00115
1.30125,0.99750,0.99958,0.00000,0.00000,0.00042
1.40125,0.99750,0.99986,0.00000,0.00000,0.00014
1.50125,0.99750,0.99996,0.00000,0.00000,0.00004
1.60125,0.99750,0.99999,0.00000,0.00000,0.00001
1.70125,0.99750,0.99999,0.00000,0.00000,0.00001
1.80125,0.99750,1.00000,0.00000,0.00000,0.00000
1.90125,0.99750,1.00000,0.00000,0.00000,0.00000
2.00125,0.99750,0.99999,0.00000,0.00000,0.00001
2.10125,0.99750,0.99999,0.00000,0.00000,0.00001
2.20125,0.99750,0.99999,0.00000,0.00000,0.00001
2.30125,0.99750,0.99999,0.00000,0.00000,0.00001
2.40125,0.99750,0.99998,0.00000,0.00000,0.00002
2.50125,0.99750,0.99998,0.00000,0.00000,0.00002
2.60125,0.99750,0.99996,0.00000,0.00000,0.00004
2.70125,0.99750,0.99996,0.00000,0.00000,0.00004
2.80125,0.99750,0.99992,0.00000,0.00000,0.00008
2.90125,0.99750,0.99988,0.00000,0.00000,0.00012
3.00125,0.99750,0.99985,0.00000,0.00000,0.00015
3.10125,0.99750,0.99984,0.00000,0.00000,0.00016
3.20125,0.99750,0.99985,0.00000,0.00000,0.00015
3.30125,0.99750,0.99987,0.00000,0.00000,0.00013
3.40125,0.99750,0.99991,0.00000,0.00000,0.00009
3.50125,0.99750,0.99994,0.00000,0.00000,0.00006
3.60125,0.99750,0.99996,0.00000,0.00000,0.00004
3.70125,0.99750,0.99998,0.00000,0.00000,0.00002
3.80125,0.99750,0.99999,0.00000,0.00000,0.00001
3.90125,0.99750,0.99999,0.00000,0.00000,0.00001
4.00125,0.99750,1.00000,0.00000,0.00000,0.00000
4.10125,0.99750,1.00000,0.00000,0.00000,0.00000
4.20125,0.99750,1.00000,0.00000,0.00000,0.00000
4.30125,0.99750,1.00000,0.00000,0.00000,0.00000
4.40125,0.99750,1.00000,0.00000,0.00000,0.00000
4.50125,0.99750,1.00000,0.00000,0.00000,0.00000
4.60125,0.99750,1.00000,0.00000,0.00000,0.00000
4.70125,0.99750,1.00000,0.00000,0.00000,0.00000
4.80125,0.99750,1.00000,0.00000,0.00000,0.00000
4.90125,0.99750,1.00000,0.00000,0.00000,0.00000
5.00125,0.99750,1.00000,0.00000,0.00000,0.00000
5.10125,0.99750,1.00000,0.00000,0.00000,0.00000
5.20125,0.99750,1.00000,0.00000,0.00000,0.00000
5.30125,0.99750,1.00000,0.00000,0.00000,0.00000
5.40125,0.99750,1.00000,0.00000,0.00000,0.00000
5.50125,0.99750,1.00000,0.00000,0.00000,0.00000
5.60125,0.99750,1.00000,0.00000,0.00000,0.00000
5.70125,0.99750,1.00000,0.00000,0.00000,0.00000
5.80125,0.99750,1.00000,0.00000,0.00000,0.00000
5.90125,0.99750,1.00000,0.00000,0.00000,0.00000
6.00125,0.99750,1.00000,0.00000,0.00000,0.00000
6.10125,0.99750,1.00000,0.00000,0.00000,0.00000
6.20125,0.99750,1.00000,0.00000,0.00000,0.00000
6.30125,0.99750,1.00000,0.00000,0.00000,0.00000
6.40125,0.99750,1.00000,0.00000,0.00000,0.00000
6.50125,0.99750,1.00000,0.00000,0.00000,0.00000
6.60125,0.99750,1.00000,0.00000,0.00000,0.00000
6.70125,0.99750,1.00000,0.00000,0.00000,0.00000
6.80125,0.99750,1.00000,0.00000,0.00000,0.00000
6.90125,0.99750,1.00000,0.00000,0.00000,0.00000
7.00125,0.99750,1.00000,0.00000,0.00000,0.00000
7.10125,0.99750,1.00000,0.00000,0.00000,0.00000
7.20125,0.99750,1.00000,0.00000,0.00000,0.00000
7.30125,0.99750,1.00000,0.00000,0.00000,0.00000
7.40125,0.99750,1.00000,0.00000,0.00000,0.00000
7.50125,0.99750,1.00000,0.00000,0.00000,0.00000
7.60125,0.99750,1.00000,0.00000,0.00000,0.00000
7.70125,0.99750,1.00000,0.00000,0.00000,0.00000
7.80125,0.99750,1.00000,0.00000,0.00000,0.00000
7.90125,0.99750,1.00000,0.00000,0.00000,0.00000
8.00125,0.99750,1.00000,0.00000,0.00000,0.00000
8.10125,0.99750,0.99999,0.00000,0.00000,0.00000
8.20125,0.99750,0.99994,0.00005,0.00000,0.00001
8.30125,0.99750,0.99925,0.00074,0.00000,0.00001
8.40125,0.99750,0.99030,0.00969,0.00000,0.00001
8.50125,0.99750,0.89151,0.10845,0.00002,0.00003
8.60125,0.99750,0.47049,0.52940,0.00006,0.00004
8.70125,0.99750,0.36034,0.63954,0.00008,0.00004
8.80125,0.99750,0.56943,0.43048,0.00005,0.00004
8.90125,0.99750,0.94806,0.05189,0.00001,0.00004
9.00125,0.99750,0.99753,0.00235,0.00000,0.00012
9.10125,0.99750,0.99987,0.00008,0.00000,0.00004
9.20125,0.99750,0.99998,0.00001,0.00000,0.00002
9.30125,0.99750,0.99998,0.00000,0.00000,0.00002
9.40125,0.99750,0.99999,0.00000,0.00000,0.00001
9.50125,0.99750,1.00000,0.00000,0.00000,0.00000
9.60125,0.99750,1.00000,0.00000,0.00000,0.00000
9.70125,0.99750,1.00000,0.00000,0.00000,0.00000
9.80125,0.99750,1.00000,0.00000,0.00000,0.00000
9.90125,0.99750,1.00000,0.00000,0.00000,0.00000
10.00125,0.99750,0.99999,0.00000,0.00000,0.00001
10.10125,0.99750,0.99999,0.00000,0.00000,0.00001
10.20125,0.99750,0.99998,0.00001,0.00000,0.00001
10.30125,0.99750,0.99991,0.00007,0.00001,0.00001
10.40125,0.99750,0.99971,0.00003,0.00025,0.00001
10.50125,0.99750,0.99626,0.00007,0.00366,0.00001
10.60125,0.99750,0.93853,0.00040,0.06106,0.00001
10.70125,0.99750,0.41377,0.00171,0.58452,0.00000
10.80125,0.99750,0.12266,0.00153,0.87581,0.00000
10.90125,0.99750,0.05515,0.00066,0.94419,0.00000
11.00125,0.99750,0.05445,0.00027,0.94528,0.00000
11.10125,0.99750,0.05468,0.00011,0.94520,0.00000
11.20125,0.99750,0.04464,0.00006,0.95530,0.00000
11.30125,0.99750,0.04795,0.00007,0.95197,0.00000
11.40125,0.99750,0.21935,0.00494,0.77571,0.00000
11.50125,0.99750,0.63464,0.00775,0.35761,0.00000
11.60125,0.99750,0.96792,0.00199,0.03008,0.00001
11.70125,0.99750,0.99801,0.00024,0.00174,0.00001
11.80125,0.99750,0.99986,0.00003,0.00010,0.00001
11.90125,0.99750,0.99997,0.00001,0.00001,0.00002
12.00125,0.99750,0.99998,0.00000,0.00000,0.00002
12.10125,0.99750,0.99999,0.00000,0.00000,0.00001
12.20125,0.99750,0.99999,0.00000,0.00000,0.00001
12.30125,0.99750,0.99998,0.00000,0.00000,0.00002
12.40125,0.99750,0.99994,0.00000,0.00000,0.00006
12.50125,0.99750,0.99979,0.00000,0.00000,0.00021
12.60125,0.99750,0.99893,0.00000,0.00000,0.00107
12.70125,0.99750,0.99294,0.00000,0.00000,0.00706
12.80125,0.99750,0.96177,0.00000,0.00000,0.03823
12.90125,0.99750,0.86223,0.00001,0.00001,0.13775
13.00125,0.99750,0.60621,0.00003,0.00011,0.39366
13.10125,0.99750,0.42630,0.00004,0.00018,0.57349
13.20125,0.99750,0.51836,0.00005,0.00013,0.48146
13.30125,0.99750,0.74621,0.00016,0.00008,0.25355
13.40125,0.99750,0.89393,0.00054,0.00008,0.10544
13.50125,0.99750,0.97915,0.00158,0.00005,0.01922
13.60125,0.99750,0.99374,0.00092,0.00003,0.00531
13.70125,0.99750,0.99805,0.00103,0.00004,0.00088
13.80125,0.99750,0.99865,0.00110,0.00001,0.00024
13.90125,0.99750,0.99957,0.00036,0.00000,0.00007
14.00125,0.99750,0.99989,0.00008,0.00000,0.00003
14.10125,0.99750,0.99991,0.00007,0.00000,0.00002
14.20125,0.99750,0.99998,0.00001,0.00000,0.00001
14.30125,0.99750,0.99999,0.00000,0.00000,0.00000
14.40125,0.99750,1.00000,0.00000,0.00000,0.00000
14.50125,0.99750,0.99999,0.00000,0.00000,0.00001
14.60125,0.99750,0.99999,0.00000,0.00000,0.00001
14.70125,0.99750,1.00000,0.00000,0.00000,0.00000
14.80125,0.99750,0.99999,0.00000,0.00000,0.00001
14.90125,0.99750,1.00000,0.00000,0.00000,0.00000
15.00125,0.99750,0.99997,0.00001,0.00000,0.00002
15.10125,0.99750,0.99985,0.00014,0.00000,0.00001
15.20125,0.99750,0.99816,0.00183,0.00000,0.00001
15.30125,0.99750,0.97983,0.02014,0.00000,0.00003
15.40125,0.99750,0.83623,0.16370,0.00000,0.00007
15.50125,0.99750,0.50921,0.49073,0.00001,0.00005
15.60125,0.99750,0.26521,0.73474,0.00001,0.00004
15.70125,0.99750,0.53200,0.46794,0.00002,0.00005
15.80125,0.99750,0.91879,0.08112,0.00001,0.00007
15.90125,0.99750,0.99544,0.00446,0.00000,0.00011
16.00125,0.99750,0.99976,0.00019,0.00003,0.00002
16.10125,0.99750,0.99994,0.00001,0.00000,0.00005
16.20125,0.99750,0.99997,0.00000,0.00000,0.00003
16.30125,0.99750,0.99999,0.00000,0.00000,0.00001
16.40125,0.99750,1.00000,0.00000,0.00000,0.00000
16.50125,0.99750,1.00000,0.00000,0.00000,0.00000
16.60125,0.99750,1.00000,0.00000,0.00000,0.00000
16.70125,0.99750,1.00000,0.00000,0.00000,0.00000
16.80125,0.99750,1.00000,0.00000,0.00000,0.00000
16.90125,0.99750,1.00000,0.00000,0.00000,0.00000
17.00125,0.99750,0.99999,0.00000,0.00000,0.00001
17.10125,0.99750,0.99999,0.00000,0.00000,0.00001
17.20125,0.99750,0.99999,0.00000,0.00000,0.00001
17.30125,0.99750,0.99993,0.00000,0.00000,0.00006
17.40125,0.99750,0.99985,0.00001,0.00005,0.00009
17.50125,0.99750,0.99899,0.00003,0.00090,0.00008
17.60125,0.99750,0.98899,0.00013,0.01084,0.00004
17.70125,0.99750,0.83513,0.00052,0.16433,0.00002
17.80125,0.99750,0.20509,0.00067,0.79424,0.00001
17.90125,0.99750,0.07139,0.00033,0.92827,0.00000
18.00125,0.99750,0.07907,0.00020,0.92072,0.00000
18.10125,0.99750,0.13303,0.00015,0.86681,0.00002
18.20125,0.99750,0.17618,0.00019,0.82361,0.00002
18.30125,0.99750,0.69943,0.00055,0.30000,0.00002
18.40125,0.99750,0.96258,0.00070,0.03669,0.00003
18.50125,0.99750,0.99718,0.00024,0.00254,0.00004
18.60125,0.99750,0.99958,0.00005,0.00027,0.00010
18.70125,0.99750,0.99978,0.00001,0.00002,0.00019
18.80125,0.99750,0.99986,0.00000,0.00000,0.00013
18.90125,0.99750,0.99995,0.00000,0.00000,0.00005
19.00125,0.99750,0.99997,0.00000,0.00000,0.00002
19.10125,0.99750,0.99997,0.00000,0.00000,0.00003
19.20125,0.99750,0.99992,0.00000,0.00000,0.00008
19.30125,0.99750,0.99975,0.00000,0.00000,0.00025
19.40125,0.99750,0.99855,0.00000,0.00000,0.00145
19.50125,0.99750,0.99194,0.00000,0.00000,0.00806
19.60125,0.99750,0.96795,0.00000,0.00000,0.03205
19.70125,0.99750,0.88416,0.00000,0.00000,0.11584
19.80125,0.99750,0.68699,0.00000,0.00000,0.31300
19.90125,0.99750,0.48897,0.00001,0.00001,0.51100
20.00125,0.99750,0.69871,0.00007,0.00001,0.30122
20.10125,0.99750,0.84803,0.00039,0.00001,0.15157
20.20125,0.99750,0.89609,0.00623,0.00002,0.09766
20.30125,0.99750,0.91750,0.02180,0.00004,0.06067
20.40125,0.99750,0.97482,0.00574,0.00020,0.01924
20.50125,0.99750,0.99122,0.00414,0.00005,0.00459
20.60125,0.99750,0.99474,0.00381,0.00002,0.00144
20.70125,0.99750,0.99808,0.00143,0.00000,0.00049
20.80125,0.99750,0.99946,0.00039,0.00000,0.00015
20.90125,0.99750,0.99985,0.00006,0.00000,0.00009
21.00125,0.99750,0.99990,0.00001,0.00000,0.00009
21.10125,0.99750,0.99995,0.00000,0.00000,0.00005
21.20125,0.99750,0.99997,0.00000,0.00000,0.00003
21.30125,0.99750,0.99998,0.00000,0.00000,0.00002
21.40125,0.99750,0.99998,0.00000,0.00000,0.00002
21.50125,0.99750,0.99998,0.00000,0.00000,0.00002
21.60125,0.99750,0.99997,0.00000,0.00000,0.00003
21.70125,0.99750,0.99997,0.00000,0.00000,0.00003
21.80125,0.99750,0.99996,0.00000,0.00000,0.00004
21.90125,0.99750,0.99996,0.00000,0.00000,0.00004
22.00125,0.99750,0.99997,0.00000,0.00000,0.00003
22.10125,0.99750,0.99996,0.00000,0.00000,0.00004
22.20125,0.99750,0.99995,0.00000,0.00000,0.00005
22.30125,0.99750,0.99996,0.00000,0.00000,0.00004
22.40125,0.99750,0.99997,0.00000,0.00000,0.00003
22.50125,0.99750,0.99998,0.00000,0.00000,0.00002
22.60125,0.99750,0.99999,0.00000,0.00000,0.00001
22.70125,0.99750,0.99999,0.00000,0.00000,0.00001
22.80125,0.99750,0.99999,0.00000,0.00000,0.00001
22.90125,0.99750,0.99988,0.00007,0.00000,0.00005
23.00125,0.99750,0.99931,0.00067,0.00000,0.00002
23.10125,0.99750,0.99725,0.00274,0.00000,0.00001
23.20125,0.99750,0.97028,0.02970,0.00000,0.00002
23.30125,0.99750,0.80339,0.19657,0.00000,0.00003
23.40125,0.99750,0.35935,0.64061,0.00001,0.00003
23.50125,0.99750,0.14124,0.85873,0.00002,0.00002
23.60125,0.99750,0.39851,0.60142,0.00003,0.00003
23.70125,0.99750,0.87151,0.12839,0.00004,0.00007
23.80125,0.99750,0.98992,0.00997,0.00002,0.00009
23.90125,0.99750,0.99912,0.00061,0.00025,0.00002
24.00125,0.99750,0.99987,0.00006,0.00002,0.00005
24.10125,0.99750,0.99994,0.00001,0.00000,0.00005
24.20125,0.99750,0.99996,0.00000,0.00000,0.00004
24.30125,0.99750,0.99999,0.00000,0.00000,0.00001
24.40125,0.99750,0.99999,0.00000,0.00000,0.00001
24.50125,0.99750,0.99999,0.00000,0.00000,0.00001
24.60125,0.99750,0.99998,0.00000,0.00000,0.00002
24.70125,0.99750,0.99991,0.00000,0.00000,0.00009
24.80125,0.99750,0.99985,0.00000,0.00000,0.00015
24.90125,0.99750,0.99991,0.00000,0.00003,0.00006
25.00125,0.99750,0.99958,0.00000,0.00032,0.00010
25.10125,0.99750,0.99536,0.00000,0.00448,0.00015
25.20125,0.99750,0.94594,0.00001,0.05376,0.00028
25.30125,0.99750,0.51193,0.00004,0.48766,0.00037
25.40125,0.99750,0.41457,0.00002,0.58517,0.00024
25.50125,0.99750,0.66468,0.00001,0.33445,0.00086
25.60125,0.99750,0.81804,0.00000,0.18155,0.00041
25.70125,0.99750,0.99033,0.00001,0.00960,0.00006
25.80125,0.99750,0.99934,0.00002,0.00057,0.00007
25.90125,0.99750,0.99981,0.00001,0.00006,0.00013
26.00125,0.99750,0.99993,0.00000,0.00000,0.00006
26.10125,0.99750,0.99997,0.00000,0.00000,0.00003
26.20125,0.99750,0.99998,0.00000,0.00000,0.00002
26.30125,0.99750,0.99997,0.00000,0.00000,0.00003
26.40125,0.99750,0.99989,0.00000,0.00000,0.00011
26.50125,0.99750,0.99959,0.00000,0.00000,0.00041
26.60125,0.99750,0.99777,0.00000,0.00000,0.00223
26.70125,0.99750,0.99135,0.00000,0.00000,0.00865
26.80125,0.99750,0.97548,0.00000,0.00000,0.02452
26.90125,0.99750,0.95749,0.00000,0.00001,0.04250
27.00125,0.99750,0.96753,0.00003,0.00001,0.03243
27.10125,0.99750,0.98757,0.00020,0.00003,0.01220
27.20125,0.99750,0.99206,0.00019,0.00002,0.00773
27.30125,0.99750,0.99707,0.00033,0.00002,0.00257
27.40125,0.99750,0.99897,0.00021,0.00002,0.00080
27.50125,0.99750,0.99972,0.00012,0.00000,0.00016
27.60125,0.99750,0.99991,0.00006,0.00000,0.00003
27.70125,0.99750,0.99997,0.00002,0.00000,0.00001
27.80125,0.99750,0.99999,0.00000,0.00000,0.00000
27.90125,0.99750,1.00000,0.00000,0.00000,0.00000
28.00125,0.99750,1.00000,0.00000,0.00000,0.00000
28.10125,0.99750,0.99999,0.00000,0.00000,0.00001
28.20125,0.99750,0.99999,0.00000,0.00000,0.00001
28.30125,0.99750,0.99999,0.00000,0.00000,0.00001
28.40125,0.99750,0.99999,0.00000,0.00000,0.00001
28.50125,0.99750,0.99999,0.00000,0.00000,0.00001
28.60125,0.99750,0.99999,0.00000,0.00000,0.00001
28.70125,0.99750,0.99999,0.00000,0.00000,0.00001
28.80125,0.99750,0.99999,0.00000,0.00000,0.00001
28.90125,0.99750,0.99996,0.00002,0.00000,0.00002
29.00125,0.99750,0.99981,0.00019,0.00000,0.00001
29.10125,0.99750,0.99773,0.00227,0.00000,0.00001
29.20125,0.99750,0.97662,0.02337,0.00000,0.00001
29.30125,0.99750,0.83486,0.16511,0.00000,0.00002
29.40125,0.99750,0.77718,0.22279,0.00001,0.00002
29.50125,0.99750,0.59295,0.40701,0.00002,0.00002
29.60125,0.99750,0.78127,0.21869,0.00002,0.00002
29.70125,0.99750,0.96471,0.03526,0.00001,0.00002
29.80125,0.99750,0.99742,0.00253,0.00000,0.00004
29.90125,0.99750,0.99985,0.00011,0.00003,0.00001
30.00125,0.99750,0.99995,0.00001,0.00000,0.00003
30.10125,0.99750,0.99997,0.00000,0.00000,0.00003
30.20125,0.99750,0.99998,0.00000,0.00000,0.00002
30.30125,0.99750,0.99999,0.00000,0.00000,0.00001
30.40125,0.99750,0.99999,0.00000,0.00000,0.00001
30.50125,0.99750,1.00000,0.00000,0.00000,0.00000
30.60125,0.99750,0.99998,0.00000,0.00000,0.00002
30.70125,0.99750,0.99992,0.00000,0.00000,0.00008
30.80125,0.99750,0.99993,0.00000,0.00002,0.00005
30.90125,0.99750,0.99969,0.00000,0.00023,0.00008
31.00125,0.99750,0.99736,0.00000,0.00249,0.00015
31.10125,0.99750,0.96618,0.00000,0.03350,0.00032
31.20125,0.99750,0.71112,0.00000,0.28853,0.00034
31.30125,0.99750,0.65972,0.00000,0.34005,0.00022
31.40125,0.99750,0.96575,0.00000,0.03406,0.00018
31.50125,0.99750,0.99724,0.00000,0.00224,0.00052
31.60125,0.99750,0.99971,0.00000,0.00023,0.00006
31.70125,0.99750,0.99997,0.00000,0.00001,0.00002
31.80125,0.99750,0.99997,0.00000,0.00000,0.00003
31.90125,0.99750,0.99999,0.00000,0.00000,0.00001
32.00125,0.99750,0.99999,0.00000,0.00000,0.00001
32.10125,0.99750,0.99998,0.00000,0.00000,0.00002
32.20125,0.99750,0.99992,0.00000,0.00000,0.00008
32.30125,0.99750,0.99945,0.00000,0.00000,0.00055
32.40125,0.99750,0.99657,0.00000,0.00000,0.00343
32.50125,0.99750,0.98547,0.00000,0.00000,0.01453
32.60125,0.99750,0.94996,0.00000,0.00000,0.05004
32.70125,0.99750,0.89464,0.00001,0.00003,0.10532
32.80125,0.99750,0.87450,0.00005,0.00007,0.12538
32.90125,0.99750,0.90359,0.00047,0.00025,0.09569
33.00125,0.99750,0.94912,0.00152,0.00063,0.04874
33.10125,0.99750,0.97198,0.00424,0.00118,0.02261
33.20125,0.99750,0.98962,0.00230,0.00115,0.00693
33.30125,0.99750,0.99738,0.00119,0.00020,0.00124
33.40125,0.99750,0.99902,0.00077,0.00002,0.00020
33.50125,0.99750,0.99979,0.00014,0.00000,0.00007
33.60125,0.99750,0.99996,0.00002,0.00000,0.00002
33.70125,0.99750,0.99999,0.00000,0.00000,0.00001
33.80125,0.99750,0.99999,0.00000,0.00000,0.00001
33.90125,0.99750,0.99999,0.00000,0.00000,0.00001
34.00125,0.99750,0.99999,0.00000,0.00000,0.00001
34.10125,0.99750,0.99999,0.00000,0.00000,0.00001
34.20125,0.99750,0.99999,0.00000,0.00000,0.00001
34.30125,0.99750,0.99999,0.00000,0.00000,0.00001
34.40125,0.99750,0.99999,0.00000,0.00000,0.00001
34.50125,0.99750,0.99999,0.00000,0.00000,0.00001
34.60125,0.99750,0.99999,0.00000,0.00000,0.00001
34.70125,0.99750,1.00000,0.00000,0.00000,0.00000
34.80125,0.99750,0.99999,0.00000,0.00000,0.00001
34.90125,0.99750,0.99999,0.00001,0.00000,0.00000
35.00125,0.99750,0.99985,0.00015,0.00000,0.00000
35.10125,0.99750,0.99832,0.00168,0.00000,0.00000
35.20125,0.99750,0.98469,0.01530,0.00000,0.00001
35.30125,0.99750,0.92669,0.07329,0.00000,0.00001
35.40125,0.99750,0.78562,0.21435,0.00001,0.00001
35.50125,0.99750,0.72926,0.27071,0.00002,0.00001
35.60125,0.99750,0.92552,0.07445,0.00002,0.00001
35.70125,0.99750,0.99478,0.00518,0.00001,0.00004
35.80125,0.99750,0.99971,0.00021,0.00007,0.00001
35.90125,0.99750,0.99992,0.00004,0.00001,0.00004
36.00125,0.99750,0.99996,0.00000,0.00000,0.00003
36.10125,0.99750,0.99998,0.00000,0.00000,0.00002
36.20125,0.99750,0.99999,0.00000,0.00000,0.00001
36.30125,0.99750,0.99998,0.00000,0.00000,0.00002
36.40125,0.99750,0.99992,0.00000,0.00000,0.00008
36.50125,0.99750,0.99967,0.00000,0.00000,0.00033
36.60125,0.99750,0.99981,0.00000,0.00001,0.00019
36.70125,0.99750,0.99960,0.00000,0.00003,0.00036
36.80125,0.99750,0.99962,0.00001,0.00022,0.00014
36.90125,0.99750,0.99910,0.00004,0.00085,0.00000
37.00125,0.99750,0.99124,0.00025,0.00850,0.00000
37.10125,0.99750,0.98082,0.00029,0.01889,0.00000
37.20125,0.99750,0.99627,0.00005,0.00367,0.00000
37.30125,0.99750,0.99921,0.00002,0.00077,0.00000
37.40125,0.99750,0.99987,0.00006,0.00007,0.00000
37.50125,0.99750,0.99992,0.00007,0.00001,0.00000
37.60125,0.99750,0.99999,0.00001,0.00000,0.00000
37.70125,0.99750,1.00000,0.00000,0.00000,0.00000
37.80125,0.99750,1.00000,0.00000,0.00000,0.00000
37.90125,0.99750,0.99958,0.00000,0.00000,0.00042
38.00125,0.99750,0.99683,0.00000,0.00000,0.00317
38.10125,0.99750,0.99411,0.00000,0.00000,0.00589
38.20125,0.99750,0.96864,0.00000,0.00000,0.03135
38.30125,0.99750,0.91913,0.00000,0.00001,0.08086
38.40125,0.99750,0.92340,0.00001,0.00004,0.07656
38.50125,0.99750,0.96471,0.00003,0.00007,0.03520
38.60125,0.99750,0.98238,0.00005,0.00008,0.01749
38.70125,0.99750,0.99067,0.00013,0.00019,0.00900
38.80125,0.99750,0.99731,0.00019,0.00004,0.00246
38.90125,0.99750,0.99927,0.00010,0.00001,0.00062
39.00125,0.99750,0.99980,0.00005,0.00000,0.00015
39.10125,0.99750,0.99995,0.00001,0.00000,0.00004
39.20125,0.99750,0.99999,0.00000,0.00000,0.00001
39.30125,0.99750,1.00000,0.00000,0.00000,0.00000
39.40125,0.99750,1.00000,0.00000,0.00000,0.00000
39.50125,0.99750,1.00000,0.00000,0.00000,0.00000
39.60125,0.99750,1.00000,0.00000,0.00000,0.00000
39.70125,0.99750,1.00000,0.00000,0.00000,0.00000
39.80125,0.99750,1.00000,0.00000,0.00000,0.00000
39.90125,0.99750,1.00000,0.00000,0.00000,0.00000
40.00125,0.99750,1.00000,0.00000,0.00000,0.00000
40.10125,0.99750,1.00000,0.00000,0.00000,0.00000
40.20125,0.99750,0.99997,0.00003,0.00000,0.00000
40.30125,0.99750,0.99958,0.00042,0.00000,0.00000
40.40125,0.99750,0.99534,0.00466,0.00000,0.00000
40.50125,0.99750,0.95942,0.04057,0.00000,0.00000
40.60125,0.99750,0.79888,0.20111,0.00001,0.00000
40.70125,0.99750,0.80212,0.19787,0.00001,0.00000
40.80125,0.99750,0.85917,0.14082,0.00001,0.00000
40.90125,0.99750,0.98928,0.01072,0.00000,0.00000
41.00125,0.99750,0.99952,0.00048,0.00000,0.00000
41.10125,0.99750,0.99992,0.00006,0.00000,0.00001
41.20125,0.99750,0.99998,0.00000,0.00000,0.00001
41.30125,0.99750,0.99999,0.00000,0.00000,0.00001
41.40125,0.99750,0.99999,0.00000,0.00000,0.00001
41.50125,0.99750,0.99999,0.00000,0.00000,0.00001
41.60125,0.99750,0.99998,0.00000,0.00000,0.00002
41.70125,0.99750,0.99986,0.00000,0.00000,0.00014
41.80125,0.99750,0.99994,0.00000,0.00001,0.00005
41.90125,0.99750,0.99980,0.00000,0.00016,0.00003
42.00125,0.99750,0.99725,0.00000,0.00272,0.00003
42.10125,0.99750,0.95473,0.00000,0.04524,0.00002
42.20125,0.99750,0.55612,0.00001,0.44385,0.00003
42.30125,0.99750,0.14718,0.00001,0.85281,0.00001
42.40125,0.99750,0.18390,0.00001,0.81609,0.00001
42.50125,0.99750,0.57839,0.00000,0.42158,0.00003
42.60125,0.99750,0.87636,0.00001,0.12361,0.00002
42.70125,0.99750,0.99416,0.00013,0.00571,0.00000
42.80125,0.99750,0.99932,0.00008,0.00059,0.00001
42.90125,0.99750,0.99994,0.00001,0.00003,0.00002
43.00125,0.99750,0.99997,0.00000,0.00000,0.00002
43.10125,0.99750,0.99994,0.00000,0.00000,0.00006
43.20125,0.99750,0.99989,0.00000,0.00000,0.00011
43.30125,0.99750,0.99950,0.00000,0.00000,0.00050
43.40125,0.99750,0.99842,0.00000,0.00000,0.00158
43.50125,0.99750,0.99340,0.00000,0.00000,0.00660
43.60125,0.99750,0.97446,0.00000,0.00000,0.02554
43.70125,0.99750,0.94523,0.00000,0.00000,0.05477
43.80125,0.99750,0.95489,0.00002,0.00000,0.04508
43.90125,0.99750,0.96605,0.00014,0.00001,0.03380
44.00125,0.99750,0.95928,0.00037,0.00003,0.04032
44.10125,0.99750,0.96509,0.00151,0.00015,0.03325
44.20125,0.99750,0.98383,0.00473,0.00019,0.01126
44.30125,0.99750,0.99578,0.00130,0.00013,0.00278
44.40125,0.99750,0.99839,0.00101,0.00001,0.00059
44.50125,0.99750,0.99969,0.00017,0.00000,0.00014
44.60125,0.99750,0.99992,0.00004,0.00000,0.00004
44.70125,0.99750,0.99998,0.00000,0.00000,0.00002
44.80125,0.99750,0.99998,0.00000,0.00000,0.00002
44.90125,0.99750,0.99997,0.00000,0.00000,0.00003
45.00125,0.99750,0.99999,0.00000,0.00000,0.00001
45.10125,0.99750,0.99999,0.00000,0.00000,0.00001
45.20125,0.99750,0.99999,0.00000,0.00000,0.00000
45.30125,0.99750,0.99999,0.00001,0.00000,0.00000
45.40125,0.99750,0.99990,0.00010,0.00000,0.00000
45.50125,0.99750,0.99874,0.00125,0.00000,0.00000
45.60125,0.99750,0.98706,0.01293,0.00000,0.00001
45.70125,0.99750,0.91149,0.08849,0.00000,0.00002
45.80125,0.99750,0.73935,0.26061,0.00001,0.00002
45.90125,0.99750,0.70380,0.29616,0.00001,0.00002
46.00125,0.99750,0.86539,0.13459,0.00001,0.00002
46.10125,0.99750,0.98861,0.01137,0.00000,0.00002
46.20125,0.99750,0.99949,0.00049,0.00000,0.00002
46.30125,0.99750,0.99994,0.00004,0.00000,0.00002
46.40125,0.99750,0.99997,0.00000,0.00000,0.00003
46.50125,0.99750,0.99998,0.00000,0.00000,0.00002
46.60125,0.99750,0.99999,0.00000,0.00000,0.00001
46.70125,0.99750,1.00000,0.00000,0.00000,0.00000
46.80125,0.99750,0.99996,0.00000,0.00000,0.00004
46.90125,0.99750,0.99996,0.00000,0.00000,0.00004
47.00125,0.99750,0.99997,0.00000,0.00001,0.00002
47.10125,0.99750,0.99992,0.00000,0.00007,0.00001
47.20125,0.99750,0.99876,0.00000,0.00123,0.00001
47.30125,0.99750,0.97241,0.00000,0.02757,0.00002
47.40125,0.99750,0.63997,0.00000,0.36001,0.00001
47.50125,0.99750,0.42533,0.00000,0.57466,0.00001
47.60125,0.99750,0.81002,0.00000,0.18997,0.00001
47.70125,0.99750,0.90712,0.00001,0.09285,0.00002
47.80125,0.99750,0.99576,0.00013,0.00410,0.00000
47.90125,0.99750,0.99953,0.00008,0.00039,0.00000
48.00125,0.99750,0.99995,0.00002,0.00003,0.00000
48.10125,0.99750,0.99998,0.00001,0.00000,0.00001
48.20125,0.99750,0.99995,0.00000,0.00000,0.00004
48.30125,0.99750,0.99984,0.00000,0.00000,0.00016
48.40125,0.99750,0.99938,0.00000,0.00000,0.00062
48.50125,0.99750,0.99741,0.00000,0.00000,0.00259
48.60125,0.99750,0.98790,0.00000,0.00000,0.01210
48.70125,0.99750,0.96591,0.00000,0.00000,0.03409
48.80125,0.99750,0.92806,0.00000,0.00000,0.07194
48.90125,0.99750,0.91831,0.00001,0.00001,0.08168
49.00125,0.99750,0.95576,0.00005,0.00002,0.04417
49.10125,0.99750,0.97461,0.00007,0.00003,0.02529
49.20125,0.99750,0.99064,0.00019,0.00004,0.00913
49.30125,0.99750,0.99755,0.00014,0.00004,0.00227
49.40125,0.99750,0.99938,0.00005,0.00001,0.00056
49.50125,0.99750,0.99986,0.00003,0.00000,0.00010
49.60125,0.99750,0.99996,0.00001,0.00000,0.00003
49.70125,0.99750,0.99999,0.00000,0.00000,0.00001
49.80125,0.99750,1.00000,0.00000,0.00000,0.00000
49.90125,0.99750,0.99999,0.00000,0.00000,0.00000
50.00125,0.99750,1.00000,0.00000,0.00000,0.00000
50.10125,0.99750,1.00000,0.00000,0.00000,0.00000
50.20125,0.99750,0.99999,0.00001,0.00000,0.00000
50.30125,0.99750,0.99992,0.00007,0.00000,0.00000
50.40125,0.99750,0.99923,0.00077,0.00000,0.00000
50.50125,0.99750,0.99264,0.00735,0.00000,0.00001
50.60125,0.99750,0.95362,0.04636,0.00000,0.00002
50.70125,0.99750,0.88389,0.11607,0.00001,0.00002
50.80125,0.99750,0.85104,0.14891,0.00002,0.00003
50.90125,0.99750,0.88675,0.11322,0.00001,0.00002
51.00125,0.99750,0.99083,0.00911,0.00000,0.00005
51.10125,0.99750,0.99961,0.00035,0.00000,0.00003
51.20125,0.99750,0.99993,0.00003,0.00001,0.00003
51.30125,0.99750,0.99986,0.00002,0.00000,0.00011
51.40125,0.99750,0.99994,0.00004,0.00000,0.00002
51.50125,0.99750,0.99998,0.00000,0.00000,0.00001
51.60125,0.99750,0.99998,0.00000,0.00000,0.00002
51.70125,0.99750,0.99998,0.00000,0.00001,0.00000
51.80125,0.99750,0.99985,0.00000,0.00014,0.00000
51.90125,0.99750,0.99795,0.00000,0.00205,0.00001
52.00125,0.99750,0.97387,0.00001,0.02611,0.00001
52.10125,0.99750,0.64525,0.00005,0.35469,0.00001
52.20125,0.99750,0.32841,0.00005,0.67153,0.00001
52.30125,0.99750,0.38452,0.00004,0.61543,0.00001
52.40125,0.99750,0.90805,0.00001,0.09191,0.00004
52.50125,0.99750,0.98346,0.00003,0.01650,0.00001
52.60125,0.99750,0.99886,0.00007,0.00106,0.00001
52.70125,0.99750,0.99978,0.00001,0.00014,0.00007
52.80125,0.99750,0.99994,0.00000,0.00002,0.00004
52.90125,0.99750,0.99997,0.00000,0.00000,0.00002
53.00125,0.99750,0.99998,0.00000,0.00000,0.00002
53.10125,0.99750,0.99995,0.00000,0.00000,0.00005
53.20125,0.99750,0.99988,0.00000,0.00000,0.00012
53.30125,0.99750,0.99959,0.00000,0.00000,0.00041
53.40125,0.99750,0.99821,0.00000,0.00000,0.00179
53.50125,0.99750,0.99357,0.00000,0.00000,0.00643
53.60125,0.99750,0.98312,0.00000,0.00000,0.01688
53.70125,0.99750,0.98222,0.00001,0.00002,0.01775
53.80125,0.99750,0.99257,0.00005,0.00003,0.00736
53.90125,0.99750,0.99054,0.00015,0.00005,0.00927
54.00125,0.99750,0.99237,0.00014,0.00005,0.00745
54.10125,0.99750,0.99756,0.00018,0.00003,0.00222
54.20125,0.99750,0.99888,0.00020,0.00003,0.00089
54.30125,0.99750,0.99969,0.00015,0.00000,0.00016
54.40125,0.99750,0.99993,0.00004,0.00000,0.00003
54.50125,0.99750,0.99998,0.00001,0.00000,0.00001
54.60125,0.99750,0.99999,0.00000,0.00000,0.00000
54.70125,0.99750,0.99999,0.00000,0.00000,0.00001
54.80125,0.99750,0.99999,0.00000,0.00000,0.00001
54.90125,0.99750,0.99999,0.00000,0.00000,0.00001
55.00125,0.99750,0.99999,0.00000,0.00000,0.00001
55.10125,0.99750,0.99999,0.00000,0.00000,0.00001
55.20125,0.99750,0.99999,0.00000,0.00000,0.00001
55.30125,0.99750,0.99999,0.00000,0.00000,0.00001
55.40125,0.99750,0.99999,0.00000,0.00000,0.00001
55.50125,0.99750,0.99999,0.00000,0.00000,0.00001
55.60125,0.99750,0.99999,0.00000,0.00000,0.00001
55.70125,0.99750,0.99997,0.00001,0.00000,0.00002
55.80125,0.99750,0.99986,0.00014,0.00000,0.00000
55.90125,0.99750,0.99833,0.00167,0.00000,0.00000
56.00125,0.99750,0.98246,0.01753,0.00000,0.00001
56.10125,0.99750,0.90753,0.09246,0.00000,0.00001
56.20125,0.99750,0.73085,0.26913,0.00001,0.00001
56.30125,0.99750,0.61784,0.38213,0.00002,0.00001
56.40125,0.99750,0.76265,0.23733,0.00001,0.00001
56.50125,0.99750,0.97238,0.02761,0.00001,0.00001
56.60125,0.99750,0.99863,0.00135,0.00000,0.00002
56.70125,0.99750,0.99971,0.00023,0.00005,0.00002
56.80125,0.99750,0.99967,0.00021,0.00006,0.00006
56.90125,0.99750,0.99982,0.00007,0.00002,0.00009
57.00125,0.99750,0.99965,0.00000,0.00001,0.00034
57.10125,0.99750,0.99945,0.00000,0.00001,0.00054
57.20125,0.99750,0.99936,0.00000,0.00006,0.00058
57.30125,0.99750,0.99833,0.00000,0.00025,0.00143
57.40125,0.99750,0.99917,0.00001,0.00038,0.00044
57.50125,0.99750,0.99896,0.00006,0.00095,0.00003
57.60125,0.99750,0.99184,0.00013,0.00803,0.00001
57.70125,0.99750,0.98652,0.00018,0.01330,0.00000
57.80125,0.99750,0.99809,0.00003,0.00188,0.00001
57.90125,0.99750,0.99964,0.00001,0.00035,0.00000
58.00125,0.99750,0.99995,0.00003,0.00002,0.00000
58.10125,0.99750,0.99995,0.00005,0.00000,0.00000
58.20125,0.99750,0.99999,0.00001,0.00000,0.00000
58.30125,0.99750,1.00000,0.00000,0.00000,0.00000
58.40125,0.99750,1.00000,0.00000,0.00000,0.00000
58.50125,0.99750,1.00000,0.00000,0.00000,0.00000
58.60125,0.99750,0.99998,0.00000,0.00000,0.00002
58.70125,0.99750,0.99996,0.00000,0.00000,0.00004
58.80125,0.99750,0.99980,0.00000,0.00000,0.00020
58.90125,0.99750,0.99899,0.00000,0.00000,0.00101
59.00125,0.99750,0.99532,0.00000,0.00000,0.00468
59.10125,0.99750,0.98444,0.00000,0.00000,0.01556
59.20125,0.99750,0.94822,0.00000,0.00000,0.05177
59.30125,0.99750,0.87919,0.00001,0.00001,0.12079
59.40125,0.99750,0.88803,0.00002,0.00002,0.11192
59.50125,0.99750,0.91875,0.00012,0.00003,0.08110
59.60125,0.99750,0.96770,0.00029,0.00002,0.03200
59.70125,0.99750,0.98926,0.00207,0.00002,0.00864
59.80125,0.99750,0.99570,0.00185,0.00001,0.00244
59.90125,0.99750,0.99882,0.00067,0.00000,0.00051
60.00125,0.99750,0.99966,0.00021,0.00000,0.00012
60.10125,0.99750,0.99989,0.00007,0.00000,0.00005
60.20125,0.99750,0.99997,0.00002,0.00000,0.00001
60.30125,0.99750,0.99999,0.00000,0.00000,0.00001
60.40125,0.99750,0.99999,0.00000,0.00000,0.00001
60.50125,0.99750,0.99999,0.00000,0.00000,0.00001
60.60125,0.99750,0.99999,0.00000,0.00000,0.00001
60.70125,0.99750,0.99999,0.00000,0.00000,0.00001
60.80125,0.99750,0.99999,0.00000,0.00000,0.00001
60.90125,0.99750,0.99999,0.00000,0.00000,0.00001
61.00125,0.99750,0.99999,0.00000,0.00000,0.00001
61.10125,0.99750,0.99999,0.00000,0.00000,0.00001
61.20125,0.99750,1.00000,0.00000,0.00000,0.00000
61.30125,0.99750,1.00000,0.00000,0.00000,0.00000
61.40125,0.99750,0.99999,0.00000,0.00000,0.00001
61.50125,0.99750,1.00000,0.00000,0.00000,0.00000
61.60125,0.99750,0.99998,0.00001,0.00000,0.00001
61.70125,0.99750,0.99992,0.00008,0.00000,0.00000
61.80125,0.99750,0.99895,0.00104,0.00000,0.00001
61.90125,0.99750,0.99025,0.00972,0.00000,0.00003
62.00125,0.99750,0.90599,0.09396,0.00000,0.00004
62.10125,0.99750,0.74712,0.25280,0.00001,0.00006
62.20125,0.99750,0.63252,0.36740,0.00002,0.00006
62.30125,0.99750,0.63848,0.36143,0.00002,0.00006
62.40125,0.99750,0.94608,0.05384,0.00001,0.00007
62.50125,0.99750,0.99690,0.00295,0.00000,0.00014
62.60125,0.99750,0.99977,0.00017,0.00002,0.00004
62.70125,0.99750,0.99991,0.00001,0.00000,0.00007
62.80125,0.99750,0.99996,0.00000,0.00000,0.00004
62.90125,0.99750,0.99999,0.00000,0.00000,0.00001
63.00125,0.99750,0.99999,0.00000,0.00000,0.00001
63.10125,0.99750,0.99999,0.00000,0.00000,0.00001
63.20125,0.99751,1.00000,0.00000,0.00000,0.00000
63.30125,0.99750,1.00000,0.00000,0.00000,0.00000
63.40125,0.99750,0.99999,0.00000,0.00000,0.00001
63.50125,0.99750,0.99999,0.00000,0.00000,0.00001
63.60125,0.99750,0.99998,0.00000,0.00000,0.00002
63.70125,0.99751,0.99988,0.00000,0.00000,0.00012
63.80125,0.99750,0.99992,0.00000,0.00002,0.00007
63.90125,0.99750,0.99974,0.00000,0.00022,0.00004
64.00125,0.99750,0.99757,0.00000,0.00242,0.00001
64.10125,0.99750,0.95591,0.00000,0.04408,0.00001
64.20125,0.99751,0.52081,0.00000,0.47918,0.00001
64.30125,0.99751,0.23584,0.00000,0.76415,0.00000
64.40125,0.99750,0.41476,0.00000,0.58523,0.00000
64.50125,0.99750,0.90613,0.00000,0.09386,0.00001
64.60125,0.99750,0.98019,0.00001,0.01981,0.00000
64.70125,0.99751,0.99900,0.00008,0.00091,0.00000
64.80125,0.99751,0.99986,0.00003,0.00011,0.00000
64.90125,0.99750,0.99998,0.00001,0.00001,0.00000
65.00125,0.99750,0.99998,0.00000,0.00000,0.00001
65.10125,0.99750,0.99998,0.00000,0.00000,0.00002
65.20125,0.99751,0.99991,0.00000,0.00000,0.00009
65.30125,0.99751,0.99976,0.00000,0.00000,0.00024
65.40125,0.99750,0.99880,0.00000,0.00000,0.00120
65.50125,0.99750,0.99361,0.00000,0.00000,0.00639
65.60125,0.99750,0.98048,0.00000,0.00000,0.01952
65.70125,0.99751,0.94786,0.00001,0.00001,0.05213
65.80125,0.99751,0.92953,0.00001,0.00003,0.07042
65.90125,0.99750,0.97309,0.00005,0.00004,0.02682
66.00125,0.99750,0.98988,0.00013,0.00004,0.00994
66.10125,0.99750,0.99478,0.00069,0.00012,0.00441
66.20125,0.99751,0.99484,0.00288,0.00014,0.00214
66.30125,0.99751,0.99761,0.00179,0.00003,0.00057
66.40125,0.99750,0.99958,0.00030,0.00000,0.00012
66.50125,0.99750,0.99994,0.00004,0.00000,0.00002
66.60125,0.99750,0.99998,0.00001,0.00000,0.00001
66.70125,0.99751,1.00000,0.00000,0.00000,0.00000
66.80125,0.99751,1.00000,0.00000,0.00000,0.00000
66.90125,0.99750,1.00000,0.00000,0.00000,0.00000
67.00125,0.99750,0.99999,0.00000,0.00000,0.00000
67.10125,0.99750,0.99999,0.00000,0.00000,0.00001
67.20125,0.99751,0.99997,0.00002,0.00000,0.00001
67.30125,0.99751,0.99973,0.00027,0.00000,0.00000
67.40125,0.99750,0.99632,0.00367,0.00000,0.00001
67.50125,0.99750,0.96452,0.03546,0.00000,0.00002
67.60125,0.99750,0.81168,0.18830,0.00000,0.00002
67.70125,0.99751,0.71537,0.28460,0.00001,0.00002
67.80125,0.99751,0.64922,0.35075,0.00001,0.00002
67.90125,0.99750,0.90460,0.09538,0.00001,0.00001
68.00125,0.99750,0.99135,0.00862,0.00000,0.00003
68.10125,0.99750,0.99957,0.00037,0.00005,0.00001
68.20125,0.99751,0.99996,0.00002,0.00000,0.00001
68.30125,0.99751,0.99996,0.00002,0.00000,0.00002
68.40125,0.99750,0.99995,0.00002,0.00000,0.00003
68.50125,0.99750,0.99998,0.00001,0.00000,0.00001
68.60125,0.99750,0.99998,0.00000,0.00000,0.00001
68.70125,0.99751,0.99997,0.00001,0.00002,0.00000
68.80125,0.99751,0.99987,0.00001,0.00011,0.00000
68.90125,0.99750,0.99876,0.00005,0.00118,0.00001
69.00125,0.99750,0.98872,0.00017,0.01109,0.00001
69.10125,0.99750,0.87532,0.00070,0.12397,0.00002
69.20125,0.99751,0.43936,0.00166,0.55897,0.00001
69.30125,0.99751,0.77781,0.00057,0.22160,0.00001
69.40125,0.99750,0.96740,0.00006,0.03253,0.00001
69.50125,0.99750,0.99833,0.00001,0.00165,0.00001
69.60125,0.99750,0.99985,0.00001,0.00012,0.00002
69.70125,0.99751,0.99992,0.00001,0.00004,0.00004
69.80125,0.99751,0.99993,0.00001,0.00001,0.00005
69.90125,0.99750,0.99992,0.00000,0.00000,0.00007
70.00125,0.99750,0.99988,0.00000,0.00000,0.00011
70.10125,0.99750,0.99960,0.00000,0.00000,0.00040
70.20125,0.99751,0.99836,0.00000,0.00000,0.00164
70.30125,0.99751,0.99068,0.00000,0.00000,0.00932
70.40125,0.99750,0.96984,0.00000,0.00000,0.03016
70.50125,0.99750,0.89433,0.00000,0.00001,0.10566
70.60125,0.99750,0.81711,0.00001,0.00004,0.18284
70.70125,0.99751,0.93032,0.00002,0.00008,0.06958
70.80125,0.99751,0.98495,0.00003,0.00003,0.01498
70.90125,0.99750,0.98837,0.00003,0.00005,0.01155
71.00125,0.99750,0.99460,0.00005,0.00010,0.00526
71.10125,0.99750,0.99815,0.00005,0.00010,0.00170
71.20125,0.99751,0.99968,0.00001,0.00001,0.00030
71.30125,0.99751,0.99994,0.00001,0.00000,0.00005
71.40125,0.99750,0.99998,0.00000,0.00000,0.00002
71.50125,0.99750,1.00000,0.00000,0.00000,0.00000
71.60125,0.99750,1.00000,0.00000,0.00000,0.00000
71.70125,0.99751,1.00000,0.00000,0.00000,0.00000
71.80125,0.99751,0.99998,0.00000,0.00000,0.00002
71.90125,0.99750,0.99999,0.00000,0.00000,0.00001
72.00125,0.99750,0.99999,0.00000,0.00000,0.00000
72.10125,0.99750,0.99997,0.00001,0.00000,0.00002
72.20125,0.99751,0.99992,0.00008,0.00000,0.00000
72.30125,0.99751,0.99917,0.00083,0.00000,0.00001
72.40125,0.99750,0.99095,0.00903,0.00000,0.00001
72.50125,0.99750,0.93415,0.06582,0.00000,0.00003
72.60125,0.99750,0.69838,0.30156,0.00002,0.00004
72.70125,0.99751,0.63737,0.36256,0.00003,0.00004
72.80125,0.99751,0.74709,0.25284,0.00003,0.00003
72.90125,0.99750,0.94562,0.05434,0.00002,0.00003
73.00125,0.99750,0.99658,0.00337,0.00000,0.00005
73.10125,0.99750,0.99983,0.00012,0.00004,0.00001
73.20125,0.99751,0.99985,0.00002,0.00001,0.00013
73.30125,0.99751,0.99982,0.00001,0.00001,0.00016
73.40125,0.99750,0.99984,0.00001,0.00000,0.00014
73.50125,0.99750,0.99972,0.00000,0.00000,0.00027
73.60125,0.99750,0.99905,0.00000,0.00000,0.00095
73.70125,0.99751,0.99867,0.00000,0.00001,0.00132
73.80125,0.99751,0.99688,0.00001,0.00001,0.00310
73.90125,0.99750,0.99964,0.00003,0.00002,0.00031
74.00125,0.99750,0.99910,0.00041,0.00025,0.00024
74.10125,0.99750,0.99615,0.00140,0.00238,0.00007
74.20125,0.99751,0.98643,0.00500,0.00853,0.00004
74.30125,0.99751,0.99783,0.00101,0.00111,0.00005
74.40125,0.99750,0.99960,0.00027,0.00010,0.00003
74.50125,0.99750,0.99990,0.00008,0.00002,0.00000
74.60125,0.99750,0.99993,0.00006,0.00000,0.00000
74.70125,0.99751,0.99998,0.00001,0.00000,0.00000
74.80125,0.99751,0.99999,0.00001,0.00000,0.00000
74.90125,0.99750,0.99996,0.00000,0.00000,0.00003
75.00125,0.99750,0.99986,0.00000,0.00000,0.00014
75.10125,0.99750,0.99865,0.00000,0.00000,0.00135
75.20125,0.99751,0.99616,0.00000,0.00000,0.00384
75.30125,0.99751,0.98599,0.00000,0.00000,0.01401
75.40125,0.99750,0.95273,0.00000,0.00000,0.04727
75.50125,0.99750,0.94090,0.00000,0.00002,0.05907
75.60125,0.99750,0.96346,0.00001,0.00006,0.03647
75.70125,0.99751,0.98409,0.00003,0.00009,0.01579
75.80125,0.99751,0.99170,0.00010,0.00014,0.00806
75.90125,0.99750,0.99673,0.00054,0.00022,0.00252
76.00125,0.99750,0.99862,0.00039,0.00014,0.00085
76.10125,0.99750,0.99971,0.00010,0.00001,0.00018
76.20125,0.99751,0.99993,0.00003,0.00000,0.00004
76.30125,0.99751,0.99999,0.00001,0.00000,0.00001
76.40125,0.99750,1.00000,0.00000,0.00000,0.00000
76.50125,0.99750,1.00000,0.00000,0.00000,0.00000
76.60125,0.99750,1.00000,0.00000,0.00000,0.00000
76.70125,0.99751,0.99999,0.00000,0.00000,0.00001
76.80125,0.99751,1.00000,0.00000,0.00000,0.00000
76.90125,0.99750,1.00000,0.00000,0.00000,0.00000
77.00125,0.99750,0.99999,0.00001,0.00000,0.00000
77.10125,0.99750,0.99988,0.00012,0.00000,0.00000
77.20125,0.99751,0.99826,0.00174,0.00000,0.00000
77.30125,0.99751,0.98257,0.01742,0.00000,0.00001
77.40125,0.99750,0.84048,0.15951,0.00000,0.00001
77.50125,0.99750,0.66059,0.33939,0.00001,0.00001
77.60125,0.99750,0.49173,0.50824,0.00002,0.00001
77.70125,0.99751,0.78939,0.21058,0.00002,0.00001
77.80125,0.99751,0.98132,0.01864,0.00000,0.00003
77.90125,0.99750,0.99926,0.00068,0.00004,0.00001
78.00125,0.99750,0.99961,0.00025,0.00006,0.00007
78.10125,0.99750,0.99954,0.00031,0.00006,0.00009
78.20125,0.99751,0.99956,0.00034,0.00004,0.00006
78.30125,0.99751,0.99988,0.00001,0.00003,0.00008
78.40125,0.99750,0.99985,0.00000,0.00007,0.00007
78.50125,0.99750,0.99945,0.00000,0.00051,0.00003
78.60125,0.99750,0.99550,0.00001,0.00448,0.00002
78.70125,0.99751,0.95425,0.00002,0.04570,0.00002
78.80125,0.99751,0.63552,0.00006,0.36439,0.00003
78.90125,0.99750,0.12856,0.00006,0.87137,0.00001
79.00125,0.99750,0.14227,0.00005,0.85768,0.00000
79.10125,0.99750,0.62089,0.00002,0.37907,0.00002
79.20125,0.99751,0.92440,0.00001,0.07557,0.00003
79.30125,0.99751,0.99548,0.00003,0.00448,0.00000
79.40125,0.99750,0.99963,0.00003,0.00034,0.00001
79.50125,0.99750,0.99992,0.00001,0.00005,0.00003
79.60125,0.99750,0.99983,0.00000,0.00001,0.00015
79.70125,0.99751,0.99965,0.00000,0.00000,0.00035
79.80125,0.99751,0.99877,0.00000,0.00000,0.00123
79.90125,0.99750,0.99464,0.00000,0.00000,0.00535
80.00125,0.99750,0.98058,0.00000,0.00000,0.01942
80.10125,0.99750,0.93627,0.00000,0.00000,0.06372
80.20125,0.99751,0.86400,0.00001,0.00000,0.13599
80.30125,0.99751,0.77446,0.00001,0.00000,0.22552
80.40125,0.99750,0.88213,0.00009,0.00000,0.11778
80.50125,0.99750,0.98201,0.00022,0.00000,0.01776
80.60125,0.99750,0.99464,0.00088,0.00000,0.00448
80.70125,0.99751,0.99791,0.00080,0.00000,0.00130
80.80125,0.99751,0.99952,0.00021,0.00000,0.00026
80.90125,0.99750,0.99984,0.00009,0.00000,0.00007
81.00125,0.99750,0.99992,0.00004,0.00000,0.00004
81.10125,0.99750,0.99996,0.00002,0.00000,0.00002
81.20125,0.99751,0.99997,0.00001,0.00000,0.00002
81.30125,0.99751,0.99997,0.00001,0.00000,0.00002
81.40125,0.99750,0.99984,0.00000,0.00000,0.00016
81.50125,0.99750,0.99870,0.00000,0.00000,0.00130
81.60125,0.99750,0.99551,0.00000,0.00000,0.00449
81.70125,0.99751,0.99087,0.00000,0.00000,0.00912
81.80125,0.99751,0.98405,0.00000,0.00000,0.01595
81.90125,0.99750,0.98083,0.00000,0.00000,0.01916
82.00125,0.99750,0.96841,0.00000,0.00000,0.03159
82.10125,0.99750,0.94981,0.00000,0.00000,0.05019
82.20125,0.99751,0.95670,0.00000,0.00000,0.04330
82.30125,0.99751,0.96154,0.00000,0.00000,0.03846
82.40125,0.99750,0.97060,0.00000,0.00000,0.02940
82.50125,0.99750,0.97946,0.00000,0.00000,0.02054
82.60125,0.99750,0.98153,0.00000,0.00000,0.01847
82.70125,0.99751,0.98516,0.00000,0.00000,0.01484
82.80125,0.99751,0.98784,0.00001,0.00000,0.01216
82.90125,0.99750,0.97884,0.00001,0.00000,0.02115
83.00125,0.99750,0.97417,0.00003,0.00000,0.02580
83.10125,0.99750,0.97663,0.00003,0.00000,0.02334
83.20125,0.99751,0.98187,0.00002,0.00000,0.01810
83.30125,0.99751,0.98954,0.00001,0.00000,0.01045
83.40125,0.99750,0.99396,0.00000,0.00000,0.00603
83.50125,0.99750,0.99577,0.00000,0.00000,0.00423
83.60125,0.99750,0.99696,0.00000,0.00000,0.00304
83.70125,0.99751,0.99784,0.00000,0.00000,0.00216
