Time (seconds), Duration (seconds),pred_(unlabeled),pred_Jab_R,pred_Sidehook_R,pred_Uppercut_R
0.00125,0.84000,1.00000,0.00000,0.00000,0.00000
0.12125,0.84000,1.00000,0.00000,0.00000,0.00000
0.24125,0.84000,1.00000,0.00000,0.00000,0.00000
0.36125,0.84000,1.00000,0.00000,0.00000,0.00000
0.48125,0.84000,1.00000,0.00000,0.00000,0.00000
0.60125,0.84000,1.00000,0.00000,0.00000,0.00000
0.72125,0.84000,1.00000,0.00000,0.00000,0.00000
0.84125,0.84000,1.00000,0.00000,0.00000,0.00000
0.96125,0.84000,1.00000,0.00000,0.00000,0.00000
1.08125,0.84000,1.00000,0.00000,0.00000,0.00000
1.20125,0.84000,1.00000,0.00000,0.00000,0.00000
1.32125,0.84000,1.00000,0.00000,0.00000,0.00000
1.44125,0.84000,0.99999,0.00000,0.00001,0.00000
1.56125,0.84000,0.99993,0.00000,0.00006,0.00000
1.68125,0.84000,0.99972,0.00000,0.00022,0.00005
1.80125,0.84000,0.99908,0.00004,0.00002,0.00086
1.92125,0.84000,0.98140,0.00031,0.00001,0.01828
2.04125,0.84000,0.40873,0.00039,0.00033,0.59055
2.16125,0.84000,0.65271,0.00073,0.00029,0.34627
2.28125,0.84000,0.97439,0.00016,0.00008,0.02537
2.40125,0.84000,0.99761,0.00002,0.00001,0.00236
2.52125,0.84000,0.99971,0.00000,0.00002,0.00027
2.64125,0.84000,0.99988,0.00000,0.00010,0.00002
2.76125,0.84000,1.00000,0.00000,0.00000,0.00000
2.88125,0.84000,1.00000,0.00000,0.00000,0.00000
3.00125,0.84000,1.00000,0.00000,0.00000,0.00000
3.12125,0.84000,1.00000,0.00000,0.00000,0.00000
3.24125,0.84000,1.00000,0.00000,0.00000,0.00000
3.36125,0.84000,1.00000,0.00000,0.00000,0.00000
3.48125,0.84000,1.00000,0.00000,0.00000,0.00000
3.60125,0.84000,1.00000,0.00000,0.00000,0.00000
3.72125,0.84000,1.00000,0.00000,0.00000,0.00000
3.84125,0.84000,0.99997,0.00000,0.00003,0.00001
3.96125,0.84000,0.99974,0.00000,0.00017,0.00009
4.08125,0.84000,0.99864,0.00002,0.00013,0.00120
4.20125,0.84000,0.97603,0.00077,0.00002,0.02318
4.32125,0.84000,0.45515,0.00089,0.00028,0.54368
4.44125,0.84000,0.18307,0.00110,0.00093,0.81489
4.56125,0.84000,0.94364,0.00072,0.00031,0.05533
4.68125,0.84000,0.99563,0.00009,0.00005,0.00423
4.80125,0.84000,0.99968,0.00001,0.00001,0.00030
4.92125,0.84000,0.99987,0.00000,0.00011,0.00002
5.04125,0.84000,0.99999,0.00000,0.00001,0.00000
5.16125,0.84000,1.00000,0.00000,0.00000,0.00000
5.28125,0.84000,1.00000,0.00000,0.00000,0.00000
5.40125,0.84000,1.00000,0.00000,0.00000,0.00000
5.52125,0.84000,1.00000,0.00000,0.00000,0.00000
5.64125,0.84000,1.00000,0.00000,0.00000,0.00000
5.76125,0.84000,1.00000,0.00000,0.00000,0.00000
5.88125,0.84000,1.00000,0.00000,0.00000,0.00000
6.00125,0.84000,1.00000,0.00000,0.00000,0.00000
6.12125,0.84000,0.99997,0.00000,0.00002,0.00001
6.24125,0.84000,0.99976,0.00000,0.00015,0.00009
6.36125,0.84000,0.99868,0.00002,0.00015,0.00116
6.48125,0.84000,0.98104,0.00054,0.00001,0.01841
6.60125,0.84000,0.53928,0.00102,0.00010,0.45960
6.72125,0.84000,0.09080,0.00070,0.00022,0.90828
6.84125,0.84000,0.82207,0.00093,0.00023,0.17677
6.96125,0.84000,0.98969,0.00015,0.00002,0.01014
7.08125,0.84000,0.99851,0.00002,0.00001,0.00146
7.20125,0.84000,0.99975,0.00000,0.00014,0.00011
7.32125,0.84000,0.99997,0.00000,0.00003,0.00000
7.44125,0.84000,1.00000,0.00000,0.00000,0.00000
7.56125,0.84000,1.00000,0.00000,0.00000,0.00000
7.68125,0.84000,1.00000,0.00000,0.00000,0.00000
7.80125,0.84000,1.00000,0.00000,0.00000,0.00000
7.92125,0.84000,1.00000,0.00000,0.00000,0.00000
8.04125,0.84000,1.00000,0.00000,0.00000,0.00000
8.16125,0.84000,1.00000,0.00000,0.00000,0.00000
8.28125,0.84000,1.00000,0.00000,0.00000,0.00000
8.40125,0.84000,1.00000,0.00000,0.00000,0.00000
8.52125,0.84000,0.99998,0.00000,0.00002,0.00000
8.64125,0.84000,0.99982,0.00000,0.00012,0.00005
8.76125,0.84000,0.99902,0.00002,0.00016,0.00080
8.88125,0.84000,0.98683,0.00057,0.00001,0.01259
9.00125,0.84000,0.68626,0.00185,0.00015,0.31174
9.12125,0.84000,0.10103,0.00074,0.00032,0.89792
9.24125,0.84000,0.80511,0.00187,0.00060,0.19242
9.36125,0.84000,0.96799,0.00039,0.00011,0.03150
9.48125,0.84000,0.99229,0.00013,0.00005,0.00753
9.60125,0.84000,0.99872,0.00001,0.00087,0.00040
9.72125,0.84000,0.99988,0.00000,0.00012,0.00001
9.84125,0.84000,1.00000,0.00000,0.00000,0.00000
9.96125,0.84000,1.00000,0.00000,0.00000,0.00000
10.08125,0.84000,1.00000,0.00000,0.00000,0.00000
10.20125,0.84000,1.00000,0.00000,0.00000,0.00000
10.32125,0.84000,1.00000,0.00000,0.00000,0.00000
10.44125,0.84000,0.99997,0.00000,0.00002,0.00001
10.56125,0.84000,0.99970,0.00000,0.00020,0.00009
10.68125,0.84000,0.99825,0.00002,0.00030,0.00143
10.80125,0.84000,0.97509,0.00071,0.00001,0.02419
10.92125,0.84000,0.54681,0.00291,0.00006,0.45022
11.04125,0.84000,0.06239,0.00100,0.00008,0.93653
11.16125,0.84000,0.61409,0.00122,0.00012,0.38457
11.28125,0.84000,0.86672,0.00029,0.00002,0.13296
11.40125,0.84000,0.95137,0.00013,0.00002,0.04847
11.52125,0.84000,0.99694,0.00001,0.00011,0.00294
11.64125,0.84000,0.99975,0.00000,0.00017,0.00007
11.76125,0.84000,1.00000,0.00000,0.00000,0.00000
11.88125,0.84000,0.99999,0.00000,0.00000,0.00000
12.00125,0.84000,1.00000,0.00000,0.00000,0.00000
12.12125,0.84000,1.00000,0.00000,0.00000,0.00000
12.24125,0.84000,1.00000,0.00000,0.00000,0.00000
12.36125,0.84000,0.99998,0.00000,0.00002,0.00000
12.48125,0.84000,0.99980,0.00000,0.00015,0.00005
12.60125,0.84000,0.99871,0.00001,0.00064,0.00064
12.72125,0.84000,0.98678,0.00021,0.00016,0.01285
12.84125,0.84000,0.76437,0.00362,0.00005,0.23196
12.96125,0.84000,0.08192,0.00083,0.00025,0.91700
13.08125,0.84000,0.16249,0.00060,0.00049,0.83641
13.20125,0.84000,0.84760,0.00025,0.00020,0.15195
13.32125,0.84000,0.98520,0.00004,0.00004,0.01471
13.44125,0.84000,0.99898,0.00000,0.00005,0.00097
13.56125,0.84000,0.99981,0.00000,0.00015,0.00003
13.68125,0.84000,0.99999,0.00000,0.00001,0.00000
13.80125,0.84000,1.00000,0.00000,0.00000,0.00000
13.92125,0.84000,1.00000,0.00000,0.00000,0.00000
14.04125,0.84000,1.00000,0.00000,0.00000,0.00000
14.16125,0.84000,1.00000,0.00000,0.00000,0.00000
14.28125,0.84000,1.00000,0.00000,0.00000,0.00000
14.40125,0.84000,0.99999,0.00000,0.00001,0.00000
14.52125,0.84000,0.99987,0.00000,0.00009,0.00004
14.64125,0.84000,0.99875,0.00000,0.00068,0.00057
14.76125,0.84000,0.99027,0.00005,0.00084,0.00884
14.88125,0.84000,0.85765,0.00152,0.00013,0.14070
15.00125,0.84000,0.22916,0.00184,0.00023,0.76878
15.12125,0.84000,0.06177,0.00012,0.00049,0.93762
15.24125,0.84000,0.65192,0.00037,0.00096,0.34675
15.36125,0.84000,0.96201,0.00003,0.00014,0.03782
15.48125,0.84000,0.99827,0.00001,0.00003,0.00170
15.60125,0.84000,0.99981,0.00000,0.00007,0.00011
15.72125,0.84000,0.99991,0.00000,0.00008,0.00000
15.84125,0.84000,1.00000,0.00000,0.00000,0.00000
15.96125,0.84000,1.00000,0.00000,0.00000,0.00000
16.08125,0.84000,1.00000,0.00000,0.00000,0.00000
16.20125,0.84000,1.00000,0.00000,0.00000,0.00000
16.32125,0.84000,1.00000,0.00000,0.00000,0.00000
16.44125,0.84000,1.00000,0.00000,0.00000,0.00000
16.56125,0.84000,0.99996,0.00000,0.00003,0.00001
16.68125,0.84000,0.99963,0.00000,0.00026,0.00011
16.80125,0.84000,0.99816,0.00004,0.00021,0.00160
16.92125,0.84000,0.97073,0.00137,0.00001,0.02789
17.04125,0.84000,0.47989,0.00393,0.00003,0.51614
17.16125,0.84000,0.04585,0.00058,0.00006,0.95351
17.28125,0.84000,0.72307,0.00097,0.00008,0.27587
17.40125,0.84000,0.92440,0.00018,0.00002,0.07540
17.52125,0.84000,0.99455,0.00003,0.00001,0.00541
17.64125,0.84000,0.99961,0.00000,0.00005,0.00034
17.76125,0.84000,0.99992,0.00000,0.00007,0.00001
17.88125,0.84000,1.00000,0.00000,0.00000,0.00000
18.00125,0.84000,1.00000,0.00000,0.00000,0.00000
18.12125,0.84000,1.00000,0.00000,0.00000,0.00000
18.24125,0.84000,1.00000,0.00000,0.00000,0.00000
18.36125,0.84000,1.00000,0.00000,0.00000,0.00000
18.48125,0.84000,1.00000,0.00000,0.00000,0.00000
18.60125,0.84000,0.99999,0.00000,0.00001,0.00000
18.72125,0.84000,0.99995,0.00000,0.00004,0.00001
18.84125,0.84000,0.99959,0.00000,0.00029,0.00012
18.96125,0.84000,0.99817,0.00005,0.00009,0.00169
19.08125,0.84000,0.96702,0.00161,0.00001,0.03136
19.20125,0.84000,0.34599,0.00113,0.00011,0.65276
19.32125,0.84000,0.14407,0.00111,0.00043,0.85439
19.44125,0.84000,0.84343,0.00079,0.00023,0.15556
19.56125,0.84000,0.99218,0.00012,0.00004,0.00766
19.68125,0.84000,0.99922,0.00001,0.00002,0.00075
19.80125,0.84000,0.99984,0.00000,0.00014,0.00003
19.92125,0.84000,0.99998,0.00000,0.00002,0.00000
20.04125,0.84000,1.00000,0.00000,0.00000,0.00000
20.16125,0.84000,1.00000,0.00000,0.00000,0.00000
20.28125,0.84000,1.00000,0.00000,0.00000,0.00000
20.40125,0.84000,1.00000,0.00000,0.00000,0.00000
20.52125,0.84000,1.00000,0.00000,0.00000,0.00000
20.64125,0.84000,0.99999,0.00000,0.00001,0.00000
20.76125,0.84000,0.99991,0.00000,0.00007,0.00003
20.88125,0.84000,0.99921,0.00000,0.00044,0.00034
21.00125,0.84000,0.99414,0.00009,0.00074,0.00503
21.12125,0.84000,0.91167,0.00293,0.00005,0.08536
21.24125,0.84000,0.24552,0.00355,0.00017,0.75076
21.36125,0.84000,0.12616,0.00114,0.00039,0.87231
21.48125,0.84000,0.67564,0.00160,0.00037,0.32239
21.60125,0.84000,0.84901,0.00049,0.00014,0.15035
21.72125,0.84000,0.87001,0.00032,0.00017,0.12951
21.84125,0.84000,0.99062,0.00002,0.00119,0.00818
21.96125,0.84000,0.99878,0.00000,0.00101,0.00021
22.08125,0.84000,0.99995,0.00000,0.00005,0.00000
22.20125,0.84000,0.99998,0.00000,0.00002,0.00000
22.32125,0.84000,0.99998,0.00000,0.00002,0.00000
22.44125,0.84000,1.00000,0.00000,0.00000,0.00000
22.56125,0.84000,1.00000,0.00000,0.00000,0.00000
22.68125,0.84000,0.99998,0.00000,0.00001,0.00000
22.80125,0.84000,0.99990,0.00000,0.00008,0.00002
22.92125,0.84000,0.99964,0.00001,0.00007,0.00029
23.04125,0.84000,0.99507,0.00021,0.00001,0.00471
23.16125,0.84000,0.84042,0.00036,0.00009,0.15913
23.28125,0.84000,0.07336,0.00007,0.00046,0.92611
23.40125,0.84000,0.58312,0.00021,0.00059,0.41608
23.52125,0.84000,0.71155,0.00005,0.00035,0.28805
23.64125,0.84000,0.95694,0.00002,0.00013,0.04291
23.76125,0.84000,0.99509,0.00000,0.00132,0.00359
23.88125,0.84000,0.99965,0.00000,0.00030,0.00005
24.00125,0.84000,0.99999,0.00000,0.00001,0.00000
24.12125,0.84000,1.00000,0.00000,0.00000,0.00000
24.24125,0.84000,1.00000,0.00000,0.00000,0.00000
24.36125,0.84000,1.00000,0.00000,0.00000,0.00000
24.48125,0.84000,1.00000,0.00000,0.00000,0.00000
24.60125,0.84000,0.99996,0.00000,0.00003,0.00001
24.72125,0.84000,0.99974,0.00000,0.00018,0.00008
24.84125,0.84000,0.99841,0.00003,0.00020,0.00136
24.96125,0.84000,0.97413,0.00102,0.00006,0.02479
25.08125,0.84000,0.40490,0.00400,0.00034,0.59077
25.20125,0.84000,0.05227,0.00046,0.00071,0.94656
25.32125,0.84000,0.77481,0.00197,0.00139,0.22183
25.44125,0.84000,0.95710,0.00021,0.00026,0.04243
25.56125,0.84000,0.98931,0.00009,0.00014,0.01046
25.68125,0.84000,0.99650,0.00000,0.00112,0.00237
25.80125,0.84000,0.99962,0.00000,0.00034,0.00003
25.92125,0.84000,0.99999,0.00000,0.00001,0.00000
26.04125,0.84000,1.00000,0.00000,0.00000,0.00000
26.16125,0.84000,1.00000,0.00000,0.00000,0.00000
26.28125,0.84000,1.00000,0.00000,0.00000,0.00000
26.40125,0.84000,1.00000,0.00000,0.00000,0.00000
26.52125,0.84000,0.99998,0.00000,0.00001,0.00001
26.64125,0.84000,0.99980,0.00000,0.00010,0.00010
26.76125,0.84000,0.99813,0.00000,0.00067,0.00120
26.88125,0.84000,0.98303,0.00013,0.00062,0.01622
27.00125,0.84000,0.78499,0.00447,0.00015,0.21039
27.12125,0.84000,0.10787,0.00077,0.00078,0.89058
27.24125,0.84000,0.11178,0.00049,0.00185,0.88589
27.36125,0.84000,0.77884,0.00039,0.00134,0.21943
27.48125,0.84000,0.98497,0.00007,0.00024,0.01473
27.60125,0.84000,0.99904,0.00001,0.00007,0.00089
27.72125,0.84000,0.99956,0.00000,0.00036,0.00009
27.84125,0.84000,0.99998,0.00000,0.00002,0.00000
27.96125,0.84000,1.00000,0.00000,0.00000,0.00000
28.08125,0.84000,1.00000,0.00000,0.00000,0.00000
28.20125,0.84000,1.00000,0.00000,0.00000,0.00000
28.32125,0.84000,0.99999,0.00000,0.00001,0.00000
28.44125,0.84000,0.99994,0.00000,0.00004,0.00002
28.56125,0.84000,0.99966,0.00000,0.00021,0.00013
28.68125,0.84000,0.99808,0.00005,0.00018,0.00169
28.80125,0.84000,0.97187,0.00170,0.00003,0.02639
28.92125,0.84000,0.31580,0.00112,0.00039,0.68270
29.04125,0.84000,0.19666,0.00164,0.00123,0.80046
29.16125,0.84000,0.85019,0.00068,0.00044,0.14868
29.28125,0.84000,0.99353,0.00011,0.00007,0.00629
29.40125,0.84000,0.99898,0.00001,0.00002,0.00099
29.52125,0.84000,0.99962,0.00000,0.00024,0.00013
29.64125,0.84000,0.99990,0.00000,0.00007,0.00002
29.76125,0.84000,0.99999,0.00000,0.00001,0.00000
29.88125,0.84000,1.00000,0.00000,0.00000,0.00000
30.00125,0.84000,1.00000,0.00000,0.00000,0.00000
30.12125,0.84000,0.99999,0.00000,0.00000,0.00000
30.24125,0.84000,0.99999,0.00000,0.00001,0.00000
30.36125,0.84000,1.00000,0.00000,0.00000,0.00000
30.48125,0.84000,1.00000,0.00000,0.00000,0.00000
30.60125,0.84000,1.00000,0.00000,0.00000,0.00000
30.72125,0.84000,1.00000,0.00000,0.00000,0.00000
30.84125,0.84000,1.00000,0.00000,0.00000,0.00000
30.96125,0.84000,1.00000,0.00000,0.00000,0.00000
31.08125,0.84000,1.00000,0.00000,0.00000,0.00000
31.20125,0.84000,1.00000,0.00000,0.00000,0.00000
31.32125,0.84000,1.00000,0.00000,0.00000,0.00000
31.44125,0.84000,1.00000,0.00000,0.00000,0.00000
31.56125,0.84000,1.00000,0.00000,0.00000,0.00000
31.68125,0.84000,1.00000,0.00000,0.00000,0.00000
31.80125,0.84000,1.00000,0.00000,0.00000,0.00000
31.92125,0.84000,1.00000,0.00000,0.00000,0.00000
32.04125,0.84000,1.00000,0.00000,0.00000,0.00000
32.16125,0.84000,1.00000,0.00000,0.00000,0.00000
32.28125,0.84000,1.00000,0.00000,0.00000,0.00000
32.40125,0.84000,1.00000,0.00000,0.00000,0.00000
32.52125,0.84000,1.00000,0.00000,0.00000,0.00000
32.64125,0.84000,1.00000,0.00000,0.00000,0.00000
32.76125,0.84000,1.00000,0.00000,0.00000,0.00000
32.88125,0.84000,1.00000,0.00000,0.00000,0.00000
33.00125,0.84000,1.00000,0.00000,0.00000,0.00000
33.12125,0.84000,1.00000,0.00000,0.00000,0.00000
33.24125,0.84000,1.00000,0.00000,0.00000,0.00000
33.36125,0.84000,1.00000,0.00000,0.00000,0.00000
33.48125,0.84000,1.00000,0.00000,0.00000,0.00000
33.60125,0.84000,1.00000,0.00000,0.00000,0.00000
33.72125,0.84000,1.00000,0.00000,0.00000,0.00000
33.84125,0.84000,1.00000,0.00000,0.00000,0.00000
33.96125,0.84000,1.00000,0.00000,0.00000,0.00000
34.08125,0.84000,1.00000,0.00000,0.00000,0.00000
34.20125,0.84000,1.00000,0.00000,0.00000,0.00000
34.32125,0.84000,1.00000,0.00000,0.00000,0.00000
34.44125,0.84000,1.00000,0.00000,0.00000,0.00000
34.56125,0.84000,1.00000,0.00000,0.00000,0.00000
34.68125,0.84000,1.00000,0.00000,0.00000,0.00000
34.80125,0.84000,1.00000,0.00000,0.00000,0.00000
34.92125,0.84000,1.00000,0.00000,0.00000,0.00000
35.04125,0.84000,1.00000,0.00000,0.00000,0.00000
35.16125,0.84000,1.00000,0.00000,0.00000,0.00000
35.28125,0.84000,1.00000,0.00000,0.00000,0.00000
35.40125,0.84000,1.00000,0.00000,0.00000,0.00000
35.52125,0.84000,1.00000,0.00000,0.00000,0.00000
35.64125,0.84000,1.00000,0.00000,0.00000,0.00000
35.76125,0.84000,1.00000,0.00000,0.00000,0.00000
35.88125,0.84000,1.00000,0.00000,0.00000,0.00000
36.00125,0.84000,1.00000,0.00000,0.00000,0.00000
36.12125,0.84000,1.00000,0.00000,0.00000,0.00000
36.24125,0.84000,1.00000,0.00000,0.00000,0.00000
36.36125,0.84000,1.00000,0.00000,0.00000,0.00000
36.48125,0.84000,1.00000,0.00000,0.00000,0.00000
36.60125,0.84000,1.00000,0.00000,0.00000,0.00000
36.72125,0.84000,1.00000,0.00000,0.00000,0.00000
36.84125,0.84000,1.00000,0.00000,0.00000,0.00000
36.96125,0.84000,1.00000,0.00000,0.00000,0.00000
37.08125,0.84000,1.00000,0.00000,0.00000,0.00000
37.20125,0.84000,1.00000,0.00000,0.00000,0.00000
37.32125,0.84000,1.00000,0.00000,0.00000,0.00000
37.44125,0.84000,1.00000,0.00000,0.00000,0.00000
37.56125,0.84000,1.00000,0.00000,0.00000,0.00000
37.68125,0.84000,1.00000,0.00000,0.00000,0.00000
37.80125,0.84000,1.00000,0.00000,0.00000,0.00000
37.92125,0.84000,1.00000,0.00000,0.00000,0.00000
38.04125,0.84000,1.00000,0.00000,0.00000,0.00000
38.16125,0.84000,1.00000,0.00000,0.00000,0.00000
38.28125,0.84000,1.00000,0.00000,0.00000,0.00000
38.40125,0.84000,1.00000,0.00000,0.00000,0.00000
38.52125,0.84000,1.00000,0.00000,0.00000,0.00000
38.64125,0.84000,1.00000,0.00000,0.00000,0.00000
38.76125,0.84000,1.00000,0.00000,0.00000,0.00000
38.88125,0.84000,1.00000,0.00000,0.00000,0.00000
39.00125,0.84000,1.00000,0.00000,0.00000,0.00000
39.12125,0.84000,0.99999,0.00000,0.00000,0.00000
39.24125,0.84000,0.99991,0.00000,0.00004,0.00005
39.36125,0.84000,0.99909,0.00000,0.00033,0.00058
39.48125,0.84000,0.98979,0.00003,0.00219,0.00799
39.60125,0.84000,0.89032,0.00064,0.00206,0.10698
39.72125,0.84000,0.44574,0.01183,0.00039,0.54204
39.84125,0.84000,0.13270,0.00656,0.00050,0.86024
39.96125,0.84000,0.08598,0.00088,0.00064,0.91250
40.08125,0.84000,0.80296,0.00059,0.00057,0.19588
40.20125,0.84000,0.98638,0.00005,0.00007,0.01351
40.32125,0.84000,0.99916,0.00001,0.00003,0.00080
40.44125,0.84000,0.99989,0.00000,0.00005,0.00006
40.56125,0.84000,0.99997,0.00000,0.00003,0.00000
40.68125,0.84000,1.00000,0.00000,0.00000,0.00000
40.80125,0.84000,1.00000,0.00000,0.00000,0.00000
40.92125,0.84000,0.99998,0.00000,0.00002,0.00001
41.04125,0.84000,0.99973,0.00001,0.00016,0.00010
41.16125,0.84000,0.99845,0.00008,0.00052,0.00095
41.28125,0.84000,0.98580,0.00154,0.00004,0.01262
41.40125,0.84000,0.67420,0.00298,0.00033,0.32249
41.52125,0.84000,0.12585,0.00103,0.00081,0.87231
41.64125,0.84000,0.89077,0.00083,0.00054,0.10786
41.76125,0.84000,0.99452,0.00008,0.00004,0.00536
41.88125,0.84000,0.99945,0.00001,0.00001,0.00053
42.00125,0.84000,0.99996,0.00000,0.00002,0.00002
42.12125,0.84000,0.99999,0.00000,0.00001,0.00000
42.24125,0.84000,1.00000,0.00000,0.00000,0.00000
42.36125,0.84000,1.00000,0.00000,0.00000,0.00000
42.48125,0.84000,0.99998,0.00000,0.00001,0.00001
42.60125,0.84000,0.99988,0.00000,0.00004,0.00008
42.72125,0.84000,0.99841,0.00007,0.00000,0.00152
42.84125,0.84000,0.94960,0.00023,0.00002,0.05015
42.96125,0.84000,0.32161,0.00012,0.00017,0.67810
43.08125,0.84000,0.83150,0.00026,0.00021,0.16804
43.20125,0.84000,0.99251,0.00002,0.00002,0.00744
43.32125,0.84000,0.99956,0.00000,0.00000,0.00043
43.44125,0.84000,0.99992,0.00000,0.00005,0.00003
43.56125,0.84000,0.99998,0.00000,0.00002,0.00000
43.68125,0.84000,1.00000,0.00000,0.00000,0.00000
43.80125,0.84000,1.00000,0.00000,0.00000,0.00000
43.92125,0.84000,1.00000,0.00000,0.00000,0.00000
44.04125,0.84000,1.00000,0.00000,0.00000,0.00000
44.16125,0.84000,1.00000,0.00000,0.00000,0.00000
44.28125,0.84000,1.00000,0.00000,0.00000,0.00000
44.40125,0.84000,1.00000,0.00000,0.00000,0.00000
44.52125,0.84000,1.00000,0.00000,0.00000,0.00000
44.64125,0.84000,1.00000,0.00000,0.00000,0.00000
44.76125,0.84000,1.00000,0.00000,0.00000,0.00000
44.88125,0.84000,0.99998,0.00000,0.00001,0.00000
45.00125,0.84000,0.99986,0.00000,0.00011,0.00003
45.12125,0.84000,0.99873,0.00002,0.00073,0.00052
45.24125,0.84000,0.99177,0.00030,0.00045,0.00748
45.36125,0.84000,0.84166,0.00484,0.00019,0.15331
45.48125,0.84000,0.13605,0.00271,0.00119,0.86005
45.60125,0.84000,0.22429,0.00195,0.00224,0.77151
45.72125,0.84000,0.92573,0.00088,0.00070,0.07269
45.84125,0.84000,0.99657,0.00007,0.00008,0.00328
45.96125,0.84000,0.99975,0.00000,0.00002,0.00022
46.08125,0.84000,0.99989,0.00000,0.00010,0.00001
46.20125,0.84000,1.00000,0.00000,0.00000,0.00000
46.32125,0.84000,1.00000,0.00000,0.00000,0.00000
46.44125,0.84000,1.00000,0.00000,0.00000,0.00000
46.56125,0.84000,1.00000,0.00000,0.00000,0.00000
46.68125,0.84000,0.99998,0.00000,0.00002,0.00001
46.80125,0.84000,0.99976,0.00000,0.00015,0.00009
46.92125,0.84000,0.99843,0.00005,0.00036,0.00117
47.04125,0.84000,0.97965,0.00128,0.00009,0.01898
47.16125,0.84000,0.47230,0.00077,0.00187,0.52506
47.28125,0.84000,0.23452,0.00159,0.00549,0.75840
47.40125,0.84000,0.93297,0.00086,0.00313,0.06304
47.52125,0.84000,0.99832,0.00007,0.00019,0.00143
47.64125,0.84000,0.99979,0.00001,0.00005,0.00015
47.76125,0.84000,0.99986,0.00000,0.00013,0.00001
47.88125,0.84000,0.99998,0.00000,0.00002,0.00000
48.00125,0.84000,1.00000,0.00000,0.00000,0.00000
48.12125,0.84000,1.00000,0.00000,0.00000,0.00000
48.24125,0.84000,0.99999,0.00000,0.00001,0.00000
48.36125,0.84000,0.99988,0.00000,0.00009,0.00003
48.48125,0.84000,0.99879,0.00001,0.00080,0.00040
48.60125,0.84000,0.99480,0.00013,0.00054,0.00453
48.72125,0.84000,0.92097,0.00301,0.00009,0.07593
48.84125,0.84000,0.23233,0.00257,0.00054,0.76455
48.96125,0.84000,0.16730,0.00278,0.00125,0.82867
49.08125,0.84000,0.83915,0.00232,0.00069,0.15783
49.20125,0.84000,0.99060,0.00032,0.00012,0.00897
49.32125,0.84000,0.99955,0.00004,0.00002,0.00039
49.44125,0.84000,0.99991,0.00000,0.00007,0.00002
49.56125,0.84000,0.99999,0.00000,0.00001,0.00000
49.68125,0.84000,1.00000,0.00000,0.00000,0.00000
49.80125,0.84000,1.00000,0.00000,0.00000,0.00000
49.92125,0.84000,1.00000,0.00000,0.00000,0.00000
50.04125,0.84000,0.99996,0.00000,0.00002,0.00001
50.16125,0.84000,0.99952,0.00000,0.00028,0.00020
50.28125,0.84000,0.99710,0.00013,0.00026,0.00250
50.40125,0.84000,0.95219,0.00413,0.00003,0.04364
50.52125,0.84000,0.30607,0.00738,0.00015,0.68641
50.64125,0.84000,0.12611,0.00427,0.00029,0.86933
50.76125,0.84000,0.82625,0.00338,0.00023,0.17014
50.88125,0.84000,0.99327,0.00053,0.00002,0.00618
51.00125,0.84000,0.99954,0.00002,0.00000,0.00044
51.12125,0.84000,0.99994,0.00000,0.00003,0.00003
51.24125,0.84000,0.99998,0.00000,0.00002,0.00000
51.36125,0.84000,1.00000,0.00000,0.00000,0.00000
51.48125,0.84000,1.00000,0.00000,0.00000,0.00000
51.60125,0.84000,1.00000,0.00000,0.00000,0.00000
51.72125,0.84000,0.99999,0.00000,0.00001,0.00000
51.84125,0.84000,0.99991,0.00000,0.00007,0.00001
51.96125,0.84000,0.99938,0.00001,0.00045,0.00017
52.08125,0.84000,0.99729,0.00009,0.00046,0.00216
52.20125,0.84000,0.96157,0.00314,0.00004,0.03525
52.32125,0.84000,0.40808,0.00442,0.00024,0.58726
52.44125,0.84000,0.09416,0.00180,0.00046,0.90358
52.56125,0.84000,0.80882,0.00217,0.00053,0.18848
52.68125,0.84000,0.99184,0.00028,0.00005,0.00782
52.80125,0.84000,0.99947,0.00002,0.00001,0.00050
52.92125,0.84000,0.99992,0.00000,0.00006,0.00003
53.04125,0.84000,0.99998,0.00000,0.00002,0.00000
53.16125,0.84000,1.00000,0.00000,0.00000,0.00000
53.28125,0.84000,1.00000,0.00000,0.00000,0.00000
53.40125,0.84000,1.00000,0.00000,0.00000,0.00000
53.52125,0.84000,1.00000,0.00000,0.00000,0.00000
53.64125,0.84000,0.99997,0.00000,0.00002,0.00001
53.76125,0.84000,0.99976,0.00000,0.00015,0.00008
53.88125,0.84000,0.99842,0.00003,0.00048,0.00108
54.00125,0.84000,0.98082,0.00089,0.00010,0.01818
54.12125,0.84000,0.55503,0.00445,0.00093,0.43959
54.24125,0.84000,0.12751,0.00398,0.00171,0.86680
54.36125,0.84000,0.88649,0.00349,0.00130,0.10873
54.48125,0.84000,0.99487,0.00038,0.00010,0.00465
54.60125,0.84000,0.99964,0.00003,0.00001,0.00032
54.72125,0.84000,0.99995,0.00000,0.00002,0.00002
54.84125,0.84000,0.99998,0.00000,0.00001,0.00000
54.96125,0.84000,1.00000,0.00000,0.00000,0.00000
55.08125,0.84000,1.00000,0.00000,0.00000,0.00000
55.20125,0.84000,1.00000,0.00000,0.00000,0.00000
55.32125,0.84000,0.99998,0.00000,0.00002,0.00000
55.44125,0.84000,0.99979,0.00000,0.00017,0.00003
55.56125,0.84000,0.99872,0.00002,0.00091,0.00034
55.68125,0.84000,0.99339,0.00030,0.00088,0.00542
55.80125,0.84000,0.87963,0.00637,0.00010,0.11390
55.92125,0.84000,0.13411,0.00153,0.00046,0.86389
56.04125,0.84000,0.19380,0.00148,0.00120,0.80352
56.16125,0.84000,0.90660,0.00087,0.00051,0.09202
56.28125,0.84000,0.99753,0.00007,0.00005,0.00235
56.40125,0.84000,0.99983,0.00001,0.00001,0.00015
56.52125,0.84000,0.99993,0.00000,0.00006,0.00001
56.64125,0.84000,0.99999,0.00000,0.00001,0.00000
56.76125,0.84000,1.00000,0.00000,0.00000,0.00000
56.88125,0.84000,1.00000,0.00000,0.00000,0.00000
57.00125,0.84000,0.99999,0.00000,0.00001,0.00000
57.12125,0.84000,0.99986,0.00000,0.00010,0.00004
57.24125,0.84000,0.99864,0.00002,0.00086,0.00048
57.36125,0.84000,0.99168,0.00028,0.00065,0.00739
57.48125,0.84000,0.84075,0.00546,0.00023,0.15355
57.60125,0.84000,0.12653,0.00188,0.00102,0.87057
57.72125,0.84000,0.16216,0.00129,0.00193,0.83461
57.84125,0.84000,0.90912,0.00060,0.00061,0.08967
57.96125,0.84000,0.99585,0.00005,0.00007,0.00403
58.08125,0.84000,0.99969,0.00000,0.00002,0.00029
58.20125,0.84000,0.99988,0.00000,0.00010,0.00002
58.32125,0.84000,0.99999,0.00000,0.00001,0.00000
58.44125,0.84000,1.00000,0.00000,0.00000,0.00000
58.56125,0.84000,1.00000,0.00000,0.00000,0.00000
58.68125,0.84000,1.00000,0.00000,0.00000,0.00000
58.80125,0.84000,0.99995,0.00000,0.00004,0.00000
58.92125,0.84000,0.99971,0.00000,0.00024,0.00005
59.04125,0.84000,0.99827,0.00003,0.00111,0.00059
59.16125,0.84000,0.98909,0.00054,0.00028,0.01008
59.28125,0.84000,0.72459,0.00612,0.00020,0.26910
59.40125,0.84000,0.10491,0.00306,0.00082,0.89121
59.52125,0.84000,0.27826,0.00317,0.00132,0.71725
59.64125,0.84000,0.96567,0.00089,0.00031,0.03313
59.76125,0.84000,0.99811,0.00006,0.00004,0.00179
59.88125,0.84000,0.99985,0.00001,0.00002,0.00012
60.00125,0.84000,0.99987,0.00000,0.00012,0.00001
60.12125,0.84000,1.00000,0.00000,0.00000,0.00000
60.24125,0.84000,1.00000,0.00000,0.00000,0.00000
60.36125,0.84000,1.00000,0.00000,0.00000,0.00000
60.48125,0.84000,0.99999,0.00000,0.00000,0.00000
60.60125,0.84000,0.99993,0.00000,0.00006,0.00001
60.72125,0.84000,0.99953,0.00001,0.00035,0.00012
60.84125,0.84000,0.99808,0.00006,0.00031,0.00155
60.96125,0.84000,0.96703,0.00139,0.00006,0.03152
61.08125,0.84000,0.42296,0.00090,0.00051,0.57563
61.20125,0.84000,0.08646,0.00038,0.00108,0.91207
61.32125,0.84000,0.80651,0.00039,0.00121,0.19189
61.44125,0.84000,0.99365,0.00005,0.00013,0.00617
61.56125,0.84000,0.99951,0.00000,0.00003,0.00045
61.68125,0.84000,0.99974,0.00000,0.00023,0.00003
61.80125,0.84000,0.99997,0.00000,0.00003,0.00000
61.92125,0.84000,1.00000,0.00000,0.00000,0.00000
62.04125,0.84000,1.00000,0.00000,0.00000,0.00000
62.16125,0.84000,0.99999,0.00000,0.00000,0.00000
62.28125,0.84000,0.99992,0.00000,0.00005,0.00003
62.40125,0.84000,0.99927,0.00001,0.00044,0.00028
62.52125,0.84000,0.99502,0.00012,0.00016,0.00470
62.64125,0.84000,0.88877,0.00209,0.00012,0.10902
62.76125,0.84000,0.11531,0.00133,0.00086,0.88250
62.88125,0.84000,0.36235,0.00163,0.00135,0.63466
63.00125,0.84000,0.97188,0.00049,0.00028,0.02735
63.12125,0.84000,0.99812,0.00005,0.00004,0.00180
63.24125,0.84000,0.99991,0.00000,0.00001,0.00007
63.36125,0.84000,0.99993,0.00000,0.00006,0.00001
63.48125,0.84000,1.00000,0.00000,0.00000,0.00000
63.60125,0.84000,1.00000,0.00000,0.00000,0.00000
63.72125,0.84000,1.00000,0.00000,0.00000,0.00000
63.84125,0.84000,1.00000,0.00000,0.00000,0.00000
63.96125,0.84000,0.99999,0.00000,0.00001,0.00000
64.08125,0.84000,0.99995,0.00000,0.00004,0.00000
64.20125,0.84000,0.99961,0.00001,0.00032,0.00006
64.32125,0.84000,0.99772,0.00005,0.00138,0.00085
64.44125,0.84000,0.98284,0.00128,0.00018,0.01570
64.56125,0.84000,0.62133,0.00411,0.00010,0.37446
64.68125,0.84000,0.08683,0.00177,0.00032,0.91108
64.80125,0.84000,0.56499,0.00176,0.00025,0.43300
64.92125,0.84000,0.97754,0.00028,0.00005,0.02213
65.04125,0.84000,0.99873,0.00002,0.00000,0.00125
65.16125,0.84000,0.99990,0.00000,0.00000,0.00010
65.28125,0.84000,0.99996,0.00000,0.00004,0.00000
65.40125,0.84000,1.00000,0.00000,0.00000,0.00000
65.52125,0.84000,1.00000,0.00000,0.00000,0.00000
65.64125,0.84000,1.00000,0.00000,0.00000,0.00000
65.76125,0.84000,1.00000,0.00000,0.00000,0.00000
65.88125,0.84000,0.99995,0.00000,0.00004,0.00001
66.00125,0.84000,0.99958,0.00000,0.00030,0.00012
66.12125,0.84000,0.99772,0.00004,0.00074,0.00150
66.24125,0.84000,0.96515,0.00102,0.00022,0.03362
66.36125,0.84000,0.54280,0.00762,0.00039,0.44919
66.48125,0.84000,0.09606,0.00234,0.00126,0.90034
66.60125,0.84000,0.42613,0.00159,0.00124,0.57105
66.72125,0.84000,0.96934,0.00029,0.00027,0.03010
66.84125,0.84000,0.99785,0.00003,0.00004,0.00208
66.96125,0.84000,0.99987,0.00000,0.00006,0.00007
67.08125,0.84000,0.99993,0.00000,0.00007,0.00001
67.20125,0.84000,1.00000,0.00000,0.00000,0.00000
67.32125,0.84000,1.00000,0.00000,0.00000,0.00000
67.44125,0.84000,1.00000,0.00000,0.00000,0.00000
67.56125,0.84000,1.00000,0.00000,0.00000,0.00000
67.68125,0.84000,0.99999,0.00000,0.00001,0.00000
67.80125,0.84000,0.99990,0.00000,0.00008,0.00002
67.92125,0.84000,0.99931,0.00000,0.00047,0.00022
68.04125,0.84000,0.99451,0.00004,0.00153,0.00392
68.16125,0.84000,0.94965,0.00211,0.00089,0.04734
68.28125,0.84000,0.41349,0.01301,0.00120,0.57230
68.40125,0.84000,0.11393,0.00301,0.00417,0.87889
68.52125,0.84000,0.67190,0.00159,0.00345,0.32306
68.64125,0.84000,0.99104,0.00017,0.00036,0.00843
68.76125,0.84000,0.99911,0.00001,0.00005,0.00082
68.88125,0.84000,0.99989,0.00000,0.00005,0.00005
69.00125,0.84000,0.99990,0.00000,0.00009,0.00001
69.12125,0.84000,1.00000,0.00000,0.00000,0.00000
69.24125,0.84000,1.00000,0.00000,0.00000,0.00000
69.36125,0.84000,1.00000,0.00000,0.00000,0.00000
69.48125,0.84000,1.00000,0.00000,0.00000,0.00000
69.60125,0.84000,1.00000,0.00000,0.00000,0.00000
69.72125,0.84000,1.00000,0.00000,0.00000,0.00000
69.84125,0.84000,1.00000,0.00000,0.00000,0.00000
69.96125,0.84000,1.00000,0.00000,0.00000,0.00000
70.08125,0.84000,1.00000,0.00000,0.00000,0.00000
70.20125,0.84000,1.00000,0.00000,0.00000,0.00000
70.32125,0.84000,1.00000,0.00000,0.00000,0.00000
70.44125,0.84000,1.00000,0.00000,0.00000,0.00000
70.56125,0.84000,1.00000,0.00000,0.00000,0.00000
70.68125,0.84000,1.00000,0.00000,0.00000,0.00000
70.80125,0.84000,1.00000,0.00000,0.00000,0.00000
70.92125,0.84000,1.00000,0.00000,0.00000,0.00000
71.04125,0.84000,1.00000,0.00000,0.00000,0.00000
71.16125,0.84000,1.00000,0.00000,0.00000,0.00000
71.28125,0.84000,1.00000,0.00000,0.00000,0.00000
71.40125,0.84000,1.00000,0.00000,0.00000,0.00000
71.52125,0.84000,1.00000,0.00000,0.00000,0.00000
71.64125,0.84000,1.00000,0.00000,0.00000,0.00000
71.76125,0.84000,1.00000,0.00000,0.00000,0.00000
71.88125,0.84000,1.00000,0.00000,0.00000,0.00000
72.00125,0.84000,1.00000,0.00000,0.00000,0.00000
72.12125,0.84000,1.00000,0.00000,0.00000,0.00000
72.24125,0.84000,1.00000,0.00000,0.00000,0.00000
72.36125,0.84000,1.00000,0.00000,0.00000,0.00000
72.48125,0.84000,1.00000,0.00000,0.00000,0.00000
72.60125,0.84000,1.00000,0.00000,0.00000,0.00000
72.72125,0.84000,1.00000,0.00000,0.00000,0.00000
72.84125,0.84000,1.00000,0.00000,0.00000,0.00000
72.96125,0.84000,1.00000,0.00000,0.00000,0.00000
73.08125,0.84000,1.00000,0.00000,0.00000,0.00000
73.20125,0.84000,1.00000,0.00000,0.00000,0.00000
73.32125,0.84000,1.00000,0.00000,0.00000,0.00000
73.44125,0.84000,1.00000,0.00000,0.00000,0.00000
73.56125,0.84000,1.00000,0.00000,0.00000,0.00000
73.68125,0.84000,1.00000,0.00000,0.00000,0.00000
73.80125,0.84000,1.00000,0.00000,0.00000,0.00000
73.92125,0.84000,1.00000,0.00000,0.00000,0.00000
74.04125,0.84000,1.00000,0.00000,0.00000,0.00000
74.16125,0.84000,1.00000,0.00000,0.00000,0.00000
74.28125,0.84000,1.00000,0.00000,0.00000,0.00000
74.40125,0.84000,1.00000,0.00000,0.00000,0.00000
74.52125,0.84000,1.00000,0.00000,0.00000,0.00000
74.64125,0.84000,1.00000,0.00000,0.00000,0.00000
74.76125,0.84000,1.00000,0.00000,0.00000,0.00000
74.88125,0.84000,1.00000,0.00000,0.00000,0.00000
75.00125,0.84000,1.00000,0.00000,0.00000,0.00000
75.12125,0.84000,1.00000,0.00000,0.00000,0.00000
75.24125,0.84000,1.00000,0.00000,0.00000,0.00000
75.36125,0.84000,1.00000,0.00000,0.00000,0.00000
75.48125,0.84000,1.00000,0.00000,0.00000,0.00000
75.60125,0.84000,1.00000,0.00000,0.00000,0.00000
75.72125,0.84000,1.00000,0.00000,0.00000,0.00000
75.84125,0.84000,1.00000,0.00000,0.00000,0.00000
75.96125,0.84000,1.00000,0.00000,0.00000,0.00000
76.08125,0.84000,1.00000,0.00000,0.00000,0.00000
76.20125,0.84000,1.00000,0.00000,0.00000,0.00000
76.32125,0.84000,1.00000,0.00000,0.00000,0.00000
76.44125,0.84000,1.00000,0.00000,0.00000,0.00000
76.56125,0.84000,1.00000,0.00000,0.00000,0.00000
76.68125,0.84000,1.00000,0.00000,0.00000,0.00000
76.80125,0.84000,1.00000,0.00000,0.00000,0.00000
76.92125,0.84000,1.00000,0.00000,0.00000,0.00000
77.04125,0.84000,1.00000,0.00000,0.00000,0.00000
77.16125,0.84000,1.00000,0.00000,0.00000,0.00000
77.28125,0.84000,1.00000,0.00000,0.00000,0.00000
77.40125,0.84000,1.00000,0.00000,0.00000,0.00000
77.52125,0.84000,1.00000,0.00000,0.00000,0.00000
77.64125,0.84000,1.00000,0.00000,0.00000,0.00000
77.76125,0.84000,1.00000,0.00000,0.00000,0.00000
77.88125,0.84000,1.00000,0.00000,0.00000,0.00000
78.00125,0.84000,1.00000,0.00000,0.00000,0.00000
78.12125,0.84000,1.00000,0.00000,0.00000,0.00000
78.24125,0.84000,1.00000,0.00000,0.00000,0.00000
78.36125,0.84000,1.00000,0.00000,0.00000,0.00000
78.48125,0.84000,1.00000,0.00000,0.00000,0.00000
78.60125,0.84000,1.00000,0.00000,0.00000,0.00000
78.72125,0.84000,0.99999,0.00000,0.00001,0.00000
78.84125,0.84000,0.99997,0.00000,0.00002,0.00001
78.96125,0.84000,0.99986,0.00000,0.00006,0.00008
79.08125,0.84000,0.99791,0.00000,0.00037,0.00172
79.20125,0.84000,0.96303,0.00004,0.00350,0.03343
79.32125,0.84000,0.85411,0.00065,0.00150,0.14374
79.44125,0.84000,0.72034,0.00327,0.00022,0.27617
79.56125,0.84000,0.18633,0.00046,0.00103,0.81219
79.68125,0.84000,0.22828,0.00055,0.00261,0.76856
79.80125,0.84000,0.95752,0.00020,0.00068,0.04160
79.92125,0.84000,0.99528,0.00003,0.00011,0.00458
80.04125,0.84000,0.99893,0.00000,0.00014,0.00092
80.16125,0.84000,0.99935,0.00000,0.00054,0.00011
80.28125,0.84000,0.99999,0.00000,0.00001,0.00000
80.40125,0.84000,1.00000,0.00000,0.00000,0.00000
80.52125,0.84000,1.00000,0.00000,0.00000,0.00000
80.64125,0.84000,1.00000,0.00000,0.00000,0.00000
80.76125,0.84000,0.99997,0.00000,0.00002,0.00001
80.88125,0.84000,0.99992,0.00000,0.00006,0.00002
81.00125,0.84000,0.99927,0.00000,0.00039,0.00034
81.12125,0.84000,0.99429,0.00014,0.00013,0.00544
81.24125,0.84000,0.90054,0.00141,0.00013,0.09792
81.36125,0.84000,0.09886,0.00062,0.00117,0.89934
81.48125,0.84000,0.63599,0.00075,0.00099,0.36226
81.60125,0.84000,0.95433,0.00020,0.00032,0.04514
81.72125,0.84000,0.99641,0.00002,0.00003,0.00354
81.84125,0.84000,0.99976,0.00000,0.00004,0.00020
81.96125,0.84000,0.99985,0.00000,0.00015,0.00001
82.08125,0.84000,1.00000,0.00000,0.00000,0.00000
82.20125,0.84000,1.00000,0.00000,0.00000,0.00000
82.32125,0.84000,1.00000,0.00000,0.00000,0.00000
82.44125,0.84000,1.00000,0.00000,0.00000,0.00000
82.56125,0.84000,1.00000,0.00000,0.00000,0.00000
82.68125,0.84000,1.00000,0.00000,0.00000,0.00000
82.80125,0.84000,0.99999,0.00000,0.00001,0.00000
82.92125,0.84000,0.99994,0.00000,0.00005,0.00001
83.04125,0.84000,0.99963,0.00001,0.00020,0.00016
83.16125,0.84000,0.99631,0.00004,0.00074,0.00292
83.28125,0.84000,0.95124,0.00191,0.00024,0.04661
83.40125,0.84000,0.41892,0.00387,0.00107,0.57614
83.52125,0.84000,0.06454,0.00051,0.00231,0.93264
83.64125,0.84000,0.84892,0.00153,0.00268,0.14687
83.76125,0.84000,0.98942,0.00012,0.00037,0.01010
83.88125,0.84000,0.99952,0.00002,0.00004,0.00043
84.00125,0.84000,0.99989,0.00000,0.00007,0.00004
84.12125,0.84000,0.99997,0.00000,0.00003,0.00000
84.24125,0.84000,1.00000,0.00000,0.00000,0.00000
84.36125,0.84000,1.00000,0.00000,0.00000,0.00000
84.48125,0.84000,1.00000,0.00000,0.00000,0.00000
84.60125,0.84000,1.00000,0.00000,0.00000,0.00000
84.72125,0.84000,0.99999,0.00000,0.00001,0.00000
84.84125,0.84000,0.99988,0.00000,0.00009,0.00002
84.96125,0.84000,0.99893,0.00001,0.00065,0.00040
85.08125,0.84000,0.98813,0.00006,0.00405,0.00777
85.20125,0.84000,0.85446,0.00054,0.02427,0.12074
85.32125,0.84000,0.41600,0.00306,0.00842,0.57252
85.44125,0.84000,0.27106,0.02300,0.00036,0.70557
85.56125,0.84000,0.16033,0.01338,0.00011,0.82617
85.68125,0.84000,0.08843,0.00236,0.00019,0.90902
85.80125,0.84000,0.79044,0.00155,0.00014,0.20787
85.92125,0.84000,0.97855,0.00014,0.00003,0.02129
86.04125,0.84000,0.99923,0.00001,0.00001,0.00075
86.16125,0.84000,0.99994,0.00000,0.00002,0.00004
86.28125,0.84000,0.99998,0.00000,0.00002,0.00000
86.40125,0.84000,1.00000,0.00000,0.00000,0.00000
86.52125,0.84000,1.00000,0.00000,0.00000,0.00000
86.64125,0.84000,1.00000,0.00000,0.00000,0.00000
86.76125,0.84000,1.00000,0.00000,0.00000,0.00000
86.88125,0.84000,1.00000,0.00000,0.00000,0.00000
87.00125,0.84000,0.99998,0.00000,0.00001,0.00000
87.12125,0.84000,0.99986,0.00000,0.00010,0.00005
87.24125,0.84000,0.99861,0.00001,0.00062,0.00076
87.36125,0.84000,0.98955,0.00054,0.00011,0.00980
87.48125,0.84000,0.73883,0.00446,0.00033,0.25639
87.60125,0.84000,0.07599,0.00178,0.00135,0.92088
87.72125,0.84000,0.60194,0.00396,0.00186,0.39224
87.84125,0.84000,0.97938,0.00070,0.00044,0.01949
87.96125,0.84000,0.99895,0.00005,0.00003,0.00096
88.08125,0.84000,0.99991,0.00000,0.00004,0.00005
88.20125,0.84000,0.99995,0.00000,0.00005,0.00000
88.32125,0.84000,1.00000,0.00000,0.00000,0.00000
88.44125,0.84000,1.00000,0.00000,0.00000,0.00000
88.56125,0.84000,1.00000,0.00000,0.00000,0.00000
88.68125,0.84000,1.00000,0.00000,0.00000,0.00000
88.80125,0.84000,1.00000,0.00000,0.00000,0.00000
88.92125,0.84000,0.99998,0.00000,0.00002,0.00000
89.04125,0.84000,0.99986,0.00000,0.00011,0.00003
89.16125,0.84000,0.99865,0.00001,0.00086,0.00047
89.28125,0.84000,0.99193,0.00031,0.00043,0.00733
89.40125,0.84000,0.83762,0.00513,0.00018,0.15707
89.52125,0.84000,0.09103,0.00135,0.00083,0.90679
89.64125,0.84000,0.23410,0.00166,0.00236,0.76188
89.76125,0.84000,0.95279,0.00084,0.00062,0.04574
89.88125,0.84000,0.99772,0.00004,0.00007,0.00217
90.00125,0.84000,0.99991,0.00000,0.00002,0.00008
90.12125,0.84000,0.99986,0.00000,0.00013,0.00001
90.24125,0.84000,1.00000,0.00000,0.00000,0.00000
90.36125,0.84000,1.00000,0.00000,0.00000,0.00000
90.48125,0.84000,1.00000,0.00000,0.00000,0.00000
90.60125,0.84000,1.00000,0.00000,0.00000,0.00000
90.72125,0.84000,1.00000,0.00000,0.00000,0.00000
90.84125,0.84000,1.00000,0.00000,0.00000,0.00000
90.96125,0.84000,0.99998,0.00000,0.00002,0.00000
91.08125,0.84000,0.99990,0.00000,0.00008,0.00001
91.20125,0.84000,0.99926,0.00000,0.00052,0.00022
91.32125,0.84000,0.99577,0.00007,0.00062,0.00353
91.44125,0.84000,0.93838,0.00176,0.00006,0.05979
91.56125,0.84000,0.24767,0.00085,0.00069,0.75079
91.68125,0.84000,0.13680,0.00039,0.00138,0.86143
91.80125,0.84000,0.86052,0.00035,0.00138,0.13774
91.92125,0.84000,0.97764,0.00007,0.00023,0.02206
92.04125,0.84000,0.99624,0.00002,0.00015,0.00358
92.16125,0.84000,0.99825,0.00000,0.00151,0.00024
92.28125,0.84000,0.99985,0.00000,0.00014,0.00001
92.40125,0.84000,1.00000,0.00000,0.00000,0.00000
92.52125,0.84000,1.00000,0.00000,0.00000,0.00000
92.64125,0.84000,1.00000,0.00000,0.00000,0.00000
92.76125,0.84000,1.00000,0.00000,0.00000,0.00000
92.88125,0.84000,0.99999,0.00000,0.00001,0.00000
93.00125,0.84000,0.99990,0.00000,0.00006,0.00004
93.12125,0.84000,0.99913,0.00000,0.00048,0.00038
93.24125,0.84000,0.99376,0.00009,0.00042,0.00573
93.36125,0.84000,0.90242,0.00418,0.00003,0.09337
93.48125,0.84000,0.19803,0.00995,0.00008,0.79193
93.60125,0.84000,0.06183,0.00218,0.00013,0.93586
93.72125,0.84000,0.82195,0.00373,0.00017,0.17415
93.84125,0.84000,0.98879,0.00041,0.00002,0.01078
93.96125,0.84000,0.99916,0.00004,0.00000,0.00080
94.08125,0.84000,0.99987,0.00000,0.00007,0.00006
94.20125,0.84000,0.99995,0.00000,0.00005,0.00000
94.32125,0.84000,1.00000,0.00000,0.00000,0.00000
94.44125,0.84000,1.00000,0.00000,0.00000,0.00000
94.56125,0.84000,1.00000,0.00000,0.00000,0.00000
94.68125,0.84000,0.99999,0.00000,0.00001,0.00000
94.80125,0.84000,0.99995,0.00000,0.00004,0.00001
94.92125,0.84000,0.99959,0.00000,0.00028,0.00013
95.04125,0.84000,0.99814,0.00002,0.00033,0.00151
95.16125,0.84000,0.97116,0.00039,0.00007,0.02838
95.28125,0.84000,0.56350,0.00237,0.00010,0.43403
95.40125,0.84000,0.08095,0.00065,0.00032,0.91808
95.52125,0.84000,0.20949,0.00038,0.00037,0.78976
95.64125,0.84000,0.87045,0.00014,0.00013,0.12929
95.76125,0.84000,0.98559,0.00003,0.00004,0.01434
95.88125,0.84000,0.99946,0.00001,0.00013,0.00041
96.00125,0.84000,0.99971,0.00000,0.00026,0.00003
96.12125,0.84000,1.00000,0.00000,0.00000,0.00000
96.24125,0.84000,1.00000,0.00000,0.00000,0.00000
96.36125,0.84000,1.00000,0.00000,0.00000,0.00000
96.48125,0.84000,1.00000,0.00000,0.00000,0.00000
96.60125,0.84000,1.00000,0.00000,0.00000,0.00000
96.72125,0.84000,0.99996,0.00000,0.00003,0.00001
96.84125,0.84000,0.99972,0.00000,0.00021,0.00007
96.96125,0.84000,0.99798,0.00001,0.00102,0.00098
97.08125,0.84000,0.98389,0.00028,0.00027,0.01557
97.20125,0.84000,0.71227,0.00312,0.00042,0.28419
97.32125,0.84000,0.09367,0.00160,0.00158,0.90314
97.44125,0.84000,0.20782,0.00100,0.00225,0.78893
97.56125,0.84000,0.92467,0.00037,0.00067,0.07430
97.68125,0.84000,0.99107,0.00005,0.00014,0.00874
97.80125,0.84000,0.99917,0.00002,0.00028,0.00053
97.92125,0.84000,0.99932,0.00000,0.00066,0.00002
98.04125,0.84000,0.99998,0.00000,0.00002,0.00000
98.16125,0.84000,1.00000,0.00000,0.00000,0.00000
98.28125,0.84000,1.00000,0.00000,0.00000,0.00000
98.40125,0.84000,1.00000,0.00000,0.00000,0.00000
98.52125,0.84000,0.99999,0.00000,0.00001,0.00000
98.64125,0.84000,0.99997,0.00000,0.00003,0.00001
98.76125,0.84000,0.99977,0.00000,0.00016,0.00007
98.88125,0.84000,0.99889,0.00003,0.00004,0.00104
99.00125,0.84000,0.98180,0.00095,0.00000,0.01724
99.12125,0.84000,0.52414,0.00085,0.00004,0.47497
99.24125,0.84000,0.10278,0.00036,0.00016,0.89670
99.36125,0.84000,0.85273,0.00040,0.00011,0.14676
99.48125,0.84000,0.98600,0.00006,0.00002,0.01392
99.60125,0.84000,0.99582,0.00001,0.00002,0.00414
99.72125,0.84000,0.99866,0.00000,0.00113,0.00021
99.84125,0.84000,0.99985,0.00000,0.00015,0.00000
99.96125,0.84000,1.00000,0.00000,0.00000,0.00000
100.08125,0.84000,1.00000,0.00000,0.00000,0.00000
100.20125,0.84000,1.00000,0.00000,0.00000,0.00000
100.32125,0.84000,1.00000,0.00000,0.00000,0.00000
100.44125,0.84000,0.99998,0.00000,0.00002,0.00000
100.56125,0.84000,0.99989,0.00000,0.00010,0.00001
100.68125,0.84000,0.99892,0.00001,0.00080,0.00027
100.80125,0.84000,0.99489,0.00006,0.00099,0.00406
100.92125,0.84000,0.92364,0.00183,0.00015,0.07438
101.04125,0.84000,0.27666,0.00293,0.00047,0.71994
101.16125,0.84000,0.05317,0.00038,0.00085,0.94559
101.28125,0.84000,0.73410,0.00068,0.00101,0.26421
101.40125,0.84000,0.98257,0.00008,0.00015,0.01721
101.52125,0.84000,0.99918,0.00001,0.00002,0.00078
101.64125,0.84000,0.99978,0.00000,0.00015,0.00007
101.76125,0.84000,0.99996,0.00000,0.00003,0.00000
101.88125,0.84000,1.00000,0.00000,0.00000,0.00000
102.00125,0.84000,1.00000,0.00000,0.00000,0.00000
102.12125,0.84000,1.00000,0.00000,0.00000,0.00000
102.24125,0.84000,0.99998,0.00000,0.00002,0.00000
102.36125,0.84000,0.99986,0.00000,0.00009,0.00004
102.48125,0.84000,0.99880,0.00001,0.00049,0.00069
102.60125,0.84000,0.98648,0.00049,0.00012,0.01291
102.72125,0.84000,0.77203,0.00788,0.00003,0.22005
102.84125,0.84000,0.08546,0.00094,0.00018,0.91342
102.96125,0.84000,0.17375,0.00067,0.00033,0.82525
103.08125,0.84000,0.91013,0.00031,0.00012,0.08944
103.20125,0.84000,0.96162,0.00004,0.00004,0.03831
103.32125,0.84000,0.99809,0.00001,0.00007,0.00183
103.44125,0.84000,0.99920,0.00000,0.00070,0.00010
103.56125,0.84000,0.99998,0.00000,0.00002,0.00000
103.68125,0.84000,1.00000,0.00000,0.00000,0.00000
103.80125,0.84000,1.00000,0.00000,0.00000,0.00000
103.92125,0.84000,0.99999,0.00000,0.00001,0.00000
104.04125,0.84000,0.99996,0.00000,0.00003,0.00001
104.16125,0.84000,0.99976,0.00000,0.00016,0.00007
104.28125,0.84000,0.99860,0.00001,0.00026,0.00112
104.40125,0.84000,0.98474,0.00048,0.00003,0.01474
104.52125,0.84000,0.70304,0.00297,0.00027,0.29372
104.64125,0.84000,0.06027,0.00093,0.00053,0.93828
104.76125,0.84000,0.78289,0.00349,0.00100,0.21261
104.88125,0.84000,0.98232,0.00043,0.00012,0.01713
105.00125,0.84000,0.99893,0.00005,0.00002,0.00101
105.12125,0.84000,0.99970,0.00000,0.00018,0.00012
105.24125,0.84000,0.99996,0.00000,0.00004,0.00000
105.36125,0.84000,1.00000,0.00000,0.00000,0.00000
105.48125,0.84000,1.00000,0.00000,0.00000,0.00000
105.60125,0.84000,1.00000,0.00000,0.00000,0.00000
105.72125,0.84000,0.99998,0.00000,0.00002,0.00001
105.84125,0.84000,0.99986,0.00000,0.00009,0.00005
105.96125,0.84000,0.99877,0.00000,0.00053,0.00070
106.08125,0.84000,0.98880,0.00012,0.00008,0.01099
106.20125,0.84000,0.86897,0.00257,0.00001,0.12846
106.32125,0.84000,0.11714,0.00049,0.00007,0.88230
106.44125,0.84000,0.19792,0.00040,0.00018,0.80149
106.56125,0.84000,0.91508,0.00020,0.00006,0.08466
106.68125,0.84000,0.98566,0.00003,0.00001,0.01430
106.80125,0.84000,0.99913,0.00000,0.00001,0.00086
106.92125,0.84000,0.99969,0.00000,0.00027,0.00005
107.04125,0.84000,0.99999,0.00000,0.00001,0.00000
107.16125,0.84000,1.00000,0.00000,0.00000,0.00000
107.28125,0.84000,1.00000,0.00000,0.00000,0.00000
107.40125,0.84000,0.99999,0.00000,0.00000,0.00000
107.52125,0.84000,0.99995,0.00000,0.00003,0.00002
107.64125,0.84000,0.99959,0.00000,0.00023,0.00018
107.76125,0.84000,0.99681,0.00003,0.00014,0.00303
107.88125,0.84000,0.93591,0.00142,0.00001,0.06266
108.00125,0.84000,0.30315,0.00085,0.00008,0.69591
108.12125,0.84000,0.07859,0.00044,0.00021,0.92077
108.24125,0.84000,0.81847,0.00085,0.00023,0.18045
108.36125,0.84000,0.98274,0.00019,0.00004,0.01703
108.48125,0.84000,0.99757,0.00003,0.00001,0.00239
108.60125,0.84000,0.99935,0.00000,0.00056,0.00009
108.72125,0.84000,0.99994,0.00000,0.00006,0.00000
108.84125,0.84000,1.00000,0.00000,0.00000,0.00000
108.96125,0.84000,1.00000,0.00000,0.00000,0.00000
109.08125,0.84000,0.99993,0.00000,0.00005,0.00002
109.20125,0.84000,0.99961,0.00000,0.00028,0.00010
109.32125,0.84000,0.99843,0.00001,0.00037,0.00119
109.44125,0.84000,0.97502,0.00052,0.00002,0.02444
109.56125,0.84000,0.58170,0.00167,0.00007,0.41657
109.68125,0.84000,0.04857,0.00033,0.00012,0.95099
109.80125,0.84000,0.76156,0.00103,0.00019,0.23722
109.92125,0.84000,0.97536,0.00011,0.00003,0.02450
110.04125,0.84000,0.99824,0.00002,0.00001,0.00173
110.16125,0.84000,0.99948,0.00000,0.00030,0.00022
110.28125,0.84000,0.99986,0.00000,0.00014,0.00000
110.40125,0.84000,1.00000,0.00000,0.00000,0.00000
110.52125,0.84000,1.00000,0.00000,0.00000,0.00000
110.64125,0.84000,0.99998,0.00000,0.00002,0.00000
110.76125,0.84000,0.99981,0.00000,0.00017,0.00002
110.88125,0.84000,0.99950,0.00000,0.00039,0.00011
111.00125,0.84000,0.99746,0.00003,0.00017,0.00233
111.12125,0.84000,0.94739,0.00167,0.00002,0.05092
111.24125,0.84000,0.33608,0.00045,0.00010,0.66337
111.36125,0.84000,0.09272,0.00019,0.00027,0.90682
111.48125,0.84000,0.76459,0.00011,0.00024,0.23506
111.60125,0.84000,0.99165,0.00002,0.00003,0.00830
111.72125,0.84000,0.99914,0.00000,0.00002,0.00084
111.84125,0.84000,0.99883,0.00000,0.00112,0.00005
111.96125,0.84000,0.99987,0.00000,0.00013,0.00000
112.08125,0.84000,1.00000,0.00000,0.00000,0.00000
112.20125,0.84000,0.99999,0.00000,0.00001,0.00000
112.32125,0.84000,0.99987,0.00000,0.00012,0.00001
112.44125,0.84000,0.99936,0.00002,0.00053,0.00009
112.56125,0.84000,0.99817,0.00005,0.00099,0.00079
112.68125,0.84000,0.98531,0.00082,0.00014,0.01373
112.80125,0.84000,0.62929,0.00487,0.00004,0.36580
112.92125,0.84000,0.05255,0.00059,0.00017,0.94668
113.04125,0.84000,0.54126,0.00095,0.00017,0.45762
113.16125,0.84000,0.92857,0.00021,0.00007,0.07115
113.28125,0.84000,0.96788,0.00007,0.00002,0.03202
113.40125,0.84000,0.99719,0.00001,0.00008,0.00271
113.52125,0.84000,0.99921,0.00000,0.00058,0.00021
113.64125,0.84000,0.99999,0.00000,0.00001,0.00000
113.76125,0.84000,0.99999,0.00000,0.00001,0.00000
113.88125,0.84000,0.99999,0.00000,0.00000,0.00000
114.00125,0.84000,0.99999,0.00000,0.00001,0.00000
114.12125,0.84000,0.99999,0.00000,0.00000,0.00000
114.24125,0.84000,0.99999,0.00000,0.00000,0.00000
114.36125,0.84000,0.99999,0.00000,0.00000,0.00000
114.48125,0.84000,0.99999,0.00000,0.00000,0.00000
114.60125,0.84000,0.99999,0.00000,0.00000,0.00001
