Time (seconds), Duration (seconds),pred_(unlabeled),pred_Jab_R,pred_Sidehook_R,pred_Uppercut_R
0.00125,0.39000,0.99910,0.00079,0.00008,0.00002
0.25125,0.39000,0.99915,0.00077,0.00006,0.00002
0.50125,0.39000,0.99962,0.00032,0.00002,0.00004
0.75125,0.39000,0.99955,0.00028,0.00002,0.00014
1.00125,0.39000,0.99965,0.00030,0.00003,0.00002
1.25125,0.39000,0.99950,0.00045,0.00005,0.00001
1.50125,0.39000,0.99960,0.00032,0.00005,0.00003
1.75125,0.39000,0.94134,0.05825,0.00039,0.00003
2.00125,0.39000,0.00000,1.00000,0.00000,0.00000
2.25125,0.39000,0.00056,0.99944,0.00000,0.00000
2.50125,0.39000,0.01857,0.98087,0.00055,0.00000
2.75125,0.39000,0.99212,0.00752,0.00016,0.00021
3.00125,0.39000,0.99950,0.00043,0.00002,0.00005
3.25125,0.39000,0.99930,0.00066,0.00004,0.00000
3.50125,0.39000,0.99945,0.00048,0.00003,0.00004
3.75125,0.39000,0.99011,0.00849,0.00112,0.00028
4.00125,0.39000,0.00003,0.99997,0.00000,0.00000
4.25125,0.39000,0.00000,1.00000,0.00000,0.00000
4.50125,0.39000,0.04056,0.95931,0.00013,0.00000
4.75125,0.39000,0.80414,0.19375,0.00155,0.00056
5.00125,0.39000,0.99849,0.00136,0.00002,0.00013
5.25125,0.39000,0.99958,0.00038,0.00002,0.00001
5.50125,0.39000,0.99858,0.00121,0.00010,0.00011
5.75125,0.39000,0.12821,0.87179,0.00001,0.00000
6.00125,0.39000,0.00000,1.00000,0.00000,0.00000
6.25125,0.39000,0.00030,0.99969,0.00000,0.00000
6.50125,0.39000,0.02110,0.97805,0.00083,0.00002
6.75125,0.39000,0.99535,0.00436,0.00008,0.00022
7.00125,0.39000,0.99947,0.00046,0.00004,0.00003
7.25125,0.39000,0.99903,0.00080,0.00012,0.00005
7.50125,0.39000,0.84145,0.15848,0.00004,0.00002
7.75125,0.39000,0.00006,0.99994,0.00000,0.00000
8.00125,0.39000,0.00022,0.99977,0.00001,0.00000
8.25125,0.39000,0.01397,0.98281,0.00322,0.00001
8.50125,0.39000,0.98871,0.01071,0.00035,0.00024
8.75125,0.39000,0.99960,0.00032,0.00006,0.00002
9.00125,0.39000,0.99955,0.00034,0.00009,0.00002
9.25125,0.39000,0.94835,0.04922,0.00239,0.00005
9.50125,0.39000,0.00010,0.99990,0.00000,0.00000
9.75125,0.39000,0.00001,0.99999,0.00000,0.00000
10.00125,0.39000,0.01827,0.98170,0.00003,0.00000
10.25125,0.39000,0.04685,0.93319,0.01974,0.00022
10.50125,0.39000,0.98573,0.01199,0.00085,0.00142
10.75125,0.39000,0.99946,0.00040,0.00007,0.00007
11.00125,0.39000,0.99927,0.00037,0.00014,0.00022
11.25125,0.39000,0.99943,0.00012,0.00016,0.00029
11.50125,0.39000,0.99905,0.00018,0.00058,0.00019
11.75125,0.39000,0.00152,0.99848,0.00000,0.00000
12.00125,0.39000,0.00000,1.00000,0.00000,0.00000
12.25125,0.39000,0.07139,0.92860,0.00000,0.00000
12.50125,0.39000,0.06199,0.91637,0.02108,0.00056
12.75125,0.39000,0.96258,0.03001,0.00590,0.00151
13.00125,0.39000,0.99798,0.00183,0.00018,0.00000
13.25125,0.39000,0.99942,0.00048,0.00009,0.00001
13.50125,0.39000,0.99939,0.00029,0.00006,0.00026
13.75125,0.39000,0.99654,0.00218,0.00108,0.00020
14.00125,0.39000,0.00679,0.99321,0.00000,0.00000
14.25125,0.39000,0.00000,1.00000,0.00000,0.00000
14.50125,0.39000,0.00636,0.99362,0.00002,0.00000
14.75125,0.39000,0.00633,0.99163,0.00203,0.00000
15.00125,0.39000,0.96541,0.02923,0.00526,0.00010
15.25125,0.39000,0.99877,0.00057,0.00052,0.00014
15.50125,0.39000,0.99930,0.00050,0.00016,0.00005
15.75125,0.39000,0.99964,0.00015,0.00003,0.00018
16.00125,0.39000,0.99837,0.00041,0.00016,0.00106
16.25125,0.39000,0.99957,0.00012,0.00017,0.00014
16.50125,0.39000,0.99952,0.00017,0.00025,0.00006
16.75125,0.39000,0.99954,0.00021,0.00017,0.00007
17.00125,0.39000,0.99731,0.00201,0.00026,0.00042
17.25125,0.39000,0.82983,0.15703,0.00847,0.00466
17.50125,0.39000,0.00002,0.99998,0.00000,0.00000
17.75125,0.39000,0.00001,0.99999,0.00000,0.00000
18.00125,0.39000,0.00763,0.99171,0.00066,0.00000
18.25125,0.39000,0.60927,0.36546,0.02523,0.00004
18.50125,0.39000,0.99941,0.00040,0.00017,0.00002
18.75125,0.39000,0.99733,0.00191,0.00074,0.00002
19.00125,0.39000,0.99923,0.00028,0.00027,0.00022
19.25125,0.39000,0.99909,0.00026,0.00021,0.00044
19.50125,0.39000,0.03815,0.96185,0.00000,0.00000
19.75125,0.39000,0.00000,1.00000,0.00000,0.00000
20.00125,0.39000,0.00099,0.99899,0.00002,0.00000
20.25125,0.39000,0.01616,0.97986,0.00398,0.00000
20.50125,0.39000,0.99656,0.00240,0.00074,0.00030
20.75125,0.39000,0.99351,0.00298,0.00351,0.00000
21.00125,0.39000,0.99387,0.00329,0.00282,0.00001
21.25125,0.39000,0.99929,0.00015,0.00043,0.00012
21.50125,0.39000,0.99947,0.00013,0.00020,0.00021
21.75125,0.39000,0.99786,0.00030,0.00023,0.00160
22.00125,0.39000,0.00062,0.99938,0.00000,0.00000
22.25125,0.39000,0.00000,1.00000,0.00000,0.00000
22.50125,0.39000,0.01758,0.98231,0.00011,0.00000
22.75125,0.39000,0.53304,0.43016,0.03393,0.00287
23.00125,0.39000,0.98819,0.00931,0.00250,0.00000
23.25125,0.39000,0.98471,0.00714,0.00815,0.00000
23.50125,0.39000,0.99887,0.00028,0.00018,0.00066
23.75125,0.39000,0.99400,0.00022,0.00023,0.00555
24.00125,0.39000,0.98979,0.00045,0.00549,0.00427
24.25125,0.39000,0.99637,0.00062,0.00297,0.00004
24.50125,0.39000,0.99753,0.00110,0.00007,0.00130
24.75125,0.39000,0.86857,0.13140,0.00000,0.00003
25.00125,0.39000,0.00000,1.00000,0.00000,0.00000
25.25125,0.39000,0.00014,0.99986,0.00000,0.00000
25.50125,0.39000,0.00534,0.98984,0.00482,0.00000
25.75125,0.39000,0.95332,0.04240,0.00416,0.00012
26.00125,0.39000,0.99786,0.00157,0.00053,0.00004
26.25125,0.39000,0.99941,0.00036,0.00012,0.00011
26.50125,0.39000,0.99928,0.00013,0.00005,0.00054
26.75125,0.39000,0.69505,0.30491,0.00002,0.00002
27.00125,0.39000,0.00000,1.00000,0.00000,0.00000
27.25125,0.39000,0.00012,0.99988,0.00000,0.00000
27.50125,0.39000,0.01336,0.98445,0.00219,0.00000
27.75125,0.39000,0.94204,0.05368,0.00412,0.00017
28.00125,0.39000,0.97891,0.01807,0.00301,0.00001
28.25125,0.39000,0.99962,0.00015,0.00015,0.00009
28.50125,0.39000,0.99869,0.00020,0.00014,0.00097
28.75125,0.39000,0.98487,0.01451,0.00038,0.00024
29.00125,0.39000,0.00003,0.99997,0.00000,0.00000
29.25125,0.39000,0.00014,0.99986,0.00000,0.00000
29.50125,0.39000,0.00529,0.99407,0.00065,0.00000
29.75125,0.39000,0.86233,0.12523,0.01242,0.00002
30.00125,0.39000,0.99757,0.00155,0.00086,0.00002
30.25125,0.39000,0.99949,0.00021,0.00027,0.00003
30.50125,0.39000,0.99948,0.00014,0.00023,0.00015
30.75125,0.39000,0.99748,0.00191,0.00039,0.00022
31.00125,0.39000,0.00016,0.99985,0.00000,0.00000
31.25125,0.39000,0.00000,0.99999,0.00000,0.00000
31.50125,0.39000,0.01186,0.98772,0.00042,0.00000
31.75125,0.39000,0.16077,0.80183,0.03739,0.00000
32.00125,0.39000,0.93040,0.06557,0.00402,0.00000
32.25125,0.39000,0.99895,0.00070,0.00032,0.00002
32.50125,0.39000,0.99944,0.00019,0.00019,0.00018
32.75125,0.39000,0.99933,0.00014,0.00014,0.00039
33.00125,0.39000,0.99948,0.00014,0.00033,0.00006
33.25125,0.39000,0.99945,0.00014,0.00036,0.00005
33.50125,0.39000,0.98905,0.01028,0.00059,0.00008
33.75125,0.39000,0.00003,0.99997,0.00000,0.00000
34.00125,0.39000,0.00037,0.99963,0.00000,0.00000
34.25125,0.39000,0.00606,0.99191,0.00203,0.00000
34.50125,0.39000,0.80184,0.18280,0.01534,0.00001
34.75125,0.39000,0.99536,0.00302,0.00162,0.00000
35.00125,0.39000,0.99539,0.00223,0.00237,0.00001
35.25125,0.39000,0.99953,0.00012,0.00027,0.00008
35.50125,0.39000,0.99918,0.00030,0.00036,0.00016
35.75125,0.39000,0.03703,0.96297,0.00000,0.00000
36.00125,0.39000,0.00000,1.00000,0.00000,0.00000
36.25125,0.39000,0.00278,0.99718,0.00004,0.00000
36.50125,0.39000,0.04635,0.95146,0.00218,0.00000
36.75125,0.39000,0.98058,0.01802,0.00132,0.00008
37.00125,0.39000,0.99957,0.00036,0.00006,0.00002
37.25125,0.39000,0.99946,0.00025,0.00008,0.00021
37.50125,0.39000,0.99927,0.00030,0.00008,0.00035
37.75125,0.39000,0.79048,0.20932,0.00018,0.00003
38.00125,0.39000,0.00001,0.99999,0.00000,0.00000
38.25125,0.39000,0.00033,0.99964,0.00003,0.00000
38.50125,0.39000,0.00346,0.99261,0.00392,0.00000
38.75125,0.39000,0.50629,0.43597,0.05772,0.00002
39.00125,0.39000,0.99774,0.00172,0.00054,0.00000
39.25125,0.39000,0.99931,0.00039,0.00029,0.00002
39.50125,0.39000,0.99950,0.00015,0.00015,0.00019
39.75125,0.39000,0.99481,0.00458,0.00055,0.00006
40.00125,0.39000,0.00002,0.99998,0.00000,0.00000
40.25125,0.39000,0.00001,0.99999,0.00000,0.00000
40.50125,0.39000,0.00761,0.98939,0.00299,0.00000
40.75125,0.39000,0.54305,0.44181,0.01510,0.00004
41.00125,0.39000,0.99890,0.00070,0.00029,0.00011
41.25125,0.39000,0.99884,0.00069,0.00040,0.00006
41.50125,0.39000,0.99931,0.00024,0.00038,0.00006
41.75125,0.39000,0.99677,0.00233,0.00087,0.00003
42.00125,0.39000,0.00019,0.99981,0.00000,0.00000
42.25125,0.39000,0.00002,0.99998,0.00000,0.00000
42.50125,0.39000,0.03042,0.96837,0.00121,0.00000
42.75125,0.39000,0.18984,0.68603,0.12408,0.00005
43.00125,0.39000,0.99803,0.00098,0.00096,0.00003
43.25125,0.39000,0.99838,0.00039,0.00121,0.00002
43.50125,0.39000,0.99875,0.00016,0.00101,0.00008
43.75125,0.39000,0.99910,0.00010,0.00078,0.00002
44.00125,0.39000,0.99907,0.00009,0.00077,0.00006
44.25125,0.39000,0.99903,0.00010,0.00058,0.00029
44.50125,0.39000,0.99834,0.00045,0.00072,0.00049
44.75125,0.39000,0.01733,0.98267,0.00000,0.00000
45.00125,0.39000,0.00000,1.00000,0.00000,0.00000
45.25125,0.39000,0.00482,0.99515,0.00003,0.00000
45.50125,0.39000,0.02030,0.96344,0.01620,0.00006
45.75125,0.39000,0.99082,0.00683,0.00070,0.00165
46.00125,0.39000,0.99877,0.00070,0.00029,0.00025
46.25125,0.39000,0.99944,0.00036,0.00017,0.00003
46.50125,0.39000,0.11280,0.88720,0.00000,0.00000
46.75125,0.39000,0.00000,1.00000,0.00000,0.00000
47.00125,0.39000,0.00160,0.99837,0.00002,0.00000
47.25125,0.39000,0.01789,0.98049,0.00162,0.00000
47.50125,0.39000,0.96389,0.03020,0.00585,0.00006
47.75125,0.39000,0.99930,0.00008,0.00037,0.00025
48.00125,0.39000,0.99815,0.00006,0.00023,0.00156
48.25125,0.39000,0.99719,0.00019,0.00205,0.00057
48.50125,0.39000,0.98338,0.00147,0.01488,0.00027
48.75125,0.39000,0.99835,0.00010,0.00150,0.00006
49.00125,0.39000,0.99050,0.00034,0.00031,0.00886
49.25125,0.39000,0.97894,0.01351,0.00113,0.00642
49.50125,0.39000,0.97987,0.01990,0.00019,0.00004
49.75125,0.39000,0.00049,0.99951,0.00000,0.00000
50.00125,0.39000,0.00012,0.99987,0.00000,0.00000
50.25125,0.39000,0.00997,0.98946,0.00056,0.00000
50.50125,0.39000,0.68264,0.31075,0.00659,0.00002
50.75125,0.39000,0.99609,0.00340,0.00037,0.00014
51.00125,0.39000,0.99848,0.00064,0.00010,0.00079
51.25125,0.39000,0.99929,0.00052,0.00010,0.00009
51.50125,0.39000,0.16441,0.83559,0.00000,0.00000
51.75125,0.39000,0.00000,1.00000,0.00000,0.00000
52.00125,0.39000,0.01254,0.98738,0.00008,0.00000
52.25125,0.39000,0.04970,0.94005,0.01024,0.00001
52.50125,0.39000,0.99554,0.00403,0.00039,0.00004
52.75125,0.39000,0.99929,0.00053,0.00011,0.00006
53.00125,0.39000,0.99938,0.00019,0.00005,0.00038
53.25125,0.39000,0.94526,0.05455,0.00012,0.00006
53.50125,0.39000,0.00001,0.99999,0.00000,0.00000
53.75125,0.39000,0.00008,0.99992,0.00000,0.00000
54.00125,0.39000,0.00442,0.99348,0.00210,0.00000
54.25125,0.39000,0.41508,0.57321,0.01171,0.00000
54.50125,0.39000,0.99902,0.00067,0.00029,0.00001
54.75125,0.39000,0.99933,0.00029,0.00031,0.00007
55.00125,0.39000,0.99853,0.00011,0.00018,0.00118
55.25125,0.39000,0.99887,0.00049,0.00043,0.00021
55.50125,0.39000,0.00242,0.99758,0.00000,0.00000
55.75125,0.39000,0.00000,1.00000,0.00000,0.00000
56.00125,0.39000,0.00839,0.99126,0.00035,0.00000
56.25125,0.39000,0.10015,0.89029,0.00949,0.00007
56.50125,0.39000,0.99548,0.00327,0.00079,0.00046
56.75125,0.39000,0.99880,0.00023,0.00019,0.00078
57.00125,0.39000,0.99860,0.00024,0.00012,0.00104
57.25125,0.39000,0.98908,0.01031,0.00059,0.00002
57.50125,0.39000,0.00003,0.99997,0.00000,0.00000
57.75125,0.39000,0.00000,1.00000,0.00000,0.00000
58.00125,0.39000,0.01431,0.98563,0.00006,0.00000
58.25125,0.39000,0.25298,0.66487,0.08045,0.00171
58.50125,0.39000,0.99744,0.00204,0.00048,0.00003
58.75125,0.39000,0.99947,0.00045,0.00007,0.00001
59.00125,0.39000,0.99693,0.00214,0.00042,0.00051
59.25125,0.39000,0.06309,0.93687,0.00000,0.00004
59.50125,0.39000,0.00000,1.00000,0.00000,0.00000
59.75125,0.39000,0.00030,0.99948,0.00022,0.00000
60.00125,0.39000,0.13792,0.86061,0.00146,0.00001
60.25125,0.39000,0.99724,0.00227,0.00045,0.00004
60.50125,0.39000,0.99966,0.00022,0.00009,0.00003
60.75125,0.39000,0.99950,0.00015,0.00006,0.00028
61.00125,0.39000,0.97853,0.02106,0.00034,0.00007
61.25125,0.39000,0.00006,0.99994,0.00000,0.00000
61.50125,0.39000,0.00001,0.99999,0.00000,0.00000
61.75125,0.39000,0.01689,0.98023,0.00289,0.00000
62.00125,0.39000,0.37964,0.60279,0.01755,0.00001
62.25125,0.39000,0.99709,0.00252,0.00038,0.00001
62.50125,0.39000,0.99960,0.00032,0.00006,0.00002
62.75125,0.39000,0.99946,0.00025,0.00007,0.00021
63.00125,0.39000,0.86465,0.13506,0.00004,0.00025
63.25125,0.39000,0.00004,0.99996,0.00000,0.00000
63.50125,0.39000,0.00126,0.99870,0.00003,0.00000
63.75125,0.39000,0.01040,0.98763,0.00197,0.00000
64.00125,0.39000,0.75328,0.22363,0.02308,0.00001
64.25125,0.39000,0.99841,0.00130,0.00028,0.00001
64.50125,0.39000,0.99958,0.00027,0.00010,0.00005
64.75125,0.39000,0.99935,0.00013,0.00012,0.00040
65.00125,0.39000,0.99416,0.00464,0.00088,0.00032
65.25125,0.39000,0.00012,0.99988,0.00000,0.00000
65.50125,0.39000,0.00000,1.00000,0.00000,0.00000
65.75125,0.39000,0.00459,0.99317,0.00224,0.00000
66.00125,0.39000,0.16738,0.79630,0.03631,0.00000
66.25125,0.39000,0.99710,0.00181,0.00107,0.00002
66.50125,0.39000,0.99945,0.00029,0.00022,0.00005
66.75125,0.39000,0.99934,0.00035,0.00011,0.00019
67.00125,0.39000,0.09020,0.90980,0.00000,0.00000
67.25125,0.39000,0.00000,1.00000,0.00000,0.00000
67.50125,0.39000,0.00251,0.99706,0.00043,0.00000
67.75125,0.39000,0.11729,0.86617,0.01650,0.00005
68.00125,0.39000,0.99576,0.00367,0.00051,0.00006
68.25125,0.39000,0.99934,0.00047,0.00015,0.00004
68.50125,0.39000,0.99842,0.00066,0.00018,0.00075
68.75125,0.39000,0.01568,0.98432,0.00000,0.00001
69.00125,0.39000,0.00000,1.00000,0.00000,0.00000
69.25125,0.39000,0.00803,0.99194,0.00003,0.00000
69.50125,0.39000,0.08491,0.90868,0.00640,0.00001
69.75125,0.39000,0.99124,0.00604,0.00267,0.00005
70.00125,0.39000,0.99919,0.00049,0.00027,0.00005
70.25125,0.39000,0.99919,0.00027,0.00018,0.00036
70.50125,0.39000,0.92313,0.07586,0.00021,0.00080
70.75125,0.39000,0.00017,0.99983,0.00000,0.00000
71.00125,0.39000,0.00027,0.99972,0.00001,0.00000
71.25125,0.39000,0.02267,0.97669,0.00064,0.00000
71.50125,0.39000,0.94900,0.04704,0.00396,0.00000
71.75125,0.39000,0.99846,0.00041,0.00109,0.00004
72.00125,0.39000,0.99915,0.00022,0.00018,0.00044
72.25125,0.39000,0.99699,0.00086,0.00013,0.00202
72.50125,0.39000,0.00575,0.99425,0.00000,0.00000
72.75125,0.39000,0.00000,1.00000,0.00000,0.00000
73.00125,0.39000,0.02202,0.96978,0.00820,0.00000
73.25125,0.39000,0.91468,0.06054,0.02478,0.00000
73.50125,0.39000,0.99910,0.00006,0.00083,0.00001
73.75125,0.39000,0.99801,0.00015,0.00116,0.00068
74.00125,0.39000,0.99815,0.00008,0.00102,0.00076
74.25125,0.39000,0.52797,0.47173,0.00001,0.00029
74.50125,0.39000,0.00000,1.00000,0.00000,0.00000
74.75125,0.39000,0.00256,0.99732,0.00012,0.00000
75.00125,0.39000,0.02839,0.97067,0.00094,0.00000
75.25125,0.39000,0.96047,0.02742,0.01210,0.00001
75.50125,0.39000,0.99881,0.00018,0.00057,0.00044
75.75125,0.39000,0.99736,0.00012,0.00016,0.00236
76.00125,0.39000,0.99894,0.00012,0.00039,0.00055
76.25125,0.39000,0.41771,0.58217,0.00000,0.00012
76.50125,0.39000,0.00000,1.00000,0.00000,0.00000
76.75125,0.39000,0.00015,0.99975,0.00011,0.00000
77.00125,0.39000,0.12481,0.84678,0.02832,0.00009
77.25125,0.39000,0.99856,0.00078,0.00054,0.00012
77.50125,0.39000,0.99933,0.00017,0.00042,0.00007
77.75125,0.39000,0.99924,0.00012,0.00058,0.00005
78.00125,0.39000,0.99937,0.00010,0.00044,0.00008
78.25125,0.39000,0.99932,0.00010,0.00040,0.00018
78.50125,0.39000,0.99931,0.00013,0.00035,0.00021
78.75125,0.39000,0.99917,0.00023,0.00048,0.00013
79.00125,0.39000,0.65536,0.34384,0.00034,0.00046
79.25125,0.39000,0.00002,0.99998,0.00000,0.00000
79.50125,0.39000,0.00064,0.99933,0.00002,0.00000
79.75125,0.39000,0.00367,0.99455,0.00178,0.00000
80.00125,0.39000,0.99306,0.00325,0.00324,0.00045
80.25125,0.39000,0.99890,0.00012,0.00087,0.00011
80.50125,0.39000,0.99899,0.00007,0.00064,0.00030
80.75125,0.39000,0.99882,0.00004,0.00060,0.00054
81.00125,0.39000,0.99931,0.00004,0.00048,0.00018
81.25125,0.39000,0.99928,0.00010,0.00050,0.00011
81.50125,0.39000,0.99919,0.00014,0.00056,0.00011
81.75125,0.39000,0.99894,0.00016,0.00048,0.00042
82.00125,0.39000,0.99932,0.00026,0.00023,0.00019
82.25125,0.39000,0.53052,0.46946,0.00000,0.00002
82.50125,0.39000,0.00000,1.00000,0.00000,0.00000
82.75125,0.39000,0.00761,0.99194,0.00045,0.00000
83.00125,0.39000,0.02493,0.96346,0.01160,0.00000
83.25125,0.39000,0.99364,0.00280,0.00352,0.00004
83.50125,0.39000,0.99808,0.00027,0.00163,0.00003
83.75125,0.39000,0.99409,0.00021,0.00077,0.00493
84.00125,0.39000,0.99867,0.00005,0.00087,0.00042
84.25125,0.39000,0.99719,0.00035,0.00246,0.00000
84.50125,0.39000,0.99815,0.00034,0.00099,0.00053
84.75125,0.39000,0.99702,0.00008,0.00219,0.00071
85.00125,0.39000,0.99778,0.00003,0.00214,0.00005
85.25125,0.39000,0.30884,0.00662,0.68453,0.00001
85.50125,0.39000,0.99955,0.00006,0.00040,0.00000
85.75125,0.39000,0.99999,0.00000,0.00001,0.00000
86.00125,0.39000,0.99349,0.00598,0.00052,0.00000
86.25125,0.39000,0.92905,0.06897,0.00198,0.00000
86.50125,0.39000,0.97241,0.02758,0.00001,0.00000
86.75125,0.39000,0.99999,0.00001,0.00000,0.00000
87.00125,0.39000,0.67290,0.32258,0.00451,0.00000
87.25125,0.39000,0.76590,0.20091,0.03119,0.00200
87.50125,0.39000,0.86019,0.12813,0.00732,0.00436
87.75125,0.39000,0.51328,0.48044,0.00623,0.00005
88.00125,0.39000,0.00182,0.99818,0.00000,0.00000
88.25125,0.39000,0.00000,1.00000,0.00000,0.00000
88.50125,0.39000,0.05507,0.94453,0.00040,0.00000
88.75125,0.39000,0.17253,0.82544,0.00203,0.00000
89.00125,0.39000,0.99531,0.00154,0.00019,0.00296
89.25125,0.39000,0.99356,0.00210,0.00122,0.00313
89.50125,0.39000,0.99910,0.00042,0.00028,0.00019
89.75125,0.39000,0.99872,0.00100,0.00025,0.00002
90.00125,0.39000,0.99266,0.00703,0.00024,0.00007
90.25125,0.39000,0.00005,0.99995,0.00000,0.00000
90.50125,0.39000,0.00000,0.99999,0.00000,0.00000
90.75125,0.39000,0.01965,0.98000,0.00035,0.00000
91.00125,0.39000,0.30569,0.66619,0.02812,0.00000
91.25125,0.39000,0.99630,0.00111,0.00258,0.00001
91.50125,0.39000,0.99866,0.00027,0.00104,0.00003
91.75125,0.39000,0.99140,0.00055,0.00007,0.00798
92.00125,0.39000,0.99773,0.00116,0.00071,0.00039
92.25125,0.39000,0.00006,0.99994,0.00000,0.00000
92.50125,0.39000,0.00001,0.99999,0.00000,0.00000
92.75125,0.39000,0.04686,0.95309,0.00005,0.00000
93.00125,0.39000,0.16095,0.83144,0.00761,0.00000
93.25125,0.39000,0.99428,0.00297,0.00121,0.00153
93.50125,0.39000,0.99884,0.00065,0.00025,0.00025
93.75125,0.39000,0.97439,0.02521,0.00031,0.00009
94.00125,0.39000,0.00192,0.99808,0.00000,0.00000
94.25125,0.39000,0.00000,1.00000,0.00000,0.00000
94.50125,0.39000,0.00373,0.99623,0.00003,0.00000
94.75125,0.39000,0.11011,0.88631,0.00358,0.00000
95.00125,0.39000,0.98647,0.01172,0.00177,0.00004
95.25125,0.39000,0.99914,0.00074,0.00008,0.00004
95.50125,0.39000,0.99868,0.00028,0.00003,0.00101
95.75125,0.39000,0.99329,0.00051,0.00004,0.00616
96.00125,0.39000,0.18271,0.81729,0.00000,0.00000
96.25125,0.39000,0.00000,1.00000,0.00000,0.00000
96.50125,0.39000,0.00440,0.99548,0.00013,0.00000
96.75125,0.39000,0.28501,0.70084,0.01414,0.00000
97.00125,0.39000,0.99004,0.00434,0.00537,0.00025
97.25125,0.39000,0.99918,0.00049,0.00028,0.00005
97.50125,0.39000,0.99925,0.00014,0.00011,0.00050
97.75125,0.39000,0.99845,0.00112,0.00010,0.00033
98.00125,0.39000,0.00017,0.99983,0.00000,0.00000
98.25125,0.39000,0.00000,1.00000,0.00000,0.00000
98.50125,0.39000,0.00585,0.99392,0.00023,0.00000
98.75125,0.39000,0.95067,0.04857,0.00074,0.00002
99.00125,0.39000,0.99765,0.00207,0.00021,0.00007
99.25125,0.39000,0.99934,0.00031,0.00004,0.00031
99.50125,0.39000,0.99718,0.00032,0.00007,0.00243
99.75125,0.39000,0.99834,0.00025,0.00009,0.00133
100.00125,0.39000,0.85442,0.14558,0.00000,0.00000
100.25125,0.39000,0.00000,1.00000,0.00000,0.00000
100.50125,0.39000,0.00087,0.99910,0.00003,0.00000
100.75125,0.39000,0.15664,0.82806,0.01525,0.00005
101.00125,0.39000,0.99701,0.00057,0.00130,0.00111
101.25125,0.39000,0.99847,0.00042,0.00103,0.00008
101.50125,0.39000,0.99854,0.00084,0.00054,0.00008
101.75125,0.39000,0.99773,0.00215,0.00002,0.00010
102.00125,0.39000,0.00030,0.99970,0.00000,0.00000
102.25125,0.39000,0.00006,0.99994,0.00000,0.00000
102.50125,0.39000,0.01400,0.98385,0.00214,0.00000
102.75125,0.39000,0.91221,0.08228,0.00483,0.00069
103.00125,0.39000,0.99702,0.00219,0.00077,0.00003
103.25125,0.39000,0.99939,0.00036,0.00018,0.00007
103.50125,0.39000,0.99700,0.00053,0.00011,0.00237
103.75125,0.39000,0.99434,0.00546,0.00012,0.00008
104.00125,0.39000,0.00010,0.99990,0.00000,0.00000
104.25125,0.39000,0.00051,0.99948,0.00002,0.00000
104.50125,0.39000,0.06081,0.93865,0.00054,0.00000
104.75125,0.39000,0.51536,0.47587,0.00877,0.00000
105.00125,0.39000,0.81016,0.16790,0.02194,0.00000
105.25125,0.39000,0.99348,0.00139,0.00008,0.00505
105.50125,0.39000,0.98178,0.00077,0.00049,0.01695
105.75125,0.39000,0.99815,0.00016,0.00016,0.00153
106.00125,0.39000,0.99951,0.00014,0.00029,0.00006
106.25125,0.39000,0.99948,0.00017,0.00026,0.00008
106.50125,0.39000,0.99957,0.00014,0.00021,0.00008
106.75125,0.39000,0.99931,0.00021,0.00009,0.00038
107.00125,0.39000,0.99249,0.00173,0.00007,0.00571
107.25125,0.39000,0.98382,0.01245,0.00336,0.00037
107.50125,0.39000,0.50979,0.48994,0.00006,0.00021
107.75125,0.39000,0.00001,0.99999,0.00000,0.00000
108.00125,0.39000,0.00154,0.99839,0.00006,0.00000
108.25125,0.39000,0.02817,0.96982,0.00201,0.00000
108.50125,0.39000,0.84264,0.14666,0.01069,0.00001
108.75125,0.39000,0.99799,0.00177,0.00023,0.00002
109.00125,0.39000,0.99891,0.00093,0.00010,0.00006
109.25125,0.39000,0.99755,0.00172,0.00027,0.00046
109.50125,0.39000,0.99930,0.00030,0.00007,0.00033
109.75125,0.39000,0.99892,0.00032,0.00021,0.00055
110.00125,0.39000,0.38932,0.61068,0.00000,0.00000
110.25125,0.39000,0.00000,1.00000,0.00000,0.00000
110.50125,0.39000,0.00155,0.99843,0.00001,0.00000
110.75125,0.39000,0.00832,0.98145,0.01023,0.00000
111.00125,0.39000,0.98562,0.01295,0.00141,0.00001
111.25125,0.39000,0.99896,0.00073,0.00022,0.00008
111.50125,0.39000,0.98448,0.01470,0.00055,0.00027
111.75125,0.39000,0.00010,0.99990,0.00000,0.00000
112.00125,0.39000,0.00000,1.00000,0.00000,0.00000
112.25125,0.39000,0.00342,0.99580,0.00078,0.00000
112.50125,0.39000,0.04686,0.92710,0.02603,0.00001
112.75125,0.39000,0.99876,0.00097,0.00026,0.00001
113.00125,0.39000,0.99963,0.00028,0.00007,0.00002
113.25125,0.39000,0.99958,0.00027,0.00007,0.00007
113.50125,0.39000,0.96567,0.03403,0.00017,0.00013
113.75125,0.39000,0.00007,0.99993,0.00000,0.00000
114.00125,0.39000,0.00007,0.99992,0.00000,0.00000
114.25125,0.39000,0.00671,0.99123,0.00205,0.00000
114.50125,0.39000,0.61974,0.35831,0.02195,0.00000
114.75125,0.39000,0.99635,0.00326,0.00028,0.00011
115.00125,0.39000,0.99890,0.00094,0.00013,0.00003
115.25125,0.39000,0.99958,0.00021,0.00005,0.00016
115.50125,0.39000,0.99960,0.00020,0.00004,0.00015
115.75125,0.39000,0.98696,0.01288,0.00012,0.00004
116.00125,0.39000,0.00029,0.99971,0.00000,0.00000
116.25125,0.39000,0.00131,0.99858,0.00011,0.00000
116.50125,0.39000,0.02710,0.97178,0.00112,0.00000
116.75125,0.39000,0.16074,0.83810,0.00115,0.00000
117.00125,0.39000,0.99160,0.00804,0.00026,0.00011
117.25125,0.39000,0.99928,0.00066,0.00003,0.00003
117.50125,0.39000,0.99955,0.00038,0.00003,0.00004
117.75125,0.39000,0.99950,0.00032,0.00004,0.00014
118.00125,0.39000,0.94280,0.05699,0.00009,0.00012
118.25125,0.39000,0.00006,0.99994,0.00000,0.00000
118.50125,0.39000,0.00019,0.99978,0.00002,0.00000
118.75125,0.39000,0.00947,0.98938,0.00115,0.00000
119.00125,0.39000,0.84147,0.15395,0.00456,0.00002
119.25125,0.39000,0.99560,0.00404,0.00035,0.00002
119.50125,0.39000,0.99942,0.00052,0.00003,0.00003
119.75125,0.39000,0.99911,0.00076,0.00004,0.00009
120.00125,0.39000,0.99324,0.00576,0.00095,0.00005
120.25125,0.39000,0.99855,0.00100,0.00038,0.00007
120.50125,0.39000,0.99837,0.00103,0.00056,0.00003
120.75125,0.39000,0.08180,0.91819,0.00001,0.00000
121.00125,0.39000,0.00000,1.00000,0.00000,0.00000
121.25125,0.39000,0.00035,0.99962,0.00003,0.00000
121.50125,0.39000,0.00815,0.97451,0.01732,0.00003
121.75125,0.39000,0.96241,0.03447,0.00311,0.00001
122.00125,0.39000,0.99925,0.00066,0.00008,0.00001
122.25125,0.39000,0.99968,0.00028,0.00002,0.00002
122.50125,0.39000,0.99959,0.00037,0.00003,0.00001
122.75125,0.39000,0.97811,0.02017,0.00171,0.00002
123.00125,0.39000,0.00006,0.99994,0.00000,0.00000
123.25125,0.39000,0.00000,1.00000,0.00000,0.00000
123.50125,0.39000,0.00422,0.99453,0.00125,0.00000
123.75125,0.39000,0.58912,0.40036,0.01051,0.00000
124.00125,0.39000,0.99902,0.00075,0.00013,0.00010
124.25125,0.39000,0.99919,0.00062,0.00017,0.00003
124.50125,0.39000,0.99950,0.00038,0.00010,0.00003
124.75125,0.39000,0.99911,0.00024,0.00006,0.00059
125.00125,0.39000,0.99840,0.00030,0.00002,0.00127
125.25125,0.39000,0.30308,0.69692,0.00000,0.00000
125.50125,0.39000,0.00000,1.00000,0.00000,0.00000
125.75125,0.39000,0.00207,0.99790,0.00003,0.00000
126.00125,0.39000,0.00756,0.99054,0.00189,0.00000
126.25125,0.39000,0.98192,0.01586,0.00218,0.00004
126.50125,0.39000,0.99939,0.00047,0.00011,0.00004
126.75125,0.39000,0.99909,0.00043,0.00005,0.00043
127.00125,0.39000,0.28095,0.71905,0.00000,0.00000
127.25125,0.39000,0.00000,1.00000,0.00000,0.00000
127.50125,0.39000,0.00190,0.99799,0.00011,0.00000
127.75125,0.39000,0.01682,0.98188,0.00130,0.00000
128.00125,0.39000,0.98497,0.01457,0.00044,0.00002
128.25125,0.39000,0.99927,0.00063,0.00004,0.00005
128.50125,0.39000,0.99946,0.00024,0.00003,0.00027
128.75125,0.39000,0.99429,0.00533,0.00033,0.00005
129.00125,0.39000,0.00027,0.99973,0.00000,0.00000
129.25125,0.39000,0.00000,1.00000,0.00000,0.00000
129.50125,0.39000,0.00273,0.99663,0.00064,0.00000
129.75125,0.39000,0.12822,0.81821,0.05261,0.00096
130.00125,0.39000,0.99459,0.00517,0.00019,0.00005
130.25125,0.39000,0.99927,0.00069,0.00003,0.00001
130.50125,0.39000,0.99935,0.00061,0.00002,0.00002
130.75125,0.39000,0.99771,0.00212,0.00007,0.00010
131.00125,0.39000,0.04341,0.95659,0.00000,0.00000
131.25125,0.39000,0.00000,1.00000,0.00000,0.00000
131.50125,0.39000,0.01975,0.97844,0.00180,0.00000
131.75125,0.39000,0.04048,0.95635,0.00317,0.00000
132.00125,0.39000,0.97349,0.02591,0.00059,0.00000
132.25125,0.39000,0.88312,0.11632,0.00056,0.00000
132.50125,0.39000,0.99786,0.00193,0.00009,0.00012
132.75125,0.39000,0.99504,0.00473,0.00007,0.00015
133.00125,0.39000,0.02326,0.97674,0.00000,0.00000
133.25125,0.39000,0.00000,1.00000,0.00000,0.00000
133.50125,0.39000,0.00196,0.99792,0.00012,0.00000
133.75125,0.39000,0.01010,0.98356,0.00634,0.00000
134.00125,0.39000,0.92059,0.07823,0.00118,0.00000
134.25125,0.39000,0.98176,0.01454,0.00367,0.00002
134.50125,0.39000,0.99801,0.00144,0.00018,0.00036
134.75125,0.39000,0.99563,0.00167,0.00014,0.00255
135.00125,0.39000,0.02625,0.97375,0.00000,0.00000
135.25125,0.39000,0.00000,1.00000,0.00000,0.00000
135.50125,0.39000,0.00113,0.99875,0.00011,0.00000
135.75125,0.39000,0.02141,0.97349,0.00510,0.00000
136.00125,0.39000,0.99645,0.00305,0.00038,0.00012
136.25125,0.39000,0.99951,0.00030,0.00009,0.00009
136.50125,0.39000,0.99899,0.00054,0.00012,0.00035
136.75125,0.39000,0.41736,0.58262,0.00001,0.00002
137.00125,0.39000,0.00007,0.99993,0.00000,0.00000
137.25125,0.39000,0.00013,0.99984,0.00003,0.00000
137.50125,0.39000,0.06103,0.93019,0.00872,0.00006
137.75125,0.39000,0.98444,0.01177,0.00328,0.00050
138.00125,0.39000,0.99944,0.00049,0.00005,0.00001
138.25125,0.39000,0.99921,0.00067,0.00004,0.00008
138.50125,0.39000,0.99545,0.00306,0.00015,0.00133
138.75125,0.39000,0.83512,0.16433,0.00035,0.00019
139.00125,0.39000,0.00011,0.99989,0.00000,0.00000
139.25125,0.39000,0.00005,0.99995,0.00000,0.00000
139.50125,0.39000,0.00732,0.98846,0.00421,0.00001
139.75125,0.39000,0.97833,0.01985,0.00179,0.00003
140.00125,0.39000,0.99962,0.00028,0.00004,0.00006
140.25125,0.39000,0.99956,0.00025,0.00004,0.00016
140.50125,0.39000,0.99955,0.00020,0.00007,0.00018
140.75125,0.39000,0.99908,0.00073,0.00011,0.00008
141.00125,0.39000,0.00347,0.99653,0.00000,0.00000
141.25125,0.39000,0.00000,1.00000,0.00000,0.00000
141.50125,0.39000,0.01356,0.98619,0.00026,0.00000
141.75125,0.39000,0.08161,0.90366,0.01471,0.00002
142.00125,0.39000,0.99715,0.00258,0.00022,0.00005
142.25125,0.39000,0.99916,0.00071,0.00011,0.00002
142.50125,0.39000,0.99954,0.00021,0.00004,0.00021
142.75125,0.39000,0.99727,0.00233,0.00017,0.00022
143.00125,0.39000,0.00007,0.99993,0.00000,0.00000
143.25125,0.39000,0.00001,0.99999,0.00000,0.00000
143.50125,0.39000,0.00344,0.99614,0.00042,0.00000
143.75125,0.39000,0.88048,0.11484,0.00468,0.00001
144.00125,0.39000,0.99867,0.00114,0.00018,0.00002
144.25125,0.39000,0.99809,0.00173,0.00016,0.00002
144.50125,0.39000,0.99883,0.00057,0.00004,0.00055
144.75125,0.39000,0.99371,0.00135,0.00004,0.00490
145.00125,0.39000,0.00194,0.99806,0.00000,0.00000
145.25125,0.39000,0.00000,1.00000,0.00000,0.00000
145.50125,0.39000,0.01158,0.98806,0.00036,0.00000
145.75125,0.39000,0.02353,0.97565,0.00082,0.00000
146.00125,0.39000,0.98303,0.01409,0.00287,0.00001
146.25125,0.39000,0.99874,0.00083,0.00041,0.00002
146.50125,0.39000,0.99864,0.00096,0.00024,0.00016
146.75125,0.39000,0.30330,0.69664,0.00000,0.00006
147.00125,0.39000,0.00001,0.99999,0.00000,0.00000
147.25125,0.39000,0.00721,0.99169,0.00109,0.00000
147.50125,0.39000,0.07526,0.92357,0.00117,0.00000
147.75125,0.39000,0.99244,0.00675,0.00079,0.00001
148.00125,0.39000,0.99904,0.00080,0.00014,0.00001
148.25125,0.39000,0.99899,0.00082,0.00014,0.00005
148.50125,0.39000,0.99962,0.00028,0.00005,0.00006
148.75125,0.39000,0.99951,0.00029,0.00015,0.00004
149.00125,0.39000,0.99950,0.00027,0.00015,0.00008
149.25125,0.39000,0.99953,0.00026,0.00009,0.00012
149.50125,0.39000,0.99425,0.00171,0.00008,0.00396
149.75125,0.39000,0.49693,0.50302,0.00001,0.00004
150.00125,0.39000,0.00000,1.00000,0.00000,0.00000
150.25125,0.39000,0.00086,0.99903,0.00011,0.00000
150.50125,0.39000,0.01838,0.98062,0.00100,0.00000
150.75125,0.39000,0.78834,0.20541,0.00624,0.00001
151.00125,0.39000,0.95745,0.03504,0.00737,0.00014
151.25125,0.39000,0.99596,0.00159,0.00007,0.00238
151.50125,0.39000,0.29411,0.70588,0.00001,0.00000
151.75125,0.39000,0.00000,1.00000,0.00000,0.00000
152.00125,0.39000,0.00329,0.99662,0.00010,0.00000
152.25125,0.39000,0.00919,0.98892,0.00189,0.00000
152.50125,0.39000,0.99015,0.00837,0.00147,0.00001
152.75125,0.39000,0.99946,0.00043,0.00009,0.00003
153.00125,0.39000,0.99928,0.00028,0.00010,0.00035
153.25125,0.39000,0.99892,0.00029,0.00011,0.00067
153.50125,0.39000,0.90149,0.09823,0.00018,0.00010
153.75125,0.39000,0.00003,0.99997,0.00000,0.00000
154.00125,0.39000,0.00049,0.99951,0.00000,0.00000
154.25125,0.39000,0.01520,0.98436,0.00044,0.00000
154.50125,0.39000,0.92105,0.07410,0.00483,0.00003
154.75125,0.39000,0.99890,0.00098,0.00010,0.00002
155.00125,0.39000,0.99918,0.00062,0.00004,0.00016
155.25125,0.39000,0.99547,0.00086,0.00006,0.00361
155.50125,0.39000,0.99728,0.00216,0.00009,0.00047
155.75125,0.39000,0.00052,0.99948,0.00000,0.00000
156.00125,0.39000,0.00000,1.00000,0.00000,0.00000
156.25125,0.39000,0.01402,0.98570,0.00028,0.00000
156.50125,0.39000,0.65283,0.34189,0.00513,0.00015
156.75125,0.39000,0.51666,0.47004,0.01318,0.00012
157.00125,0.39000,0.99102,0.00724,0.00155,0.00019
157.25125,0.39000,0.99964,0.00019,0.00008,0.00009
157.50125,0.39000,0.99944,0.00012,0.00014,0.00031
157.75125,0.39000,0.99940,0.00025,0.00033,0.00002
158.00125,0.39000,0.99931,0.00027,0.00041,0.00002
158.25125,0.39000,0.99954,0.00021,0.00022,0.00002
158.50125,0.39000,0.99935,0.00021,0.00017,0.00027
158.75125,0.39000,0.99914,0.00037,0.00013,0.00036
159.00125,0.39000,0.00747,0.99253,0.00000,0.00000
159.25125,0.39000,0.00000,1.00000,0.00000,0.00000
159.50125,0.39000,0.03818,0.96171,0.00011,0.00000
159.75125,0.39000,0.00637,0.98970,0.00393,0.00000
160.00125,0.39000,0.62757,0.35029,0.02214,0.00000
160.25125,0.39000,0.99791,0.00177,0.00030,0.00002
160.50125,0.39000,0.99932,0.00035,0.00006,0.00027
160.75125,0.39000,0.99831,0.00102,0.00009,0.00058
161.00125,0.39000,0.99556,0.00408,0.00031,0.00005
161.25125,0.39000,0.98524,0.01444,0.00029,0.00002
161.50125,0.39000,0.00002,0.99998,0.00000,0.00000
161.75125,0.39000,0.00001,0.99999,0.00001,0.00000
162.00125,0.39000,0.00483,0.99170,0.00347,0.00000
162.25125,0.39000,0.06712,0.74113,0.19169,0.00005
162.50125,0.39000,0.99785,0.00206,0.00007,0.00001
162.75125,0.39000,0.99969,0.00024,0.00004,0.00003
163.00125,0.39000,0.99953,0.00036,0.00009,0.00002
163.25125,0.39000,0.99955,0.00029,0.00014,0.00002
163.50125,0.39000,0.98531,0.01341,0.00123,0.00005
163.75125,0.39000,0.00004,0.99996,0.00000,0.00000
164.00125,0.39000,0.00000,1.00000,0.00000,0.00000
164.25125,0.39000,0.01325,0.98622,0.00053,0.00000
164.50125,0.39000,0.03817,0.84895,0.11280,0.00007
164.75125,0.39000,0.99542,0.00390,0.00067,0.00001
165.00125,0.39000,0.99953,0.00036,0.00010,0.00001
165.25125,0.39000,0.99959,0.00033,0.00006,0.00001
165.50125,0.39000,0.99964,0.00027,0.00007,0.00002
165.75125,0.39000,0.99939,0.00045,0.00009,0.00007
166.00125,0.39000,0.60730,0.39264,0.00002,0.00004
166.25125,0.39000,0.00000,1.00000,0.00000,0.00000
166.50125,0.39000,0.00034,0.99947,0.00019,0.00000
166.75125,0.39000,0.00383,0.99227,0.00389,0.00000
167.00125,0.39000,0.96065,0.02934,0.01001,0.00000
167.25125,0.39000,0.99892,0.00027,0.00078,0.00003
167.50125,0.39000,0.99937,0.00018,0.00036,0.00008
167.75125,0.39000,0.99886,0.00022,0.00087,0.00005
168.00125,0.39000,0.99845,0.00020,0.00133,0.00002
168.25125,0.39000,0.99856,0.00017,0.00125,0.00002
168.50125,0.39000,0.99816,0.00024,0.00159,0.00002
168.75125,0.39000,0.99889,0.00046,0.00055,0.00010
169.00125,0.39000,0.77297,0.22559,0.00015,0.00129
169.25125,0.39000,0.00015,0.99985,0.00000,0.00000
169.50125,0.39000,0.00054,0.99943,0.00003,0.00000
169.75125,0.39000,0.01198,0.98765,0.00037,0.00000
170.00125,0.39000,0.01604,0.92845,0.05551,0.00001
170.25125,0.39000,0.99201,0.00721,0.00072,0.00006
170.50125,0.39000,0.99968,0.00020,0.00010,0.00002
170.75125,0.39000,0.94817,0.00282,0.04901,0.00001
171.00125,0.39000,0.30703,0.01284,0.68011,0.00001
171.25125,0.39000,0.99124,0.00011,0.00860,0.00005
171.50125,0.39000,0.99715,0.00276,0.00009,0.00000
171.75125,0.39000,0.97547,0.02268,0.00185,0.00000
172.00125,0.39000,0.98741,0.00306,0.00909,0.00043
172.25125,0.39000,0.99983,0.00010,0.00007,0.00000
172.50125,0.39000,0.99978,0.00022,0.00000,0.00000
172.75125,0.39000,0.99986,0.00013,0.00001,0.00000
173.00125,0.39000,0.99950,0.00021,0.00030,0.00000
173.25125,0.39000,0.99939,0.00041,0.00020,0.00000
173.50125,0.39000,0.99996,0.00002,0.00002,0.00000
173.75125,0.39000,0.99997,0.00002,0.00001,0.00000
174.00125,0.39000,0.99928,0.00069,0.00003,0.00000
174.25125,0.39000,0.93530,0.06398,0.00072,0.00000
174.50125,0.39000,0.96602,0.02669,0.00728,0.00002
174.75125,0.39000,0.87624,0.12371,0.00003,0.00001
175.00125,0.39000,0.95612,0.04214,0.00123,0.00051
175.25125,0.39000,0.00000,1.00000,0.00000,0.00000
175.50125,0.39000,0.00000,1.00000,0.00000,0.00000
175.75125,0.39000,0.00439,0.99463,0.00098,0.00000
176.00125,0.39000,0.42566,0.55800,0.01633,0.00001
176.25125,0.39000,0.99242,0.00710,0.00043,0.00005
176.50125,0.39000,0.96314,0.03662,0.00018,0.00005
176.75125,0.39000,0.00013,0.99987,0.00000,0.00000
177.00125,0.39000,0.00000,1.00000,0.00000,0.00000
177.25125,0.39000,0.00427,0.99526,0.00047,0.00000
177.50125,0.39000,0.05868,0.89293,0.04834,0.00004
177.75125,0.39000,0.99109,0.00798,0.00088,0.00005
178.00125,0.39000,0.99960,0.00034,0.00003,0.00004
178.25125,0.39000,0.99963,0.00032,0.00003,0.00002
178.50125,0.39000,0.97072,0.02914,0.00011,0.00004
178.75125,0.39000,0.00003,0.99997,0.00000,0.00000
179.00125,0.39000,0.00088,0.99910,0.00002,0.00000
179.25125,0.39000,0.00456,0.99403,0.00141,0.00000
179.50125,0.39000,0.81412,0.15920,0.02668,0.00000
179.75125,0.39000,0.99776,0.00049,0.00170,0.00006
180.00125,0.39000,0.99695,0.00056,0.00247,0.00001
180.25125,0.39000,0.99861,0.00011,0.00116,0.00012
180.50125,0.39000,0.99910,0.00006,0.00063,0.00022
180.75125,0.39000,0.99912,0.00007,0.00069,0.00013
181.00125,0.39000,0.99839,0.00031,0.00027,0.00103
181.25125,0.39000,0.95372,0.00656,0.00024,0.03949
181.50125,0.39000,0.99883,0.00023,0.00013,0.00080
181.75125,0.39000,0.99937,0.00017,0.00034,0.00012
182.00125,0.39000,0.99933,0.00016,0.00032,0.00019
182.25125,0.39000,0.99685,0.00046,0.00013,0.00257
182.50125,0.39000,0.97771,0.01975,0.00181,0.00073
182.75125,0.39000,0.00010,0.99990,0.00000,0.00000
183.00125,0.39000,0.00043,0.99957,0.00000,0.00000
183.25125,0.39000,0.00706,0.99169,0.00125,0.00000
183.50125,0.39000,0.78101,0.17275,0.04620,0.00004
183.75125,0.39000,0.99788,0.00130,0.00080,0.00002
184.00125,0.39000,0.99916,0.00048,0.00033,0.00003
184.25125,0.39000,0.99929,0.00023,0.00010,0.00038
184.50125,0.39000,0.99621,0.00285,0.00067,0.00027
184.75125,0.39000,0.78819,0.20928,0.00248,0.00005
185.00125,0.39000,0.00002,0.99998,0.00000,0.00000
185.25125,0.39000,0.00327,0.99673,0.00000,0.00000
185.50125,0.39000,0.03374,0.96599,0.00027,0.00000
185.75125,0.39000,0.18521,0.77985,0.03493,0.00001
186.00125,0.39000,0.98456,0.01221,0.00285,0.00038
186.25125,0.39000,0.99743,0.00194,0.00029,0.00034
186.50125,0.39000,0.97398,0.02568,0.00013,0.00021
186.75125,0.39000,0.00001,0.99999,0.00000,0.00000
187.00125,0.39000,0.00007,0.99993,0.00000,0.00000
187.25125,0.39000,0.00241,0.99657,0.00102,0.00000
187.50125,0.39000,0.61160,0.37252,0.01587,0.00001
187.75125,0.39000,0.99907,0.00063,0.00002,0.00028
188.00125,0.39000,0.89699,0.05701,0.04586,0.00014
188.25125,0.39000,0.01432,0.98568,0.00000,0.00000
188.50125,0.39000,0.00000,1.00000,0.00000,0.00000
188.75125,0.39000,0.03342,0.96658,0.00000,0.00000
189.00125,0.39000,0.01324,0.97706,0.00969,0.00000
189.25125,0.39000,0.63374,0.32522,0.04104,0.00000
189.50125,0.39000,0.99972,0.00018,0.00007,0.00003
189.75125,0.39000,0.99929,0.00056,0.00011,0.00004
190.00125,0.39000,0.99878,0.00033,0.00012,0.00077
190.25125,0.39000,0.92440,0.07396,0.00162,0.00003
190.50125,0.39000,0.00005,0.99995,0.00000,0.00000
190.75125,0.39000,0.00000,1.00000,0.00000,0.00000
191.00125,0.39000,0.00438,0.99016,0.00545,0.00001
191.25125,0.39000,0.22721,0.74079,0.03196,0.00003
191.50125,0.39000,0.99698,0.00230,0.00070,0.00001
191.75125,0.39000,0.99906,0.00063,0.00020,0.00011
192.00125,0.39000,0.98122,0.01855,0.00020,0.00003
192.25125,0.39000,0.00007,0.99993,0.00000,0.00000
192.50125,0.39000,0.00000,1.00000,0.00000,0.00000
192.75125,0.39000,0.00355,0.98593,0.01051,0.00001
193.00125,0.39000,0.39469,0.52849,0.07174,0.00508
193.25125,0.39000,0.99621,0.00345,0.00032,0.00002
193.50125,0.39000,0.99807,0.00162,0.00025,0.00006
193.75125,0.39000,0.11435,0.88565,0.00000,0.00001
194.00125,0.39000,0.00000,1.00000,0.00000,0.00000
194.25125,0.39000,0.00013,0.99952,0.00035,0.00000
194.50125,0.39000,0.00501,0.97319,0.02178,0.00002
194.75125,0.39000,0.93609,0.05766,0.00623,0.00001
195.00125,0.39000,0.99920,0.00070,0.00009,0.00001
195.25125,0.39000,0.99907,0.00083,0.00007,0.00004
195.50125,0.39000,0.06498,0.93502,0.00000,0.00000
195.75125,0.39000,0.00000,1.00000,0.00000,0.00000
196.00125,0.39000,0.00022,0.99976,0.00002,0.00000
196.25125,0.39000,0.02549,0.96611,0.00815,0.00025
196.50125,0.39000,0.89299,0.10351,0.00345,0.00005
196.75125,0.39000,0.99868,0.00126,0.00004,0.00001
197.00125,0.39000,0.99957,0.00031,0.00003,0.00009
197.25125,0.39000,0.99932,0.00057,0.00005,0.00006
197.50125,0.39000,0.01813,0.98187,0.00000,0.00000
197.75125,0.39000,0.00000,1.00000,0.00000,0.00000
198.00125,0.39000,0.00120,0.99722,0.00158,0.00000
198.25125,0.39000,0.34981,0.63236,0.01651,0.00132
198.50125,0.39000,0.99669,0.00303,0.00016,0.00013
198.75125,0.39000,0.99945,0.00050,0.00003,0.00003
199.00125,0.39000,0.99932,0.00055,0.00005,0.00009
199.25125,0.39000,0.98996,0.00996,0.00007,0.00002
199.50125,0.39000,0.99787,0.00204,0.00005,0.00003
199.75125,0.39000,0.97452,0.01494,0.00082,0.00971
200.00125,0.39000,0.97738,0.00151,0.00012,0.02099
200.25125,0.39000,0.99421,0.00079,0.00005,0.00495
200.50125,0.39000,0.99501,0.00466,0.00026,0.00006
200.75125,0.39000,0.99141,0.00733,0.00121,0.00005
201.00125,0.39000,0.00062,0.99938,0.00000,0.00000
201.25125,0.39000,0.00000,1.00000,0.00000,0.00000
201.50125,0.39000,0.00277,0.99598,0.00124,0.00000
201.75125,0.39000,0.34241,0.64526,0.01218,0.00014
202.00125,0.39000,0.97231,0.02659,0.00108,0.00002
202.25125,0.39000,0.99789,0.00165,0.00013,0.00033
202.50125,0.39000,0.92616,0.07261,0.00114,0.00009
202.75125,0.39000,0.00009,0.99991,0.00000,0.00000
203.00125,0.39000,0.00000,1.00000,0.00000,0.00000
203.25125,0.39000,0.00497,0.99033,0.00469,0.00002
203.50125,0.39000,0.34040,0.64684,0.01274,0.00002
203.75125,0.39000,0.99486,0.00491,0.00015,0.00008
204.00125,0.39000,0.99905,0.00069,0.00003,0.00023
204.25125,0.39000,0.99464,0.00477,0.00048,0.00010
204.50125,0.39000,0.00020,0.99980,0.00000,0.00000
204.75125,0.39000,0.00000,0.99999,0.00001,0.00000
205.00125,0.39000,0.00300,0.99536,0.00164,0.00000
205.25125,0.39000,0.21981,0.71848,0.06132,0.00040
205.50125,0.39000,0.99589,0.00385,0.00025,0.00001
205.75125,0.39000,0.99837,0.00144,0.00013,0.00006
206.00125,0.39000,0.95948,0.03940,0.00107,0.00006
206.25125,0.39000,0.00000,1.00000,0.00000,0.00000
206.50125,0.39000,0.00000,0.99999,0.00001,0.00000
206.75125,0.39000,0.02278,0.95624,0.01933,0.00165
207.00125,0.39000,0.85081,0.13540,0.01222,0.00157
207.25125,0.39000,0.99920,0.00070,0.00006,0.00005
207.50125,0.39000,0.99908,0.00042,0.00007,0.00043
207.75125,0.39000,0.92992,0.06976,0.00019,0.00013
208.00125,0.39000,0.00006,0.99994,0.00000,0.00000
208.25125,0.39000,0.00007,0.99993,0.00000,0.00000
208.50125,0.39000,0.00635,0.98949,0.00416,0.00000
208.75125,0.39000,0.35189,0.63420,0.01391,0.00000
209.00125,0.39000,0.99608,0.00364,0.00024,0.00004
209.25125,0.39000,0.99950,0.00037,0.00007,0.00007
209.50125,0.39000,0.98001,0.01935,0.00062,0.00002
209.75125,0.39000,0.00035,0.99965,0.00000,0.00000
210.00125,0.39000,0.00028,0.99965,0.00007,0.00000
210.25125,0.39000,0.00281,0.99476,0.00242,0.00000
210.50125,0.39000,0.64541,0.33484,0.01932,0.00043
210.75125,0.39000,0.99778,0.00186,0.00025,0.00010
211.00125,0.39000,0.99355,0.00613,0.00021,0.00010
211.25125,0.39000,0.00004,0.99996,0.00000,0.00000
211.50125,0.39000,0.00000,1.00000,0.00000,0.00000
211.75125,0.39000,0.00336,0.99510,0.00154,0.00000
212.00125,0.39000,0.28764,0.68945,0.02290,0.00002
212.25125,0.39000,0.99602,0.00366,0.00027,0.00004
212.50125,0.39000,0.99959,0.00032,0.00004,0.00005
212.75125,0.39000,0.97031,0.02910,0.00042,0.00018
213.00125,0.39000,0.00014,0.99986,0.00000,0.00000
213.25125,0.39000,0.00000,1.00000,0.00000,0.00000
213.50125,0.39000,0.00393,0.99423,0.00184,0.00000
213.75125,0.39000,0.07555,0.88952,0.03488,0.00005
214.00125,0.39000,0.96960,0.02936,0.00097,0.00007
214.25125,0.39000,0.99939,0.00056,0.00002,0.00003
214.50125,0.39000,0.99907,0.00072,0.00008,0.00014
214.75125,0.39000,0.31705,0.68295,0.00000,0.00000
215.00125,0.39000,0.00000,1.00000,0.00000,0.00000
215.25125,0.39000,0.00092,0.99907,0.00001,0.00000
215.50125,0.39000,0.00564,0.97897,0.01536,0.00003
215.75125,0.39000,0.95552,0.04066,0.00352,0.00030
216.00125,0.39000,0.90380,0.08546,0.01064,0.00010
216.25125,0.39000,0.99012,0.00885,0.00047,0.00056
216.50125,0.39000,0.00013,0.99987,0.00000,0.00000
216.75125,0.39000,0.00000,0.99999,0.00001,0.00000
217.00125,0.39000,0.00635,0.99194,0.00171,0.00001
217.25125,0.39000,0.24151,0.73718,0.02130,0.00001
217.50125,0.39000,0.99837,0.00155,0.00005,0.00003
217.75125,0.39000,0.99958,0.00036,0.00001,0.00005
218.00125,0.39000,0.99922,0.00047,0.00002,0.00029
218.25125,0.39000,0.99927,0.00047,0.00006,0.00021
218.50125,0.39000,0.11638,0.88362,0.00000,0.00000
218.75125,0.39000,0.00001,0.99999,0.00000,0.00000
219.00125,0.39000,0.00298,0.99223,0.00480,0.00000
219.25125,0.39000,0.02471,0.97094,0.00435,0.00000
219.50125,0.39000,0.56553,0.41347,0.02006,0.00094
219.75125,0.39000,0.99303,0.00661,0.00028,0.00007
220.00125,0.39000,0.99488,0.00458,0.00045,0.00008
220.25125,0.39000,0.00360,0.99639,0.00000,0.00000
220.50125,0.39000,0.00000,1.00000,0.00000,0.00000
220.75125,0.39000,0.00162,0.99551,0.00287,0.00000
221.00125,0.39000,0.02533,0.91625,0.05840,0.00003
221.25125,0.39000,0.95878,0.04003,0.00115,0.00004
221.50125,0.39000,0.98475,0.01411,0.00104,0.00010
221.75125,0.39000,0.97798,0.02135,0.00059,0.00008
222.00125,0.39000,0.00003,0.99997,0.00000,0.00000
222.25125,0.39000,0.00000,1.00000,0.00000,0.00000
222.50125,0.39000,0.01395,0.98500,0.00102,0.00003
222.75125,0.39000,0.68834,0.28592,0.02365,0.00209
223.00125,0.39000,0.99320,0.00663,0.00016,0.00002
223.25125,0.39000,0.99868,0.00105,0.00001,0.00027
223.50125,0.39000,0.42365,0.57626,0.00007,0.00001
223.75125,0.39000,0.00006,0.99994,0.00000,0.00000
224.00125,0.39000,0.00003,0.99997,0.00000,0.00000
224.25125,0.39000,0.03024,0.95421,0.01513,0.00042
224.50125,0.39000,0.96615,0.02616,0.00718,0.00051
224.75125,0.39000,0.97619,0.01046,0.01332,0.00003
225.00125,0.39000,0.99511,0.00180,0.00299,0.00010
225.25125,0.39000,0.99701,0.00086,0.00213,0.00000
225.50125,0.39000,0.99001,0.00122,0.00867,0.00010
225.75125,0.39000,0.99890,0.00012,0.00075,0.00023
226.00125,0.39000,0.99862,0.00005,0.00122,0.00010
226.25125,0.39000,0.99884,0.00009,0.00085,0.00022
226.50125,0.39000,0.99730,0.00011,0.00058,0.00200
226.75125,0.39000,0.99890,0.00010,0.00091,0.00008
227.00125,0.39000,0.99833,0.00033,0.00133,0.00000
227.25125,0.39000,0.99705,0.00042,0.00253,0.00000
227.50125,0.39000,0.99894,0.00004,0.00099,0.00003
227.75125,0.39000,0.99910,0.00009,0.00079,0.00002
228.00125,0.39000,0.99684,0.00047,0.00247,0.00021
228.25125,0.39000,0.99727,0.00118,0.00038,0.00117
228.50125,0.39000,0.43776,0.55956,0.00122,0.00146
228.75125,0.39000,0.00011,0.99989,0.00000,0.00000
229.00125,0.39000,0.00120,0.99880,0.00001,0.00000
229.25125,0.39000,0.09226,0.90511,0.00261,0.00002
229.50125,0.39000,0.16665,0.80155,0.03180,0.00000
229.75125,0.39000,0.99027,0.00896,0.00075,0.00003
230.00125,0.39000,0.99934,0.00052,0.00001,0.00013
230.25125,0.39000,0.98907,0.00992,0.00014,0.00088
230.50125,0.39000,0.00656,0.99344,0.00000,0.00000
230.75125,0.39000,0.00000,1.00000,0.00000,0.00000
231.00125,0.39000,0.00607,0.99215,0.00178,0.00000
231.25125,0.39000,0.01697,0.94589,0.03712,0.00002
231.50125,0.39000,0.98138,0.01750,0.00081,0.00031
231.75125,0.39000,0.99423,0.00536,0.00034,0.00007
232.00125,0.39000,0.99757,0.00223,0.00011,0.00009
232.25125,0.39000,0.00210,0.99790,0.00000,0.00000
232.50125,0.39000,0.00000,1.00000,0.00000,0.00000
232.75125,0.39000,0.00434,0.99539,0.00027,0.00000
233.00125,0.39000,0.01935,0.93443,0.04615,0.00007
233.25125,0.39000,0.98031,0.01828,0.00134,0.00007
233.50125,0.39000,0.99943,0.00039,0.00008,0.00010
233.75125,0.39000,0.99678,0.00265,0.00048,0.00009
234.00125,0.39000,0.00211,0.99789,0.00000,0.00000
234.25125,0.39000,0.00000,1.00000,0.00000,0.00000
234.50125,0.39000,0.00630,0.99362,0.00008,0.00000
234.75125,0.39000,0.05401,0.86001,0.08590,0.00008
235.00125,0.39000,0.98351,0.01543,0.00105,0.00001
235.25125,0.39000,0.99909,0.00078,0.00005,0.00007
235.50125,0.39000,0.99589,0.00385,0.00006,0.00020
235.75125,0.39000,0.00006,0.99994,0.00000,0.00000
236.00125,0.39000,0.00003,0.99997,0.00000,0.00000
236.25125,0.39000,0.00104,0.99723,0.00172,0.00000
236.50125,0.39000,0.33482,0.64548,0.01962,0.00008
236.75125,0.39000,0.99932,0.00054,0.00003,0.00011
237.00125,0.39000,0.99824,0.00148,0.00026,0.00002
237.25125,0.39000,0.99799,0.00162,0.00037,0.00002
237.50125,0.39000,0.80161,0.19825,0.00013,0.00001
237.75125,0.39000,0.00000,1.00000,0.00000,0.00000
238.00125,0.39000,0.00012,0.99988,0.00000,0.00000
238.25125,0.39000,0.00879,0.97606,0.01470,0.00045
238.50125,0.39000,0.95504,0.03722,0.00729,0.00044
238.75125,0.39000,0.99934,0.00058,0.00007,0.00002
239.00125,0.39000,0.99947,0.00048,0.00004,0.00001
239.25125,0.39000,0.99875,0.00103,0.00019,0.00004
239.50125,0.39000,0.00062,0.99938,0.00000,0.00000
239.75125,0.39000,0.00000,1.00000,0.00000,0.00000
240.00125,0.39000,0.00274,0.99703,0.00023,0.00000
240.25125,0.39000,0.11392,0.86273,0.02332,0.00003
240.50125,0.39000,0.99778,0.00209,0.00009,0.00005
240.75125,0.39000,0.99935,0.00057,0.00005,0.00003
241.00125,0.39000,0.97272,0.02697,0.00023,0.00007
241.25125,0.39000,0.00005,0.99995,0.00000,0.00000
241.50125,0.39000,0.00007,0.99993,0.00001,0.00000
241.75125,0.39000,0.00274,0.99455,0.00269,0.00001
242.00125,0.39000,0.16096,0.81225,0.02677,0.00002
242.25125,0.39000,0.99877,0.00114,0.00006,0.00002
242.50125,0.39000,0.99934,0.00052,0.00006,0.00008
242.75125,0.39000,0.77173,0.22821,0.00006,0.00001
243.00125,0.39000,0.00000,1.00000,0.00000,0.00000
243.25125,0.39000,0.00059,0.99941,0.00000,0.00000
243.50125,0.39000,0.00733,0.99192,0.00075,0.00001
243.75125,0.39000,0.91468,0.07715,0.00760,0.00058
244.00125,0.39000,0.99504,0.00451,0.00043,0.00002
244.25125,0.39000,0.99809,0.00164,0.00025,0.00002
244.50125,0.39000,0.70211,0.26537,0.03252,0.00001
244.75125,0.39000,0.00001,0.99999,0.00000,0.00000
245.00125,0.39000,0.00000,1.00000,0.00000,0.00000
245.25125,0.39000,0.00580,0.99268,0.00149,0.00003
245.50125,0.39000,0.45355,0.47039,0.07597,0.00010
245.75125,0.39000,0.99448,0.00437,0.00115,0.00000
246.00125,0.39000,0.99766,0.00141,0.00010,0.00083
246.25125,0.39000,0.73122,0.26839,0.00013,0.00026
246.50125,0.39000,0.00004,0.99996,0.00000,0.00000
246.75125,0.39000,0.00002,0.99998,0.00000,0.00000
247.00125,0.39000,0.00388,0.99392,0.00220,0.00000
247.25125,0.39000,0.65067,0.34170,0.00761,0.00001
247.50125,0.39000,0.99767,0.00188,0.00043,0.00002
247.75125,0.39000,0.99939,0.00031,0.00023,0.00006
248.00125,0.39000,0.99876,0.00023,0.00091,0.00010
248.25125,0.39000,0.99921,0.00026,0.00049,0.00004
248.50125,0.39000,0.99920,0.00013,0.00025,0.00042
248.75125,0.39000,0.99915,0.00029,0.00015,0.00041
249.00125,0.39000,0.95200,0.00344,0.00007,0.04450
249.25125,0.39000,0.71775,0.28037,0.00166,0.00022
249.50125,0.39000,0.00638,0.99362,0.00000,0.00000
249.75125,0.39000,0.00000,1.00000,0.00000,0.00000
250.00125,0.39000,0.00370,0.99607,0.00022,0.00000
250.25125,0.39000,0.00284,0.99467,0.00249,0.00000
250.50125,0.39000,0.87086,0.11894,0.01018,0.00001
250.75125,0.39000,0.99614,0.00362,0.00024,0.00001
251.00125,0.39000,0.99936,0.00054,0.00004,0.00005
251.25125,0.39000,0.60915,0.39082,0.00001,0.00002
251.50125,0.39000,0.00004,0.99996,0.00000,0.00000
251.75125,0.39000,0.00057,0.99941,0.00002,0.00000
252.00125,0.39000,0.00680,0.98477,0.00836,0.00007
252.25125,0.39000,0.96054,0.03113,0.00734,0.00099
252.50125,0.39000,0.99664,0.00310,0.00026,0.00000
252.75125,0.39000,0.99960,0.00037,0.00001,0.00001
253.00125,0.39000,0.96817,0.03164,0.00016,0.00003
253.25125,0.39000,0.00012,0.99988,0.00000,0.00000
253.50125,0.39000,0.00000,0.99999,0.00000,0.00000
253.75125,0.39000,0.01971,0.97967,0.00062,0.00000
254.00125,0.39000,0.13060,0.85080,0.01859,0.00000
254.25125,0.39000,0.85670,0.14205,0.00123,0.00002
254.50125,0.39000,0.99705,0.00276,0.00014,0.00004
254.75125,0.39000,0.99741,0.00221,0.00036,0.00003
255.00125,0.39000,0.02903,0.97097,0.00000,0.00000
255.25125,0.39000,0.00000,1.00000,0.00000,0.00000
255.50125,0.39000,0.00048,0.99935,0.00017,0.00000
255.75125,0.38998,0.03815,0.94929,0.01255,0.00001
256.00125,0.38998,0.98564,0.01200,0.00233,0.00003
256.25125,0.38998,0.99922,0.00073,0.00003,0.00003
256.50125,0.38998,0.99922,0.00049,0.00001,0.00027
256.75125,0.38998,0.99882,0.00100,0.00004,0.00014
257.00125,0.38998,0.92122,0.07857,0.00001,0.00020
257.25125,0.38998,0.00002,0.99998,0.00000,0.00000
257.50125,0.38998,0.00034,0.99965,0.00000,0.00000
257.75125,0.38998,0.00993,0.98640,0.00366,0.00001
258.00125,0.38998,0.86842,0.12952,0.00205,0.00001
258.25125,0.38998,0.98218,0.01737,0.00044,0.00001
258.50125,0.38998,0.99888,0.00079,0.00002,0.00031
258.75125,0.38998,0.99809,0.00151,0.00013,0.00026
259.00125,0.38998,0.55787,0.44197,0.00006,0.00011
259.25125,0.38998,0.00001,0.99999,0.00000,0.00000
259.50125,0.38998,0.00036,0.99963,0.00000,0.00000
259.75125,0.38998,0.00509,0.99376,0.00116,0.00000
260.00125,0.38998,0.94520,0.05430,0.00050,0.00000
260.25125,0.38998,0.99827,0.00090,0.00074,0.00008
260.50125,0.38998,0.99943,0.00038,0.00001,0.00017
260.75125,0.38998,0.96521,0.00282,0.00004,0.03193
261.00125,0.38998,0.45486,0.54509,0.00005,0.00000
261.25125,0.38998,0.00006,0.99994,0.00000,0.00000
261.50125,0.38998,0.00015,0.99984,0.00001,0.00000
261.75125,0.38998,0.00775,0.96578,0.02647,0.00000
262.00125,0.38998,0.87340,0.12509,0.00150,0.00001
262.25125,0.38998,0.99672,0.00263,0.00050,0.00014
262.50125,0.38998,0.99933,0.00056,0.00006,0.00005
262.75125,0.38998,0.99639,0.00269,0.00083,0.00008
263.00125,0.38998,0.00603,0.99397,0.00000,0.00000
263.25125,0.38998,0.00000,1.00000,0.00000,0.00000
263.50125,0.38998,0.00083,0.99915,0.00002,0.00000
263.75125,0.38998,0.03025,0.81705,0.15166,0.00104
264.00125,0.38998,0.97126,0.01789,0.01046,0.00039
264.25125,0.38998,0.99761,0.00218,0.00017,0.00004
264.50125,0.38998,0.89880,0.10114,0.00001,0.00004
264.75125,0.38998,0.00011,0.99989,0.00000,0.00000
265.00125,0.38998,0.00076,0.99923,0.00001,0.00000
265.25125,0.38998,0.02099,0.97471,0.00430,0.00000
265.50125,0.38998,0.15155,0.00825,0.83993,0.00026
265.75125,0.38998,0.45248,0.02950,0.51798,0.00003
266.00125,0.38998,0.92789,0.03517,0.03690,0.00004
266.25125,0.38998,0.99993,0.00000,0.00007,0.00000
266.50125,0.38998,0.99995,0.00004,0.00000,0.00000
266.75125,0.38998,0.99971,0.00026,0.00003,0.00000
267.00125,0.38998,0.99973,0.00021,0.00007,0.00000
