Time (seconds), Duration (seconds),pred_(unlabeled),pred_Jab_R,pred_Sidehook_R,pred_Uppercut_R
0.00125,0.99750,0.99789,0.00000,0.00000,0.00211
0.10125,0.99750,0.99839,0.00000,0.00000,0.00161
0.20125,0.99750,0.99882,0.00000,0.00000,0.00118
0.30125,0.99750,0.99930,0.00000,0.00000,0.00070
0.40125,0.99750,0.99941,0.00000,0.00000,0.00059
0.50125,0.99750,0.99874,0.00000,0.00000,0.00125
0.60125,0.99750,0.99645,0.00001,0.00000,0.00354
0.70125,0.99750,0.99535,0.00002,0.00000,0.00464
0.80125,0.99750,0.99477,0.00002,0.00000,0.00520
0.90125,0.99750,0.99773,0.00001,0.00000,0.00226
1.00125,0.99750,0.99932,0.00000,0.00000,0.00068
1.10125,0.99750,0.99976,0.00000,0.00000,0.00024
1.20125,0.99750,0.99984,0.00000,0.00000,0.00016
1.30125,0.99750,0.99993,0.00000,0.00000,0.00007
1.40125,0.99750,0.99997,0.00000,0.00000,0.00003
1.50125,0.99750,0.99999,0.00000,0.00000,0.00001
1.60125,0.99750,1.00000,0.00000,0.00000,0.00000
1.70125,0.99750,1.00000,0.00000,0.00000,0.00000
1.80125,0.99750,1.00000,0.00000,0.00000,0.00000
1.90125,0.99750,1.00000,0.00000,0.00000,0.00000
2.00125,0.99750,0.99999,0.00000,0.00000,0.00001
2.10125,0.99750,1.00000,0.00000,0.00000,0.00000
2.20125,0.99750,0.99999,0.00000,0.00000,0.00001
2.30125,0.99750,0.99999,0.00000,0.00000,0.00001
2.40125,0.99750,0.99998,0.00000,0.00000,0.00002
2.50125,0.99750,0.99997,0.00000,0.00000,0.00003
2.60125,0.99750,0.99996,0.00000,0.00000,0.00004
2.70125,0.99750,0.99994,0.00000,0.00000,0.00006
2.80125,0.99750,0.99986,0.00000,0.00000,0.00014
2.90125,0.99750,0.99972,0.00000,0.00000,0.00028
3.00125,0.99750,0.99961,0.00000,0.00000,0.00039
3.10125,0.99750,0.99954,0.00000,0.00000,0.00046
3.20125,0.99750,0.99963,0.00000,0.00000,0.00037
3.30125,0.99750,0.99979,0.00000,0.00000,0.00021
3.40125,0.99750,0.99989,0.00000,0.00000,0.00011
3.50125,0.99750,0.99995,0.00000,0.00000,0.00005
3.60125,0.99750,0.99998,0.00000,0.00000,0.00002
3.70125,0.99750,0.99999,0.00000,0.00000,0.00001
3.80125,0.99750,1.00000,0.00000,0.00000,0.00000
3.90125,0.99750,1.00000,0.00000,0.00000,0.00000
4.00125,0.99750,1.00000,0.00000,0.00000,0.00000
4.10125,0.99750,1.00000,0.00000,0.00000,0.00000
4.20125,0.99750,1.00000,0.00000,0.00000,0.00000
4.30125,0.99750,1.00000,0.00000,0.00000,0.00000
4.40125,0.99750,1.00000,0.00000,0.00000,0.00000
4.50125,0.99750,1.00000,0.00000,0.00000,0.00000
4.60125,0.99750,1.00000,0.00000,0.00000,0.00000
4.70125,0.99750,1.00000,0.00000,0.00000,0.00000
4.80125,0.99750,1.00000,0.00000,0.00000,0.00000
4.90125,0.99750,1.00000,0.00000,0.00000,0.00000
5.00125,0.99750,1.00000,0.00000,0.00000,0.00000
5.10125,0.99750,1.00000,0.00000,0.00000,0.00000
5.20125,0.99750,1.00000,0.00000,0.00000,0.00000
5.30125,0.99750,1.00000,0.00000,0.00000,0.00000
5.40125,0.99750,1.00000,0.00000,0.00000,0.00000
5.50125,0.99750,1.00000,0.00000,0.00000,0.00000
5.60125,0.99750,1.00000,0.00000,0.00000,0.00000
5.70125,0.99750,1.00000,0.00000,0.00000,0.00000
5.80125,0.99750,1.00000,0.00000,0.00000,0.00000
5.90125,0.99750,1.00000,0.00000,0.00000,0.00000
6.00125,0.99750,1.00000,0.00000,0.00000,0.00000
6.10125,0.99750,1.00000,0.00000,0.00000,0.00000
6.20125,0.99750,1.00000,0.00000,0.00000,0.00000
6.30125,0.99750,1.00000,0.00000,0.00000,0.00000
6.40125,0.99750,1.00000,0.00000,0.00000,0.00000
6.50125,0.99750,1.00000,0.00000,0.00000,0.00000
6.60125,0.99750,1.00000,0.00000,0.00000,0.00000
6.70125,0.99750,1.00000,0.00000,0.00000,0.00000
6.80125,0.99750,1.00000,0.00000,0.00000,0.00000
6.90125,0.99750,1.00000,0.00000,0.00000,0.00000
7.00125,0.99750,1.00000,0.00000,0.00000,0.00000
7.10125,0.99750,1.00000,0.00000,0.00000,0.00000
7.20125,0.99750,1.00000,0.00000,0.00000,0.00000
7.30125,0.99750,1.00000,0.00000,0.00000,0.00000
7.40125,0.99750,1.00000,0.00000,0.00000,0.00000
7.50125,0.99750,1.00000,0.00000,0.00000,0.00000
7.60125,0.99750,1.00000,0.00000,0.00000,0.00000
7.70125,0.99750,1.00000,0.00000,0.00000,0.00000
7.80125,0.99750,1.00000,0.00000,0.00000,0.00000
7.90125,0.99750,1.00000,0.00000,0.00000,0.00000
8.00125,0.99750,0.99999,0.00000,0.00000,0.00001
8.10125,0.99750,0.99996,0.00000,0.00000,0.00004
8.20125,0.99750,0.99995,0.00000,0.00000,0.00005
8.30125,0.99750,0.99997,0.00001,0.00000,0.00002
8.40125,0.99750,0.99975,0.00023,0.00000,0.00002
8.50125,0.99750,0.99546,0.00449,0.00000,0.00005
8.60125,0.99750,0.61955,0.38020,0.00005,0.00020
8.70125,0.99750,0.52207,0.47774,0.00006,0.00013
8.80125,0.99750,0.96390,0.03605,0.00001,0.00004
8.90125,0.99750,0.99938,0.00062,0.00000,0.00001
9.00125,0.99750,0.99998,0.00002,0.00000,0.00000
9.10125,0.99750,1.00000,0.00000,0.00000,0.00000
9.20125,0.99750,1.00000,0.00000,0.00000,0.00000
9.30125,0.99750,1.00000,0.00000,0.00000,0.00000
9.40125,0.99750,1.00000,0.00000,0.00000,0.00000
9.50125,0.99750,1.00000,0.00000,0.00000,0.00000
9.60125,0.99750,1.00000,0.00000,0.00000,0.00000
9.70125,0.99750,1.00000,0.00000,0.00000,0.00000
9.80125,0.99750,1.00000,0.00000,0.00000,0.00000
9.90125,0.99750,1.00000,0.00000,0.00000,0.00000
10.00125,0.99750,1.00000,0.00000,0.00000,0.00000
10.10125,0.99750,1.00000,0.00000,0.00000,0.00000
10.20125,0.99750,0.99999,0.00000,0.00000,0.00001
10.30125,0.99750,0.99994,0.00000,0.00000,0.00006
10.40125,0.99750,0.99907,0.00000,0.00000,0.00093
10.50125,0.99750,0.99980,0.00000,0.00003,0.00017
10.60125,0.99750,0.99854,0.00006,0.00135,0.00005
10.70125,0.99750,0.93434,0.00170,0.06394,0.00002
10.80125,0.99750,0.49583,0.00517,0.49900,0.00000
10.90125,0.99750,0.16493,0.00207,0.83300,0.00000
11.00125,0.99750,0.31039,0.00039,0.68922,0.00000
11.10125,0.99750,0.33029,0.00026,0.66945,0.00000
11.20125,0.99750,0.83778,0.00022,0.16200,0.00000
11.30125,0.99750,0.98114,0.00464,0.01422,0.00000
11.40125,0.99750,0.99690,0.00121,0.00188,0.00000
11.50125,0.99750,0.99981,0.00012,0.00007,0.00000
11.60125,0.99750,0.99998,0.00001,0.00000,0.00001
11.70125,0.99750,0.99998,0.00000,0.00000,0.00002
11.80125,0.99750,0.99998,0.00000,0.00000,0.00002
11.90125,0.99750,1.00000,0.00000,0.00000,0.00000
12.00125,0.99750,1.00000,0.00000,0.00000,0.00000
12.10125,0.99750,1.00000,0.00000,0.00000,0.00000
12.20125,0.99750,1.00000,0.00000,0.00000,0.00000
12.30125,0.99750,1.00000,0.00000,0.00000,0.00000
12.40125,0.99750,0.99999,0.00000,0.00000,0.00001
12.50125,0.99750,0.99994,0.00000,0.00000,0.00006
12.60125,0.99750,0.99955,0.00000,0.00000,0.00045
12.70125,0.99750,0.99714,0.00000,0.00000,0.00286
12.80125,0.99750,0.97788,0.00000,0.00000,0.02212
12.90125,0.99750,0.84297,0.00000,0.00000,0.15703
13.00125,0.99750,0.45303,0.00000,0.00000,0.54697
13.10125,0.99750,0.11094,0.00000,0.00001,0.88905
13.20125,0.99750,0.64197,0.00000,0.00001,0.35802
13.30125,0.99750,0.94719,0.00000,0.00000,0.05281
13.40125,0.99750,0.98999,0.00000,0.00000,0.01001
13.50125,0.99750,0.99737,0.00000,0.00000,0.00262
13.60125,0.99750,0.99911,0.00000,0.00000,0.00089
13.70125,0.99750,0.99994,0.00000,0.00000,0.00006
13.80125,0.99750,0.99998,0.00000,0.00000,0.00002
13.90125,0.99750,1.00000,0.00000,0.00000,0.00000
14.00125,0.99750,1.00000,0.00000,0.00000,0.00000
14.10125,0.99750,1.00000,0.00000,0.00000,0.00000
14.20125,0.99750,1.00000,0.00000,0.00000,0.00000
14.30125,0.99750,1.00000,0.00000,0.00000,0.00000
14.40125,0.99750,1.00000,0.00000,0.00000,0.00000
14.50125,0.99750,1.00000,0.00000,0.00000,0.00000
14.60125,0.99750,1.00000,0.00000,0.00000,0.00000
14.70125,0.99750,1.00000,0.00000,0.00000,0.00000
14.80125,0.99750,1.00000,0.00000,0.00000,0.00000
14.90125,0.99750,1.00000,0.00000,0.00000,0.00000
15.00125,0.99750,1.00000,0.00000,0.00000,0.00000
15.10125,0.99750,1.00000,0.00000,0.00000,0.00000
15.20125,0.99750,0.99997,0.00003,0.00000,0.00000
15.30125,0.99750,0.99938,0.00061,0.00000,0.00000
15.40125,0.99750,0.96396,0.03602,0.00000,0.00001
15.50125,0.99750,0.69961,0.30035,0.00003,0.00001
15.60125,0.99750,0.69641,0.30356,0.00003,0.00000
15.70125,0.99750,0.98692,0.01308,0.00000,0.00000
15.80125,0.99750,0.99972,0.00028,0.00000,0.00000
15.90125,0.99750,0.99999,0.00001,0.00000,0.00000
16.00125,0.99750,1.00000,0.00000,0.00000,0.00000
16.10125,0.99750,1.00000,0.00000,0.00000,0.00000
16.20125,0.99750,1.00000,0.00000,0.00000,0.00000
16.30125,0.99750,1.00000,0.00000,0.00000,0.00000
16.40125,0.99750,1.00000,0.00000,0.00000,0.00000
16.50125,0.99750,1.00000,0.00000,0.00000,0.00000
16.60125,0.99750,1.00000,0.00000,0.00000,0.00000
16.70125,0.99750,1.00000,0.00000,0.00000,0.00000
16.80125,0.99750,1.00000,0.00000,0.00000,0.00000
16.90125,0.99750,1.00000,0.00000,0.00000,0.00000
17.00125,0.99750,1.00000,0.00000,0.00000,0.00000
17.10125,0.99750,1.00000,0.00000,0.00000,0.00000
17.20125,0.99750,1.00000,0.00000,0.00000,0.00000
17.30125,0.99750,0.99997,0.00000,0.00000,0.00003
17.40125,0.99750,0.99997,0.00000,0.00000,0.00003
17.50125,0.99750,0.99977,0.00000,0.00020,0.00002
17.60125,0.99750,0.99473,0.00003,0.00523,0.00002
17.70125,0.99750,0.92436,0.00017,0.07543,0.00004
17.80125,0.99750,0.32740,0.00019,0.67235,0.00006
17.90125,0.99750,0.34635,0.00002,0.65360,0.00002
18.00125,0.99750,0.47637,0.00001,0.52359,0.00004
18.10125,0.99750,0.63652,0.00000,0.36339,0.00010
18.20125,0.99750,0.85826,0.00002,0.14144,0.00028
18.30125,0.99750,0.99698,0.00002,0.00297,0.00004
18.40125,0.99750,0.99976,0.00000,0.00018,0.00005
18.50125,0.99750,0.99990,0.00000,0.00001,0.00009
18.60125,0.99750,0.99993,0.00000,0.00000,0.00007
18.70125,0.99750,0.99998,0.00000,0.00000,0.00002
18.80125,0.99750,1.00000,0.00000,0.00000,0.00000
18.90125,0.99750,1.00000,0.00000,0.00000,0.00000
19.00125,0.99750,1.00000,0.00000,0.00000,0.00000
19.10125,0.99750,1.00000,0.00000,0.00000,0.00000
19.20125,0.99750,1.00000,0.00000,0.00000,0.00000
19.30125,0.99750,0.99999,0.00000,0.00000,0.00001
19.40125,0.99750,0.99988,0.00000,0.00000,0.00012
19.50125,0.99750,0.99916,0.00000,0.00000,0.00084
19.60125,0.99750,0.98783,0.00000,0.00000,0.01217
19.70125,0.99750,0.94988,0.00000,0.00000,0.05012
19.80125,0.99750,0.64755,0.00000,0.00000,0.35245
19.90125,0.99750,0.27035,0.00000,0.00000,0.72965
20.00125,0.99750,0.69081,0.00000,0.00000,0.30919
20.10125,0.99750,0.96607,0.00000,0.00000,0.03393
20.20125,0.99750,0.97727,0.00000,0.00000,0.02273
20.30125,0.99750,0.97465,0.00000,0.00000,0.02534
20.40125,0.99750,0.99810,0.00000,0.00000,0.00190
20.50125,0.99750,0.99970,0.00000,0.00000,0.00030
20.60125,0.99750,0.99996,0.00000,0.00000,0.00004
20.70125,0.99750,0.99999,0.00000,0.00000,0.00001
20.80125,0.99750,1.00000,0.00000,0.00000,0.00000
20.90125,0.99750,1.00000,0.00000,0.00000,0.00000
21.00125,0.99750,1.00000,0.00000,0.00000,0.00000
21.10125,0.99750,1.00000,0.00000,0.00000,0.00000
21.20125,0.99750,1.00000,0.00000,0.00000,0.00000
21.30125,0.99750,1.00000,0.00000,0.00000,0.00000
21.40125,0.99750,1.00000,0.00000,0.00000,0.00000
21.50125,0.99750,1.00000,0.00000,0.00000,0.00000
21.60125,0.99750,1.00000,0.00000,0.00000,0.00000
21.70125,0.99750,1.00000,0.00000,0.00000,0.00000
21.80125,0.99750,1.00000,0.00000,0.00000,0.00000
21.90125,0.99750,1.00000,0.00000,0.00000,0.00000
22.00125,0.99750,1.00000,0.00000,0.00000,0.00000
22.10125,0.99750,1.00000,0.00000,0.00000,0.00000
22.20125,0.99750,1.00000,0.00000,0.00000,0.00000
22.30125,0.99750,1.00000,0.00000,0.00000,0.00000
22.40125,0.99750,1.00000,0.00000,0.00000,0.00000
22.50125,0.99750,1.00000,0.00000,0.00000,0.00000
22.60125,0.99750,1.00000,0.00000,0.00000,0.00000
22.70125,0.99750,1.00000,0.00000,0.00000,0.00000
22.80125,0.99750,1.00000,0.00000,0.00000,0.00000
22.90125,0.99750,0.99999,0.00000,0.00000,0.00001
23.00125,0.99750,0.99998,0.00002,0.00000,0.00000
23.10125,0.99750,0.99987,0.00013,0.00000,0.00000
23.20125,0.99750,0.99812,0.00188,0.00000,0.00000
23.30125,0.99750,0.96362,0.03636,0.00001,0.00000
23.40125,0.99750,0.55729,0.44262,0.00008,0.00000
23.50125,0.99750,0.51874,0.48117,0.00009,0.00000
23.60125,0.99750,0.93443,0.06556,0.00002,0.00000
23.70125,0.99750,0.99234,0.00766,0.00000,0.00000
23.80125,0.99750,0.99975,0.00025,0.00000,0.00000
23.90125,0.99750,0.99998,0.00002,0.00000,0.00000
24.00125,0.99750,1.00000,0.00000,0.00000,0.00000
24.10125,0.99750,1.00000,0.00000,0.00000,0.00000
24.20125,0.99750,1.00000,0.00000,0.00000,0.00000
24.30125,0.99750,1.00000,0.00000,0.00000,0.00000
24.40125,0.99750,1.00000,0.00000,0.00000,0.00000
24.50125,0.99750,1.00000,0.00000,0.00000,0.00000
24.60125,0.99750,1.00000,0.00000,0.00000,0.00000
24.70125,0.99750,0.99999,0.00000,0.00000,0.00001
24.80125,0.99750,0.99999,0.00000,0.00000,0.00001
24.90125,0.99750,0.99999,0.00000,0.00001,0.00000
25.00125,0.99750,0.99981,0.00000,0.00019,0.00001
25.10125,0.99750,0.99364,0.00000,0.00632,0.00004
25.20125,0.99750,0.82980,0.00000,0.17004,0.00016
25.30125,0.99750,0.27109,0.00000,0.72874,0.00017
25.40125,0.99750,0.38776,0.00000,0.61210,0.00014
25.50125,0.99750,0.81976,0.00000,0.18013,0.00011
25.60125,0.99750,0.99354,0.00000,0.00640,0.00005
25.70125,0.99750,0.99976,0.00000,0.00023,0.00001
25.80125,0.99750,0.99998,0.00000,0.00001,0.00001
25.90125,0.99750,0.99996,0.00000,0.00000,0.00004
26.00125,0.99750,0.99998,0.00000,0.00000,0.00002
26.10125,0.99750,1.00000,0.00000,0.00000,0.00000
26.20125,0.99750,1.00000,0.00000,0.00000,0.00000
26.30125,0.99750,1.00000,0.00000,0.00000,0.00000
26.40125,0.99750,0.99999,0.00000,0.00000,0.00001
26.50125,0.99750,0.99992,0.00000,0.00000,0.00008
26.60125,0.99750,0.99962,0.00000,0.00000,0.00038
26.70125,0.99750,0.99754,0.00000,0.00000,0.00246
26.80125,0.99750,0.96714,0.00000,0.00000,0.03285
26.90125,0.99750,0.93850,0.00000,0.00000,0.06150
27.00125,0.99750,0.95300,0.00000,0.00000,0.04700
27.10125,0.99750,0.97509,0.00000,0.00000,0.02491
27.20125,0.99750,0.99845,0.00000,0.00000,0.00155
27.30125,0.99750,0.99973,0.00000,0.00000,0.00027
27.40125,0.99750,0.99996,0.00000,0.00000,0.00004
27.50125,0.99750,0.99999,0.00000,0.00000,0.00001
27.60125,0.99750,1.00000,0.00000,0.00000,0.00000
27.70125,0.99750,1.00000,0.00000,0.00000,0.00000
27.80125,0.99750,1.00000,0.00000,0.00000,0.00000
27.90125,0.99750,1.00000,0.00000,0.00000,0.00000
28.00125,0.99750,1.00000,0.00000,0.00000,0.00000
28.10125,0.99750,1.00000,0.00000,0.00000,0.00000
28.20125,0.99750,1.00000,0.00000,0.00000,0.00000
28.30125,0.99750,1.00000,0.00000,0.00000,0.00000
28.40125,0.99750,1.00000,0.00000,0.00000,0.00000
28.50125,0.99750,1.00000,0.00000,0.00000,0.00000
28.60125,0.99750,1.00000,0.00000,0.00000,0.00000
28.70125,0.99750,1.00000,0.00000,0.00000,0.00000
28.80125,0.99750,1.00000,0.00000,0.00000,0.00000
28.90125,0.99750,1.00000,0.00000,0.00000,0.00000
29.00125,0.99750,1.00000,0.00000,0.00000,0.00000
29.10125,0.99750,0.99998,0.00002,0.00000,0.00000
29.20125,0.99750,0.99957,0.00043,0.00000,0.00000
29.30125,0.99750,0.98328,0.01672,0.00000,0.00000
29.40125,0.99750,0.84546,0.15449,0.00004,0.00001
29.50125,0.99750,0.76425,0.23570,0.00004,0.00001
29.60125,0.99750,0.96851,0.03148,0.00001,0.00000
29.70125,0.99750,0.99928,0.00072,0.00000,0.00000
29.80125,0.99750,0.99995,0.00005,0.00000,0.00000
29.90125,0.99750,0.99999,0.00001,0.00000,0.00000
30.00125,0.99750,1.00000,0.00000,0.00000,0.00000
30.10125,0.99750,1.00000,0.00000,0.00000,0.00000
30.20125,0.99750,1.00000,0.00000,0.00000,0.00000
30.30125,0.99750,1.00000,0.00000,0.00000,0.00000
30.40125,0.99750,1.00000,0.00000,0.00000,0.00000
30.50125,0.99750,1.00000,0.00000,0.00000,0.00000
30.60125,0.99750,1.00000,0.00000,0.00000,0.00000
30.70125,0.99750,0.99994,0.00000,0.00000,0.00006
30.80125,0.99750,0.99999,0.00000,0.00000,0.00001
30.90125,0.99750,0.99989,0.00000,0.00004,0.00007
31.00125,0.99750,0.99815,0.00000,0.00139,0.00046
31.10125,0.99750,0.95108,0.00001,0.04585,0.00307
31.20125,0.99750,0.48597,0.00006,0.50687,0.00710
31.30125,0.99750,0.78017,0.00005,0.21736,0.00242
31.40125,0.99750,0.99312,0.00000,0.00651,0.00037
31.50125,0.99750,0.99928,0.00000,0.00039,0.00033
31.60125,0.99750,0.99994,0.00000,0.00001,0.00005
31.70125,0.99750,1.00000,0.00000,0.00000,0.00000
31.80125,0.99750,0.99999,0.00000,0.00000,0.00001
31.90125,0.99750,1.00000,0.00000,0.00000,0.00000
32.00125,0.99750,1.00000,0.00000,0.00000,0.00000
32.10125,0.99750,1.00000,0.00000,0.00000,0.00000
32.20125,0.99750,0.99999,0.00000,0.00000,0.00001
32.30125,0.99750,0.99993,0.00000,0.00000,0.00007
32.40125,0.99750,0.99963,0.00000,0.00000,0.00037
32.50125,0.99750,0.99801,0.00000,0.00000,0.00199
32.60125,0.99750,0.97187,0.00000,0.00000,0.02813
32.70125,0.99750,0.91990,0.00000,0.00000,0.08010
32.80125,0.99750,0.93702,0.00000,0.00000,0.06298
32.90125,0.99750,0.96128,0.00000,0.00000,0.03872
33.00125,0.99750,0.99645,0.00000,0.00000,0.00355
33.10125,0.99750,0.99889,0.00000,0.00000,0.00111
33.20125,0.99750,0.99960,0.00000,0.00000,0.00040
33.30125,0.99750,0.99997,0.00000,0.00000,0.00003
33.40125,0.99750,0.99999,0.00000,0.00000,0.00001
33.50125,0.99750,1.00000,0.00000,0.00000,0.00000
33.60125,0.99750,1.00000,0.00000,0.00000,0.00000
33.70125,0.99750,1.00000,0.00000,0.00000,0.00000
33.80125,0.99750,1.00000,0.00000,0.00000,0.00000
33.90125,0.99750,1.00000,0.00000,0.00000,0.00000
34.00125,0.99750,1.00000,0.00000,0.00000,0.00000
34.10125,0.99750,1.00000,0.00000,0.00000,0.00000
34.20125,0.99750,1.00000,0.00000,0.00000,0.00000
34.30125,0.99750,1.00000,0.00000,0.00000,0.00000
34.40125,0.99750,1.00000,0.00000,0.00000,0.00000
34.50125,0.99750,1.00000,0.00000,0.00000,0.00000
34.60125,0.99750,1.00000,0.00000,0.00000,0.00000
34.70125,0.99750,1.00000,0.00000,0.00000,0.00000
34.80125,0.99750,1.00000,0.00000,0.00000,0.00000
34.90125,0.99750,1.00000,0.00000,0.00000,0.00000
35.00125,0.99750,0.99997,0.00003,0.00000,0.00000
35.10125,0.99750,0.99962,0.00038,0.00000,0.00000
35.20125,0.99750,0.99476,0.00524,0.00000,0.00000
35.30125,0.99750,0.85853,0.14145,0.00001,0.00001
35.40125,0.99750,0.80401,0.19598,0.00001,0.00001
35.50125,0.99750,0.94935,0.05064,0.00000,0.00001
35.60125,0.99750,0.99855,0.00145,0.00000,0.00000
35.70125,0.99750,0.99996,0.00004,0.00000,0.00000
35.80125,0.99750,1.00000,0.00000,0.00000,0.00000
35.90125,0.99750,1.00000,0.00000,0.00000,0.00000
36.00125,0.99750,1.00000,0.00000,0.00000,0.00000
36.10125,0.99750,1.00000,0.00000,0.00000,0.00000
36.20125,0.99750,1.00000,0.00000,0.00000,0.00000
36.30125,0.99750,1.00000,0.00000,0.00000,0.00000
36.40125,0.99750,0.99998,0.00000,0.00000,0.00002
36.50125,0.99750,0.99992,0.00000,0.00000,0.00008
36.60125,0.99750,0.99988,0.00000,0.00000,0.00012
36.70125,0.99750,0.99923,0.00000,0.00003,0.00074
36.80125,0.99750,0.99624,0.00007,0.00049,0.00321
36.90125,0.99750,0.99158,0.00042,0.00170,0.00631
37.00125,0.99750,0.98436,0.00090,0.00505,0.00969
37.10125,0.99750,0.99544,0.00024,0.00119,0.00313
37.20125,0.99750,0.99954,0.00001,0.00008,0.00036
37.30125,0.99750,0.99979,0.00002,0.00001,0.00019
37.40125,0.99750,0.99998,0.00001,0.00000,0.00001
37.50125,0.99750,1.00000,0.00000,0.00000,0.00000
37.60125,0.99750,1.00000,0.00000,0.00000,0.00000
37.70125,0.99750,1.00000,0.00000,0.00000,0.00000
37.80125,0.99750,1.00000,0.00000,0.00000,0.00000
37.90125,0.99750,0.99995,0.00000,0.00000,0.00005
38.00125,0.99750,0.99984,0.00000,0.00000,0.00016
38.10125,0.99750,0.99910,0.00000,0.00000,0.00090
38.20125,0.99750,0.99033,0.00000,0.00000,0.00967
38.30125,0.99750,0.91686,0.00000,0.00000,0.08314
38.40125,0.99750,0.80294,0.00000,0.00000,0.19706
38.50125,0.99750,0.91511,0.00000,0.00000,0.08489
38.60125,0.99750,0.99711,0.00000,0.00000,0.00289
38.70125,0.99750,0.99934,0.00000,0.00000,0.00066
38.80125,0.99750,0.99984,0.00000,0.00000,0.00016
38.90125,0.99750,0.99998,0.00000,0.00000,0.00002
39.00125,0.99750,1.00000,0.00000,0.00000,0.00000
39.10125,0.99750,1.00000,0.00000,0.00000,0.00000
39.20125,0.99750,1.00000,0.00000,0.00000,0.00000
39.30125,0.99750,1.00000,0.00000,0.00000,0.00000
39.40125,0.99750,1.00000,0.00000,0.00000,0.00000
39.50125,0.99750,1.00000,0.00000,0.00000,0.00000
39.60125,0.99750,1.00000,0.00000,0.00000,0.00000
39.70125,0.99750,1.00000,0.00000,0.00000,0.00000
39.80125,0.99750,1.00000,0.00000,0.00000,0.00000
39.90125,0.99750,1.00000,0.00000,0.00000,0.00000
40.00125,0.99750,1.00000,0.00000,0.00000,0.00000
40.10125,0.99750,1.00000,0.00000,0.00000,0.00000
40.20125,0.99750,1.00000,0.00000,0.00000,0.00000
40.30125,0.99750,0.99998,0.00002,0.00000,0.00000
40.40125,0.99750,0.99967,0.00033,0.00000,0.00000
40.50125,0.99750,0.97041,0.02959,0.00000,0.00000
40.60125,0.99750,0.89207,0.10792,0.00000,0.00001
40.70125,0.99750,0.96257,0.03742,0.00000,0.00000
40.80125,0.99750,0.99243,0.00757,0.00000,0.00000
40.90125,0.99750,0.99987,0.00013,0.00000,0.00000
41.00125,0.99750,0.99999,0.00001,0.00000,0.00000
41.10125,0.99750,1.00000,0.00000,0.00000,0.00000
41.20125,0.99750,1.00000,0.00000,0.00000,0.00000
41.30125,0.99750,1.00000,0.00000,0.00000,0.00000
41.40125,0.99750,1.00000,0.00000,0.00000,0.00000
41.50125,0.99750,1.00000,0.00000,0.00000,0.00000
41.60125,0.99750,1.00000,0.00000,0.00000,0.00000
41.70125,0.99750,0.99999,0.00000,0.00000,0.00001
41.80125,0.99750,1.00000,0.00000,0.00000,0.00000
41.90125,0.99750,0.99995,0.00000,0.00005,0.00000
42.00125,0.99750,0.99820,0.00000,0.00179,0.00000
42.10125,0.99750,0.93401,0.00003,0.06595,0.00000
42.20125,0.99750,0.36056,0.00003,0.63940,0.00000
42.30125,0.99750,0.06573,0.00002,0.93425,0.00000
42.40125,0.99750,0.57337,0.00003,0.42660,0.00000
42.50125,0.99750,0.96569,0.00001,0.03430,0.00000
42.60125,0.99750,0.99846,0.00002,0.00152,0.00000
42.70125,0.99750,0.99995,0.00002,0.00003,0.00000
42.80125,0.99750,0.99999,0.00000,0.00000,0.00000
42.90125,0.99750,1.00000,0.00000,0.00000,0.00000
43.00125,0.99750,0.99999,0.00000,0.00000,0.00001
43.10125,0.99750,0.99999,0.00000,0.00000,0.00001
43.20125,0.99750,0.99999,0.00000,0.00000,0.00001
43.30125,0.99750,0.99994,0.00000,0.00000,0.00006
43.40125,0.99750,0.99983,0.00000,0.00000,0.00017
43.50125,0.99750,0.99903,0.00000,0.00000,0.00097
43.60125,0.99750,0.98164,0.00000,0.00000,0.01836
43.70125,0.99750,0.93911,0.00000,0.00000,0.06089
43.80125,0.99750,0.95257,0.00000,0.00000,0.04743
43.90125,0.99750,0.98616,0.00000,0.00000,0.01384
44.00125,0.99750,0.99885,0.00000,0.00000,0.00115
44.10125,0.99750,0.99915,0.00000,0.00000,0.00085
44.20125,0.99750,0.99978,0.00000,0.00000,0.00022
44.30125,0.99750,0.99997,0.00000,0.00000,0.00003
44.40125,0.99750,0.99999,0.00000,0.00000,0.00001
44.50125,0.99750,1.00000,0.00000,0.00000,0.00000
44.60125,0.99750,1.00000,0.00000,0.00000,0.00000
44.70125,0.99750,1.00000,0.00000,0.00000,0.00000
44.80125,0.99750,1.00000,0.00000,0.00000,0.00000
44.90125,0.99750,1.00000,0.00000,0.00000,0.00000
45.00125,0.99750,1.00000,0.00000,0.00000,0.00000
45.10125,0.99750,1.00000,0.00000,0.00000,0.00000
45.20125,0.99750,1.00000,0.00000,0.00000,0.00000
45.30125,0.99750,1.00000,0.00000,0.00000,0.00000
45.40125,0.99750,1.00000,0.00000,0.00000,0.00000
45.50125,0.99750,0.99995,0.00005,0.00000,0.00000
45.60125,0.99750,0.99912,0.00088,0.00000,0.00000
45.70125,0.99750,0.94947,0.05052,0.00000,0.00001
45.80125,0.99750,0.82030,0.17968,0.00001,0.00001
45.90125,0.99750,0.94035,0.05964,0.00000,0.00001
46.00125,0.99750,0.98706,0.01293,0.00000,0.00000
46.10125,0.99750,0.99984,0.00016,0.00000,0.00000
46.20125,0.99750,0.99999,0.00001,0.00000,0.00000
46.30125,0.99750,1.00000,0.00000,0.00000,0.00000
46.40125,0.99750,1.00000,0.00000,0.00000,0.00000
46.50125,0.99750,1.00000,0.00000,0.00000,0.00000
46.60125,0.99750,1.00000,0.00000,0.00000,0.00000
46.70125,0.99750,1.00000,0.00000,0.00000,0.00000
46.80125,0.99750,1.00000,0.00000,0.00000,0.00000
46.90125,0.99750,1.00000,0.00000,0.00000,0.00000
47.00125,0.99750,0.99998,0.00000,0.00002,0.00000
47.10125,0.99750,0.99945,0.00000,0.00055,0.00000
47.20125,0.99750,0.98160,0.00000,0.01840,0.00000
47.30125,0.99750,0.62863,0.00000,0.37136,0.00000
47.40125,0.99750,0.12854,0.00000,0.87146,0.00000
47.50125,0.99750,0.16054,0.00000,0.83945,0.00000
47.60125,0.99750,0.75130,0.00001,0.24869,0.00000
47.70125,0.99750,0.98773,0.00002,0.01224,0.00001
47.80125,0.99750,0.99936,0.00019,0.00045,0.00000
47.90125,0.99750,0.99997,0.00001,0.00002,0.00000
48.00125,0.99750,0.99999,0.00000,0.00000,0.00000
48.10125,0.99750,0.99998,0.00000,0.00000,0.00002
48.20125,0.99750,0.99998,0.00000,0.00000,0.00002
48.30125,0.99750,0.99998,0.00000,0.00000,0.00002
48.40125,0.99750,0.99996,0.00000,0.00000,0.00004
48.50125,0.99750,0.99966,0.00000,0.00000,0.00034
48.60125,0.99750,0.99769,0.00000,0.00000,0.00231
48.70125,0.99750,0.94863,0.00000,0.00000,0.05137
48.80125,0.99750,0.89097,0.00000,0.00000,0.10902
48.90125,0.99750,0.92584,0.00000,0.00000,0.07416
49.00125,0.99750,0.98705,0.00000,0.00000,0.01295
49.10125,0.99750,0.99911,0.00000,0.00000,0.00089
49.20125,0.99750,0.99978,0.00000,0.00000,0.00022
49.30125,0.99750,0.99993,0.00000,0.00000,0.00007
49.40125,0.99750,0.99999,0.00000,0.00000,0.00001
49.50125,0.99750,1.00000,0.00000,0.00000,0.00000
49.60125,0.99750,1.00000,0.00000,0.00000,0.00000
49.70125,0.99750,1.00000,0.00000,0.00000,0.00000
49.80125,0.99750,1.00000,0.00000,0.00000,0.00000
49.90125,0.99750,1.00000,0.00000,0.00000,0.00000
50.00125,0.99750,1.00000,0.00000,0.00000,0.00000
50.10125,0.99750,1.00000,0.00000,0.00000,0.00000
50.20125,0.99750,1.00000,0.00000,0.00000,0.00000
50.30125,0.99750,1.00000,0.00000,0.00000,0.00000
50.40125,0.99750,0.99997,0.00003,0.00000,0.00000
50.50125,0.99750,0.99954,0.00046,0.00000,0.00000
50.60125,0.99750,0.98524,0.01475,0.00000,0.00001
50.70125,0.99750,0.95062,0.04937,0.00000,0.00001
50.80125,0.99750,0.96824,0.03175,0.00000,0.00001
50.90125,0.99750,0.99377,0.00623,0.00000,0.00000
51.00125,0.99750,0.99993,0.00007,0.00000,0.00000
51.10125,0.99750,1.00000,0.00000,0.00000,0.00000
51.20125,0.99750,1.00000,0.00000,0.00000,0.00000
51.30125,0.99750,1.00000,0.00000,0.00000,0.00000
51.40125,0.99750,1.00000,0.00000,0.00000,0.00000
51.50125,0.99750,1.00000,0.00000,0.00000,0.00000
51.60125,0.99750,1.00000,0.00000,0.00000,0.00000
51.70125,0.99750,1.00000,0.00000,0.00000,0.00000
51.80125,0.99750,0.99998,0.00000,0.00002,0.00000
51.90125,0.99750,0.99945,0.00001,0.00055,0.00000
52.00125,0.99750,0.98079,0.00004,0.01917,0.00000
52.10125,0.99750,0.67839,0.00035,0.32125,0.00001
52.20125,0.99750,0.50587,0.00026,0.49387,0.00001
52.30125,0.99750,0.96648,0.00007,0.03345,0.00000
52.40125,0.99750,0.99833,0.00001,0.00166,0.00000
52.50125,0.99750,0.99997,0.00000,0.00002,0.00000
52.60125,0.99750,1.00000,0.00000,0.00000,0.00000
52.70125,0.99750,0.99999,0.00000,0.00000,0.00001
52.80125,0.99750,0.99998,0.00000,0.00000,0.00002
52.90125,0.99750,1.00000,0.00000,0.00000,0.00000
53.00125,0.99750,1.00000,0.00000,0.00000,0.00000
53.10125,0.99750,1.00000,0.00000,0.00000,0.00000
53.20125,0.99750,0.99999,0.00000,0.00000,0.00001
53.30125,0.99750,0.99996,0.00000,0.00000,0.00004
53.40125,0.99750,0.99967,0.00000,0.00000,0.00033
53.50125,0.99750,0.99795,0.00000,0.00000,0.00205
53.60125,0.99750,0.97562,0.00000,0.00000,0.02437
53.70125,0.99750,0.96627,0.00000,0.00000,0.03373
53.80125,0.99750,0.98366,0.00000,0.00000,0.01634
53.90125,0.99750,0.98961,0.00001,0.00000,0.01039
54.00125,0.99750,0.99929,0.00001,0.00000,0.00070
54.10125,0.99750,0.99985,0.00000,0.00000,0.00015
54.20125,0.99750,0.99996,0.00000,0.00000,0.00003
54.30125,0.99750,0.99999,0.00000,0.00000,0.00000
54.40125,0.99750,1.00000,0.00000,0.00000,0.00000
54.50125,0.99750,1.00000,0.00000,0.00000,0.00000
54.60125,0.99750,1.00000,0.00000,0.00000,0.00000
54.70125,0.99750,1.00000,0.00000,0.00000,0.00000
54.80125,0.99750,1.00000,0.00000,0.00000,0.00000
54.90125,0.99750,1.00000,0.00000,0.00000,0.00000
55.00125,0.99750,1.00000,0.00000,0.00000,0.00000
55.10125,0.99750,1.00000,0.00000,0.00000,0.00000
55.20125,0.99750,1.00000,0.00000,0.00000,0.00000
55.30125,0.99750,1.00000,0.00000,0.00000,0.00000
55.40125,0.99750,1.00000,0.00000,0.00000,0.00000
55.50125,0.99750,1.00000,0.00000,0.00000,0.00000
55.60125,0.99750,1.00000,0.00000,0.00000,0.00000
55.70125,0.99750,1.00000,0.00000,0.00000,0.00000
55.80125,0.99750,1.00000,0.00000,0.00000,0.00000
55.90125,0.99750,0.99996,0.00004,0.00000,0.00000
56.00125,0.99750,0.99942,0.00058,0.00000,0.00000
56.10125,0.99750,0.96637,0.03363,0.00000,0.00000
56.20125,0.99750,0.89340,0.10659,0.00000,0.00001
56.30125,0.99750,0.95653,0.04347,0.00000,0.00000
56.40125,0.99750,0.99408,0.00592,0.00000,0.00000
56.50125,0.99750,0.99994,0.00006,0.00000,0.00000
56.60125,0.99750,1.00000,0.00000,0.00000,0.00000
56.70125,0.99750,1.00000,0.00000,0.00000,0.00000
56.80125,0.99750,1.00000,0.00000,0.00000,0.00000
56.90125,0.99750,0.99996,0.00000,0.00000,0.00004
57.00125,0.99750,0.99988,0.00000,0.00000,0.00012
57.10125,0.99750,0.99952,0.00000,0.00000,0.00048
57.20125,0.99750,0.99817,0.00000,0.00001,0.00181
57.30125,0.99750,0.98148,0.00000,0.00038,0.01813
57.40125,0.99750,0.98053,0.00000,0.00039,0.01908
57.50125,0.99750,0.99200,0.00000,0.00025,0.00775
57.60125,0.99750,0.99850,0.00000,0.00010,0.00140
57.70125,0.99750,0.99954,0.00000,0.00013,0.00033
57.80125,0.99750,0.99991,0.00000,0.00001,0.00008
57.90125,0.99750,0.99999,0.00000,0.00000,0.00001
58.00125,0.99750,1.00000,0.00000,0.00000,0.00000
58.10125,0.99750,1.00000,0.00000,0.00000,0.00000
58.20125,0.99750,1.00000,0.00000,0.00000,0.00000
58.30125,0.99750,1.00000,0.00000,0.00000,0.00000
58.40125,0.99750,1.00000,0.00000,0.00000,0.00000
58.50125,0.99750,1.00000,0.00000,0.00000,0.00000
58.60125,0.99750,1.00000,0.00000,0.00000,0.00000
58.70125,0.99750,1.00000,0.00000,0.00000,0.00000
58.80125,0.99750,0.99999,0.00000,0.00000,0.00001
58.90125,0.99750,0.99996,0.00000,0.00000,0.00004
59.00125,0.99750,0.99967,0.00000,0.00000,0.00033
59.10125,0.99750,0.99738,0.00000,0.00000,0.00262
59.20125,0.99750,0.96487,0.00000,0.00000,0.03513
59.30125,0.99750,0.91802,0.00000,0.00000,0.08198
59.40125,0.99750,0.95282,0.00000,0.00000,0.04718
59.50125,0.99750,0.99597,0.00000,0.00000,0.00403
59.60125,0.99750,0.99991,0.00000,0.00000,0.00009
59.70125,0.99750,0.99999,0.00000,0.00000,0.00001
59.80125,0.99750,1.00000,0.00000,0.00000,0.00000
59.90125,0.99750,1.00000,0.00000,0.00000,0.00000
60.00125,0.99750,1.00000,0.00000,0.00000,0.00000
60.10125,0.99750,1.00000,0.00000,0.00000,0.00000
60.20125,0.99750,1.00000,0.00000,0.00000,0.00000
60.30125,0.99750,1.00000,0.00000,0.00000,0.00000
60.40125,0.99750,1.00000,0.00000,0.00000,0.00000
60.50125,0.99750,1.00000,0.00000,0.00000,0.00000
60.60125,0.99750,1.00000,0.00000,0.00000,0.00000
60.70125,0.99750,1.00000,0.00000,0.00000,0.00000
60.80125,0.99750,1.00000,0.00000,0.00000,0.00000
60.90125,0.99750,1.00000,0.00000,0.00000,0.00000
61.00125,0.99750,1.00000,0.00000,0.00000,0.00000
61.10125,0.99750,1.00000,0.00000,0.00000,0.00000
61.20125,0.99750,1.00000,0.00000,0.00000,0.00000
61.30125,0.99750,1.00000,0.00000,0.00000,0.00000
61.40125,0.99750,1.00000,0.00000,0.00000,0.00000
61.50125,0.99750,1.00000,0.00000,0.00000,0.00000
61.60125,0.99750,1.00000,0.00000,0.00000,0.00000
61.70125,0.99750,1.00000,0.00000,0.00000,0.00000
61.80125,0.99750,0.99999,0.00000,0.00000,0.00000
61.90125,0.99750,0.99988,0.00012,0.00000,0.00000
62.00125,0.99750,0.99535,0.00464,0.00000,0.00001
62.10125,0.99750,0.97491,0.02506,0.00000,0.00003
62.20125,0.99750,0.98013,0.01984,0.00000,0.00002
62.30125,0.99750,0.99599,0.00400,0.00000,0.00001
62.40125,0.99750,0.99996,0.00004,0.00000,0.00000
62.50125,0.99750,1.00000,0.00000,0.00000,0.00000
62.60125,0.99750,1.00000,0.00000,0.00000,0.00000
62.70125,0.99750,1.00000,0.00000,0.00000,0.00000
62.80125,0.99750,1.00000,0.00000,0.00000,0.00000
62.90125,0.99750,1.00000,0.00000,0.00000,0.00000
63.00125,0.99750,1.00000,0.00000,0.00000,0.00000
63.10125,0.99750,1.00000,0.00000,0.00000,0.00000
63.20125,0.99751,1.00000,0.00000,0.00000,0.00000
63.30125,0.99750,1.00000,0.00000,0.00000,0.00000
63.40125,0.99750,1.00000,0.00000,0.00000,0.00000
63.50125,0.99750,1.00000,0.00000,0.00000,0.00000
63.60125,0.99750,0.99999,0.00000,0.00000,0.00001
63.70125,0.99751,0.99991,0.00000,0.00000,0.00009
63.80125,0.99750,0.99997,0.00000,0.00001,0.00002
63.90125,0.99750,0.99969,0.00000,0.00028,0.00003
64.00125,0.99750,0.99406,0.00000,0.00593,0.00001
64.10125,0.99750,0.86275,0.00001,0.13719,0.00005
64.20125,0.99751,0.21767,0.00001,0.78226,0.00006
64.30125,0.99751,0.28786,0.00001,0.71211,0.00002
64.40125,0.99750,0.86045,0.00001,0.13953,0.00001
64.50125,0.99750,0.99503,0.00000,0.00496,0.00001
64.60125,0.99750,0.99971,0.00003,0.00026,0.00000
64.70125,0.99751,0.99997,0.00002,0.00001,0.00000
64.80125,0.99751,0.99999,0.00001,0.00000,0.00000
64.90125,0.99750,1.00000,0.00000,0.00000,0.00000
65.00125,0.99750,1.00000,0.00000,0.00000,0.00000
65.10125,0.99750,1.00000,0.00000,0.00000,0.00000
65.20125,0.99751,1.00000,0.00000,0.00000,0.00000
65.30125,0.99751,0.99999,0.00000,0.00000,0.00001
65.40125,0.99750,0.99994,0.00000,0.00000,0.00006
65.50125,0.99750,0.99962,0.00000,0.00000,0.00038
65.60125,0.99750,0.99736,0.00000,0.00000,0.00264
65.70125,0.99751,0.96777,0.00000,0.00000,0.03223
65.80125,0.99751,0.91601,0.00000,0.00000,0.08399
65.90125,0.99750,0.94989,0.00000,0.00000,0.05011
66.00125,0.99750,0.99696,0.00000,0.00000,0.00304
66.10125,0.99750,0.99957,0.00000,0.00000,0.00043
66.20125,0.99751,0.99988,0.00000,0.00000,0.00012
66.30125,0.99751,0.99997,0.00000,0.00000,0.00003
66.40125,0.99750,1.00000,0.00000,0.00000,0.00000
66.50125,0.99750,1.00000,0.00000,0.00000,0.00000
66.60125,0.99750,1.00000,0.00000,0.00000,0.00000
66.70125,0.99751,1.00000,0.00000,0.00000,0.00000
66.80125,0.99751,1.00000,0.00000,0.00000,0.00000
66.90125,0.99750,1.00000,0.00000,0.00000,0.00000
67.00125,0.99750,1.00000,0.00000,0.00000,0.00000
67.10125,0.99750,1.00000,0.00000,0.00000,0.00000
67.20125,0.99751,1.00000,0.00000,0.00000,0.00000
67.30125,0.99751,0.99998,0.00002,0.00000,0.00000
67.40125,0.99750,0.99981,0.00019,0.00000,0.00000
67.50125,0.99750,0.99288,0.00712,0.00000,0.00000
67.60125,0.99750,0.95615,0.04385,0.00000,0.00000
67.70125,0.99751,0.94755,0.05245,0.00000,0.00000
67.80125,0.99751,0.98159,0.01841,0.00000,0.00000
67.90125,0.99750,0.99967,0.00033,0.00000,0.00000
68.00125,0.99750,0.99999,0.00001,0.00000,0.00000
68.10125,0.99750,1.00000,0.00000,0.00000,0.00000
68.20125,0.99751,1.00000,0.00000,0.00000,0.00000
68.30125,0.99751,1.00000,0.00000,0.00000,0.00000
68.40125,0.99750,1.00000,0.00000,0.00000,0.00000
68.50125,0.99750,1.00000,0.00000,0.00000,0.00000
68.60125,0.99750,1.00000,0.00000,0.00000,0.00000
68.70125,0.99751,1.00000,0.00000,0.00000,0.00000
68.80125,0.99751,1.00000,0.00000,0.00000,0.00000
68.90125,0.99750,0.99989,0.00000,0.00011,0.00000
69.00125,0.99750,0.99623,0.00000,0.00375,0.00001
69.10125,0.99750,0.82520,0.00004,0.17465,0.00011
69.20125,0.99751,0.93326,0.00004,0.06666,0.00005
69.30125,0.99751,0.99694,0.00001,0.00304,0.00002
69.40125,0.99750,0.99940,0.00000,0.00058,0.00001
69.50125,0.99750,0.99997,0.00000,0.00001,0.00001
69.60125,0.99750,0.99998,0.00000,0.00001,0.00001
69.70125,0.99751,0.99998,0.00000,0.00000,0.00002
69.80125,0.99751,0.99997,0.00000,0.00000,0.00003
69.90125,0.99750,0.99998,0.00000,0.00000,0.00002
70.00125,0.99750,0.99998,0.00000,0.00000,0.00002
70.10125,0.99750,0.99993,0.00000,0.00000,0.00007
70.20125,0.99751,0.99976,0.00000,0.00000,0.00024
70.30125,0.99751,0.99913,0.00000,0.00000,0.00087
70.40125,0.99750,0.99468,0.00000,0.00000,0.00532
70.50125,0.99750,0.92481,0.00000,0.00000,0.07519
70.60125,0.99750,0.86306,0.00000,0.00000,0.13694
70.70125,0.99751,0.90344,0.00000,0.00000,0.09656
70.80125,0.99751,0.98986,0.00000,0.00000,0.01014
70.90125,0.99750,0.99891,0.00000,0.00000,0.00109
71.00125,0.99750,0.99972,0.00000,0.00000,0.00028
71.10125,0.99750,0.99975,0.00000,0.00000,0.00025
71.20125,0.99751,0.99998,0.00000,0.00000,0.00002
71.30125,0.99751,1.00000,0.00000,0.00000,0.00000
71.40125,0.99750,1.00000,0.00000,0.00000,0.00000
71.50125,0.99750,1.00000,0.00000,0.00000,0.00000
71.60125,0.99750,1.00000,0.00000,0.00000,0.00000
71.70125,0.99751,1.00000,0.00000,0.00000,0.00000
71.80125,0.99751,1.00000,0.00000,0.00000,0.00000
71.90125,0.99750,1.00000,0.00000,0.00000,0.00000
72.00125,0.99750,1.00000,0.00000,0.00000,0.00000
72.10125,0.99750,1.00000,0.00000,0.00000,0.00000
72.20125,0.99751,1.00000,0.00000,0.00000,0.00000
72.30125,0.99751,0.99998,0.00002,0.00000,0.00000
72.40125,0.99750,0.99944,0.00056,0.00000,0.00000
72.50125,0.99750,0.97144,0.02856,0.00000,0.00000
72.60125,0.99750,0.92540,0.07459,0.00001,0.00000
72.70125,0.99751,0.94013,0.05986,0.00001,0.00001
72.80125,0.99751,0.98045,0.01954,0.00000,0.00001
72.90125,0.99750,0.99953,0.00047,0.00000,0.00000
73.00125,0.99750,0.99999,0.00001,0.00000,0.00000
73.10125,0.99750,1.00000,0.00000,0.00000,0.00000
73.20125,0.99751,1.00000,0.00000,0.00000,0.00000
73.30125,0.99751,1.00000,0.00000,0.00000,0.00000
73.40125,0.99750,1.00000,0.00000,0.00000,0.00000
73.50125,0.99750,0.99998,0.00000,0.00000,0.00002
73.60125,0.99750,0.99985,0.00000,0.00000,0.00015
73.70125,0.99751,0.99943,0.00001,0.00000,0.00056
73.80125,0.99751,0.99777,0.00003,0.00001,0.00219
73.90125,0.99750,0.99863,0.00005,0.00001,0.00132
74.00125,0.99750,0.99643,0.00034,0.00010,0.00313
74.10125,0.99750,0.99800,0.00040,0.00012,0.00148
74.20125,0.99751,0.99828,0.00024,0.00031,0.00116
74.30125,0.99751,0.99944,0.00015,0.00002,0.00040
74.40125,0.99750,0.99958,0.00004,0.00000,0.00038
74.50125,0.99750,0.99994,0.00001,0.00000,0.00006
74.60125,0.99750,0.99998,0.00000,0.00000,0.00002
74.70125,0.99751,0.99998,0.00000,0.00000,0.00001
74.80125,0.99751,0.99998,0.00000,0.00000,0.00002
74.90125,0.99750,0.99997,0.00000,0.00000,0.00003
75.00125,0.99750,0.99996,0.00000,0.00000,0.00004
75.10125,0.99750,0.99975,0.00000,0.00000,0.00025
75.20125,0.99751,0.99874,0.00000,0.00000,0.00126
75.30125,0.99751,0.99155,0.00000,0.00000,0.00845
75.40125,0.99750,0.90210,0.00000,0.00000,0.09790
75.50125,0.99750,0.89554,0.00000,0.00000,0.10446
75.60125,0.99750,0.97837,0.00000,0.00000,0.02163
75.70125,0.99751,0.99932,0.00000,0.00000,0.00068
75.80125,0.99751,0.99992,0.00000,0.00000,0.00008
75.90125,0.99750,0.99998,0.00000,0.00000,0.00002
76.00125,0.99750,0.99999,0.00000,0.00000,0.00001
76.10125,0.99750,1.00000,0.00000,0.00000,0.00000
76.20125,0.99751,1.00000,0.00000,0.00000,0.00000
76.30125,0.99751,1.00000,0.00000,0.00000,0.00000
76.40125,0.99750,1.00000,0.00000,0.00000,0.00000
76.50125,0.99750,1.00000,0.00000,0.00000,0.00000
76.60125,0.99750,1.00000,0.00000,0.00000,0.00000
76.70125,0.99751,1.00000,0.00000,0.00000,0.00000
76.80125,0.99751,1.00000,0.00000,0.00000,0.00000
76.90125,0.99750,1.00000,0.00000,0.00000,0.00000
77.00125,0.99750,1.00000,0.00000,0.00000,0.00000
77.10125,0.99750,1.00000,0.00000,0.00000,0.00000
77.20125,0.99751,0.99994,0.00006,0.00000,0.00000
77.30125,0.99751,0.99716,0.00283,0.00000,0.00000
77.40125,0.99750,0.98006,0.01993,0.00000,0.00001
77.50125,0.99750,0.93129,0.06869,0.00000,0.00002
77.60125,0.99750,0.97102,0.02897,0.00000,0.00001
77.70125,0.99751,0.99908,0.00091,0.00000,0.00000
77.80125,0.99751,0.99997,0.00003,0.00000,0.00000
77.90125,0.99750,1.00000,0.00000,0.00000,0.00000
78.00125,0.99750,1.00000,0.00000,0.00000,0.00000
78.10125,0.99750,1.00000,0.00000,0.00000,0.00000
78.20125,0.99751,1.00000,0.00000,0.00000,0.00000
78.30125,0.99751,0.99998,0.00000,0.00000,0.00002
78.40125,0.99750,0.99999,0.00000,0.00000,0.00001
78.50125,0.99750,0.99995,0.00000,0.00005,0.00001
78.60125,0.99750,0.99916,0.00000,0.00084,0.00000
78.70125,0.99751,0.97549,0.00000,0.02450,0.00001
78.80125,0.99751,0.46650,0.00001,0.53347,0.00003
78.90125,0.99750,0.04694,0.00001,0.95304,0.00001
79.00125,0.99750,0.47869,0.00003,0.52127,0.00001
79.10125,0.99750,0.96704,0.00000,0.03296,0.00000
79.20125,0.99751,0.99908,0.00000,0.00091,0.00001
79.30125,0.99751,0.99996,0.00002,0.00002,0.00000
79.40125,0.99750,1.00000,0.00000,0.00000,0.00000
79.50125,0.99750,1.00000,0.00000,0.00000,0.00000
79.60125,0.99750,0.99997,0.00000,0.00000,0.00003
79.70125,0.99751,0.99996,0.00000,0.00000,0.00004
79.80125,0.99751,0.99995,0.00000,0.00000,0.00005
79.90125,0.99750,0.99971,0.00000,0.00000,0.00029
80.00125,0.99750,0.99840,0.00000,0.00000,0.00160
80.10125,0.99750,0.98582,0.00000,0.00000,0.01418
80.20125,0.99751,0.87563,0.00000,0.00000,0.12437
80.30125,0.99751,0.83808,0.00000,0.00000,0.16192
80.40125,0.99750,0.94731,0.00000,0.00000,0.05269
80.50125,0.99750,0.99711,0.00000,0.00000,0.00289
80.60125,0.99750,0.99912,0.00000,0.00000,0.00088
80.70125,0.99751,0.99951,0.00000,0.00000,0.00049
80.80125,0.99751,0.99994,0.00000,0.00000,0.00006
80.90125,0.99750,0.99997,0.00000,0.00000,0.00003
81.00125,0.99750,0.99999,0.00000,0.00000,0.00001
81.10125,0.99750,1.00000,0.00000,0.00000,0.00000
81.20125,0.99751,0.99999,0.00000,0.00000,0.00001
81.30125,0.99751,0.99998,0.00000,0.00000,0.00002
81.40125,0.99750,0.99987,0.00000,0.00000,0.00013
81.50125,0.99750,0.99957,0.00000,0.00000,0.00043
81.60125,0.99750,0.99870,0.00000,0.00000,0.00130
81.70125,0.99751,0.99750,0.00000,0.00000,0.00250
81.80125,0.99751,0.99822,0.00000,0.00000,0.00178
81.90125,0.99750,0.99870,0.00000,0.00000,0.00130
82.00125,0.99750,0.99885,0.00000,0.00000,0.00115
82.10125,0.99750,0.99903,0.00000,0.00000,0.00097
82.20125,0.99751,0.99957,0.00000,0.00000,0.00043
82.30125,0.99751,0.99984,0.00000,0.00000,0.00016
82.40125,0.99750,0.99985,0.00000,0.00000,0.00015
82.50125,0.99750,0.99985,0.00000,0.00000,0.00015
82.60125,0.99750,0.99985,0.00000,0.00000,0.00015
82.70125,0.99751,0.99980,0.00000,0.00000,0.00020
82.80125,0.99751,0.99961,0.00000,0.00000,0.00039
82.90125,0.99750,0.99911,0.00000,0.00000,0.00089
83.00125,0.99750,0.99841,0.00000,0.00000,0.00159
83.10125,0.99750,0.99780,0.00000,0.00000,0.00220
83.20125,0.99751,0.99825,0.00000,0.00000,0.00175
83.30125,0.99751,0.99928,0.00000,0.00000,0.00072
83.40125,0.99750,0.99973,0.00000,0.00000,0.00027
83.50125,0.99750,0.99988,0.00000,0.00000,0.00012
83.60125,0.99750,0.99994,0.00000,0.00000,0.00006
83.70125,0.99751,0.99998,0.00000,0.00000,0.00002
