Time (seconds), Duration (seconds),pred_(unlabeled),pred_Jab_R,pred_Sidehook_R,pred_Uppercut_R
0.00125,0.49750,0.99983,0.00013,0.00003,0.00001
0.14375,0.49750,0.99988,0.00009,0.00002,0.00001
0.28625,0.49750,0.99990,0.00007,0.00002,0.00001
0.42875,0.49750,0.99991,0.00007,0.00001,0.00001
0.57125,0.49750,0.99993,0.00005,0.00001,0.00000
0.71375,0.49750,0.99993,0.00006,0.00001,0.00000
0.85625,0.49750,0.99992,0.00006,0.00002,0.00001
0.99875,0.49750,0.99993,0.00005,0.00002,0.00001
1.14125,0.49750,0.99994,0.00004,0.00002,0.00001
1.28375,0.49750,0.99994,0.00004,0.00001,0.00001
1.42625,0.49750,0.99992,0.00006,0.00002,0.00001
1.56875,0.49750,0.99989,0.00008,0.00002,0.00001
1.71125,0.49750,0.99992,0.00006,0.00002,0.00000
1.85375,0.49750,0.99994,0.00005,0.00001,0.00000
1.99625,0.49750,0.99996,0.00003,0.00001,0.00000
2.13875,0.49750,0.99996,0.00003,0.00001,0.00000
2.28125,0.49750,0.99996,0.00003,0.00001,0.00000
2.42375,0.49750,0.99995,0.00003,0.00001,0.00001
2.56625,0.49750,0.99944,0.00011,0.00004,0.00041
2.70875,0.49750,0.72355,0.00007,0.00002,0.27636
2.85125,0.49750,0.01082,0.00000,0.00001,0.98917
2.99375,0.49750,0.01231,0.00000,0.00001,0.98768
3.13625,0.49750,0.54087,0.00003,0.00022,0.45888
3.27875,0.49750,0.99884,0.00003,0.00015,0.00098
3.42125,0.49750,0.99994,0.00003,0.00002,0.00002
3.56375,0.49750,0.99998,0.00001,0.00000,0.00000
3.70625,0.49750,0.99997,0.00002,0.00001,0.00000
3.84875,0.49750,0.99997,0.00002,0.00001,0.00000
3.99125,0.49750,0.99998,0.00002,0.00001,0.00000
4.13375,0.49750,0.99998,0.00002,0.00001,0.00000
4.27625,0.49750,0.99998,0.00001,0.00000,0.00000
4.41875,0.49750,0.99994,0.00002,0.00001,0.00002
4.56125,0.49750,0.99852,0.00028,0.00016,0.00104
4.70375,0.49750,0.71872,0.00055,0.00042,0.28031
4.84625,0.49750,0.01259,0.00000,0.00008,0.98732
4.98875,0.49750,0.01218,0.00000,0.00002,0.98779
5.13125,0.49750,0.25660,0.00001,0.00008,0.74331
5.27375,0.49750,0.99493,0.00005,0.00011,0.00490
5.41625,0.49750,0.99993,0.00004,0.00000,0.00002
5.55875,0.49750,0.99997,0.00002,0.00001,0.00000
5.70125,0.49750,0.99995,0.00004,0.00001,0.00000
5.84375,0.49750,0.99994,0.00004,0.00001,0.00000
5.98625,0.49750,0.99995,0.00004,0.00001,0.00000
6.12875,0.49750,0.99997,0.00002,0.00001,0.00000
6.27125,0.49750,0.99998,0.00001,0.00001,0.00001
6.41375,0.49750,0.99959,0.00011,0.00008,0.00022
6.55625,0.49750,0.96044,0.00091,0.00052,0.03813
6.69875,0.49750,0.04117,0.00004,0.00008,0.95870
6.84125,0.49750,0.00491,0.00000,0.00004,0.99504
6.98375,0.49750,0.05059,0.00000,0.00009,0.94932
7.12625,0.49750,0.94296,0.00002,0.00182,0.05520
7.26875,0.49750,0.99981,0.00005,0.00003,0.00011
7.41125,0.49750,0.99996,0.00002,0.00001,0.00001
7.55375,0.49750,0.99995,0.00004,0.00001,0.00000
7.69625,0.49750,0.99992,0.00006,0.00001,0.00000
7.83875,0.49750,0.99990,0.00007,0.00002,0.00001
7.98125,0.49750,0.99994,0.00005,0.00001,0.00000
8.12375,0.49750,0.99993,0.00004,0.00002,0.00002
8.26625,0.49750,0.99807,0.00023,0.00042,0.00128
8.40875,0.49750,0.75619,0.00062,0.00096,0.24223
8.55125,0.49750,0.00755,0.00000,0.00004,0.99241
8.69375,0.49750,0.00346,0.00000,0.00001,0.99653
8.83625,0.49750,0.03384,0.00000,0.00001,0.96615
8.97875,0.49750,0.92636,0.00004,0.00062,0.07299
9.12125,0.49750,0.99959,0.00011,0.00003,0.00027
9.26375,0.49750,0.99983,0.00008,0.00007,0.00002
9.40625,0.49750,0.99991,0.00007,0.00001,0.00001
9.54875,0.49750,0.99992,0.00007,0.00001,0.00001
9.69125,0.49750,0.99996,0.00003,0.00001,0.00000
9.83375,0.49750,0.99993,0.00003,0.00001,0.00002
9.97625,0.49750,0.99828,0.00038,0.00027,0.00108
10.11875,0.49750,0.77963,0.00123,0.00128,0.21785
10.26125,0.49750,0.00720,0.00000,0.00003,0.99276
10.40375,0.49750,0.00133,0.00000,0.00005,0.99862
10.54625,0.49750,0.01636,0.00000,0.00008,0.98356
10.68875,0.49750,0.86147,0.00001,0.00757,0.13094
10.83125,0.49750,0.99948,0.00014,0.00014,0.00025
10.97375,0.49750,0.99990,0.00006,0.00003,0.00001
11.11625,0.49750,0.99995,0.00004,0.00001,0.00000
11.25875,0.49750,0.99995,0.00004,0.00001,0.00000
11.40125,0.49750,0.99994,0.00004,0.00001,0.00001
11.54375,0.49750,0.99995,0.00004,0.00001,0.00000
11.68625,0.49750,0.99992,0.00005,0.00002,0.00001
11.82875,0.49750,0.99835,0.00053,0.00025,0.00087
11.97125,0.49750,0.73091,0.00060,0.00040,0.26808
12.11375,0.49750,0.00623,0.00000,0.00001,0.99375
12.25625,0.49750,0.00403,0.00000,0.00000,0.99596
12.39875,0.49750,0.07040,0.00000,0.00007,0.92952
12.54125,0.49750,0.97701,0.00010,0.00451,0.01838
12.68375,0.49750,0.99952,0.00024,0.00011,0.00012
12.82625,0.49750,0.99981,0.00012,0.00005,0.00002
12.96875,0.49750,0.99991,0.00008,0.00001,0.00001
13.11125,0.49750,0.99992,0.00006,0.00001,0.00001
13.25375,0.49750,0.99991,0.00006,0.00001,0.00002
13.39625,0.49750,0.99883,0.00046,0.00018,0.00053
13.53875,0.49750,0.90169,0.00207,0.00106,0.09518
13.68125,0.49750,0.01631,0.00003,0.00003,0.98363
13.82375,0.49750,0.00155,0.00000,0.00003,0.99842
13.96625,0.49750,0.01691,0.00000,0.00003,0.98306
14.10875,0.49750,0.89401,0.00002,0.00164,0.10433
14.25125,0.49750,0.99955,0.00012,0.00009,0.00024
14.39375,0.49750,0.99991,0.00005,0.00003,0.00001
14.53625,0.49750,0.99994,0.00004,0.00001,0.00000
14.67875,0.49750,0.99991,0.00007,0.00001,0.00001
14.82125,0.49750,0.99991,0.00007,0.00001,0.00001
14.96375,0.49750,0.99989,0.00007,0.00002,0.00002
15.10625,0.49750,0.99830,0.00065,0.00031,0.00074
15.24875,0.49750,0.87468,0.00155,0.00110,0.12267
15.39125,0.49750,0.00784,0.00000,0.00001,0.99214
15.53375,0.49750,0.00062,0.00000,0.00000,0.99937
15.67625,0.49750,0.00510,0.00000,0.00000,0.99490
15.81875,0.49750,0.61951,0.00003,0.00034,0.38012
15.96125,0.49750,0.99849,0.00013,0.00021,0.00118
16.10375,0.49750,0.99983,0.00013,0.00002,0.00002
16.24625,0.49750,0.99985,0.00012,0.00002,0.00001
16.38875,0.49750,0.99986,0.00011,0.00002,0.00001
16.53125,0.49750,0.99987,0.00010,0.00002,0.00001
16.67375,0.49750,0.99991,0.00007,0.00001,0.00001
16.81625,0.49750,0.99986,0.00009,0.00002,0.00003
16.95875,0.49750,0.99686,0.00080,0.00044,0.00189
17.10125,0.49750,0.60506,0.00138,0.00037,0.39319
17.24375,0.49750,0.00458,0.00001,0.00000,0.99541
17.38625,0.49750,0.00190,0.00000,0.00001,0.99809
17.52875,0.49750,0.05834,0.00000,0.00002,0.94164
17.67125,0.49750,0.96820,0.00006,0.00142,0.03032
17.81375,0.49750,0.99977,0.00007,0.00006,0.00010
17.95625,0.49750,0.99989,0.00007,0.00003,0.00001
18.09875,0.49750,0.99995,0.00004,0.00001,0.00000
18.24125,0.49750,0.99996,0.00003,0.00001,0.00000
18.38375,0.49750,0.99996,0.00003,0.00001,0.00001
18.52625,0.49750,0.99958,0.00020,0.00007,0.00016
18.66875,0.49750,0.95092,0.00093,0.00020,0.04796
18.81125,0.49750,0.02131,0.00001,0.00000,0.97868
18.95375,0.49750,0.00155,0.00000,0.00000,0.99845
19.09625,0.49750,0.02049,0.00000,0.00000,0.97951
19.23875,0.49750,0.91904,0.00003,0.00011,0.08083
19.38125,0.49750,0.99949,0.00023,0.00002,0.00026
19.52375,0.49750,0.99991,0.00005,0.00003,0.00001
19.66625,0.49750,0.99989,0.00008,0.00002,0.00001
19.80875,0.49750,0.99987,0.00011,0.00001,0.00001
19.95125,0.49750,0.99987,0.00011,0.00001,0.00001
20.09375,0.49750,0.99985,0.00010,0.00002,0.00003
20.23625,0.49750,0.99806,0.00061,0.00026,0.00107
20.37875,0.49750,0.83102,0.00166,0.00138,0.16593
20.52125,0.49750,0.01042,0.00001,0.00001,0.98956
20.66375,0.49750,0.00058,0.00000,0.00001,0.99941
20.80625,0.49750,0.00555,0.00000,0.00001,0.99444
20.94875,0.49750,0.55306,0.00000,0.00320,0.44374
21.09125,0.49750,0.99756,0.00003,0.00040,0.00202
21.23375,0.49750,0.99988,0.00005,0.00005,0.00003
21.37625,0.49750,0.99994,0.00004,0.00001,0.00001
21.51875,0.49750,0.99992,0.00006,0.00001,0.00001
21.66125,0.49750,0.99989,0.00009,0.00001,0.00001
21.80375,0.49750,0.99950,0.00029,0.00007,0.00014
21.94625,0.49750,0.98851,0.00301,0.00133,0.00715
22.08875,0.49750,0.20806,0.00041,0.00014,0.79139
22.23125,0.49750,0.00189,0.00000,0.00000,0.99811
22.37375,0.49750,0.00081,0.00000,0.00000,0.99919
22.51625,0.49750,0.06959,0.00000,0.00002,0.93040
22.65875,0.49750,0.98793,0.00002,0.00045,0.01159
22.80125,0.49750,0.99983,0.00012,0.00001,0.00004
22.94375,0.49750,0.99994,0.00005,0.00001,0.00001
23.08625,0.49750,0.99996,0.00003,0.00000,0.00000
23.22875,0.49750,0.99993,0.00006,0.00001,0.00001
23.37125,0.49750,0.99991,0.00007,0.00001,0.00001
23.51375,0.49750,0.99987,0.00010,0.00002,0.00001
23.65625,0.49750,0.99980,0.00013,0.00003,0.00003
23.79875,0.49750,0.99721,0.00095,0.00049,0.00136
23.94125,0.49750,0.81416,0.00292,0.00168,0.18124
24.08375,0.49750,0.00703,0.00001,0.00001,0.99295
24.22625,0.49750,0.00099,0.00000,0.00001,0.99900
24.36875,0.49750,0.02293,0.00000,0.00001,0.97706
24.51125,0.49750,0.92576,0.00003,0.00061,0.07361
24.65375,0.49750,0.99951,0.00012,0.00010,0.00027
24.79625,0.49750,0.99986,0.00011,0.00002,0.00001
24.93875,0.49750,0.99988,0.00009,0.00002,0.00001
25.08125,0.49750,0.99986,0.00011,0.00002,0.00001
25.22375,0.49750,0.99988,0.00010,0.00001,0.00001
25.36625,0.49750,0.99975,0.00015,0.00003,0.00007
25.50875,0.49750,0.99361,0.00115,0.00075,0.00449
25.65125,0.49750,0.37933,0.00057,0.00040,0.61970
25.79375,0.49750,0.00329,0.00001,0.00000,0.99670
25.93625,0.49750,0.00168,0.00000,0.00000,0.99832
26.07875,0.49750,0.09244,0.00001,0.00001,0.90755
26.22125,0.49750,0.96895,0.00026,0.00028,0.03051
26.36375,0.49750,0.99965,0.00016,0.00003,0.00016
26.50625,0.49750,0.99977,0.00014,0.00005,0.00003
26.64875,0.49750,0.99984,0.00012,0.00003,0.00001
26.79125,0.49750,0.99982,0.00015,0.00003,0.00001
26.93375,0.49750,0.99985,0.00012,0.00002,0.00001
27.07625,0.49750,0.99940,0.00030,0.00009,0.00021
27.21875,0.49750,0.98180,0.00195,0.00217,0.01408
27.36125,0.49750,0.22250,0.00115,0.00095,0.77540
27.50375,0.49750,0.00347,0.00001,0.00001,0.99651
27.64625,0.49750,0.00104,0.00000,0.00000,0.99896
27.78875,0.49750,0.03723,0.00000,0.00003,0.96274
27.93125,0.49750,0.93985,0.00002,0.00166,0.05847
28.07375,0.49750,0.99948,0.00024,0.00013,0.00016
28.21625,0.49750,0.99983,0.00011,0.00004,0.00001
28.35875,0.49750,0.99991,0.00007,0.00001,0.00001
28.50125,0.49750,0.99984,0.00013,0.00002,0.00001
28.64375,0.49750,0.99980,0.00016,0.00002,0.00001
28.78625,0.49750,0.99983,0.00014,0.00002,0.00001
28.92875,0.49750,0.99981,0.00013,0.00003,0.00003
29.07125,0.49750,0.99740,0.00123,0.00037,0.00099
29.21375,0.49750,0.89928,0.00564,0.00304,0.09203
29.35625,0.49750,0.02300,0.00009,0.00012,0.97680
29.49875,0.49750,0.00264,0.00000,0.00000,0.99736
29.64125,0.49750,0.01008,0.00000,0.00000,0.98991
29.78375,0.49750,0.58239,0.00024,0.00003,0.41735
29.92625,0.49750,0.99735,0.00037,0.00010,0.00218
30.06875,0.49750,0.99981,0.00013,0.00002,0.00004
30.21125,0.49750,0.99983,0.00011,0.00005,0.00002
30.35375,0.49750,0.99984,0.00011,0.00003,0.00001
30.49625,0.49750,0.99980,0.00016,0.00002,0.00001
30.63875,0.49750,0.99985,0.00013,0.00001,0.00001
30.78125,0.49750,0.99973,0.00018,0.00003,0.00006
30.92375,0.49750,0.99476,0.00070,0.00063,0.00391
31.06625,0.49750,0.41844,0.00032,0.00059,0.58065
31.20875,0.49750,0.00197,0.00000,0.00001,0.99801
31.35125,0.49750,0.00125,0.00000,0.00001,0.99874
31.49375,0.49750,0.11163,0.00000,0.00007,0.88829
31.63625,0.49750,0.97975,0.00002,0.00128,0.01895
31.77875,0.49750,0.99971,0.00015,0.00006,0.00008
31.92125,0.49750,0.99966,0.00025,0.00006,0.00003
32.06375,0.49750,0.99979,0.00017,0.00003,0.00001
32.20625,0.49750,0.99979,0.00018,0.00002,0.00001
32.34875,0.49750,0.99982,0.00015,0.00001,0.00001
32.49125,0.49750,0.99981,0.00014,0.00002,0.00003
32.63375,0.49750,0.99839,0.00043,0.00029,0.00089
32.77625,0.49750,0.90837,0.00212,0.00481,0.08470
32.91875,0.49750,0.02480,0.00003,0.00012,0.97505
33.06125,0.49750,0.00078,0.00000,0.00001,0.99921
33.20375,0.49750,0.00110,0.00000,0.00000,0.99890
33.34625,0.49750,0.07362,0.00000,0.00008,0.92630
33.48875,0.49750,0.97545,0.00004,0.00102,0.02350
33.63125,0.49750,0.99959,0.00031,0.00002,0.00009
33.77375,0.49750,0.99984,0.00012,0.00003,0.00001
33.91625,0.49750,0.99983,0.00013,0.00003,0.00001
34.05875,0.49750,0.99974,0.00021,0.00003,0.00002
34.20125,0.49750,0.99971,0.00024,0.00003,0.00002
34.34375,0.49750,0.99968,0.00027,0.00002,0.00003
34.48625,0.49750,0.99982,0.00015,0.00001,0.00002
34.62875,0.49750,0.99987,0.00010,0.00001,0.00002
34.77125,0.49750,0.99994,0.00004,0.00001,0.00001
34.91375,0.49750,0.99994,0.00003,0.00001,0.00002
35.05625,0.49750,0.99996,0.00001,0.00001,0.00002
35.19875,0.49750,0.99995,0.00002,0.00001,0.00002
35.34125,0.49750,0.99994,0.00002,0.00002,0.00001
35.48375,0.49750,0.99990,0.00006,0.00003,0.00001
35.62625,0.49750,0.99983,0.00012,0.00004,0.00001
35.76875,0.49750,0.99991,0.00006,0.00002,0.00001
35.91125,0.49750,0.99983,0.00008,0.00004,0.00006
36.05375,0.49750,0.99441,0.00028,0.00041,0.00490
36.19625,0.49750,0.36001,0.00010,0.00082,0.63908
36.33875,0.49750,0.00239,0.00000,0.00010,0.99752
36.48125,0.49750,0.00458,0.00000,0.00006,0.99535
36.62375,0.49750,0.18354,0.00000,0.00060,0.81586
36.76625,0.49750,0.98715,0.00002,0.00356,0.00927
36.90875,0.49750,0.99967,0.00022,0.00005,0.00007
37.05125,0.49750,0.99973,0.00019,0.00004,0.00004
37.19375,0.49750,0.99987,0.00010,0.00001,0.00002
37.33625,0.49750,0.99990,0.00008,0.00001,0.00001
37.47875,0.49750,0.99991,0.00006,0.00001,0.00001
37.62125,0.49750,0.99956,0.00012,0.00011,0.00021
37.76375,0.49750,0.92349,0.00034,0.00020,0.07596
37.90625,0.49750,0.01742,0.00001,0.00001,0.98256
38.04875,0.49750,0.00223,0.00000,0.00001,0.99776
38.19125,0.49750,0.03553,0.00000,0.00002,0.96445
38.33375,0.49750,0.92882,0.00004,0.00324,0.06790
38.47625,0.49750,0.99958,0.00006,0.00011,0.00024
38.61875,0.49750,0.99981,0.00007,0.00007,0.00005
38.76125,0.49750,0.99992,0.00005,0.00002,0.00001
38.90375,0.49750,0.99992,0.00006,0.00001,0.00001
39.04625,0.49750,0.99995,0.00004,0.00001,0.00001
39.18875,0.49750,0.99994,0.00003,0.00001,0.00002
39.33125,0.49750,0.99874,0.00021,0.00013,0.00092
39.47375,0.49750,0.64161,0.00014,0.00017,0.35808
39.61625,0.49750,0.00638,0.00000,0.00001,0.99361
39.75875,0.49750,0.00161,0.00000,0.00001,0.99838
39.90125,0.49750,0.06202,0.00000,0.00006,0.93792
40.04375,0.49750,0.97381,0.00009,0.00075,0.02536
40.18625,0.49750,0.99971,0.00015,0.00003,0.00010
40.32875,0.49750,0.99989,0.00008,0.00002,0.00001
40.47125,0.49750,0.99994,0.00005,0.00001,0.00000
40.61375,0.49750,0.99994,0.00005,0.00001,0.00000
40.75625,0.49750,0.99993,0.00006,0.00001,0.00001
40.89875,0.49750,0.99993,0.00006,0.00001,0.00001
41.04125,0.49750,0.99981,0.00011,0.00003,0.00005
41.18375,0.49750,0.99581,0.00178,0.00052,0.00189
41.32625,0.49750,0.58146,0.00187,0.00032,0.41635
41.46875,0.49750,0.00561,0.00001,0.00000,0.99438
41.61125,0.49750,0.00179,0.00000,0.00000,0.99821
41.75375,0.49750,0.05239,0.00001,0.00001,0.94760
41.89625,0.49750,0.96646,0.00036,0.00077,0.03241
42.03875,0.49750,0.99897,0.00071,0.00013,0.00019
42.18125,0.49750,0.99951,0.00038,0.00008,0.00003
42.32375,0.49750,0.99978,0.00018,0.00003,0.00001
42.46625,0.49750,0.99975,0.00021,0.00002,0.00002
42.60875,0.49750,0.99985,0.00012,0.00001,0.00001
42.75125,0.49750,0.99965,0.00020,0.00005,0.00010
42.89375,0.49750,0.99367,0.00251,0.00066,0.00317
43.03625,0.49750,0.44274,0.00154,0.00030,0.55542
43.17875,0.49750,0.00450,0.00001,0.00000,0.99549
43.32125,0.49750,0.00233,0.00000,0.00000,0.99767
43.46375,0.49750,0.03935,0.00000,0.00001,0.96064
43.60625,0.49750,0.96990,0.00027,0.00105,0.02879
43.74875,0.49750,0.99947,0.00032,0.00009,0.00012
43.89125,0.49750,0.99971,0.00015,0.00013,0.00002
44.03375,0.49750,0.99987,0.00008,0.00004,0.00001
44.17625,0.49750,0.99987,0.00009,0.00003,0.00001
44.31875,0.49750,0.99991,0.00007,0.00001,0.00001
44.46125,0.49750,0.99946,0.00028,0.00007,0.00019
44.60375,0.49750,0.98059,0.00237,0.00076,0.01627
44.74625,0.49750,0.07213,0.00011,0.00003,0.92774
44.88875,0.49750,0.00200,0.00000,0.00000,0.99800
45.03125,0.49750,0.01220,0.00000,0.00000,0.98779
45.17375,0.49750,0.43194,0.00002,0.00017,0.56787
45.31625,0.49750,0.99329,0.00007,0.00199,0.00465
45.45875,0.49750,0.99946,0.00016,0.00028,0.00011
45.60125,0.49750,0.99973,0.00017,0.00008,0.00002
45.74375,0.49750,0.99984,0.00012,0.00003,0.00001
45.88625,0.49750,0.99989,0.00009,0.00001,0.00001
46.02875,0.49750,0.99990,0.00008,0.00001,0.00001
46.17125,0.49750,0.99932,0.00032,0.00009,0.00027
46.31375,0.49750,0.97326,0.00206,0.00154,0.02314
46.45625,0.49750,0.06413,0.00007,0.00014,0.93566
46.59875,0.49750,0.00222,0.00000,0.00002,0.99776
46.74125,0.49750,0.00628,0.00000,0.00001,0.99371
46.88375,0.49750,0.38532,0.00001,0.00019,0.61448
47.02625,0.49750,0.99702,0.00003,0.00027,0.00268
47.16875,0.49750,0.99990,0.00007,0.00001,0.00002
47.31125,0.49750,0.99995,0.00004,0.00001,0.00001
47.45375,0.49750,0.99994,0.00004,0.00001,0.00001
47.59625,0.49750,0.99991,0.00007,0.00001,0.00001
47.73875,0.49750,0.99991,0.00007,0.00001,0.00001
47.88125,0.49750,0.99962,0.00020,0.00006,0.00012
48.02375,0.49750,0.98812,0.00195,0.00099,0.00895
48.16625,0.49750,0.15872,0.00027,0.00014,0.84087
48.30875,0.49750,0.00223,0.00000,0.00005,0.99772
48.45125,0.49750,0.00698,0.00000,0.00004,0.99298
48.59375,0.49750,0.34272,0.00000,0.00065,0.65662
48.73625,0.49750,0.99620,0.00001,0.00071,0.00309
48.87875,0.49750,0.99987,0.00008,0.00002,0.00002
49.02125,0.49750,0.99989,0.00007,0.00003,0.00001
49.16375,0.49750,0.99988,0.00009,0.00002,0.00001
49.30625,0.49750,0.99987,0.00010,0.00002,0.00001
49.44875,0.49750,0.99989,0.00009,0.00001,0.00001
49.59125,0.49750,0.99963,0.00019,0.00005,0.00013
49.73375,0.49750,0.99252,0.00218,0.00067,0.00463
49.87625,0.49750,0.36786,0.00086,0.00100,0.63028
50.01875,0.49750,0.00487,0.00001,0.00002,0.99511
50.16125,0.49750,0.00182,0.00000,0.00001,0.99817
50.30375,0.49750,0.07020,0.00000,0.00003,0.92977
50.44625,0.49750,0.98061,0.00003,0.00068,0.01868
50.58875,0.49750,0.99970,0.00017,0.00005,0.00008
50.73125,0.49750,0.99986,0.00010,0.00003,0.00001
50.87375,0.49750,0.99984,0.00012,0.00003,0.00001
51.01625,0.49750,0.99983,0.00014,0.00002,0.00001
51.15875,0.49750,0.99984,0.00014,0.00001,0.00001
51.30125,0.49750,0.99987,0.00011,0.00001,0.00001
51.44375,0.49750,0.99989,0.00008,0.00001,0.00001
51.58625,0.49750,0.99914,0.00049,0.00011,0.00026
51.72875,0.49750,0.97006,0.00343,0.00097,0.02554
51.87125,0.49750,0.05816,0.00014,0.00003,0.94166
52.01375,0.49750,0.00190,0.00000,0.00000,0.99809
52.15625,0.49750,0.00692,0.00000,0.00000,0.99308
52.29875,0.49750,0.44780,0.00004,0.00065,0.55151
52.44125,0.49750,0.99268,0.00003,0.00234,0.00495
52.58375,0.49750,0.99958,0.00026,0.00012,0.00005
52.72625,0.49750,0.99972,0.00017,0.00010,0.00002
52.86875,0.49750,0.99970,0.00021,0.00008,0.00002
53.01125,0.49750,0.99973,0.00021,0.00004,0.00002
53.15375,0.49750,0.99977,0.00018,0.00003,0.00001
53.29625,0.49750,0.99983,0.00014,0.00002,0.00001
53.43875,0.49750,0.99987,0.00011,0.00001,0.00001
53.58125,0.49750,0.99960,0.00025,0.00005,0.00010
53.72375,0.49750,0.99268,0.00321,0.00061,0.00349
53.86625,0.49750,0.38022,0.00100,0.00025,0.61853
54.00875,0.49750,0.00247,0.00000,0.00000,0.99753
54.15125,0.49750,0.00052,0.00000,0.00000,0.99948
54.29375,0.49750,0.02540,0.00000,0.00001,0.97459
54.43625,0.49750,0.91646,0.00003,0.00048,0.08303
54.57875,0.49750,0.99920,0.00025,0.00005,0.00050
54.72125,0.49750,0.99983,0.00010,0.00003,0.00004
54.86375,0.49750,0.99985,0.00012,0.00002,0.00001
55.00625,0.49750,0.99986,0.00012,0.00001,0.00001
55.14875,0.49750,0.99983,0.00015,0.00001,0.00001
55.29125,0.49750,0.99980,0.00015,0.00002,0.00003
55.43375,0.49750,0.99826,0.00080,0.00022,0.00072
55.57625,0.49750,0.91623,0.00279,0.00187,0.07911
55.71875,0.49750,0.01944,0.00001,0.00003,0.98052
55.86125,0.49750,0.00094,0.00000,0.00000,0.99905
56.00375,0.49750,0.00438,0.00000,0.00000,0.99561
56.14625,0.49750,0.53733,0.00001,0.00026,0.46240
56.28875,0.49750,0.99732,0.00004,0.00018,0.00245
56.43125,0.49750,0.99954,0.00041,0.00001,0.00005
56.57375,0.49750,0.99975,0.00023,0.00001,0.00001
56.71625,0.49750,0.99972,0.00026,0.00001,0.00001
56.85875,0.49750,0.99978,0.00020,0.00001,0.00001
57.00125,0.49750,0.99978,0.00019,0.00001,0.00001
57.14375,0.49750,0.99975,0.00021,0.00002,0.00002
57.28625,0.49750,0.99979,0.00018,0.00002,0.00001
57.42875,0.49750,0.99987,0.00011,0.00001,0.00001
57.57125,0.49750,0.99992,0.00007,0.00001,0.00001
57.71375,0.49750,0.99993,0.00005,0.00001,0.00000
57.85625,0.49750,0.99993,0.00006,0.00001,0.00000
57.99875,0.49750,0.99991,0.00007,0.00001,0.00001
58.14125,0.49750,0.99992,0.00006,0.00001,0.00001
58.28375,0.49750,0.99995,0.00004,0.00001,0.00001
58.42625,0.49750,0.99994,0.00003,0.00001,0.00002
58.56875,0.49750,0.99923,0.00015,0.00012,0.00049
58.71125,0.49750,0.85986,0.00030,0.00083,0.13901
58.85375,0.49750,0.00977,0.00000,0.00001,0.99021
58.99625,0.49750,0.00077,0.00000,0.00001,0.99922
59.13875,0.49750,0.01996,0.00000,0.00005,0.97999
59.28125,0.49750,0.90676,0.00002,0.00339,0.08983
59.42375,0.49750,0.99932,0.00009,0.00030,0.00030
59.56625,0.49750,0.99977,0.00008,0.00012,0.00002
59.70875,0.49750,0.99989,0.00008,0.00002,0.00001
59.85125,0.49750,0.99987,0.00010,0.00002,0.00001
59.99375,0.49750,0.99985,0.00012,0.00002,0.00001
60.13625,0.49750,0.99989,0.00010,0.00001,0.00001
60.27875,0.49750,0.99988,0.00009,0.00001,0.00002
60.42125,0.49750,0.99858,0.00065,0.00017,0.00061
60.56375,0.49750,0.92806,0.00405,0.00155,0.06634
60.70625,0.49750,0.02635,0.00009,0.00002,0.97353
60.84875,0.49750,0.00185,0.00000,0.00001,0.99814
60.99125,0.49750,0.01099,0.00000,0.00000,0.98901
61.13375,0.49750,0.63709,0.00016,0.00045,0.36230
61.27625,0.49750,0.99651,0.00012,0.00093,0.00245
61.41875,0.49750,0.99903,0.00016,0.00071,0.00009
61.56125,0.49750,0.99980,0.00011,0.00007,0.00001
61.70375,0.49750,0.99982,0.00013,0.00004,0.00001
61.84625,0.49750,0.99986,0.00011,0.00002,0.00001
61.98875,0.49750,0.99990,0.00009,0.00001,0.00001
62.13125,0.49750,0.99964,0.00022,0.00004,0.00010
62.27375,0.49750,0.99168,0.00309,0.00088,0.00435
62.41625,0.49750,0.43195,0.00204,0.00107,0.56493
62.55875,0.49750,0.00575,0.00001,0.00001,0.99423
62.70125,0.49750,0.00113,0.00000,0.00000,0.99887
62.84375,0.49750,0.06799,0.00000,0.00003,0.93198
62.98625,0.49750,0.97834,0.00004,0.00063,0.02098
63.12875,0.49750,0.99961,0.00018,0.00010,0.00011
63.27125,0.49750,0.99986,0.00012,0.00001,0.00001
63.41375,0.49750,0.99989,0.00009,0.00001,0.00001
63.55625,0.49750,0.99992,0.00007,0.00001,0.00001
63.69875,0.49750,0.99992,0.00006,0.00001,0.00001
63.84125,0.49750,0.99993,0.00005,0.00001,0.00001
63.98375,0.49750,0.99995,0.00004,0.00001,0.00000
64.12625,0.49750,0.99997,0.00002,0.00001,0.00000
64.26875,0.49750,0.99996,0.00002,0.00001,0.00001
64.41125,0.49751,0.99897,0.00023,0.00013,0.00067
64.55375,0.49750,0.89570,0.00130,0.00152,0.10149
64.69625,0.49750,0.01539,0.00001,0.00007,0.98453
64.83875,0.49750,0.00179,0.00000,0.00000,0.99820
64.98125,0.49751,0.01399,0.00000,0.00000,0.98601
65.12375,0.49750,0.53567,0.00008,0.00017,0.46408
65.26625,0.49750,0.99560,0.00014,0.00051,0.00375
65.40875,0.49750,0.99979,0.00003,0.00010,0.00008
65.55125,0.49751,0.99982,0.00004,0.00012,0.00002
65.69375,0.49751,0.99979,0.00011,0.00009,0.00002
65.83625,0.49750,0.99967,0.00025,0.00006,0.00002
65.97875,0.49750,0.99976,0.00020,0.00003,0.00002
66.12125,0.49751,0.99957,0.00026,0.00007,0.00011
66.26375,0.49751,0.99371,0.00253,0.00101,0.00274
66.40625,0.49750,0.77438,0.00815,0.00895,0.20851
66.54875,0.49750,0.02196,0.00006,0.00069,0.97729
66.69125,0.49750,0.00111,0.00000,0.00001,0.99888
66.83375,0.49751,0.00161,0.00000,0.00000,0.99839
66.97625,0.49750,0.17274,0.00000,0.00011,0.82715
67.11875,0.49750,0.98522,0.00015,0.00031,0.01432
67.26125,0.49750,0.99963,0.00024,0.00003,0.00010
67.40375,0.49751,0.99977,0.00015,0.00005,0.00002
67.54625,0.49750,0.99981,0.00014,0.00004,0.00001
67.68875,0.49750,0.99974,0.00021,0.00003,0.00002
67.83125,0.49750,0.99979,0.00017,0.00002,0.00002
67.97375,0.49751,0.99981,0.00010,0.00003,0.00006
68.11625,0.49750,0.99989,0.00002,0.00002,0.00008
68.25875,0.49750,0.99990,0.00000,0.00001,0.00008
68.40125,0.49750,0.99996,0.00000,0.00000,0.00004
68.54375,0.49751,0.99998,0.00000,0.00000,0.00001
68.68625,0.49750,0.99998,0.00000,0.00001,0.00001
68.82875,0.49750,0.99997,0.00001,0.00001,0.00001
68.97125,0.49750,0.99996,0.00002,0.00002,0.00001
69.11375,0.49751,0.99991,0.00005,0.00003,0.00001
69.25625,0.49751,0.99991,0.00005,0.00003,0.00001
69.39875,0.49750,0.99994,0.00003,0.00002,0.00001
69.54125,0.49750,0.99994,0.00002,0.00002,0.00002
69.68375,0.49751,0.99924,0.00015,0.00011,0.00050
69.82625,0.49751,0.94491,0.00084,0.00049,0.05376
69.96875,0.49750,0.03000,0.00002,0.00004,0.96995
70.11125,0.49750,0.00377,0.00000,0.00004,0.99619
70.25375,0.49750,0.04279,0.00000,0.00008,0.95714
70.39625,0.49751,0.93107,0.00002,0.00174,0.06717
70.53875,0.49750,0.99925,0.00011,0.00027,0.00037
70.68125,0.49750,0.99973,0.00011,0.00012,0.00003
70.82375,0.49750,0.99982,0.00014,0.00004,0.00001
70.96625,0.49751,0.99992,0.00007,0.00001,0.00001
71.10875,0.49750,0.99995,0.00004,0.00001,0.00000
71.25125,0.49750,0.99993,0.00005,0.00001,0.00001
71.39375,0.49750,0.99906,0.00038,0.00012,0.00044
71.53625,0.49751,0.91801,0.00229,0.00155,0.07815
71.67875,0.49750,0.01912,0.00001,0.00006,0.98080
71.82125,0.49750,0.00106,0.00000,0.00001,0.99893
71.96375,0.49750,0.00518,0.00000,0.00000,0.99481
72.10625,0.49751,0.30665,0.00000,0.00027,0.69307
72.24875,0.49750,0.99272,0.00002,0.00061,0.00665
72.39125,0.49750,0.99971,0.00014,0.00006,0.00009
72.53375,0.49750,0.99972,0.00016,0.00010,0.00002
72.67625,0.49751,0.99983,0.00012,0.00004,0.00001
72.81875,0.49751,0.99985,0.00011,0.00003,0.00001
72.96125,0.49750,0.99991,0.00007,0.00001,0.00001
73.10375,0.49750,0.99994,0.00005,0.00001,0.00001
73.24625,0.49751,0.99985,0.00008,0.00002,0.00004
73.38875,0.49751,0.99597,0.00094,0.00048,0.00261
73.53125,0.49750,0.57824,0.00116,0.00137,0.41923
73.67375,0.49750,0.00381,0.00000,0.00002,0.99617
73.81625,0.49750,0.00098,0.00000,0.00001,0.99900
73.95875,0.49751,0.01610,0.00000,0.00001,0.98388
74.10125,0.49750,0.85379,0.00003,0.00063,0.14555
74.24375,0.49750,0.99900,0.00030,0.00009,0.00061
74.38625,0.49750,0.99979,0.00009,0.00008,0.00003
74.52875,0.49751,0.99989,0.00007,0.00003,0.00001
74.67125,0.49750,0.99988,0.00009,0.00002,0.00001
74.81375,0.49750,0.99989,0.00008,0.00002,0.00001
74.95625,0.49750,0.99990,0.00008,0.00001,0.00001
75.09875,0.49751,0.99991,0.00007,0.00001,0.00001
75.24125,0.49750,0.99937,0.00036,0.00009,0.00019
75.38375,0.49750,0.98290,0.00310,0.00148,0.01252
75.52625,0.49750,0.13525,0.00045,0.00023,0.86407
75.66875,0.49751,0.00243,0.00000,0.00000,0.99756
75.81125,0.49750,0.00362,0.00000,0.00000,0.99638
75.95375,0.49750,0.14868,0.00000,0.00001,0.85131
76.09625,0.49750,0.98933,0.00008,0.00038,0.01021
76.23875,0.49751,0.99959,0.00025,0.00002,0.00014
76.38125,0.49751,0.99971,0.00022,0.00004,0.00003
76.52375,0.49750,0.99972,0.00023,0.00003,0.00002
76.66625,0.49750,0.99979,0.00018,0.00002,0.00001
76.80875,0.49751,0.99984,0.00014,0.00002,0.00001
76.95125,0.49751,0.99984,0.00013,0.00002,0.00001
77.09375,0.49750,0.99956,0.00024,0.00008,0.00012
77.23625,0.49750,0.99178,0.00180,0.00163,0.00479
77.37875,0.49750,0.47256,0.00109,0.00427,0.52207
77.52125,0.49751,0.00921,0.00001,0.00004,0.99074
77.66375,0.49750,0.00127,0.00000,0.00000,0.99873
77.80625,0.49750,0.00918,0.00000,0.00000,0.99082
77.94875,0.49750,0.70919,0.00021,0.00005,0.29055
78.09125,0.49751,0.99624,0.00050,0.00032,0.00294
78.23375,0.49750,0.99982,0.00009,0.00003,0.00006
78.37625,0.49750,0.99993,0.00005,0.00001,0.00001
78.51875,0.49750,0.99991,0.00007,0.00001,0.00001
78.66125,0.49751,0.99987,0.00011,0.00001,0.00001
78.80375,0.49750,0.99980,0.00017,0.00002,0.00001
78.94625,0.49750,0.99977,0.00020,0.00002,0.00002
79.08875,0.49750,0.99978,0.00018,0.00002,0.00002
79.23125,0.49751,0.99988,0.00010,0.00001,0.00001
79.37375,0.49750,0.99994,0.00005,0.00001,0.00001
79.51625,0.49750,0.99995,0.00004,0.00001,0.00000
79.65875,0.49750,0.99996,0.00003,0.00001,0.00000
79.80125,0.49751,0.99996,0.00003,0.00001,0.00000
79.94375,0.49751,0.99996,0.00003,0.00001,0.00000
80.08625,0.49750,0.99996,0.00003,0.00001,0.00000
80.22875,0.49750,0.99995,0.00004,0.00001,0.00000
80.37125,0.49751,0.99993,0.00005,0.00001,0.00000
80.51375,0.49751,0.99991,0.00007,0.00002,0.00000
80.65625,0.49750,0.99993,0.00005,0.00001,0.00000
80.79875,0.49750,0.99996,0.00003,0.00001,0.00001
80.94125,0.49750,0.99991,0.00003,0.00002,0.00003
81.08375,0.49751,0.99399,0.00006,0.00032,0.00563
81.22625,0.49750,0.14298,0.00000,0.00005,0.85697
81.36875,0.49750,0.00186,0.00000,0.00001,0.99813
81.51125,0.49750,0.00811,0.00000,0.00000,0.99189
81.65375,0.49751,0.53562,0.00001,0.00014,0.46423
81.79625,0.49750,0.99624,0.00005,0.00042,0.00328
81.93875,0.49750,0.99970,0.00014,0.00007,0.00008
82.08125,0.49750,0.99972,0.00019,0.00006,0.00002
82.22375,0.49751,0.99983,0.00013,0.00002,0.00001
82.36625,0.49750,0.99991,0.00008,0.00001,0.00001
82.50875,0.49750,0.99991,0.00007,0.00001,0.00001
82.65125,0.49750,0.99914,0.00043,0.00013,0.00031
82.79375,0.49751,0.94012,0.00191,0.00118,0.05680
82.93625,0.49750,0.01906,0.00001,0.00001,0.98092
83.07875,0.49750,0.00090,0.00000,0.00000,0.99910
83.22125,0.49750,0.00566,0.00000,0.00000,0.99434
83.36375,0.49751,0.61281,0.00000,0.00043,0.38676
83.50625,0.49751,0.99638,0.00005,0.00048,0.00308
83.64875,0.49750,0.99972,0.00012,0.00010,0.00006
83.79125,0.49750,0.99973,0.00020,0.00005,0.00002
83.93375,0.49751,0.99987,0.00010,0.00002,0.00001
84.07625,0.49751,0.99994,0.00005,0.00001,0.00001
84.21875,0.49750,0.99993,0.00004,0.00001,0.00002
84.36125,0.49750,0.99853,0.00040,0.00025,0.00082
84.50375,0.49750,0.72377,0.00048,0.00050,0.27524
84.64625,0.49751,0.00574,0.00000,0.00001,0.99424
84.78875,0.49750,0.00116,0.00000,0.00001,0.99883
84.93125,0.49750,0.04204,0.00000,0.00001,0.95795
85.07375,0.49750,0.94613,0.00001,0.00066,0.05320
85.21625,0.49751,0.99969,0.00008,0.00004,0.00020
85.35875,0.49750,0.99989,0.00006,0.00003,0.00002
85.50125,0.49750,0.99982,0.00013,0.00003,0.00001
85.64375,0.49750,0.99987,0.00011,0.00001,0.00001
85.78625,0.49751,0.99984,0.00013,0.00001,0.00001
85.92875,0.49750,0.99944,0.00031,0.00009,0.00017
86.07125,0.49750,0.98123,0.00150,0.00171,0.01556
86.21375,0.49750,0.09886,0.00007,0.00014,0.90093
86.35625,0.49751,0.00161,0.00000,0.00001,0.99838
86.49875,0.49750,0.00246,0.00000,0.00000,0.99754
86.64125,0.49750,0.10459,0.00000,0.00007,0.89533
86.78375,0.49750,0.97136,0.00003,0.00181,0.02680
86.92625,0.49751,0.99968,0.00016,0.00004,0.00013
87.06875,0.49751,0.99976,0.00015,0.00007,0.00002
87.21125,0.49750,0.99983,0.00013,0.00003,0.00001
87.35375,0.49750,0.99987,0.00011,0.00001,0.00001
87.49625,0.49751,0.99978,0.00013,0.00004,0.00004
87.63875,0.49751,0.99668,0.00078,0.00069,0.00184
87.78125,0.49750,0.56416,0.00053,0.00048,0.43483
87.92375,0.49750,0.00350,0.00000,0.00000,0.99650
88.06625,0.49750,0.00062,0.00000,0.00000,0.99938
88.20875,0.49751,0.01510,0.00000,0.00000,0.98490
88.35125,0.49750,0.88055,0.00001,0.00059,0.11885
88.49375,0.49750,0.99912,0.00002,0.00011,0.00075
88.63625,0.49750,0.99986,0.00002,0.00009,0.00004
88.77875,0.49751,0.99988,0.00003,0.00007,0.00002
88.92125,0.49750,0.99981,0.00015,0.00003,0.00001
89.06375,0.49750,0.99980,0.00015,0.00003,0.00003
89.20625,0.49750,0.99847,0.00052,0.00035,0.00066
89.34875,0.49751,0.90523,0.00149,0.00187,0.09141
89.49125,0.49750,0.01358,0.00000,0.00001,0.98641
89.63375,0.49750,0.00088,0.00000,0.00000,0.99912
89.77625,0.49750,0.00662,0.00000,0.00000,0.99337
89.91875,0.49751,0.57125,0.00002,0.00008,0.42865
90.06125,0.49750,0.99611,0.00012,0.00019,0.00358
90.20375,0.49750,0.99981,0.00006,0.00006,0.00008
90.34625,0.49750,0.99986,0.00009,0.00003,0.00002
90.48875,0.49751,0.99984,0.00013,0.00002,0.00001
90.63125,0.49751,0.99982,0.00012,0.00002,0.00004
90.77375,0.49750,0.99679,0.00108,0.00058,0.00155
90.91625,0.49750,0.75071,0.00152,0.00096,0.24680
91.05875,0.49751,0.00687,0.00001,0.00000,0.99312
91.20125,0.49751,0.00118,0.00000,0.00000,0.99882
91.34375,0.49750,0.02144,0.00000,0.00000,0.97856
91.48625,0.49750,0.90918,0.00003,0.00027,0.09051
91.62875,0.49750,0.99936,0.00003,0.00005,0.00056
91.77125,0.49751,0.99993,0.00001,0.00003,0.00003
91.91375,0.49750,0.99996,0.00002,0.00001,0.00001
92.05625,0.49750,0.99991,0.00006,0.00002,0.00002
92.19875,0.49750,0.99992,0.00002,0.00002,0.00004
92.34125,0.49751,0.99994,0.00001,0.00001,0.00004
92.48375,0.49750,0.99996,0.00000,0.00001,0.00003
92.62625,0.49750,0.99996,0.00000,0.00001,0.00003
92.76875,0.49750,0.99996,0.00000,0.00001,0.00003
92.91125,0.49751,0.99996,0.00000,0.00002,0.00002
93.05375,0.49750,0.99997,0.00000,0.00002,0.00001
93.19625,0.49750,0.99998,0.00000,0.00001,0.00001
93.33875,0.49750,0.99998,0.00000,0.00001,0.00001
93.48125,0.49751,0.99991,0.00001,0.00003,0.00006
93.62375,0.49750,0.99614,0.00009,0.00031,0.00346
93.76625,0.49750,0.37357,0.00002,0.00012,0.62629
93.90875,0.49750,0.00390,0.00000,0.00001,0.99608
94.05125,0.49751,0.00389,0.00000,0.00001,0.99610
94.19375,0.49751,0.16646,0.00000,0.00013,0.83341
94.33625,0.49750,0.98600,0.00000,0.00099,0.01301
94.47875,0.49750,0.99986,0.00006,0.00001,0.00007
94.62125,0.49751,0.99987,0.00008,0.00002,0.00003
94.76375,0.49751,0.99986,0.00009,0.00002,0.00003
94.90625,0.49750,0.99990,0.00004,0.00002,0.00003
95.04875,0.49750,0.99986,0.00002,0.00005,0.00007
95.19125,0.49750,0.99994,0.00000,0.00002,0.00004
95.33375,0.49751,0.99991,0.00000,0.00003,0.00006
95.47625,0.49750,0.99993,0.00000,0.00002,0.00004
95.61875,0.49750,0.99995,0.00000,0.00002,0.00003
95.76125,0.49750,0.99996,0.00000,0.00002,0.00002
95.90375,0.49751,0.99997,0.00000,0.00001,0.00001
96.04625,0.49750,0.99998,0.00000,0.00001,0.00001
96.18875,0.49750,0.99998,0.00000,0.00001,0.00001
96.33125,0.49750,0.99998,0.00000,0.00001,0.00001
96.47375,0.49751,0.99997,0.00000,0.00001,0.00001
96.61625,0.49750,0.99997,0.00000,0.00002,0.00001
96.75875,0.49750,0.99997,0.00000,0.00002,0.00001
96.90125,0.49750,0.99997,0.00000,0.00002,0.00001
97.04375,0.49751,0.99996,0.00000,0.00001,0.00003
97.18625,0.49750,0.99894,0.00007,0.00022,0.00076
97.32875,0.49750,0.90649,0.00058,0.00112,0.09181
97.47125,0.49750,0.04098,0.00001,0.00003,0.95897
97.61375,0.49751,0.00260,0.00000,0.00002,0.99738
97.75625,0.49751,0.01940,0.00000,0.00001,0.98059
97.89875,0.49750,0.85096,0.00001,0.00068,0.14834
98.04125,0.49750,0.99858,0.00006,0.00012,0.00124
98.18375,0.49751,0.99985,0.00004,0.00007,0.00004
98.32625,0.49751,0.99994,0.00003,0.00001,0.00001
98.46875,0.49750,0.99993,0.00005,0.00001,0.00001
98.61125,0.49750,0.99993,0.00005,0.00001,0.00001
98.75375,0.49750,0.99995,0.00003,0.00001,0.00001
98.89625,0.49751,0.99996,0.00002,0.00001,0.00001
99.03875,0.49750,0.99997,0.00002,0.00001,0.00000
99.18125,0.49750,0.99997,0.00001,0.00001,0.00000
99.32375,0.49750,0.99998,0.00001,0.00001,0.00000
99.46625,0.49751,0.99998,0.00001,0.00001,0.00000
99.60875,0.49750,0.99998,0.00001,0.00001,0.00000
99.75125,0.49750,0.99998,0.00001,0.00001,0.00000
99.89375,0.49750,0.99998,0.00001,0.00001,0.00000
100.03625,0.49751,0.99996,0.00001,0.00001,0.00002
100.17875,0.49750,0.99836,0.00018,0.00018,0.00128
100.32125,0.49750,0.65816,0.00028,0.00023,0.34134
100.46375,0.49750,0.00452,0.00000,0.00001,0.99547
100.60625,0.49751,0.00148,0.00000,0.00001,0.99851
100.74875,0.49750,0.07648,0.00000,0.00004,0.92348
100.89125,0.49750,0.98650,0.00002,0.00032,0.01317
101.03375,0.49750,0.99988,0.00006,0.00001,0.00005
101.17625,0.49751,0.99997,0.00001,0.00001,0.00001
101.31875,0.49751,0.99997,0.00002,0.00000,0.00000
101.46125,0.49750,0.99995,0.00004,0.00001,0.00000
101.60375,0.49750,0.99994,0.00004,0.00001,0.00000
101.74625,0.49751,0.99994,0.00004,0.00001,0.00000
101.88875,0.49751,0.99995,0.00004,0.00001,0.00000
102.03125,0.49750,0.99995,0.00004,0.00001,0.00000
102.17375,0.49750,0.99994,0.00004,0.00001,0.00000
102.31625,0.49750,0.99994,0.00004,0.00001,0.00000
102.45875,0.49751,0.99994,0.00005,0.00001,0.00000
102.60125,0.49750,0.99994,0.00005,0.00001,0.00000
102.74375,0.49750,0.99994,0.00004,0.00001,0.00000
102.88625,0.49750,0.99996,0.00003,0.00001,0.00000
103.02875,0.49751,0.99991,0.00004,0.00002,0.00003
103.17125,0.49750,0.99793,0.00053,0.00021,0.00133
103.31375,0.49750,0.70021,0.00074,0.00039,0.29866
103.45625,0.49750,0.00601,0.00000,0.00000,0.99398
103.59875,0.49751,0.00103,0.00000,0.00000,0.99896
103.74125,0.49750,0.02345,0.00000,0.00000,0.97655
103.88375,0.49750,0.94516,0.00004,0.00009,0.05472
104.02625,0.49750,0.99970,0.00014,0.00001,0.00015
104.16875,0.49751,0.99993,0.00005,0.00001,0.00001
104.31125,0.49750,0.99995,0.00004,0.00001,0.00000
104.45375,0.49750,0.99994,0.00005,0.00001,0.00000
104.59625,0.49750,0.99993,0.00005,0.00001,0.00000
104.73875,0.49751,0.99993,0.00006,0.00001,0.00000
104.88125,0.49751,0.99994,0.00005,0.00001,0.00000
105.02375,0.49750,0.99994,0.00004,0.00001,0.00001
105.16625,0.49750,0.99995,0.00003,0.00001,0.00000
105.30875,0.49751,0.99996,0.00003,0.00001,0.00000
105.45125,0.49751,0.99997,0.00002,0.00001,0.00000
105.59375,0.49750,0.99997,0.00002,0.00001,0.00000
105.73625,0.49750,0.99997,0.00002,0.00001,0.00000
105.87875,0.49750,0.99997,0.00002,0.00001,0.00000
106.02125,0.49751,0.99997,0.00002,0.00001,0.00000
106.16375,0.49750,0.99995,0.00002,0.00001,0.00001
106.30625,0.49750,0.99877,0.00041,0.00020,0.00062
106.44875,0.49750,0.85993,0.00123,0.00034,0.13851
106.59125,0.49751,0.01537,0.00004,0.00002,0.98458
106.73375,0.49750,0.00543,0.00000,0.00001,0.99456
106.87625,0.49750,0.11753,0.00000,0.00001,0.88246
107.01875,0.49750,0.97920,0.00005,0.00010,0.02065
107.16125,0.49751,0.99986,0.00006,0.00000,0.00007
107.30375,0.49750,0.99995,0.00003,0.00001,0.00001
107.44625,0.49750,0.99997,0.00003,0.00001,0.00000
107.58875,0.49750,0.99996,0.00003,0.00001,0.00000
107.73125,0.49751,0.99994,0.00005,0.00001,0.00000
107.87375,0.49750,0.99994,0.00004,0.00001,0.00000
108.01625,0.49750,0.99994,0.00004,0.00001,0.00000
108.15875,0.49750,0.99996,0.00003,0.00001,0.00000
108.30125,0.49751,0.99996,0.00003,0.00001,0.00000
108.44375,0.49751,0.99997,0.00002,0.00001,0.00000
108.58625,0.49750,0.99997,0.00001,0.00001,0.00000
108.72875,0.49750,0.99998,0.00001,0.00001,0.00000
108.87125,0.49751,0.99998,0.00001,0.00001,0.00001
109.01375,0.49751,0.99998,0.00001,0.00001,0.00000
109.15625,0.49750,0.99998,0.00001,0.00000,0.00000
109.29875,0.49750,0.99999,0.00000,0.00000,0.00000
109.44125,0.49750,0.99999,0.00000,0.00000,0.00000
109.58375,0.49751,0.99999,0.00000,0.00000,0.00001
109.72625,0.49750,0.99978,0.00004,0.00004,0.00013
109.86875,0.49750,0.97840,0.00055,0.00010,0.02094
110.01125,0.49750,0.08345,0.00008,0.00001,0.91646
110.15375,0.49751,0.00357,0.00000,0.00001,0.99643
110.29625,0.49750,0.01605,0.00000,0.00000,0.98395
110.43875,0.49750,0.89602,0.00001,0.00015,0.10382
110.58125,0.49750,0.99954,0.00003,0.00002,0.00042
110.72375,0.49751,0.99997,0.00001,0.00001,0.00001
110.86625,0.49750,0.99997,0.00002,0.00001,0.00000
111.00875,0.49750,0.99995,0.00004,0.00001,0.00000
111.15125,0.49750,0.99994,0.00004,0.00001,0.00000
111.29375,0.49751,0.99995,0.00004,0.00001,0.00000
111.43625,0.49750,0.99994,0.00004,0.00001,0.00000
111.57875,0.49750,0.99996,0.00003,0.00001,0.00000
111.72125,0.49750,0.99997,0.00002,0.00001,0.00000
111.86375,0.49751,0.99997,0.00002,0.00001,0.00000
112.00625,0.49751,0.99997,0.00002,0.00001,0.00000
112.14875,0.49750,0.99996,0.00003,0.00001,0.00000
112.29125,0.49750,0.99996,0.00003,0.00001,0.00000
112.43375,0.49751,0.99997,0.00002,0.00001,0.00000
112.57625,0.49751,0.99998,0.00001,0.00000,0.00000
112.71875,0.49750,0.99994,0.00002,0.00001,0.00003
112.86125,0.49750,0.99779,0.00033,0.00019,0.00169
113.00375,0.49750,0.62139,0.00077,0.00016,0.37768
113.14625,0.49751,0.00706,0.00001,0.00001,0.99293
113.28875,0.49750,0.00319,0.00000,0.00001,0.99680
113.43125,0.49750,0.06521,0.00000,0.00002,0.93477
113.57375,0.49750,0.96295,0.00006,0.00037,0.03662
113.71625,0.49751,0.99974,0.00008,0.00002,0.00016
113.85875,0.49750,0.99992,0.00004,0.00002,0.00001
114.00125,0.49750,0.99992,0.00006,0.00001,0.00001
114.14375,0.49750,0.99992,0.00006,0.00001,0.00001
114.28625,0.49751,0.99993,0.00005,0.00001,0.00001
114.42875,0.49750,0.99993,0.00005,0.00001,0.00001
114.57125,0.49750,0.99995,0.00003,0.00001,0.00000
114.71375,0.49750,0.99994,0.00004,0.00001,0.00000
114.85625,0.49751,0.99995,0.00004,0.00001,0.00000
114.99875,0.49750,0.99996,0.00003,0.00001,0.00000
115.14125,0.49750,0.99996,0.00003,0.00001,0.00000
115.28375,0.49750,0.99997,0.00002,0.00001,0.00000
115.42625,0.49751,0.99997,0.00002,0.00001,0.00000
115.56875,0.49751,0.99998,0.00001,0.00001,0.00000
115.71125,0.49750,0.99996,0.00002,0.00001,0.00001
115.85375,0.49750,0.99891,0.00015,0.00011,0.00083
115.99625,0.49751,0.68757,0.00017,0.00009,0.31217
116.13875,0.49751,0.00618,0.00000,0.00001,0.99381
116.28125,0.49750,0.00297,0.00000,0.00000,0.99703
116.42375,0.49750,0.16979,0.00000,0.00004,0.83017
116.56625,0.49750,0.98862,0.00005,0.00040,0.01093
116.70875,0.49751,0.99987,0.00007,0.00001,0.00004
116.85125,0.49750,0.99992,0.00005,0.00002,0.00001
116.99375,0.49750,0.99993,0.00005,0.00002,0.00001
117.13625,0.49750,0.99990,0.00007,0.00001,0.00001
117.27875,0.49751,0.99992,0.00007,0.00001,0.00001
117.42125,0.49750,0.99992,0.00006,0.00001,0.00001
117.56375,0.49750,0.99994,0.00004,0.00001,0.00000
117.70625,0.49750,0.99995,0.00003,0.00001,0.00000
117.84875,0.49751,0.99995,0.00003,0.00001,0.00000
117.99125,0.49750,0.99995,0.00004,0.00001,0.00000
118.13375,0.49750,0.99995,0.00003,0.00001,0.00000
118.27625,0.49750,0.99996,0.00003,0.00001,0.00000
118.41875,0.49751,0.99997,0.00002,0.00001,0.00000
118.56125,0.49750,0.99997,0.00002,0.00001,0.00000
118.70375,0.49750,0.99997,0.00002,0.00001,0.00000
118.84625,0.49750,0.99996,0.00003,0.00001,0.00000
118.98875,0.49751,0.99994,0.00005,0.00001,0.00000
119.13125,0.49751,0.99993,0.00005,0.00001,0.00000
119.27375,0.49750,0.99995,0.00004,0.00001,0.00000
119.41625,0.49750,0.99996,0.00003,0.00001,0.00000
119.55875,0.49751,0.99995,0.00003,0.00001,0.00000
119.70125,0.49751,0.99997,0.00002,0.00001,0.00000
119.84375,0.49750,0.99993,0.00003,0.00001,0.00003
119.98625,0.49750,0.99877,0.00024,0.00014,0.00086
120.12875,0.49750,0.75212,0.00041,0.00060,0.24687
120.27125,0.49751,0.01264,0.00001,0.00002,0.98733
120.41375,0.49750,0.00143,0.00000,0.00003,0.99854
120.55625,0.49750,0.02310,0.00000,0.00006,0.97684
120.69875,0.49750,0.91051,0.00001,0.00368,0.08580
120.84125,0.49751,0.99941,0.00007,0.00019,0.00032
120.98375,0.49750,0.99982,0.00010,0.00006,0.00002
121.12625,0.49750,0.99995,0.00004,0.00001,0.00000
121.26875,0.49750,0.99993,0.00006,0.00001,0.00000
121.41125,0.49751,0.99993,0.00006,0.00001,0.00001
121.55375,0.49750,0.99991,0.00007,0.00001,0.00001
121.69625,0.49750,0.99993,0.00005,0.00001,0.00001
121.83875,0.49750,0.99995,0.00004,0.00001,0.00001
121.98125,0.49751,0.99997,0.00002,0.00001,0.00000
122.12375,0.49750,0.99998,0.00001,0.00000,0.00000
122.26625,0.49750,0.99998,0.00001,0.00000,0.00001
122.40875,0.49750,0.99998,0.00001,0.00001,0.00001
122.55125,0.49751,0.99997,0.00002,0.00001,0.00001
122.69375,0.49751,0.99995,0.00003,0.00001,0.00001
122.83625,0.49750,0.99991,0.00006,0.00002,0.00001
122.97875,0.49750,0.99994,0.00003,0.00002,0.00001
123.12125,0.49751,0.99997,0.00001,0.00001,0.00001
123.26375,0.49751,0.99998,0.00001,0.00001,0.00001
123.40625,0.49750,0.99998,0.00001,0.00001,0.00000
123.54875,0.49750,0.99998,0.00001,0.00001,0.00000
123.69125,0.49750,0.99997,0.00002,0.00001,0.00000
123.83375,0.49751,0.99996,0.00003,0.00001,0.00000
123.97625,0.49750,0.99995,0.00004,0.00001,0.00000
124.11875,0.49750,0.99994,0.00004,0.00001,0.00000
124.26125,0.49750,0.99994,0.00004,0.00001,0.00000
124.40375,0.49751,0.99995,0.00003,0.00001,0.00000
124.54625,0.49750,0.99997,0.00002,0.00001,0.00001
124.68875,0.49750,0.99998,0.00001,0.00001,0.00001
124.83125,0.49750,0.99998,0.00001,0.00000,0.00001
124.97375,0.49751,0.99998,0.00001,0.00000,0.00001
125.11625,0.49750,0.99999,0.00001,0.00000,0.00000
125.25875,0.49750,0.99998,0.00001,0.00000,0.00000
125.40125,0.49750,0.99998,0.00001,0.00001,0.00000
125.54375,0.49751,0.99998,0.00001,0.00001,0.00000
125.68625,0.49750,0.99998,0.00001,0.00001,0.00000
125.82875,0.49750,0.99998,0.00001,0.00001,0.00000
125.97125,0.49750,0.99998,0.00001,0.00001,0.00000
126.11375,0.49751,0.99998,0.00001,0.00001,0.00000
126.25625,0.49751,0.99999,0.00001,0.00000,0.00000
126.39875,0.49750,0.99999,0.00001,0.00000,0.00000
126.54125,0.49750,0.99999,0.00000,0.00001,0.00000
126.68375,0.49751,0.99999,0.00000,0.00001,0.00000
126.82625,0.49751,0.99999,0.00000,0.00001,0.00000
126.96875,0.49750,0.99998,0.00000,0.00001,0.00001
127.11125,0.49750,0.99998,0.00000,0.00001,0.00001
127.25375,0.49750,0.99974,0.00003,0.00004,0.00019
127.39625,0.49751,0.97488,0.00024,0.00027,0.02462
127.53875,0.49751,0.06753,0.00002,0.00002,0.93243
127.68125,0.49751,0.00309,0.00000,0.00002,0.99689
127.82375,0.49749,0.02581,0.00000,0.00002,0.97416
127.96625,0.49750,0.88823,0.00011,0.00131,0.11036
128.10875,0.49750,0.99928,0.00031,0.00014,0.00027
128.25125,0.49750,0.99976,0.00010,0.00012,0.00002
128.39375,0.49750,0.99995,0.00003,0.00001,0.00000
128.53625,0.49750,0.99995,0.00004,0.00001,0.00000
128.67876,0.49750,0.99994,0.00004,0.00001,0.00000
128.82124,0.49751,0.99994,0.00004,0.00001,0.00000
128.96375,0.49750,0.99991,0.00006,0.00001,0.00001
129.10625,0.49750,0.99995,0.00004,0.00001,0.00001
129.24875,0.49750,0.99996,0.00002,0.00001,0.00001
129.39125,0.49750,0.99998,0.00001,0.00000,0.00001
129.53375,0.49750,0.99984,0.00005,0.00003,0.00009
129.67625,0.49750,0.99205,0.00085,0.00064,0.00646
129.81876,0.49750,0.20371,0.00013,0.00044,0.79572
129.96124,0.49751,0.00461,0.00000,0.00004,0.99535
130.10374,0.49751,0.00976,0.00000,0.00001,0.99023
130.24625,0.49750,0.32000,0.00002,0.00017,0.67981
130.38875,0.49750,0.99456,0.00004,0.00032,0.00508
130.53125,0.49750,0.99990,0.00003,0.00002,0.00005
130.67375,0.49750,0.99995,0.00003,0.00001,0.00001
130.81625,0.49750,0.99996,0.00002,0.00001,0.00000
130.95876,0.49750,0.99996,0.00003,0.00001,0.00000
131.10126,0.49750,0.99997,0.00002,0.00001,0.00000
131.24374,0.49751,0.99998,0.00001,0.00001,0.00001
131.38625,0.49750,0.99988,0.00004,0.00002,0.00005
131.52875,0.49750,0.99520,0.00051,0.00029,0.00399
131.67125,0.49750,0.25012,0.00006,0.00010,0.74972
131.81375,0.49750,0.00296,0.00000,0.00001,0.99703
131.95625,0.49750,0.00668,0.00000,0.00000,0.99331
132.09875,0.49750,0.30142,0.00005,0.00023,0.69830
132.24126,0.49750,0.99390,0.00010,0.00064,0.00536
132.38374,0.49751,0.99967,0.00026,0.00003,0.00004
132.52625,0.49750,0.99992,0.00006,0.00001,0.00001
132.66875,0.49750,0.99996,0.00003,0.00001,0.00000
132.81125,0.49750,0.99995,0.00004,0.00001,0.00000
132.95375,0.49750,0.99993,0.00005,0.00001,0.00001
133.09625,0.49750,0.99993,0.00005,0.00001,0.00001
133.23875,0.49750,0.99995,0.00004,0.00001,0.00001
133.38126,0.49750,0.99997,0.00002,0.00001,0.00001
133.52374,0.49751,0.99998,0.00001,0.00001,0.00001
133.66624,0.49751,0.99998,0.00001,0.00000,0.00001
133.80875,0.49750,0.99992,0.00002,0.00001,0.00004
133.95125,0.49750,0.99726,0.00039,0.00031,0.00205
134.09375,0.49750,0.72414,0.00212,0.00052,0.27322
134.23625,0.49750,0.01004,0.00005,0.00001,0.98990
134.37875,0.49750,0.00855,0.00001,0.00000,0.99143
134.52126,0.49750,0.17199,0.00005,0.00002,0.82795
134.66376,0.49750,0.98773,0.00026,0.00016,0.01186
134.80624,0.49751,0.99985,0.00008,0.00001,0.00006
134.94875,0.49750,0.99994,0.00004,0.00001,0.00001
135.09125,0.49750,0.99996,0.00002,0.00001,0.00001
135.23375,0.49750,0.99994,0.00003,0.00001,0.00002
135.37625,0.49750,0.99994,0.00002,0.00001,0.00003
135.51875,0.49750,0.99995,0.00002,0.00001,0.00002
135.66125,0.49750,0.99998,0.00001,0.00001,0.00001
135.80376,0.49750,0.99998,0.00000,0.00001,0.00001
135.94624,0.49751,0.99998,0.00000,0.00000,0.00001
136.08875,0.49750,0.99958,0.00004,0.00004,0.00034
136.23125,0.49750,0.96968,0.00057,0.00043,0.02932
136.37375,0.49750,0.10515,0.00064,0.00008,0.89413
136.51625,0.49750,0.00510,0.00000,0.00009,0.99481
136.65875,0.49750,0.04533,0.00001,0.00003,0.95463
136.80125,0.49750,0.87271,0.00012,0.00022,0.12695
136.94376,0.49750,0.99920,0.00027,0.00002,0.00051
137.08624,0.49751,0.99972,0.00019,0.00003,0.00006
137.22874,0.49751,0.99984,0.00009,0.00002,0.00005
137.37125,0.49750,0.99989,0.00005,0.00002,0.00004
137.51375,0.49750,0.99992,0.00004,0.00002,0.00002
137.65625,0.49750,0.99997,0.00002,0.00001,0.00000
137.79875,0.49750,0.99997,0.00002,0.00001,0.00000
137.94125,0.49750,0.99997,0.00002,0.00001,0.00000
138.08376,0.49750,0.99997,0.00001,0.00001,0.00001
138.22626,0.49750,0.99969,0.00009,0.00005,0.00017
138.36874,0.49751,0.96898,0.00046,0.00034,0.03022
138.51125,0.49750,0.07300,0.00003,0.00003,0.92695
138.65375,0.49750,0.00295,0.00000,0.00000,0.99705
138.79625,0.49750,0.01891,0.00000,0.00000,0.98108
138.93875,0.49750,0.67834,0.00030,0.00007,0.32129
139.08125,0.49750,0.99635,0.00030,0.00008,0.00327
139.22375,0.49750,0.99953,0.00008,0.00001,0.00037
139.36626,0.49750,0.99986,0.00003,0.00002,0.00009
139.50874,0.49751,0.99994,0.00001,0.00001,0.00004
139.65125,0.49750,0.99997,0.00001,0.00001,0.00001
139.79375,0.49750,0.99999,0.00001,0.00000,0.00000
139.93625,0.49750,0.99998,0.00001,0.00001,0.00000
140.07875,0.49750,0.99997,0.00002,0.00001,0.00000
140.22125,0.49750,0.99997,0.00001,0.00001,0.00001
140.36375,0.49750,0.99976,0.00004,0.00005,0.00015
140.50626,0.49750,0.98641,0.00046,0.00061,0.01253
140.64874,0.49751,0.12363,0.00005,0.00007,0.87626
140.79124,0.49751,0.00264,0.00000,0.00001,0.99735
140.93375,0.49750,0.00656,0.00000,0.00000,0.99343
141.07625,0.49750,0.48038,0.00001,0.00018,0.51943
141.21875,0.49750,0.99680,0.00002,0.00024,0.00294
141.36125,0.49750,0.99988,0.00005,0.00002,0.00005
141.50375,0.49750,0.99997,0.00002,0.00001,0.00001
141.64626,0.49750,0.99997,0.00001,0.00000,0.00001
141.78876,0.49750,0.99997,0.00001,0.00001,0.00001
141.93124,0.49751,0.99998,0.00001,0.00001,0.00001
142.07375,0.49750,0.99998,0.00001,0.00001,0.00001
142.21625,0.49750,0.99998,0.00001,0.00001,0.00001
142.35875,0.49750,0.99998,0.00000,0.00001,0.00001
142.50125,0.49750,0.99986,0.00001,0.00002,0.00011
142.64375,0.49750,0.99318,0.00014,0.00024,0.00644
142.78625,0.49750,0.22319,0.00002,0.00012,0.77667
142.92876,0.49750,0.00317,0.00000,0.00001,0.99682
143.07124,0.49751,0.00279,0.00000,0.00000,0.99721
143.21375,0.49750,0.17264,0.00000,0.00008,0.82727
143.35625,0.49750,0.98967,0.00001,0.00032,0.01000
143.49875,0.49750,0.99991,0.00003,0.00000,0.00006
143.64125,0.49750,0.99998,0.00001,0.00000,0.00001
143.78375,0.49750,0.99997,0.00001,0.00001,0.00002
143.92625,0.49750,0.99996,0.00000,0.00001,0.00003
144.06876,0.49750,0.99997,0.00000,0.00001,0.00002
144.21124,0.49751,0.99998,0.00000,0.00001,0.00001
144.35374,0.49751,0.99998,0.00000,0.00001,0.00001
144.49625,0.49750,0.99997,0.00000,0.00001,0.00001
144.63875,0.49750,0.99987,0.00001,0.00005,0.00007
144.78125,0.49750,0.99572,0.00019,0.00054,0.00355
144.92375,0.49750,0.59477,0.00046,0.00010,0.40466
145.06625,0.49750,0.00971,0.00003,0.00001,0.99025
145.20876,0.49750,0.00549,0.00000,0.00000,0.99451
145.35126,0.49750,0.11071,0.00001,0.00003,0.88925
145.49374,0.49751,0.97048,0.00013,0.00037,0.02902
145.63625,0.49750,0.99966,0.00017,0.00001,0.00016
145.77875,0.49750,0.99987,0.00007,0.00002,0.00004
145.92125,0.49750,0.99994,0.00002,0.00001,0.00003
146.06375,0.49750,0.99993,0.00002,0.00001,0.00003
146.20625,0.49750,0.99995,0.00001,0.00001,0.00002
146.34875,0.49750,0.99997,0.00001,0.00001,0.00001
146.49126,0.49750,0.99997,0.00001,0.00001,0.00001
146.63374,0.49751,0.99998,0.00000,0.00001,0.00001
146.77625,0.49750,0.99986,0.00002,0.00003,0.00008
146.91875,0.49750,0.99150,0.00018,0.00016,0.00816
147.06125,0.49750,0.18031,0.00005,0.00003,0.81962
147.20375,0.49750,0.00298,0.00000,0.00001,0.99701
147.34625,0.49750,0.01459,0.00000,0.00002,0.98539
147.48875,0.49750,0.73188,0.00002,0.00060,0.26750
147.63126,0.49750,0.99711,0.00002,0.00027,0.00260
147.77374,0.49751,0.99884,0.00009,0.00010,0.00098
147.91624,0.49751,0.99895,0.00009,0.00008,0.00088
148.05875,0.49750,0.99859,0.00005,0.00010,0.00126
148.20125,0.49750,0.99978,0.00001,0.00004,0.00018
148.34375,0.49750,0.99996,0.00000,0.00001,0.00002
148.48625,0.49750,0.99997,0.00000,0.00002,0.00001
148.62875,0.49750,0.99997,0.00000,0.00002,0.00001
148.77126,0.49750,0.99997,0.00000,0.00001,0.00001
148.91376,0.49750,0.99994,0.00000,0.00001,0.00004
149.05624,0.49751,0.99835,0.00010,0.00016,0.00139
149.19875,0.49750,0.57171,0.00004,0.00052,0.42774
149.34125,0.49750,0.00690,0.00000,0.00011,0.99298
149.48375,0.49750,0.00756,0.00000,0.00010,0.99234
149.62625,0.49750,0.51917,0.00000,0.00065,0.48018
149.76875,0.49750,0.99649,0.00001,0.00053,0.00297
149.91125,0.49750,0.99993,0.00002,0.00001,0.00005
150.05376,0.49750,0.99996,0.00001,0.00001,0.00003
150.19624,0.49751,0.99995,0.00000,0.00001,0.00004
150.33875,0.49750,0.99996,0.00000,0.00001,0.00003
150.48125,0.49750,0.99997,0.00000,0.00001,0.00003
150.62375,0.49750,0.99998,0.00000,0.00001,0.00001
150.76625,0.49750,0.99998,0.00000,0.00001,0.00001
150.90875,0.49750,0.99998,0.00000,0.00001,0.00001
151.05125,0.49750,0.99967,0.00004,0.00004,0.00025
151.19376,0.49750,0.96274,0.00030,0.00026,0.03671
151.33624,0.49751,0.05768,0.00004,0.00003,0.94226
151.47874,0.49751,0.00258,0.00000,0.00001,0.99742
151.62125,0.49750,0.00494,0.00000,0.00000,0.99505
151.76375,0.49750,0.28522,0.00002,0.00055,0.71421
151.90625,0.49750,0.98226,0.00001,0.00064,0.01709
152.04875,0.49750,0.99940,0.00003,0.00004,0.00053
152.19125,0.49750,0.99980,0.00000,0.00003,0.00017
152.33376,0.49750,0.99991,0.00000,0.00001,0.00008
152.47626,0.49750,0.99994,0.00000,0.00001,0.00005
152.61874,0.49751,0.99997,0.00000,0.00001,0.00002
152.76125,0.49750,0.99997,0.00000,0.00001,0.00002
152.90375,0.49750,0.99997,0.00000,0.00001,0.00002
153.04625,0.49750,0.99979,0.00001,0.00004,0.00016
153.18875,0.49750,0.99485,0.00050,0.00053,0.00412
153.33125,0.49750,0.51232,0.00091,0.00150,0.48526
153.47375,0.49750,0.02106,0.00006,0.00054,0.97834
153.61626,0.49750,0.01660,0.00000,0.00036,0.98304
153.75874,0.49751,0.42888,0.00003,0.00158,0.56951
153.90125,0.49750,0.98536,0.00001,0.00259,0.01203
154.04375,0.49750,0.99957,0.00010,0.00010,0.00023
154.18625,0.49750,0.99949,0.00004,0.00016,0.00032
154.32875,0.49750,0.99951,0.00002,0.00016,0.00031
154.47125,0.49750,0.99983,0.00002,0.00007,0.00008
154.61375,0.49750,0.99996,0.00001,0.00001,0.00001
154.75626,0.49750,0.99998,0.00001,0.00001,0.00000
154.89874,0.49751,0.99998,0.00001,0.00001,0.00001
155.04124,0.49751,0.99995,0.00001,0.00001,0.00003
155.18375,0.49750,0.99902,0.00008,0.00009,0.00081
155.32625,0.49750,0.89777,0.00071,0.00171,0.09981
155.46875,0.49750,0.04031,0.00001,0.00022,0.95946
155.61125,0.49750,0.00640,0.00000,0.00001,0.99358
155.75375,0.49750,0.01606,0.00000,0.00000,0.98394
155.89626,0.49750,0.52705,0.00041,0.00008,0.47246
156.03876,0.49750,0.98887,0.00053,0.00018,0.01041
156.18124,0.49751,0.99968,0.00016,0.00001,0.00015
156.32375,0.49750,0.99991,0.00002,0.00001,0.00005
156.46625,0.49750,0.99987,0.00000,0.00002,0.00010
156.60875,0.49750,0.99987,0.00000,0.00003,0.00010
156.75125,0.49750,0.99992,0.00000,0.00003,0.00005
156.89375,0.49750,0.99997,0.00000,0.00001,0.00002
157.03625,0.49750,0.99997,0.00000,0.00001,0.00001
157.17876,0.49750,0.99997,0.00000,0.00001,0.00001
157.32124,0.49751,0.99994,0.00000,0.00002,0.00004
157.46375,0.49750,0.99865,0.00006,0.00015,0.00114
157.60625,0.49750,0.83508,0.00036,0.00058,0.16399
157.74875,0.49750,0.01625,0.00002,0.00003,0.98370
157.89125,0.49750,0.00156,0.00000,0.00003,0.99842
158.03375,0.49750,0.03106,0.00000,0.00004,0.96889
158.17625,0.49750,0.89454,0.00002,0.00106,0.10437
158.31876,0.49750,0.99938,0.00003,0.00005,0.00055
158.46124,0.49751,0.99996,0.00001,0.00001,0.00003
158.60374,0.49751,0.99998,0.00000,0.00000,0.00002
158.74625,0.49750,0.99997,0.00000,0.00001,0.00002
158.88875,0.49750,0.99996,0.00000,0.00001,0.00003
159.03125,0.49750,0.99996,0.00000,0.00001,0.00002
159.17375,0.49750,0.99998,0.00000,0.00001,0.00001
159.31625,0.49750,0.99997,0.00000,0.00001,0.00002
159.45876,0.49750,0.99948,0.00004,0.00008,0.00040
159.60126,0.49750,0.94900,0.00032,0.00056,0.05012
159.74374,0.49751,0.03955,0.00001,0.00003,0.96041
159.88625,0.49750,0.00143,0.00000,0.00001,0.99856
160.02875,0.49750,0.00642,0.00000,0.00000,0.99357
160.17125,0.49750,0.72098,0.00001,0.00018,0.27882
160.31375,0.49750,0.99894,0.00002,0.00003,0.00101
160.45625,0.49750,0.99995,0.00002,0.00001,0.00002
160.59875,0.49750,0.99998,0.00001,0.00000,0.00000
160.74126,0.49750,0.99997,0.00002,0.00000,0.00000
160.88374,0.49751,0.99997,0.00002,0.00001,0.00001
161.02625,0.49750,0.99997,0.00002,0.00001,0.00001
161.16875,0.49750,0.99997,0.00001,0.00001,0.00001
161.31125,0.49750,0.99998,0.00001,0.00001,0.00001
161.45375,0.49750,0.99998,0.00000,0.00000,0.00001
161.59625,0.49750,0.99985,0.00002,0.00002,0.00011
161.73875,0.49750,0.98951,0.00023,0.00041,0.00985
161.88126,0.49750,0.17239,0.00005,0.00023,0.82732
162.02374,0.49751,0.00205,0.00000,0.00001,0.99794
162.16624,0.49751,0.00303,0.00000,0.00000,0.99697
162.30875,0.49750,0.16638,0.00000,0.00005,0.83357
162.45125,0.49750,0.98824,0.00003,0.00032,0.01140
162.59375,0.49750,0.99986,0.00003,0.00000,0.00010
162.73625,0.49750,0.99995,0.00001,0.00001,0.00004
162.87875,0.49750,0.99996,0.00000,0.00001,0.00003
163.02126,0.49750,0.99996,0.00000,0.00001,0.00003
163.16376,0.49750,0.99997,0.00000,0.00001,0.00002
163.30624,0.49751,0.99996,0.00001,0.00002,0.00001
163.44875,0.49750,0.99997,0.00001,0.00002,0.00001
163.59125,0.49750,0.99996,0.00001,0.00002,0.00001
163.73375,0.49750,0.99997,0.00000,0.00002,0.00001
163.87625,0.49750,0.99983,0.00002,0.00004,0.00011
164.01875,0.49750,0.99191,0.00030,0.00041,0.00738
164.16125,0.49750,0.23469,0.00008,0.00009,0.76514
164.30376,0.49750,0.00324,0.00000,0.00001,0.99676
164.44624,0.49751,0.00316,0.00000,0.00000,0.99684
164.58875,0.49750,0.22431,0.00000,0.00003,0.77566
164.73125,0.49750,0.99208,0.00001,0.00019,0.00772
164.87375,0.49750,0.99992,0.00002,0.00000,0.00006
165.01625,0.49750,0.99997,0.00001,0.00001,0.00001
165.15875,0.49750,0.99998,0.00001,0.00000,0.00001
165.30125,0.49750,0.99998,0.00001,0.00000,0.00001
165.44376,0.49750,0.99998,0.00001,0.00001,0.00001
165.58624,0.49751,0.99997,0.00001,0.00001,0.00001
165.72874,0.49751,0.99997,0.00001,0.00001,0.00001
165.87125,0.49750,0.99996,0.00001,0.00002,0.00001
166.01375,0.49750,0.99998,0.00000,0.00001,0.00001
166.15625,0.49750,0.99975,0.00003,0.00004,0.00018
166.29875,0.49750,0.98627,0.00057,0.00035,0.01281
166.44125,0.49750,0.10480,0.00006,0.00003,0.89511
166.58376,0.49750,0.00254,0.00000,0.00001,0.99745
166.72626,0.49750,0.00769,0.00000,0.00000,0.99231
166.86874,0.49751,0.71878,0.00001,0.00005,0.28116
167.01125,0.49750,0.99903,0.00001,0.00003,0.00093
167.15375,0.49750,0.99996,0.00002,0.00000,0.00001
167.29625,0.49750,0.99996,0.00003,0.00000,0.00001
167.43875,0.49750,0.99997,0.00002,0.00000,0.00001
167.58125,0.49750,0.99997,0.00001,0.00001,0.00001
167.72375,0.49750,0.99997,0.00001,0.00001,0.00001
167.86626,0.49750,0.99997,0.00001,0.00001,0.00001
168.00874,0.49751,0.99997,0.00001,0.00001,0.00001
168.15125,0.49750,0.99998,0.00001,0.00001,0.00001
168.29375,0.49750,0.99998,0.00001,0.00001,0.00001
168.43625,0.49750,0.99998,0.00000,0.00001,0.00001
168.57875,0.49750,0.99998,0.00000,0.00001,0.00001
168.72125,0.49750,0.99998,0.00000,0.00001,0.00001
168.86375,0.49750,0.99998,0.00000,0.00001,0.00001
169.00626,0.49750,0.99998,0.00000,0.00001,0.00001
169.14874,0.49751,0.99997,0.00001,0.00001,0.00001
169.29124,0.49751,0.99995,0.00001,0.00003,0.00001
169.43375,0.49750,0.99992,0.00002,0.00004,0.00001
169.57625,0.49750,0.99993,0.00002,0.00004,0.00002
169.71875,0.49750,0.99995,0.00001,0.00003,0.00001
169.86125,0.49750,0.99995,0.00001,0.00003,0.00001
170.00375,0.49750,0.99994,0.00001,0.00004,0.00001
170.14626,0.49750,0.99994,0.00002,0.00003,0.00001
170.28876,0.49750,0.99995,0.00001,0.00003,0.00001
170.43124,0.49751,0.99996,0.00001,0.00002,0.00001
170.57375,0.49750,0.99997,0.00000,0.00001,0.00001
170.71625,0.49750,0.99997,0.00000,0.00001,0.00001
170.85875,0.49750,0.99997,0.00000,0.00001,0.00002
171.00125,0.49750,0.99997,0.00000,0.00001,0.00003
171.14375,0.49750,0.99992,0.00000,0.00001,0.00007
171.28625,0.49750,0.99914,0.00003,0.00005,0.00078
171.42876,0.49750,0.97982,0.00141,0.00076,0.01801
171.57124,0.49751,0.46854,0.00322,0.00250,0.52574
171.71375,0.49750,0.00997,0.00000,0.00005,0.98998
171.85625,0.49750,0.00094,0.00000,0.00003,0.99904
171.99875,0.49750,0.00731,0.00000,0.00002,0.99266
172.14125,0.49750,0.69339,0.00000,0.00088,0.30573
172.28375,0.49750,0.99823,0.00001,0.00013,0.00163
172.42625,0.49750,0.99993,0.00003,0.00001,0.00002
172.56876,0.49750,0.99994,0.00003,0.00002,0.00002
172.71124,0.49751,0.99994,0.00001,0.00001,0.00003
172.85374,0.49751,0.99995,0.00000,0.00001,0.00003
172.99625,0.49750,0.99996,0.00000,0.00001,0.00003
173.13875,0.49750,0.99998,0.00000,0.00001,0.00001
173.28125,0.49750,0.99999,0.00000,0.00000,0.00001
173.42375,0.49750,0.99998,0.00000,0.00000,0.00001
173.56625,0.49750,0.99991,0.00000,0.00001,0.00007
173.70876,0.49750,0.99675,0.00014,0.00018,0.00293
173.85126,0.49750,0.55998,0.00025,0.00051,0.43926
173.99374,0.49751,0.01001,0.00001,0.00001,0.98997
174.13625,0.49750,0.00248,0.00000,0.00001,0.99751
174.27875,0.49750,0.04350,0.00000,0.00006,0.95644
174.42125,0.49750,0.94083,0.00025,0.00135,0.05757
174.56375,0.49750,0.99920,0.00029,0.00008,0.00043
174.70625,0.49750,0.99985,0.00006,0.00003,0.00005
174.84875,0.49750,0.99990,0.00002,0.00001,0.00007
174.99126,0.49750,0.99985,0.00001,0.00002,0.00012
175.13374,0.49751,0.99983,0.00001,0.00002,0.00014
175.27625,0.49750,0.99995,0.00000,0.00001,0.00003
175.41875,0.49750,0.99998,0.00000,0.00001,0.00001
175.56125,0.49750,0.99998,0.00000,0.00001,0.00001
175.70375,0.49750,0.99998,0.00000,0.00001,0.00001
175.84625,0.49750,0.99995,0.00000,0.00001,0.00003
175.98875,0.49750,0.99869,0.00013,0.00014,0.00105
176.13126,0.49750,0.88314,0.00119,0.00057,0.11510
176.27374,0.49751,0.01667,0.00001,0.00002,0.98330
176.41624,0.49751,0.00166,0.00000,0.00001,0.99833
176.55875,0.49750,0.02387,0.00000,0.00001,0.97613
176.70125,0.49750,0.89006,0.00002,0.00025,0.10967
176.84375,0.49750,0.99953,0.00011,0.00003,0.00033
176.98625,0.49750,0.99995,0.00003,0.00001,0.00002
177.12875,0.49750,0.99998,0.00001,0.00000,0.00001
177.27126,0.49750,0.99998,0.00001,0.00000,0.00001
177.41376,0.49750,0.99998,0.00001,0.00001,0.00001
177.55624,0.49751,0.99997,0.00001,0.00001,0.00001
177.69875,0.49750,0.99997,0.00001,0.00001,0.00001
177.84125,0.49750,0.99997,0.00001,0.00001,0.00001
177.98375,0.49750,0.99997,0.00001,0.00001,0.00001
178.12625,0.49750,0.99997,0.00001,0.00001,0.00001
178.26875,0.49750,0.99998,0.00001,0.00001,0.00001
178.41125,0.49750,0.99998,0.00000,0.00001,0.00001
178.55376,0.49750,0.99995,0.00001,0.00001,0.00003
178.69624,0.49751,0.99850,0.00018,0.00017,0.00115
178.83875,0.49750,0.75436,0.00053,0.00064,0.24448
178.98125,0.49750,0.01511,0.00001,0.00003,0.98485
179.12375,0.49750,0.00127,0.00000,0.00004,0.99869
179.26625,0.49750,0.01187,0.00000,0.00003,0.98810
179.40875,0.49750,0.82296,0.00001,0.00118,0.17585
179.55125,0.49750,0.99913,0.00002,0.00005,0.00080
179.69376,0.49750,0.99996,0.00001,0.00001,0.00002
179.83624,0.49751,0.99998,0.00001,0.00000,0.00000
179.97874,0.49751,0.99998,0.00001,0.00000,0.00000
180.12125,0.49750,0.99998,0.00001,0.00001,0.00001
180.26375,0.49750,0.99997,0.00001,0.00001,0.00001
180.40625,0.49750,0.99997,0.00001,0.00001,0.00001
180.54875,0.49750,0.99996,0.00001,0.00001,0.00001
180.69125,0.49750,0.99997,0.00001,0.00001,0.00001
180.83376,0.49750,0.99998,0.00000,0.00001,0.00001
180.97626,0.49750,0.99985,0.00002,0.00002,0.00011
181.11874,0.49751,0.99491,0.00042,0.00033,0.00434
181.26125,0.49750,0.32590,0.00015,0.00045,0.67350
181.40375,0.49750,0.00788,0.00000,0.00002,0.99209
181.54625,0.49750,0.00097,0.00000,0.00002,0.99901
181.68875,0.49750,0.01983,0.00000,0.00005,0.98011
181.83125,0.49750,0.81908,0.00000,0.00392,0.17699
181.97375,0.49750,0.99884,0.00001,0.00008,0.00107
182.11626,0.49750,0.99994,0.00000,0.00002,0.00004
182.25874,0.49751,0.99999,0.00000,0.00000,0.00001
182.40125,0.49750,0.99998,0.00000,0.00000,0.00001
182.54375,0.49750,0.99994,0.00000,0.00001,0.00005
182.68625,0.49750,0.99981,0.00000,0.00002,0.00017
182.82875,0.49750,0.99964,0.00000,0.00003,0.00032
182.97125,0.49750,0.99975,0.00000,0.00003,0.00022
183.11375,0.49750,0.99986,0.00000,0.00002,0.00012
