Time (seconds), Duration (seconds),pred_(unlabeled),pred_Jab_R,pred_Sidehook_R,pred_Uppercut_R
0.00125,0.84000,1.00000,0.00000,0.00000,0.00000
0.12125,0.84000,1.00000,0.00000,0.00000,0.00000
0.24125,0.84000,1.00000,0.00000,0.00000,0.00000
0.36125,0.84000,1.00000,0.00000,0.00000,0.00000
0.48125,0.84000,1.00000,0.00000,0.00000,0.00000
0.60125,0.84000,1.00000,0.00000,0.00000,0.00000
0.72125,0.84000,1.00000,0.00000,0.00000,0.00000
0.84125,0.84000,0.99999,0.00000,0.00001,0.00000
0.96125,0.84000,0.99990,0.00003,0.00000,0.00006
1.08125,0.84000,0.99881,0.00100,0.00000,0.00019
1.20125,0.84000,0.95580,0.04407,0.00003,0.00010
1.32125,0.84000,0.22117,0.77856,0.00017,0.00009
1.44125,0.84000,0.07166,0.92830,0.00004,0.00000
1.56125,0.84000,0.82048,0.17944,0.00008,0.00000
1.68125,0.84000,0.99844,0.00140,0.00016,0.00000
1.80125,0.84000,0.99986,0.00003,0.00012,0.00000
1.92125,0.84000,0.99999,0.00000,0.00001,0.00000
2.04125,0.84000,1.00000,0.00000,0.00000,0.00000
2.16125,0.84000,1.00000,0.00000,0.00000,0.00000
2.28125,0.84000,1.00000,0.00000,0.00000,0.00000
2.40125,0.84000,1.00000,0.00000,0.00000,0.00000
2.52125,0.84000,0.99998,0.00000,0.00000,0.00001
2.64125,0.84000,0.99981,0.00010,0.00000,0.00010
2.76125,0.84000,0.99506,0.00470,0.00000,0.00024
2.88125,0.84000,0.84356,0.15623,0.00001,0.00020
3.00125,0.84000,0.05987,0.94008,0.00002,0.00003
3.12125,0.84000,0.07485,0.92513,0.00001,0.00001
3.24125,0.84000,0.85907,0.14089,0.00004,0.00000
3.36125,0.84000,0.99828,0.00152,0.00020,0.00000
3.48125,0.84000,0.99971,0.00006,0.00023,0.00000
3.60125,0.84000,0.99997,0.00000,0.00003,0.00000
3.72125,0.84000,1.00000,0.00000,0.00000,0.00000
3.84125,0.84000,1.00000,0.00000,0.00000,0.00000
3.96125,0.84000,0.99999,0.00000,0.00001,0.00000
4.08125,0.84000,0.99996,0.00000,0.00003,0.00001
4.20125,0.84000,0.99973,0.00017,0.00001,0.00010
4.32125,0.84000,0.99653,0.00278,0.00001,0.00069
4.44125,0.84000,0.89140,0.10779,0.00012,0.00069
4.56125,0.84000,0.10544,0.89417,0.00021,0.00018
4.68125,0.84000,0.03591,0.96399,0.00010,0.00001
4.80125,0.84000,0.23576,0.76412,0.00011,0.00000
4.92125,0.84000,0.95129,0.04833,0.00038,0.00000
5.04125,0.84000,0.99824,0.00080,0.00096,0.00000
5.16125,0.84000,0.99990,0.00002,0.00008,0.00000
5.28125,0.84000,0.99999,0.00000,0.00001,0.00000
5.40125,0.84000,0.99999,0.00000,0.00001,0.00000
5.52125,0.84000,0.99999,0.00000,0.00000,0.00000
5.64125,0.84000,0.99981,0.00008,0.00000,0.00011
5.76125,0.84000,0.99630,0.00291,0.00000,0.00079
5.88125,0.84000,0.84502,0.15433,0.00001,0.00064
6.00125,0.84000,0.10521,0.89455,0.00002,0.00021
6.12125,0.84000,0.02990,0.97007,0.00001,0.00002
6.24125,0.84000,0.35805,0.64189,0.00005,0.00001
6.36125,0.84000,0.97816,0.02180,0.00004,0.00000
6.48125,0.84000,0.99921,0.00050,0.00029,0.00000
6.60125,0.84000,0.99995,0.00001,0.00005,0.00000
6.72125,0.84000,1.00000,0.00000,0.00000,0.00000
6.84125,0.84000,1.00000,0.00000,0.00000,0.00000
6.96125,0.84000,1.00000,0.00000,0.00000,0.00000
7.08125,0.84000,0.99999,0.00000,0.00001,0.00000
7.20125,0.84000,0.99993,0.00001,0.00002,0.00003
7.32125,0.84000,0.99888,0.00078,0.00001,0.00033
7.44125,0.84000,0.97543,0.02330,0.00003,0.00124
7.56125,0.84000,0.45051,0.54812,0.00019,0.00118
7.68125,0.84000,0.03767,0.96200,0.00017,0.00017
7.80125,0.84000,0.12316,0.87667,0.00012,0.00005
7.92125,0.84000,0.65970,0.33961,0.00061,0.00007
8.04125,0.84000,0.97890,0.01962,0.00148,0.00000
8.16125,0.84000,0.99632,0.00121,0.00247,0.00000
8.28125,0.84000,0.99977,0.00003,0.00021,0.00000
8.40125,0.84000,0.99998,0.00000,0.00002,0.00000
8.52125,0.84000,1.00000,0.00000,0.00000,0.00000
8.64125,0.84000,1.00000,0.00000,0.00000,0.00000
8.76125,0.84000,0.99998,0.00000,0.00002,0.00000
8.88125,0.84000,0.99996,0.00001,0.00003,0.00001
9.00125,0.84000,0.99964,0.00027,0.00000,0.00009
9.12125,0.84000,0.98247,0.01735,0.00001,0.00017
9.24125,0.84000,0.72802,0.27189,0.00002,0.00008
9.36125,0.84000,0.04413,0.95583,0.00003,0.00002
9.48125,0.84000,0.01743,0.98256,0.00001,0.00000
9.60125,0.84000,0.52090,0.47907,0.00003,0.00000
9.72125,0.84000,0.99411,0.00552,0.00037,0.00000
9.84125,0.84000,0.99961,0.00014,0.00025,0.00000
9.96125,0.84000,0.99997,0.00000,0.00002,0.00000
10.08125,0.84000,1.00000,0.00000,0.00000,0.00000
10.20125,0.84000,1.00000,0.00000,0.00000,0.00000
10.32125,0.84000,1.00000,0.00000,0.00000,0.00000
10.44125,0.84000,0.99999,0.00000,0.00000,0.00001
10.56125,0.84000,0.99981,0.00006,0.00000,0.00013
10.68125,0.84000,0.99754,0.00213,0.00000,0.00034
10.80125,0.84000,0.89990,0.09983,0.00000,0.00027
10.92125,0.84000,0.15513,0.84473,0.00001,0.00012
11.04125,0.84000,0.01402,0.98596,0.00001,0.00001
11.16125,0.84000,0.10379,0.89616,0.00004,0.00000
11.28125,0.84000,0.91426,0.08555,0.00019,0.00000
11.40125,0.84000,0.99757,0.00147,0.00096,0.00000
11.52125,0.84000,0.99982,0.00003,0.00015,0.00000
11.64125,0.84000,0.99998,0.00000,0.00002,0.00000
11.76125,0.84000,0.99999,0.00000,0.00001,0.00000
11.88125,0.84000,0.99999,0.00000,0.00000,0.00000
12.00125,0.84000,0.99992,0.00003,0.00001,0.00005
12.12125,0.84000,0.99858,0.00092,0.00000,0.00050
12.24125,0.84000,0.96299,0.03562,0.00001,0.00139
12.36125,0.84000,0.27652,0.72306,0.00003,0.00039
12.48125,0.84000,0.02017,0.97979,0.00002,0.00002
12.60125,0.84000,0.02642,0.97355,0.00002,0.00001
12.72125,0.84000,0.23833,0.76145,0.00022,0.00000
12.84125,0.84000,0.96885,0.02989,0.00125,0.00000
12.96125,0.84000,0.99852,0.00055,0.00093,0.00000
13.08125,0.84000,0.99993,0.00001,0.00006,0.00000
13.20125,0.84000,0.99999,0.00000,0.00001,0.00000
13.32125,0.84000,1.00000,0.00000,0.00000,0.00000
13.44125,0.84000,0.99999,0.00000,0.00001,0.00000
13.56125,0.84000,0.99995,0.00001,0.00001,0.00004
13.68125,0.84000,0.99929,0.00052,0.00000,0.00019
13.80125,0.84000,0.98131,0.01830,0.00000,0.00039
13.92125,0.84000,0.43823,0.56157,0.00001,0.00018
14.04125,0.84000,0.02660,0.97338,0.00001,0.00001
14.16125,0.84000,0.04539,0.95460,0.00000,0.00000
14.28125,0.84000,0.72463,0.27535,0.00002,0.00000
14.40125,0.84000,0.99742,0.00239,0.00019,0.00000
14.52125,0.84000,0.99981,0.00007,0.00012,0.00000
14.64125,0.84000,0.99998,0.00000,0.00002,0.00000
14.76125,0.84000,1.00000,0.00000,0.00000,0.00000
14.88125,0.84000,1.00000,0.00000,0.00000,0.00000
15.00125,0.84000,1.00000,0.00000,0.00000,0.00000
15.12125,0.84000,1.00000,0.00000,0.00000,0.00000
15.24125,0.84000,0.99997,0.00000,0.00002,0.00001
15.36125,0.84000,0.99980,0.00011,0.00002,0.00007
15.48125,0.84000,0.99370,0.00590,0.00000,0.00039
15.60125,0.84000,0.80965,0.18969,0.00002,0.00063
15.72125,0.84000,0.12022,0.87965,0.00004,0.00008
15.84125,0.84000,0.02671,0.97326,0.00002,0.00001
15.96125,0.84000,0.07445,0.92553,0.00002,0.00000
16.08125,0.84000,0.77043,0.22954,0.00003,0.00000
16.20125,0.84000,0.99715,0.00250,0.00035,0.00000
16.32125,0.84000,0.99984,0.00004,0.00012,0.00000
16.44125,0.84000,0.99999,0.00000,0.00001,0.00000
16.56125,0.84000,1.00000,0.00000,0.00000,0.00000
16.68125,0.84000,1.00000,0.00000,0.00000,0.00000
16.80125,0.84000,0.99999,0.00000,0.00000,0.00000
16.92125,0.84000,0.99976,0.00015,0.00000,0.00009
17.04125,0.84000,0.99191,0.00775,0.00000,0.00034
17.16125,0.84000,0.71020,0.28960,0.00001,0.00019
17.28125,0.84000,0.07214,0.92782,0.00001,0.00004
17.40125,0.84000,0.04673,0.95324,0.00001,0.00002
17.52125,0.84000,0.25601,0.74394,0.00004,0.00001
17.64125,0.84000,0.97351,0.02646,0.00003,0.00000
17.76125,0.84000,0.99927,0.00046,0.00026,0.00000
17.88125,0.84000,0.99996,0.00001,0.00004,0.00000
18.00125,0.84000,1.00000,0.00000,0.00000,0.00000
18.12125,0.84000,1.00000,0.00000,0.00000,0.00000
18.24125,0.84000,0.99999,0.00000,0.00000,0.00000
18.36125,0.84000,0.99996,0.00001,0.00001,0.00002
18.48125,0.84000,0.99914,0.00065,0.00000,0.00021
18.60125,0.84000,0.97320,0.02618,0.00000,0.00062
18.72125,0.84000,0.35456,0.64526,0.00001,0.00016
18.84125,0.84000,0.01974,0.98024,0.00001,0.00001
18.96125,0.84000,0.02407,0.97593,0.00001,0.00000
19.08125,0.84000,0.48339,0.51653,0.00008,0.00000
19.20125,0.84000,0.98364,0.01570,0.00066,0.00000
19.32125,0.84000,0.99900,0.00034,0.00066,0.00000
19.44125,0.84000,0.99994,0.00001,0.00005,0.00000
19.56125,0.84000,0.99999,0.00000,0.00001,0.00000
19.68125,0.84000,1.00000,0.00000,0.00000,0.00000
19.80125,0.84000,0.99999,0.00000,0.00001,0.00000
19.92125,0.84000,0.99993,0.00003,0.00001,0.00002
20.04125,0.84000,0.99884,0.00090,0.00000,0.00025
20.16125,0.84000,0.97210,0.02605,0.00002,0.00183
20.28125,0.84000,0.43814,0.56089,0.00011,0.00086
20.40125,0.84000,0.04095,0.95890,0.00008,0.00006
20.52125,0.84000,0.04816,0.95176,0.00007,0.00001
20.64125,0.84000,0.68786,0.31178,0.00035,0.00001
20.76125,0.84000,0.98554,0.01215,0.00230,0.00000
20.88125,0.84000,0.99880,0.00033,0.00088,0.00000
21.00125,0.84000,0.99991,0.00001,0.00007,0.00000
21.12125,0.84000,0.99999,0.00000,0.00001,0.00000
21.24125,0.84000,1.00000,0.00000,0.00000,0.00000
21.36125,0.84000,0.99998,0.00000,0.00001,0.00000
21.48125,0.84000,0.99990,0.00005,0.00001,0.00005
21.60125,0.84000,0.99842,0.00145,0.00000,0.00013
21.72125,0.84000,0.93789,0.06190,0.00001,0.00020
21.84125,0.84000,0.29997,0.69985,0.00004,0.00015
21.96125,0.84000,0.02894,0.97103,0.00002,0.00001
22.08125,0.84000,0.08874,0.91124,0.00002,0.00000
22.20125,0.84000,0.79389,0.20606,0.00005,0.00000
22.32125,0.84000,0.99673,0.00309,0.00018,0.00000
22.44125,0.84000,0.99973,0.00010,0.00017,0.00000
22.56125,0.84000,0.99998,0.00000,0.00002,0.00000
22.68125,0.84000,1.00000,0.00000,0.00000,0.00000
22.80125,0.84000,1.00000,0.00000,0.00000,0.00000
22.92125,0.84000,0.99999,0.00000,0.00000,0.00000
23.04125,0.84000,0.99990,0.00007,0.00001,0.00002
23.16125,0.84000,0.99713,0.00269,0.00000,0.00017
23.28125,0.84000,0.92614,0.07333,0.00000,0.00052
23.40125,0.84000,0.25941,0.74033,0.00001,0.00025
23.52125,0.84000,0.03362,0.96632,0.00001,0.00005
23.64125,0.84000,0.03302,0.96696,0.00001,0.00001
23.76125,0.84000,0.33736,0.66256,0.00007,0.00001
23.88125,0.84000,0.93124,0.06841,0.00035,0.00000
24.00125,0.84000,0.99762,0.00106,0.00132,0.00000
24.12125,0.84000,0.99978,0.00005,0.00017,0.00000
24.24125,0.84000,0.99999,0.00000,0.00001,0.00000
24.36125,0.84000,1.00000,0.00000,0.00000,0.00000
24.48125,0.84000,0.99999,0.00000,0.00001,0.00000
24.60125,0.84000,0.99998,0.00001,0.00001,0.00000
24.72125,0.84000,0.99947,0.00034,0.00001,0.00018
24.84125,0.84000,0.98485,0.01470,0.00000,0.00045
24.96125,0.84000,0.76115,0.23727,0.00001,0.00157
25.08125,0.84000,0.07232,0.92750,0.00001,0.00017
25.20125,0.84000,0.02355,0.97643,0.00001,0.00002
25.32125,0.84000,0.18305,0.81691,0.00001,0.00002
25.44125,0.84000,0.92121,0.07876,0.00002,0.00001
25.56125,0.84000,0.99794,0.00177,0.00029,0.00000
25.68125,0.84000,0.99978,0.00004,0.00018,0.00000
25.80125,0.84000,0.99999,0.00000,0.00001,0.00000
25.92125,0.84000,1.00000,0.00000,0.00000,0.00000
26.04125,0.84000,1.00000,0.00000,0.00000,0.00000
26.16125,0.84000,0.99999,0.00000,0.00001,0.00000
26.28125,0.84000,0.99993,0.00004,0.00002,0.00001
26.40125,0.84000,0.99826,0.00162,0.00000,0.00012
26.52125,0.84000,0.92587,0.07374,0.00000,0.00039
26.64125,0.84000,0.25196,0.74788,0.00001,0.00015
26.76125,0.84000,0.02555,0.97443,0.00001,0.00002
26.88125,0.84000,0.01328,0.98671,0.00001,0.00000
27.00125,0.84000,0.07848,0.92145,0.00006,0.00001
27.12125,0.84000,0.75585,0.24211,0.00203,0.00000
27.24125,0.84000,0.98823,0.00562,0.00615,0.00000
27.36125,0.84000,0.99906,0.00014,0.00080,0.00000
27.48125,0.84000,0.99992,0.00001,0.00007,0.00000
27.60125,0.84000,0.99996,0.00000,0.00003,0.00000
27.72125,0.84000,0.99997,0.00000,0.00002,0.00001
27.84125,0.84000,0.99984,0.00008,0.00003,0.00006
27.96125,0.84000,0.99679,0.00257,0.00000,0.00063
28.08125,0.84000,0.87331,0.12587,0.00000,0.00082
28.20125,0.84000,0.21689,0.78275,0.00001,0.00035
28.32125,0.84000,0.02173,0.97823,0.00001,0.00003
28.44125,0.84000,0.01301,0.98697,0.00001,0.00001
28.56125,0.84000,0.03562,0.96428,0.00011,0.00000
28.68125,0.84000,0.63934,0.35893,0.00173,0.00000
28.80125,0.84000,0.97746,0.01158,0.01096,0.00000
28.92125,0.84000,0.99879,0.00016,0.00105,0.00000
29.04125,0.84000,0.99976,0.00002,0.00022,0.00000
29.16125,0.84000,0.99992,0.00001,0.00007,0.00000
29.28125,0.84000,0.99996,0.00002,0.00001,0.00001
29.40125,0.84000,0.99937,0.00020,0.00000,0.00042
29.52125,0.84000,0.99171,0.00601,0.00000,0.00228
29.64125,0.84000,0.84646,0.15000,0.00005,0.00349
29.76125,0.84000,0.06327,0.93625,0.00005,0.00043
29.88125,0.84000,0.02426,0.97565,0.00005,0.00005
30.00125,0.84000,0.04293,0.95676,0.00030,0.00001
30.12125,0.84000,0.76631,0.23250,0.00118,0.00001
30.24125,0.84000,0.99130,0.00353,0.00517,0.00000
30.36125,0.84000,0.99961,0.00006,0.00033,0.00000
30.48125,0.84000,0.99992,0.00001,0.00006,0.00000
30.60125,0.84000,0.99998,0.00001,0.00001,0.00000
30.72125,0.84000,0.99997,0.00002,0.00000,0.00000
30.84125,0.84000,0.99961,0.00027,0.00000,0.00012
30.96125,0.84000,0.99085,0.00853,0.00000,0.00061
31.08125,0.84000,0.62853,0.37036,0.00000,0.00110
31.20125,0.84000,0.04762,0.95220,0.00000,0.00018
31.32125,0.84000,0.02056,0.97940,0.00000,0.00003
31.44125,0.84000,0.03566,0.96425,0.00007,0.00001
31.56125,0.84000,0.48140,0.51825,0.00034,0.00001
31.68125,0.84000,0.97778,0.01602,0.00620,0.00000
31.80125,0.84000,0.99841,0.00036,0.00123,0.00000
31.92125,0.84000,0.99968,0.00005,0.00026,0.00000
32.04125,0.84000,0.99983,0.00003,0.00013,0.00000
32.16125,0.84000,0.99989,0.00008,0.00002,0.00001
32.28125,0.84000,0.99938,0.00047,0.00001,0.00014
32.40125,0.84000,0.98616,0.01346,0.00000,0.00037
32.52125,0.84000,0.52871,0.47095,0.00001,0.00033
32.64125,0.84000,0.06071,0.93924,0.00001,0.00005
32.76125,0.84000,0.01631,0.98368,0.00000,0.00000
32.88125,0.84000,0.06640,0.93358,0.00002,0.00000
33.00125,0.84000,0.84176,0.15820,0.00005,0.00000
33.12125,0.84000,0.99822,0.00132,0.00045,0.00000
33.24125,0.84000,0.99987,0.00003,0.00010,0.00000
33.36125,0.84000,0.99999,0.00000,0.00001,0.00000
33.48125,0.84000,1.00000,0.00000,0.00000,0.00000
33.60125,0.84000,1.00000,0.00000,0.00000,0.00000
33.72125,0.84000,0.99996,0.00002,0.00000,0.00002
33.84125,0.84000,0.99808,0.00177,0.00000,0.00016
33.96125,0.84000,0.94595,0.05346,0.00000,0.00059
34.08125,0.84000,0.21066,0.78922,0.00000,0.00011
34.20125,0.84000,0.02454,0.97545,0.00000,0.00001
34.32125,0.84000,0.01566,0.98433,0.00001,0.00000
34.44125,0.84000,0.29647,0.70344,0.00009,0.00000
34.56125,0.84000,0.98469,0.01465,0.00066,0.00000
34.68125,0.84000,0.99878,0.00029,0.00093,0.00000
34.80125,0.84000,0.99992,0.00001,0.00007,0.00000
34.92125,0.84000,0.99999,0.00000,0.00001,0.00000
35.04125,0.84000,1.00000,0.00000,0.00000,0.00000
35.16125,0.84000,0.99999,0.00000,0.00000,0.00000
35.28125,0.84000,0.99988,0.00007,0.00001,0.00005
35.40125,0.84000,0.99701,0.00281,0.00000,0.00018
35.52125,0.84000,0.92046,0.07911,0.00000,0.00043
35.64125,0.84000,0.21039,0.78950,0.00001,0.00010
35.76125,0.84000,0.03451,0.96548,0.00000,0.00001
35.88125,0.84000,0.08971,0.91027,0.00002,0.00000
36.00125,0.84000,0.77959,0.22038,0.00003,0.00000
36.12125,0.84000,0.99743,0.00240,0.00017,0.00000
36.24125,0.84000,0.99978,0.00007,0.00015,0.00000
36.36125,0.84000,0.99994,0.00002,0.00004,0.00000
36.48125,0.84000,0.99998,0.00001,0.00002,0.00000
36.60125,0.84000,0.99994,0.00003,0.00002,0.00000
36.72125,0.84000,0.99970,0.00024,0.00001,0.00005
36.84125,0.84000,0.98579,0.01398,0.00000,0.00023
36.96125,0.84000,0.60036,0.39931,0.00001,0.00032
37.08125,0.84000,0.10290,0.89705,0.00001,0.00004
37.20125,0.84000,0.01978,0.98020,0.00001,0.00001
37.32125,0.84000,0.05466,0.94532,0.00001,0.00000
37.44125,0.84000,0.81795,0.18201,0.00004,0.00000
37.56125,0.84000,0.99796,0.00178,0.00025,0.00000
37.68125,0.84000,0.99978,0.00004,0.00018,0.00000
37.80125,0.84000,0.99996,0.00000,0.00003,0.00000
37.92125,0.84000,0.99999,0.00000,0.00001,0.00000
38.04125,0.84000,0.99999,0.00001,0.00000,0.00000
38.16125,0.84000,0.99976,0.00011,0.00000,0.00012
38.28125,0.84000,0.99613,0.00341,0.00000,0.00046
38.40125,0.84000,0.83080,0.16877,0.00001,0.00043
38.52125,0.84000,0.07580,0.92412,0.00001,0.00008
38.64125,0.84000,0.02838,0.97160,0.00001,0.00001
38.76125,0.84000,0.24060,0.75935,0.00004,0.00001
38.88125,0.84000,0.95538,0.04458,0.00003,0.00000
39.00125,0.84000,0.99896,0.00076,0.00028,0.00000
39.12125,0.84000,0.99994,0.00001,0.00005,0.00000
39.24125,0.84000,0.99999,0.00000,0.00001,0.00000
39.36125,0.84000,1.00000,0.00000,0.00000,0.00000
39.48125,0.84000,1.00000,0.00000,0.00000,0.00000
39.60125,0.84000,0.99994,0.00003,0.00000,0.00003
39.72125,0.84000,0.99825,0.00153,0.00000,0.00022
39.84125,0.84000,0.94272,0.05674,0.00000,0.00054
39.96125,0.84000,0.21600,0.78374,0.00001,0.00025
40.08125,0.84000,0.02027,0.97970,0.00001,0.00002
40.20125,0.84000,0.03980,0.96018,0.00002,0.00000
40.32125,0.84000,0.62853,0.37139,0.00007,0.00000
40.44125,0.84000,0.99314,0.00599,0.00087,0.00000
40.56125,0.84000,0.99956,0.00009,0.00034,0.00000
40.68125,0.84000,0.99995,0.00001,0.00005,0.00000
40.80125,0.84000,0.99998,0.00000,0.00001,0.00000
40.92125,0.84000,0.99998,0.00001,0.00001,0.00000
41.04125,0.84000,0.99986,0.00009,0.00000,0.00004
41.16125,0.84000,0.99640,0.00335,0.00000,0.00025
41.28125,0.84000,0.87682,0.12295,0.00001,0.00022
41.40125,0.84000,0.10736,0.89256,0.00002,0.00005
41.52125,0.84000,0.02127,0.97872,0.00001,0.00000
41.64125,0.84000,0.16660,0.83338,0.00002,0.00000
41.76125,0.84000,0.94262,0.05737,0.00002,0.00000
41.88125,0.84000,0.99917,0.00059,0.00025,0.00000
42.00125,0.84000,0.99994,0.00001,0.00005,0.00000
42.12125,0.84000,0.99999,0.00000,0.00001,0.00000
42.24125,0.84000,0.99999,0.00000,0.00000,0.00000
42.36125,0.84000,0.99999,0.00000,0.00001,0.00000
42.48125,0.84000,0.99984,0.00010,0.00000,0.00006
42.60125,0.84000,0.99419,0.00565,0.00000,0.00016
42.72125,0.84000,0.78080,0.21909,0.00001,0.00010
42.84125,0.84000,0.05870,0.94128,0.00001,0.00001
42.96125,0.84000,0.02762,0.97237,0.00001,0.00000
43.08125,0.84000,0.23319,0.76680,0.00002,0.00000
43.20125,0.84000,0.96759,0.03238,0.00003,0.00000
43.32125,0.84000,0.99937,0.00037,0.00027,0.00000
43.44125,0.84000,0.99996,0.00001,0.00003,0.00000
43.56125,0.84000,0.99999,0.00000,0.00001,0.00000
43.68125,0.84000,0.99999,0.00000,0.00000,0.00000
43.80125,0.84000,0.99995,0.00003,0.00000,0.00002
43.92125,0.84000,0.99906,0.00077,0.00000,0.00018
44.04125,0.84000,0.95798,0.04148,0.00000,0.00054
44.16125,0.84000,0.38057,0.61924,0.00000,0.00019
44.28125,0.84000,0.02589,0.97408,0.00000,0.00002
44.40125,0.84000,0.04588,0.95411,0.00000,0.00000
44.52125,0.84000,0.80611,0.19386,0.00003,0.00000
44.64125,0.84000,0.99854,0.00129,0.00016,0.00000
44.76125,0.84000,0.99980,0.00004,0.00016,0.00000
44.88125,0.84000,0.99990,0.00001,0.00008,0.00000
45.00125,0.84000,0.99996,0.00001,0.00003,0.00000
45.12125,0.84000,0.99993,0.00002,0.00001,0.00003
45.24125,0.84000,0.99864,0.00031,0.00001,0.00104
45.36125,0.84000,0.98161,0.01475,0.00001,0.00363
45.48125,0.84000,0.55064,0.44229,0.00011,0.00695
45.60125,0.84000,0.03915,0.96058,0.00004,0.00022
45.72125,0.84000,0.02472,0.97521,0.00005,0.00002
45.84125,0.84000,0.13587,0.86380,0.00032,0.00001
45.96125,0.84000,0.88867,0.11093,0.00040,0.00000
46.08125,0.84000,0.99570,0.00210,0.00220,0.00000
46.20125,0.84000,0.99969,0.00004,0.00027,0.00000
46.32125,0.84000,0.99989,0.00002,0.00009,0.00000
46.44125,0.84000,0.99996,0.00002,0.00002,0.00000
46.56125,0.84000,0.99987,0.00009,0.00002,0.00002
46.68125,0.84000,0.99837,0.00132,0.00000,0.00031
46.80125,0.84000,0.95961,0.03924,0.00002,0.00113
46.92125,0.84000,0.36414,0.63527,0.00013,0.00045
47.04125,0.84000,0.03706,0.96282,0.00009,0.00003
47.16125,0.84000,0.03225,0.96761,0.00013,0.00001
47.28125,0.84000,0.38597,0.61340,0.00063,0.00000
47.40125,0.84000,0.97300,0.02234,0.00466,0.00000
47.52125,0.84000,0.99780,0.00027,0.00193,0.00000
47.64125,0.84000,0.99971,0.00003,0.00026,0.00000
47.76125,0.84000,0.99991,0.00002,0.00007,0.00000
47.88125,0.84000,0.99995,0.00003,0.00002,0.00000
48.00125,0.84000,0.99970,0.00026,0.00002,0.00002
48.12125,0.84000,0.99564,0.00416,0.00000,0.00020
48.24125,0.84000,0.90256,0.09664,0.00001,0.00080
48.36125,0.84000,0.13838,0.86150,0.00001,0.00011
48.48125,0.84000,0.02163,0.97834,0.00001,0.00002
48.60125,0.84000,0.02002,0.97996,0.00001,0.00000
48.72125,0.84000,0.34263,0.65722,0.00014,0.00000
48.84125,0.84000,0.98056,0.01853,0.00092,0.00000
48.96125,0.84000,0.99868,0.00036,0.00096,0.00000
49.08125,0.84000,0.99986,0.00002,0.00012,0.00000
49.20125,0.84000,0.99995,0.00001,0.00004,0.00000
49.32125,0.84000,0.99998,0.00001,0.00001,0.00000
49.44125,0.84000,0.99991,0.00006,0.00001,0.00001
49.56125,0.84000,0.99833,0.00153,0.00000,0.00014
49.68125,0.84000,0.93660,0.06305,0.00000,0.00035
49.80125,0.84000,0.20388,0.79600,0.00001,0.00011
49.92125,0.84000,0.02474,0.97524,0.00001,0.00001
50.04125,0.84000,0.01521,0.98478,0.00001,0.00000
50.16125,0.84000,0.09213,0.90779,0.00008,0.00000
50.28125,0.84000,0.89963,0.09905,0.00132,0.00000
50.40125,0.84000,0.99453,0.00218,0.00329,0.00000
50.52125,0.84000,0.99961,0.00005,0.00033,0.00000
50.64125,0.84000,0.99997,0.00000,0.00003,0.00000
50.76125,0.84000,0.99998,0.00000,0.00001,0.00000
50.88125,0.84000,0.99997,0.00000,0.00003,0.00000
51.00125,0.84000,0.99991,0.00005,0.00001,0.00003
51.12125,0.84000,0.99617,0.00372,0.00000,0.00011
51.24125,0.84000,0.87635,0.12346,0.00001,0.00018
51.36125,0.84000,0.11184,0.88809,0.00003,0.00003
51.48125,0.84000,0.01673,0.98326,0.00001,0.00000
51.60125,0.84000,0.04460,0.95538,0.00002,0.00000
51.72125,0.84000,0.56068,0.43926,0.00005,0.00000
51.84125,0.84000,0.98951,0.00864,0.00185,0.00000
51.96125,0.84000,0.99917,0.00020,0.00063,0.00000
52.08125,0.84000,0.99987,0.00002,0.00011,0.00000
52.20125,0.84000,0.99992,0.00002,0.00006,0.00000
52.32125,0.84000,0.99988,0.00007,0.00003,0.00001
52.44125,0.84000,0.99910,0.00080,0.00000,0.00010
52.56125,0.84000,0.98466,0.01520,0.00000,0.00014
52.68125,0.84000,0.68898,0.31081,0.00003,0.00018
52.80125,0.84000,0.03534,0.96462,0.00003,0.00002
52.92125,0.84000,0.01537,0.98462,0.00001,0.00000
53.04125,0.84000,0.33180,0.66813,0.00007,0.00000
53.16125,0.84000,0.98734,0.01212,0.00054,0.00000
53.28125,0.84000,0.99922,0.00019,0.00059,0.00000
53.40125,0.84000,0.99996,0.00001,0.00003,0.00000
53.52125,0.84000,0.99999,0.00000,0.00001,0.00000
53.64125,0.84000,1.00000,0.00000,0.00000,0.00000
53.76125,0.84000,0.99998,0.00001,0.00000,0.00001
53.88125,0.84000,0.99958,0.00029,0.00000,0.00013
54.00125,0.84000,0.98933,0.01027,0.00000,0.00040
54.12125,0.84000,0.67367,0.32609,0.00001,0.00023
54.24125,0.84000,0.04277,0.95719,0.00001,0.00003
54.36125,0.84000,0.12111,0.87887,0.00001,0.00001
54.48125,0.84000,0.70192,0.29799,0.00008,0.00000
54.60125,0.84000,0.99651,0.00336,0.00012,0.00000
54.72125,0.84000,0.99980,0.00007,0.00013,0.00000
54.84125,0.84000,0.99998,0.00000,0.00001,0.00000
54.96125,0.84000,0.99999,0.00000,0.00001,0.00000
55.08125,0.84000,0.99999,0.00001,0.00000,0.00000
55.20125,0.84000,0.99992,0.00006,0.00000,0.00002
55.32125,0.84000,0.99810,0.00180,0.00000,0.00010
55.44125,0.84000,0.91554,0.08424,0.00000,0.00022
55.56125,0.84000,0.18037,0.81957,0.00001,0.00005
55.68125,0.84000,0.03176,0.96823,0.00000,0.00001
55.80125,0.84000,0.10836,0.89163,0.00002,0.00000
55.92125,0.84000,0.67074,0.32921,0.00005,0.00000
56.04125,0.84000,0.99633,0.00332,0.00035,0.00000
56.16125,0.84000,0.99979,0.00007,0.00015,0.00000
56.28125,0.84000,0.99995,0.00001,0.00003,0.00000
56.40125,0.84000,0.99997,0.00001,0.00002,0.00000
56.52125,0.84000,0.99992,0.00006,0.00001,0.00001
56.64125,0.84000,0.99949,0.00036,0.00000,0.00014
56.76125,0.84000,0.99257,0.00695,0.00000,0.00048
56.88125,0.84000,0.65759,0.34214,0.00001,0.00026
57.00125,0.84000,0.03598,0.96400,0.00000,0.00001
57.12125,0.84000,0.10774,0.89226,0.00000,0.00000
57.24125,0.84000,0.47456,0.52543,0.00001,0.00000
57.36125,0.84000,0.98263,0.01736,0.00001,0.00000
57.48125,0.84000,0.99976,0.00020,0.00005,0.00000
57.60125,0.84000,0.99999,0.00000,0.00001,0.00000
57.72125,0.84000,0.99999,0.00000,0.00000,0.00000
57.84125,0.84000,0.99999,0.00000,0.00001,0.00000
57.96125,0.84000,0.99998,0.00001,0.00001,0.00001
58.08125,0.84000,0.99965,0.00018,0.00000,0.00017
58.20125,0.84000,0.98799,0.01141,0.00000,0.00060
58.32125,0.84000,0.61156,0.38762,0.00001,0.00081
58.44125,0.84000,0.04051,0.95945,0.00000,0.00005
58.56125,0.84000,0.02701,0.97298,0.00000,0.00001
58.68125,0.84000,0.08436,0.91561,0.00002,0.00000
58.80125,0.84000,0.86287,0.13710,0.00003,0.00000
58.92125,0.84000,0.99791,0.00172,0.00037,0.00000
59.04125,0.84000,0.99988,0.00003,0.00009,0.00000
59.16125,0.84000,0.99999,0.00000,0.00001,0.00000
59.28125,0.84000,1.00000,0.00000,0.00000,0.00000
59.40125,0.84000,0.99999,0.00000,0.00000,0.00000
59.52125,0.84000,0.99996,0.00002,0.00000,0.00002
59.64125,0.84000,0.99877,0.00112,0.00000,0.00010
59.76125,0.84000,0.95713,0.04259,0.00000,0.00028
59.88125,0.84000,0.30336,0.69652,0.00001,0.00011
60.00125,0.84000,0.01968,0.98030,0.00001,0.00001
60.12125,0.84000,0.02245,0.97755,0.00000,0.00000
60.24125,0.84000,0.25375,0.74618,0.00007,0.00000
60.36125,0.84000,0.97885,0.01820,0.00295,0.00000
60.48125,0.84000,0.99719,0.00078,0.00204,0.00000
60.60125,0.84000,0.99969,0.00006,0.00024,0.00000
60.72125,0.84000,0.99990,0.00003,0.00007,0.00000
60.84125,0.84000,0.99993,0.00005,0.00002,0.00000
60.96125,0.84000,0.99968,0.00025,0.00001,0.00005
61.08125,0.84000,0.99525,0.00456,0.00000,0.00019
61.20125,0.84000,0.87718,0.12226,0.00001,0.00056
61.32125,0.84000,0.12980,0.87007,0.00002,0.00011
61.44125,0.84000,0.03577,0.96417,0.00002,0.00004
61.56125,0.84000,0.08125,0.91869,0.00004,0.00001
61.68125,0.84000,0.62808,0.37176,0.00015,0.00000
61.80125,0.84000,0.98762,0.01090,0.00148,0.00000
61.92125,0.84000,0.99754,0.00100,0.00146,0.00000
62.04125,0.84000,0.99887,0.00079,0.00034,0.00000
62.16125,0.84000,0.99908,0.00088,0.00004,0.00000
62.28125,0.84000,0.99701,0.00295,0.00001,0.00003
62.40125,0.84000,0.98338,0.01643,0.00000,0.00018
62.52125,0.84000,0.73553,0.26394,0.00000,0.00053
62.64125,0.84000,0.07424,0.92568,0.00001,0.00007
62.76125,0.84000,0.03481,0.96517,0.00000,0.00002
62.88125,0.84000,0.13472,0.86524,0.00004,0.00000
63.00125,0.84000,0.88545,0.11450,0.00005,0.00000
63.12125,0.84000,0.99814,0.00157,0.00029,0.00000
63.24125,0.84000,0.99960,0.00014,0.00027,0.00000
63.36125,0.84000,0.99981,0.00010,0.00009,0.00000
63.48125,0.84000,0.99977,0.00019,0.00003,0.00000
63.60125,0.84000,0.99923,0.00075,0.00001,0.00002
63.72125,0.84000,0.98928,0.01056,0.00000,0.00016
63.84125,0.84000,0.63512,0.36460,0.00001,0.00028
63.96125,0.84000,0.05405,0.94592,0.00001,0.00002
64.08125,0.84000,0.01545,0.98454,0.00001,0.00001
64.20125,0.84000,0.03323,0.96675,0.00001,0.00000
64.32125,0.84000,0.73240,0.26756,0.00003,0.00000
64.44125,0.84000,0.99655,0.00251,0.00093,0.00000
64.56125,0.84000,0.99977,0.00004,0.00019,0.00000
64.68125,0.84000,0.99996,0.00001,0.00003,0.00000
64.80125,0.84000,0.99999,0.00000,0.00001,0.00000
64.92125,0.84000,0.99998,0.00001,0.00001,0.00000
65.04125,0.84000,0.99983,0.00012,0.00000,0.00005
65.16125,0.84000,0.99289,0.00703,0.00000,0.00008
65.28125,0.84000,0.71310,0.28679,0.00001,0.00010
65.40125,0.84000,0.04919,0.95079,0.00001,0.00001
65.52125,0.84000,0.02945,0.97054,0.00001,0.00000
65.64125,0.84000,0.20275,0.79724,0.00001,0.00000
65.76125,0.84000,0.94601,0.05393,0.00006,0.00000
65.88125,0.84000,0.99911,0.00063,0.00026,0.00000
66.00125,0.84000,0.99995,0.00001,0.00004,0.00000
66.12125,0.84000,0.99998,0.00000,0.00001,0.00000
66.24125,0.84000,0.99999,0.00000,0.00001,0.00000
66.36125,0.84000,0.99996,0.00002,0.00001,0.00001
66.48125,0.84000,0.99936,0.00057,0.00000,0.00007
66.60125,0.84000,0.98159,0.01809,0.00000,0.00032
66.72125,0.84000,0.42145,0.57827,0.00001,0.00027
66.84125,0.84000,0.02385,0.97612,0.00000,0.00002
66.96125,0.84000,0.01610,0.98389,0.00001,0.00000
67.08125,0.84000,0.26797,0.73199,0.00003,0.00000
67.20125,0.84000,0.97833,0.02138,0.00029,0.00000
67.32125,0.84000,0.99860,0.00033,0.00107,0.00000
67.44125,0.84000,0.99960,0.00006,0.00034,0.00000
67.56125,0.84000,0.99992,0.00004,0.00004,0.00000
67.68125,0.84000,0.99989,0.00009,0.00001,0.00000
67.80125,0.84000,0.99959,0.00026,0.00000,0.00015
67.92125,0.84000,0.98766,0.01154,0.00000,0.00080
68.04125,0.84000,0.63005,0.36855,0.00001,0.00139
68.16125,0.84000,0.05687,0.94301,0.00001,0.00011
68.28125,0.84000,0.03071,0.96924,0.00002,0.00002
68.40125,0.84000,0.09901,0.90087,0.00011,0.00001
68.52125,0.84000,0.79510,0.20470,0.00019,0.00000
68.64125,0.84000,0.99522,0.00348,0.00130,0.00000
68.76125,0.84000,0.99974,0.00004,0.00021,0.00000
68.88125,0.84000,0.99994,0.00001,0.00006,0.00000
69.00125,0.84000,0.99998,0.00001,0.00001,0.00000
69.12125,0.84000,0.99997,0.00002,0.00000,0.00001
69.24125,0.84000,0.99961,0.00018,0.00000,0.00020
69.36125,0.84000,0.99348,0.00604,0.00000,0.00047
69.48125,0.84000,0.69225,0.30727,0.00002,0.00046
69.60125,0.84000,0.05666,0.94328,0.00001,0.00005
69.72125,0.84000,0.02195,0.97803,0.00002,0.00001
69.84125,0.84000,0.06807,0.93182,0.00010,0.00000
69.96125,0.84000,0.82475,0.17472,0.00053,0.00000
70.08125,0.84000,0.99541,0.00263,0.00196,0.00000
70.20125,0.84000,0.99939,0.00008,0.00053,0.00000
70.32125,0.84000,0.99973,0.00006,0.00021,0.00000
70.44125,0.84000,0.99991,0.00007,0.00002,0.00001
70.56125,0.84000,0.99980,0.00015,0.00000,0.00005
70.68125,0.84000,0.99787,0.00154,0.00000,0.00059
70.80125,0.84000,0.90980,0.08972,0.00001,0.00048
70.92125,0.84000,0.11541,0.88446,0.00002,0.00011
71.04125,0.84000,0.02535,0.97462,0.00001,0.00002
71.16125,0.84000,0.14453,0.85543,0.00004,0.00001
71.28125,0.84000,0.91213,0.08778,0.00009,0.00000
71.40125,0.84000,0.99839,0.00114,0.00047,0.00000
71.52125,0.84000,0.99974,0.00006,0.00020,0.00000
71.64125,0.84000,0.99988,0.00006,0.00006,0.00000
71.76125,0.84000,0.99990,0.00008,0.00001,0.00000
71.88125,0.84000,0.99962,0.00033,0.00000,0.00005
72.00125,0.84000,0.99361,0.00618,0.00000,0.00022
72.12125,0.84000,0.75655,0.24299,0.00000,0.00046
72.24125,0.84000,0.04958,0.95038,0.00000,0.00003
72.36125,0.84000,0.01606,0.98393,0.00000,0.00001
72.48125,0.84000,0.05494,0.94503,0.00003,0.00000
72.60125,0.84000,0.78576,0.21418,0.00006,0.00000
72.72125,0.84000,0.99570,0.00330,0.00099,0.00000
72.84125,0.84000,0.99948,0.00011,0.00041,0.00000
72.96125,0.84000,0.99978,0.00006,0.00016,0.00000
73.08125,0.84000,0.99994,0.00004,0.00003,0.00000
73.20125,0.84000,0.99983,0.00013,0.00003,0.00001
73.32125,0.84000,0.99723,0.00251,0.00001,0.00025
73.44125,0.84000,0.91310,0.08648,0.00000,0.00042
73.56125,0.84000,0.15080,0.84906,0.00000,0.00014
73.68125,0.84000,0.03151,0.96848,0.00000,0.00001
73.80125,0.84000,0.02816,0.97182,0.00000,0.00001
73.92125,0.84000,0.46296,0.53702,0.00001,0.00000
74.04125,0.84000,0.98431,0.01567,0.00002,0.00000
74.16125,0.84000,0.99969,0.00018,0.00013,0.00000
74.28125,0.84000,0.99996,0.00000,0.00003,0.00000
74.40125,0.84000,0.99998,0.00000,0.00002,0.00000
74.52125,0.84000,0.99999,0.00000,0.00001,0.00000
74.64125,0.84000,0.99996,0.00002,0.00000,0.00002
74.76125,0.84000,0.99892,0.00081,0.00000,0.00027
74.88125,0.84000,0.97779,0.02098,0.00000,0.00124
75.00125,0.84000,0.35901,0.64063,0.00000,0.00035
75.12125,0.84000,0.03326,0.96670,0.00000,0.00004
75.24125,0.84000,0.11641,0.88359,0.00000,0.00001
75.36125,0.84000,0.76483,0.23515,0.00001,0.00000
75.48125,0.84000,0.99761,0.00235,0.00004,0.00000
75.60125,0.84000,0.99975,0.00015,0.00010,0.00000
75.72125,0.84000,0.99987,0.00008,0.00005,0.00000
75.84125,0.84000,0.99990,0.00008,0.00002,0.00000
75.96125,0.84000,0.99949,0.00049,0.00001,0.00001
76.08125,0.84000,0.99445,0.00545,0.00000,0.00011
76.20125,0.84000,0.90085,0.09889,0.00001,0.00025
76.32125,0.84000,0.11954,0.88041,0.00001,0.00004
76.44125,0.84000,0.02371,0.97628,0.00001,0.00001
76.56125,0.84000,0.09950,0.90049,0.00001,0.00000
76.68125,0.84000,0.87598,0.12399,0.00003,0.00000
76.80125,0.84000,0.99774,0.00190,0.00037,0.00000
76.92125,0.84000,0.99841,0.00092,0.00067,0.00000
77.04125,0.84000,0.99881,0.00110,0.00009,0.00000
77.16125,0.84000,0.99817,0.00177,0.00005,0.00002
77.28125,0.84000,0.99264,0.00712,0.00000,0.00024
77.40125,0.84000,0.93075,0.06803,0.00002,0.00121
77.52125,0.84000,0.14575,0.85392,0.00004,0.00029
77.64125,0.84000,0.02847,0.97144,0.00004,0.00005
77.76125,0.84000,0.02185,0.97795,0.00018,0.00001
77.88125,0.84000,0.08773,0.91060,0.00166,0.00001
78.00125,0.84000,0.58048,0.39217,0.02735,0.00001
78.12125,0.84000,0.76349,0.15584,0.08067,0.00001
78.24125,0.84000,0.85342,0.13812,0.00842,0.00003
78.36125,0.84000,0.72532,0.27308,0.00148,0.00012
78.48125,0.84000,0.66071,0.33877,0.00001,0.00051
78.60125,0.84000,0.61045,0.38911,0.00000,0.00044
78.72125,0.84000,0.18332,0.81624,0.00000,0.00043
78.84125,0.84000,0.04632,0.95358,0.00000,0.00010
78.96125,0.84000,0.02012,0.97983,0.00002,0.00003
79.08125,0.84000,0.10643,0.89346,0.00010,0.00001
79.20125,0.84000,0.91110,0.08645,0.00244,0.00000
79.32125,0.84000,0.99500,0.00142,0.00358,0.00000
79.44125,0.84000,0.99943,0.00005,0.00052,0.00000
79.56125,0.84000,0.99982,0.00002,0.00016,0.00000
79.68125,0.84000,0.99992,0.00003,0.00005,0.00000
79.80125,0.84000,0.99989,0.00008,0.00001,0.00002
79.92125,0.84000,0.99799,0.00183,0.00000,0.00018
80.04125,0.84000,0.92847,0.07105,0.00001,0.00047
80.16125,0.84000,0.21301,0.78688,0.00002,0.00009
80.28125,0.84000,0.02192,0.97806,0.00001,0.00001
80.40125,0.84000,0.03213,0.96786,0.00001,0.00000
80.52125,0.84000,0.49098,0.50900,0.00003,0.00000
80.64125,0.84000,0.99474,0.00443,0.00083,0.00000
80.76125,0.84000,0.99962,0.00009,0.00029,0.00000
80.88125,0.84000,0.99998,0.00000,0.00002,0.00000
81.00125,0.84000,0.99999,0.00000,0.00001,0.00000
81.12125,0.84000,1.00000,0.00000,0.00000,0.00000
81.24125,0.84000,0.99998,0.00001,0.00000,0.00001
81.36125,0.84000,0.99955,0.00031,0.00000,0.00013
81.48125,0.84000,0.98122,0.01852,0.00000,0.00026
81.60125,0.84000,0.52283,0.47704,0.00001,0.00012
81.72125,0.84000,0.02578,0.97420,0.00001,0.00001
81.84125,0.84000,0.01454,0.98545,0.00001,0.00000
81.96125,0.84000,0.07484,0.92512,0.00004,0.00000
82.08125,0.84000,0.84448,0.15518,0.00033,0.00000
82.20125,0.84000,0.99628,0.00197,0.00175,0.00000
82.32125,0.84000,0.99978,0.00005,0.00017,0.00000
82.44125,0.84000,0.99997,0.00000,0.00003,0.00000
82.56125,0.84000,0.99999,0.00000,0.00001,0.00000
82.68125,0.84000,0.99998,0.00001,0.00001,0.00000
82.80125,0.84000,0.99984,0.00008,0.00001,0.00008
82.92125,0.84000,0.99532,0.00438,0.00000,0.00031
83.04125,0.84000,0.84692,0.15232,0.00001,0.00075
83.16125,0.84000,0.09385,0.90606,0.00002,0.00007
83.28125,0.84000,0.01943,0.98055,0.00001,0.00001
83.40125,0.84000,0.03715,0.96282,0.00002,0.00000
83.52125,0.84000,0.45113,0.54875,0.00012,0.00000
83.64125,0.84000,0.99068,0.00818,0.00115,0.00000
83.76125,0.84000,0.99944,0.00016,0.00040,0.00000
83.88125,0.84000,0.99996,0.00000,0.00003,0.00000
84.00125,0.84000,1.00000,0.00000,0.00000,0.00000
84.12125,0.84000,1.00000,0.00000,0.00000,0.00000
84.24125,0.84000,1.00000,0.00000,0.00000,0.00000
84.36125,0.84000,1.00000,0.00000,0.00000,0.00000
84.48125,0.84000,0.99998,0.00000,0.00001,0.00001
84.60125,0.84000,0.99949,0.00032,0.00001,0.00018
84.72125,0.84000,0.98156,0.01803,0.00000,0.00041
84.84125,0.84000,0.59832,0.40142,0.00002,0.00024
84.96125,0.84000,0.03744,0.96254,0.00001,0.00001
85.08125,0.84000,0.01767,0.98232,0.00001,0.00000
85.20125,0.84000,0.08946,0.91051,0.00002,0.00000
85.32125,0.84000,0.90250,0.09747,0.00003,0.00000
85.44125,0.84000,0.99885,0.00093,0.00022,0.00000
85.56125,0.84000,0.99994,0.00001,0.00004,0.00000
85.68125,0.84000,0.99999,0.00000,0.00000,0.00000
85.80125,0.84000,1.00000,0.00000,0.00000,0.00000
85.92125,0.84000,1.00000,0.00000,0.00000,0.00000
86.04125,0.84000,1.00000,0.00000,0.00000,0.00000
86.16125,0.84000,1.00000,0.00000,0.00000,0.00000
86.28125,0.84000,1.00000,0.00000,0.00000,0.00000
86.40125,0.84000,0.99999,0.00000,0.00000,0.00000
86.52125,0.84000,0.99995,0.00001,0.00000,0.00004
86.64125,0.84000,0.99874,0.00050,0.00001,0.00076
86.76125,0.84000,0.97403,0.02371,0.00000,0.00225
86.88125,0.84000,0.36029,0.63856,0.00001,0.00115
87.00125,0.84000,0.03108,0.96885,0.00001,0.00007
87.12125,0.84000,0.01376,0.98623,0.00000,0.00000
87.24125,0.84000,0.03201,0.96795,0.00004,0.00000
87.36125,0.84000,0.63926,0.36067,0.00007,0.00000
87.48125,0.84000,0.99385,0.00550,0.00065,0.00000
87.60125,0.84000,0.99977,0.00009,0.00015,0.00000
87.72125,0.84000,0.99998,0.00000,0.00001,0.00000
87.84125,0.84000,1.00000,0.00000,0.00000,0.00000
87.96125,0.84000,1.00000,0.00000,0.00000,0.00000
88.08125,0.84000,1.00000,0.00000,0.00000,0.00000
88.20125,0.84000,1.00000,0.00000,0.00000,0.00000
88.32125,0.84000,1.00000,0.00000,0.00000,0.00000
88.44125,0.84000,0.99998,0.00000,0.00001,0.00001
88.56125,0.84000,0.99986,0.00007,0.00001,0.00005
88.68125,0.84000,0.99558,0.00412,0.00000,0.00030
88.80125,0.84000,0.87300,0.12657,0.00001,0.00041
88.92125,0.84000,0.16588,0.83399,0.00004,0.00009
89.04125,0.84000,0.01616,0.98382,0.00002,0.00001
89.16125,0.84000,0.11230,0.88767,0.00002,0.00000
89.28125,0.84000,0.79015,0.20982,0.00004,0.00000
89.40125,0.84000,0.99429,0.00512,0.00059,0.00000
89.52125,0.84000,0.99975,0.00010,0.00015,0.00000
89.64125,0.84000,0.99998,0.00000,0.00001,0.00000
89.76125,0.84000,1.00000,0.00000,0.00000,0.00000
89.88125,0.84000,1.00000,0.00000,0.00000,0.00000
90.00125,0.84000,1.00000,0.00000,0.00000,0.00000
90.12125,0.84000,0.99999,0.00000,0.00001,0.00000
90.24125,0.84000,0.99990,0.00002,0.00005,0.00002
90.36125,0.84000,0.99885,0.00075,0.00003,0.00037
90.48125,0.84000,0.96913,0.02974,0.00002,0.00111
90.60125,0.84000,0.36838,0.63122,0.00010,0.00030
90.72125,0.84000,0.05028,0.94965,0.00005,0.00002
90.84125,0.84000,0.02029,0.97966,0.00005,0.00000
90.96125,0.84000,0.07616,0.92374,0.00010,0.00000
91.08125,0.84000,0.72662,0.27297,0.00040,0.00000
91.20125,0.84000,0.99394,0.00435,0.00171,0.00000
91.32125,0.84000,0.99971,0.00006,0.00023,0.00000
91.44125,0.84000,0.99998,0.00000,0.00002,0.00000
91.56125,0.84000,1.00000,0.00000,0.00000,0.00000
91.68125,0.84000,1.00000,0.00000,0.00000,0.00000
91.80125,0.84000,0.99999,0.00000,0.00000,0.00000
91.92125,0.84000,0.99993,0.00003,0.00001,0.00003
92.04125,0.84000,0.99749,0.00234,0.00000,0.00016
92.16125,0.84000,0.90853,0.09113,0.00000,0.00034
92.28125,0.84000,0.15940,0.84054,0.00001,0.00005
92.40125,0.84000,0.03509,0.96489,0.00001,0.00001
92.52125,0.84000,0.03373,0.96626,0.00001,0.00000
92.64125,0.84000,0.47981,0.52013,0.00006,0.00000
92.76125,0.84000,0.99373,0.00560,0.00067,0.00000
92.88125,0.84000,0.99894,0.00036,0.00070,0.00000
93.00125,0.84000,0.99994,0.00001,0.00005,0.00000
93.12125,0.84000,1.00000,0.00000,0.00000,0.00000
93.24125,0.84000,1.00000,0.00000,0.00000,0.00000
93.36125,0.84000,1.00000,0.00000,0.00000,0.00000
93.48125,0.84000,0.99998,0.00001,0.00000,0.00000
93.60125,0.84000,0.99960,0.00032,0.00001,0.00007
93.72125,0.84000,0.98608,0.01330,0.00000,0.00062
93.84125,0.84000,0.61444,0.38420,0.00002,0.00133
93.96125,0.84000,0.07290,0.92698,0.00002,0.00010
94.08125,0.84000,0.03310,0.96683,0.00003,0.00003
94.20125,0.84000,0.01856,0.98133,0.00011,0.00001
94.32125,0.84000,0.05531,0.94373,0.00096,0.00000
94.44125,0.84000,0.75966,0.21551,0.02482,0.00000
94.56125,0.84000,0.99116,0.00299,0.00586,0.00000
94.68125,0.84000,0.99951,0.00008,0.00042,0.00000
94.80125,0.84000,0.99997,0.00000,0.00003,0.00000
94.92125,0.84000,1.00000,0.00000,0.00000,0.00000
95.04125,0.84000,1.00000,0.00000,0.00000,0.00000
95.16125,0.84000,1.00000,0.00000,0.00000,0.00000
95.28125,0.84000,1.00000,0.00000,0.00000,0.00000
95.40125,0.84000,1.00000,0.00000,0.00000,0.00000
95.52125,0.84000,1.00000,0.00000,0.00000,0.00000
95.64125,0.84000,1.00000,0.00000,0.00000,0.00000
95.76125,0.84000,1.00000,0.00000,0.00000,0.00000
95.88125,0.84000,1.00000,0.00000,0.00000,0.00000
96.00125,0.84000,0.99999,0.00000,0.00000,0.00000
96.12125,0.84000,0.99988,0.00005,0.00000,0.00007
96.24125,0.84000,0.99720,0.00263,0.00000,0.00017
96.36125,0.84000,0.91951,0.08018,0.00001,0.00030
96.48125,0.84000,0.14454,0.85532,0.00005,0.00008
96.60125,0.84000,0.01922,0.98075,0.00002,0.00000
96.72125,0.84000,0.02263,0.97729,0.00008,0.00000
96.84125,0.84000,0.39391,0.60464,0.00145,0.00000
96.96125,0.84000,0.98723,0.01016,0.00260,0.00000
97.08125,0.84000,0.99936,0.00020,0.00044,0.00000
97.20125,0.84000,0.99997,0.00001,0.00002,0.00000
97.32125,0.84000,1.00000,0.00000,0.00000,0.00000
97.44125,0.84000,1.00000,0.00000,0.00000,0.00000
97.56125,0.84000,0.99999,0.00000,0.00000,0.00000
97.68125,0.84000,0.99992,0.00003,0.00003,0.00003
97.80125,0.84000,0.99810,0.00158,0.00001,0.00031
97.92125,0.84000,0.92220,0.07702,0.00001,0.00077
98.04125,0.84000,0.18321,0.81665,0.00004,0.00010
98.16125,0.84000,0.02597,0.97401,0.00002,0.00001
98.28125,0.84000,0.01486,0.98512,0.00002,0.00000
98.40125,0.84000,0.15302,0.84693,0.00005,0.00000
98.52125,0.84000,0.95222,0.04759,0.00019,0.00000
98.64125,0.84000,0.99905,0.00048,0.00046,0.00000
98.76125,0.84000,0.99995,0.00001,0.00004,0.00000
98.88125,0.84000,1.00000,0.00000,0.00000,0.00000
99.00125,0.84000,1.00000,0.00000,0.00000,0.00000
99.12125,0.84000,1.00000,0.00000,0.00000,0.00000
99.24125,0.84000,0.99997,0.00001,0.00000,0.00002
99.36125,0.84000,0.99907,0.00084,0.00000,0.00009
99.48125,0.84000,0.94989,0.04992,0.00000,0.00019
99.60125,0.84000,0.32509,0.67482,0.00001,0.00008
99.72125,0.84000,0.02441,0.97558,0.00001,0.00001
99.84125,0.84000,0.02642,0.97357,0.00001,0.00000
99.96125,0.84000,0.33690,0.66305,0.00005,0.00000
100.08125,0.84000,0.98702,0.01121,0.00177,0.00000
100.20125,0.84000,0.99871,0.00030,0.00099,0.00000
100.32125,0.84000,0.99992,0.00001,0.00007,0.00000
100.44125,0.84000,0.99999,0.00000,0.00001,0.00000
100.56125,0.84000,0.99999,0.00000,0.00001,0.00000
100.68125,0.84000,0.99999,0.00000,0.00001,0.00001
100.80125,0.84000,0.99985,0.00003,0.00002,0.00010
100.92125,0.84000,0.99673,0.00249,0.00000,0.00077
101.04125,0.84000,0.93781,0.06125,0.00002,0.00092
101.16125,0.84000,0.15982,0.83997,0.00003,0.00018
101.28125,0.84000,0.02440,0.97555,0.00003,0.00002
101.40125,0.84000,0.03426,0.96572,0.00002,0.00000
101.52125,0.84000,0.41303,0.58679,0.00018,0.00000
101.64125,0.84000,0.98419,0.01488,0.00094,0.00000
101.76125,0.84000,0.99921,0.00037,0.00042,0.00000
101.88125,0.84000,0.99996,0.00001,0.00003,0.00000
102.00125,0.84000,1.00000,0.00000,0.00000,0.00000
102.12125,0.84000,1.00000,0.00000,0.00000,0.00000
102.24125,0.84000,1.00000,0.00000,0.00000,0.00000
102.36125,0.84000,0.99999,0.00000,0.00001,0.00000
102.48125,0.84000,0.99985,0.00010,0.00001,0.00004
102.60125,0.84000,0.99539,0.00446,0.00000,0.00015
102.72125,0.84000,0.84849,0.15113,0.00001,0.00037
102.84125,0.84000,0.10108,0.89888,0.00001,0.00003
102.96125,0.84000,0.01916,0.98083,0.00001,0.00001
103.08125,0.84000,0.02842,0.97157,0.00001,0.00000
103.20125,0.84000,0.59484,0.40512,0.00004,0.00000
103.32125,0.84000,0.99578,0.00377,0.00045,0.00000
103.44125,0.84000,0.99958,0.00008,0.00033,0.00000
103.56125,0.84000,0.99997,0.00000,0.00002,0.00000
103.68125,0.84000,1.00000,0.00000,0.00000,0.00000
103.80125,0.84000,1.00000,0.00000,0.00000,0.00000
103.92125,0.84000,0.99999,0.00000,0.00001,0.00000
104.04125,0.84000,0.99991,0.00005,0.00001,0.00003
104.16125,0.84000,0.99734,0.00246,0.00000,0.00020
104.28125,0.84000,0.88880,0.11090,0.00001,0.00030
104.40125,0.84000,0.14097,0.85900,0.00001,0.00003
104.52125,0.84000,0.01620,0.98379,0.00001,0.00000
104.64125,0.84000,0.09589,0.90410,0.00001,0.00000
104.76125,0.84000,0.86570,0.13429,0.00001,0.00000
104.88125,0.84000,0.99921,0.00063,0.00016,0.00000
105.00125,0.84000,0.99993,0.00002,0.00006,0.00000
105.12125,0.84000,0.99999,0.00000,0.00001,0.00000
105.24125,0.84000,1.00000,0.00000,0.00000,0.00000
105.36125,0.84000,1.00000,0.00000,0.00000,0.00000
105.48125,0.84000,1.00000,0.00000,0.00000,0.00000
105.60125,0.84000,0.99997,0.00001,0.00000,0.00002
105.72125,0.84000,0.99942,0.00047,0.00000,0.00011
105.84125,0.84000,0.97491,0.02487,0.00001,0.00021
105.96125,0.84000,0.34911,0.65074,0.00007,0.00008
106.08125,0.84000,0.02338,0.97658,0.00003,0.00000
106.20125,0.84000,0.03046,0.96951,0.00004,0.00000
106.32125,0.84000,0.47460,0.52523,0.00017,0.00000
106.44125,0.84000,0.98985,0.00898,0.00117,0.00000
106.56125,0.84000,0.99954,0.00015,0.00030,0.00000
106.68125,0.84000,0.99995,0.00001,0.00004,0.00000
106.80125,0.84000,0.99998,0.00000,0.00001,0.00000
106.92125,0.84000,0.99998,0.00001,0.00001,0.00000
107.04125,0.84000,0.99992,0.00004,0.00001,0.00003
107.16125,0.84000,0.99787,0.00193,0.00000,0.00020
107.28125,0.84000,0.90909,0.09030,0.00001,0.00060
107.40125,0.84000,0.20111,0.79871,0.00003,0.00016
107.52125,0.84000,0.02257,0.97740,0.00002,0.00002
107.64125,0.84000,0.03656,0.96343,0.00002,0.00000
107.76125,0.84000,0.61694,0.38301,0.00005,0.00000
107.88125,0.84000,0.99584,0.00347,0.00069,0.00000
108.00125,0.84000,0.99961,0.00008,0.00031,0.00000
108.12125,0.84000,0.99998,0.00000,0.00002,0.00000
108.24125,0.84000,1.00000,0.00000,0.00000,0.00000
108.36125,0.84000,1.00000,0.00000,0.00000,0.00000
108.48125,0.84000,0.99999,0.00000,0.00000,0.00000
108.60125,0.84000,0.99992,0.00003,0.00003,0.00003
108.72125,0.84000,0.99749,0.00229,0.00000,0.00021
108.84125,0.84000,0.91490,0.08469,0.00004,0.00037
108.96125,0.84000,0.14891,0.85098,0.00006,0.00005
109.08125,0.84000,0.02188,0.97807,0.00005,0.00000
109.20125,0.84000,0.02690,0.97307,0.00003,0.00000
109.32125,0.84000,0.60681,0.39306,0.00013,0.00000
109.44125,0.84000,0.99324,0.00609,0.00067,0.00000
109.56125,0.84000,0.99973,0.00007,0.00020,0.00000
109.68125,0.84000,0.99999,0.00000,0.00001,0.00000
109.80125,0.84000,1.00000,0.00000,0.00000,0.00000
109.92125,0.84000,1.00000,0.00000,0.00000,0.00000
110.04125,0.84000,1.00000,0.00000,0.00000,0.00000
110.16125,0.84000,0.99996,0.00002,0.00000,0.00002
110.28125,0.84000,0.99871,0.00119,0.00000,0.00010
110.40125,0.84000,0.94304,0.05670,0.00000,0.00025
110.52125,0.84000,0.23875,0.76120,0.00001,0.00004
110.64125,0.84000,0.02673,0.97326,0.00001,0.00001
110.76125,0.84000,0.02810,0.97189,0.00001,0.00000
110.88125,0.84000,0.50025,0.49972,0.00003,0.00000
111.00125,0.84000,0.99437,0.00507,0.00056,0.00000
111.12125,0.84000,0.99963,0.00011,0.00026,0.00000
111.24125,0.84000,0.99998,0.00000,0.00002,0.00000
111.36125,0.84000,1.00000,0.00000,0.00000,0.00000
111.48125,0.84000,1.00000,0.00000,0.00000,0.00000
111.60125,0.84000,1.00000,0.00000,0.00000,0.00000
111.72125,0.84000,0.99999,0.00000,0.00000,0.00000
111.84125,0.84000,0.99985,0.00009,0.00000,0.00005
111.96125,0.84000,0.99210,0.00783,0.00000,0.00007
112.08125,0.84000,0.77452,0.22539,0.00002,0.00008
112.20125,0.84000,0.08131,0.91863,0.00004,0.00002
112.32125,0.84000,0.02170,0.97827,0.00003,0.00000
112.44125,0.84000,0.06543,0.93451,0.00006,0.00000
112.56125,0.84000,0.88829,0.11157,0.00014,0.00000
112.68125,0.84000,0.99828,0.00104,0.00068,0.00000
112.80125,0.84000,0.99985,0.00002,0.00013,0.00000
112.92125,0.84000,0.99999,0.00000,0.00001,0.00000
113.04125,0.84000,1.00000,0.00000,0.00000,0.00000
113.16125,0.84000,1.00000,0.00000,0.00000,0.00000
113.28125,0.84000,0.99999,0.00000,0.00000,0.00001
113.40125,0.84000,0.99973,0.00010,0.00000,0.00016
113.52125,0.84000,0.99361,0.00607,0.00000,0.00032
113.64125,0.84000,0.78994,0.20968,0.00001,0.00037
113.76125,0.84000,0.05395,0.94600,0.00001,0.00004
113.88125,0.84000,0.02051,0.97947,0.00001,0.00001
114.00125,0.84000,0.15131,0.84866,0.00003,0.00000
114.12125,0.84000,0.94458,0.05527,0.00015,0.00000
114.24125,0.84000,0.99871,0.00063,0.00065,0.00000
114.36125,0.84000,0.99992,0.00001,0.00007,0.00000
114.48125,0.84000,0.99999,0.00000,0.00001,0.00000
114.60125,0.84000,1.00000,0.00000,0.00000,0.00000
114.72125,0.84000,1.00000,0.00000,0.00000,0.00000
114.84125,0.84000,1.00000,0.00000,0.00000,0.00000
114.96125,0.84000,0.99997,0.00001,0.00001,0.00001
115.08125,0.84000,0.99897,0.00095,0.00000,0.00008
115.20125,0.84000,0.96077,0.03909,0.00000,0.00013
115.32125,0.84000,0.36165,0.63828,0.00002,0.00005
115.44125,0.84000,0.02184,0.97815,0.00001,0.00000
115.56125,0.84000,0.01524,0.98475,0.00001,0.00000
115.68125,0.84000,0.25389,0.74604,0.00007,0.00000
115.80125,0.84000,0.97954,0.02009,0.00037,0.00000
115.92125,0.84000,0.99936,0.00022,0.00042,0.00000
116.04125,0.84000,0.99996,0.00001,0.00003,0.00000
116.16125,0.84000,0.99999,0.00000,0.00001,0.00000
116.28125,0.84000,0.99999,0.00000,0.00000,0.00000
116.40125,0.84000,0.99999,0.00000,0.00001,0.00001
116.52125,0.84000,0.99970,0.00017,0.00001,0.00012
116.64125,0.84000,0.99041,0.00933,0.00000,0.00026
116.76125,0.84000,0.64145,0.35825,0.00001,0.00029
116.88125,0.84000,0.06360,0.93636,0.00001,0.00002
117.00125,0.84000,0.01558,0.98441,0.00001,0.00000
117.12125,0.84000,0.07415,0.92582,0.00003,0.00000
117.24125,0.84000,0.84446,0.15550,0.00005,0.00000
117.36125,0.84000,0.99828,0.00125,0.00047,0.00000
117.48125,0.84000,0.99983,0.00003,0.00014,0.00000
117.60125,0.84000,0.99996,0.00001,0.00003,0.00000
117.72125,0.84000,0.99999,0.00000,0.00001,0.00000
117.84125,0.84000,0.99999,0.00001,0.00000,0.00000
117.96125,0.84000,0.99980,0.00011,0.00001,0.00008
118.08125,0.84000,0.99316,0.00663,0.00000,0.00020
118.20125,0.84000,0.68487,0.31477,0.00001,0.00035
118.32125,0.84000,0.06322,0.93674,0.00002,0.00003
118.44125,0.84000,0.01772,0.98226,0.00001,0.00000
118.56125,0.84000,0.06329,0.93666,0.00005,0.00000
118.68125,0.84000,0.76499,0.23490,0.00011,0.00000
118.80125,0.84000,0.99446,0.00452,0.00102,0.00000
118.92125,0.84000,0.99967,0.00008,0.00026,0.00000
119.04125,0.84000,0.99996,0.00001,0.00004,0.00000
119.16125,0.84000,0.99999,0.00000,0.00001,0.00000
119.28125,0.84000,0.99999,0.00001,0.00001,0.00000
119.40125,0.84000,0.99982,0.00015,0.00001,0.00001
119.52125,0.84000,0.99519,0.00471,0.00000,0.00010
119.64125,0.84000,0.81436,0.18552,0.00001,0.00012
119.76125,0.84000,0.08391,0.91607,0.00000,0.00001
119.88125,0.84000,0.02449,0.97551,0.00000,0.00000
120.00125,0.84000,0.07417,0.92582,0.00001,0.00000
120.12125,0.84000,0.73672,0.26326,0.00002,0.00000
120.24125,0.84000,0.99569,0.00362,0.00069,0.00000
120.36125,0.84000,0.99982,0.00007,0.00011,0.00000
120.48125,0.84000,0.99999,0.00000,0.00001,0.00000
120.60125,0.84000,1.00000,0.00000,0.00000,0.00000
120.72125,0.84000,1.00000,0.00000,0.00000,0.00000
120.84125,0.84000,0.99999,0.00001,0.00001,0.00000
120.96125,0.84000,0.99973,0.00024,0.00000,0.00003
121.08125,0.84000,0.98880,0.01112,0.00000,0.00007
121.20125,0.84000,0.61811,0.38180,0.00001,0.00008
121.32125,0.84000,0.05304,0.94694,0.00001,0.00001
121.44125,0.84000,0.02430,0.97569,0.00001,0.00000
121.56125,0.84000,0.06627,0.93371,0.00002,0.00000
121.68125,0.84000,0.79629,0.20365,0.00006,0.00000
121.80125,0.84000,0.99764,0.00173,0.00063,0.00000
121.92125,0.84000,0.99989,0.00003,0.00008,0.00000
122.04125,0.84000,0.99999,0.00000,0.00001,0.00000
122.16125,0.84000,1.00000,0.00000,0.00000,0.00000
122.28125,0.84000,1.00000,0.00000,0.00000,0.00000
122.40125,0.84000,0.99997,0.00001,0.00002,0.00001
122.52125,0.84000,0.99937,0.00054,0.00000,0.00009
122.64125,0.84000,0.96918,0.03068,0.00000,0.00015
122.76125,0.84000,0.34294,0.65692,0.00002,0.00013
122.88125,0.84000,0.02831,0.97167,0.00001,0.00001
123.00125,0.84000,0.02061,0.97938,0.00001,0.00000
123.12125,0.84000,0.19776,0.80223,0.00001,0.00000
123.24125,0.84000,0.95161,0.04828,0.00012,0.00000
123.36125,0.84000,0.99801,0.00121,0.00078,0.00000
123.48125,0.84000,0.99985,0.00003,0.00011,0.00000
123.60125,0.84000,0.99996,0.00001,0.00002,0.00000
123.72125,0.84000,0.99998,0.00002,0.00001,0.00000
123.84125,0.84000,0.99988,0.00011,0.00001,0.00001
123.96125,0.84000,0.99579,0.00407,0.00000,0.00014
124.08125,0.84000,0.92833,0.07152,0.00000,0.00015
124.20125,0.84000,0.23393,0.76599,0.00000,0.00008
124.32125,0.84000,0.03479,0.96519,0.00000,0.00001
124.44125,0.84000,0.20628,0.79370,0.00001,0.00001
124.56125,0.84000,0.93904,0.06093,0.00002,0.00000
124.68125,0.84000,0.99939,0.00058,0.00003,0.00000
124.80125,0.84000,0.99990,0.00002,0.00008,0.00000
124.92125,0.84000,0.99999,0.00000,0.00001,0.00000
125.04125,0.84000,1.00000,0.00000,0.00000,0.00000
125.16125,0.84000,1.00000,0.00000,0.00000,0.00000
125.28125,0.84000,1.00000,0.00000,0.00000,0.00000
125.40125,0.84000,0.99994,0.00002,0.00002,0.00001
125.52125,0.84000,0.99807,0.00181,0.00000,0.00011
125.64125,0.84000,0.92973,0.07015,0.00003,0.00010
125.76125,0.84000,0.18422,0.81566,0.00007,0.00005
125.88125,0.84000,0.02451,0.97541,0.00007,0.00000
126.00125,0.84000,0.01416,0.98578,0.00006,0.00000
126.12125,0.84000,0.10871,0.89114,0.00014,0.00000
126.24125,0.84000,0.93675,0.05401,0.00924,0.00000
126.36125,0.84000,0.99703,0.00128,0.00169,0.00000
126.48125,0.84000,0.99976,0.00003,0.00021,0.00000
126.60125,0.84000,0.99994,0.00001,0.00006,0.00000
126.72125,0.84000,0.99996,0.00001,0.00003,0.00000
126.84125,0.84000,0.99993,0.00003,0.00004,0.00001
126.96125,0.84000,0.99934,0.00043,0.00002,0.00021
127.08125,0.84000,0.97403,0.02534,0.00001,0.00062
127.20125,0.84000,0.33454,0.66507,0.00004,0.00035
127.32125,0.84000,0.03601,0.96393,0.00004,0.00002
127.44125,0.84000,0.01416,0.98582,0.00002,0.00000
127.56125,0.84000,0.03858,0.96137,0.00004,0.00000
127.68125,0.84000,0.64535,0.35454,0.00012,0.00000
127.80125,0.84000,0.99076,0.00740,0.00184,0.00000
127.92125,0.84000,0.99951,0.00014,0.00035,0.00000
128.04124,0.84001,0.99984,0.00004,0.00012,0.00000
128.16125,0.84000,0.99994,0.00002,0.00004,0.00000
128.28125,0.84000,0.99987,0.00005,0.00007,0.00001
128.40125,0.84001,0.99916,0.00073,0.00004,0.00007
128.52126,0.84000,0.97910,0.02063,0.00001,0.00026
128.64125,0.84000,0.38019,0.61947,0.00005,0.00029
128.76125,0.84001,0.03800,0.96192,0.00006,0.00002
128.88126,0.84000,0.01622,0.98374,0.00003,0.00000
129.00125,0.84000,0.03126,0.96870,0.00005,0.00000
129.12125,0.84000,0.41584,0.58409,0.00007,0.00000
129.24126,0.84000,0.98526,0.01231,0.00243,0.00000
129.36125,0.84000,0.99924,0.00026,0.00050,0.00000
129.48125,0.84000,0.99994,0.00001,0.00004,0.00000
129.60126,0.84000,0.99998,0.00000,0.00002,0.00000
129.72125,0.84000,0.99997,0.00001,0.00002,0.00000
129.84125,0.84000,0.99989,0.00006,0.00002,0.00003
129.96124,0.84001,0.99788,0.00182,0.00000,0.00030
130.08125,0.84000,0.92998,0.06963,0.00003,0.00036
130.20125,0.84000,0.20676,0.79303,0.00010,0.00011
130.32124,0.84001,0.02262,0.97731,0.00006,0.00001
130.44125,0.84000,0.04300,0.95696,0.00003,0.00000
130.56125,0.84000,0.61567,0.38425,0.00009,0.00000
130.68124,0.84001,0.99399,0.00551,0.00050,0.00000
130.80125,0.84000,0.99946,0.00024,0.00030,0.00000
130.92125,0.84000,0.99997,0.00001,0.00002,0.00000
131.04124,0.84001,1.00000,0.00000,0.00000,0.00000
131.16125,0.84000,1.00000,0.00000,0.00000,0.00000
131.28125,0.84000,0.99998,0.00001,0.00001,0.00000
131.40125,0.84001,0.99912,0.00084,0.00002,0.00002
131.52126,0.84000,0.98113,0.01869,0.00000,0.00019
131.64125,0.84000,0.58241,0.41738,0.00001,0.00020
131.76125,0.84001,0.04077,0.95922,0.00001,0.00001
131.88126,0.84000,0.01190,0.98808,0.00001,0.00000
132.00125,0.84000,0.01055,0.98942,0.00003,0.00000
132.12125,0.84000,0.07784,0.92202,0.00014,0.00000
132.24126,0.84000,0.90528,0.08092,0.01380,0.00000
132.36125,0.84000,0.99589,0.00170,0.00240,0.00000
132.48125,0.84000,0.99983,0.00004,0.00012,0.00000
132.60126,0.84000,0.99997,0.00000,0.00003,0.00000
132.72125,0.84000,0.99999,0.00000,0.00001,0.00000
132.84125,0.84000,0.99997,0.00001,0.00001,0.00000
132.96124,0.84001,0.99976,0.00016,0.00001,0.00007
133.08125,0.84000,0.99111,0.00849,0.00000,0.00039
133.20125,0.84000,0.69563,0.30391,0.00003,0.00043
133.32124,0.84001,0.03515,0.96480,0.00003,0.00002
133.44125,0.84000,0.01384,0.98613,0.00002,0.00000
133.56125,0.84000,0.04472,0.95520,0.00008,0.00000
133.68124,0.84001,0.71455,0.28535,0.00010,0.00000
133.80125,0.84000,0.99414,0.00424,0.00162,0.00000
133.92125,0.84000,0.99975,0.00006,0.00019,0.00000
134.04124,0.84001,0.99997,0.00000,0.00003,0.00000
134.16125,0.84000,0.99998,0.00000,0.00001,0.00000
134.28125,0.84000,0.99998,0.00000,0.00002,0.00000
134.40125,0.84001,0.99991,0.00003,0.00002,0.00003
134.52126,0.84000,0.99821,0.00145,0.00000,0.00034
134.64125,0.84000,0.92764,0.07149,0.00006,0.00081
134.76125,0.84001,0.25974,0.73973,0.00021,0.00031
134.88126,0.84000,0.02333,0.97655,0.00010,0.00002
135.00125,0.84000,0.03941,0.96052,0.00006,0.00000
135.12125,0.84000,0.22484,0.77493,0.00023,0.00000
135.24126,0.84000,0.89212,0.09519,0.01269,0.00000
135.36125,0.84000,0.99567,0.00220,0.00213,0.00000
135.48125,0.84000,0.99974,0.00009,0.00017,0.00000
135.60126,0.84000,0.99998,0.00001,0.00002,0.00000
135.72125,0.84000,0.99998,0.00000,0.00001,0.00000
135.84125,0.84000,0.99996,0.00001,0.00003,0.00000
135.96124,0.84001,0.99986,0.00011,0.00001,0.00003
136.08125,0.84000,0.99646,0.00340,0.00000,0.00013
136.20125,0.84000,0.84788,0.15193,0.00002,0.00017
136.32124,0.84001,0.19462,0.80530,0.00005,0.00003
136.44125,0.84000,0.02273,0.97724,0.00003,0.00000
136.56125,0.84000,0.03240,0.96757,0.00003,0.00000
136.68124,0.84001,0.52201,0.47793,0.00007,0.00000
136.80125,0.84000,0.99188,0.00699,0.00113,0.00000
136.92125,0.84000,0.99966,0.00010,0.00024,0.00000
137.04124,0.84001,0.99995,0.00001,0.00004,0.00000
137.16125,0.84000,0.99998,0.00000,0.00001,0.00000
137.28125,0.84000,0.99998,0.00001,0.00001,0.00000
137.40125,0.84001,0.99989,0.00008,0.00002,0.00001
137.52126,0.84000,0.99677,0.00317,0.00000,0.00007
137.64125,0.84000,0.82474,0.17515,0.00002,0.00010
137.76125,0.84001,0.08638,0.91357,0.00003,0.00002
137.88126,0.84000,0.01442,0.98556,0.00002,0.00000
138.00125,0.84000,0.01713,0.98283,0.00003,0.00000
138.12125,0.84000,0.18427,0.81568,0.00005,0.00000
138.24126,0.84000,0.96163,0.03206,0.00631,0.00000
138.36125,0.84000,0.99840,0.00050,0.00110,0.00000
138.48125,0.84000,0.99988,0.00002,0.00011,0.00000
138.60126,0.84000,0.99998,0.00000,0.00002,0.00000
138.72125,0.84000,0.99998,0.00000,0.00002,0.00000
138.84125,0.84000,0.99993,0.00001,0.00006,0.00001
138.96124,0.84001,0.99965,0.00019,0.00004,0.00012
139.08125,0.84000,0.98660,0.01300,0.00002,0.00038
139.20125,0.84000,0.55381,0.44581,0.00010,0.00028
139.32124,0.84001,0.03469,0.96520,0.00010,0.00001
139.44125,0.84000,0.02162,0.97834,0.00004,0.00000
139.56125,0.84000,0.05752,0.94242,0.00006,0.00000
139.68124,0.84001,0.48654,0.51339,0.00006,0.00000
139.80125,0.84000,0.98928,0.00983,0.00089,0.00000
139.92125,0.84000,0.99966,0.00015,0.00020,0.00000
140.04124,0.84001,0.99997,0.00001,0.00002,0.00000
140.16125,0.84000,0.99998,0.00000,0.00001,0.00000
140.28125,0.84000,0.99998,0.00000,0.00002,0.00000
140.40125,0.84001,0.99992,0.00004,0.00003,0.00001
140.52126,0.84000,0.99917,0.00065,0.00001,0.00017
140.64125,0.84000,0.96436,0.03530,0.00003,0.00031
140.76125,0.84001,0.29260,0.70716,0.00016,0.00008
140.88126,0.84000,0.02608,0.97380,0.00011,0.00001
141.00125,0.84000,0.01443,0.98548,0.00009,0.00000
141.12125,0.84000,0.09875,0.90088,0.00037,0.00000
141.24126,0.84000,0.91519,0.08370,0.00111,0.00000
141.36125,0.84000,0.99754,0.00098,0.00148,0.00000
141.48125,0.84000,0.99974,0.00005,0.00021,0.00000
141.60126,0.84000,0.99992,0.00002,0.00006,0.00000
141.72125,0.84000,0.99998,0.00001,0.00001,0.00000
141.84125,0.84000,0.99991,0.00007,0.00001,0.00000
141.96124,0.84001,0.99874,0.00114,0.00001,0.00011
142.08125,0.84000,0.92255,0.07720,0.00001,0.00024
142.20125,0.84000,0.17177,0.82813,0.00005,0.00004
142.32124,0.84001,0.03169,0.96827,0.00003,0.00001
142.44125,0.84000,0.02074,0.97917,0.00008,0.00000
142.56125,0.84000,0.11239,0.88741,0.00020,0.00000
142.68124,0.84001,0.87929,0.12005,0.00066,0.00000
142.80125,0.84000,0.99759,0.00128,0.00113,0.00000
142.92125,0.84000,0.99988,0.00003,0.00009,0.00000
143.04124,0.84001,0.99999,0.00000,0.00001,0.00000
143.16125,0.84000,1.00000,0.00000,0.00000,0.00000
143.28125,0.84000,1.00000,0.00000,0.00000,0.00000
143.40125,0.84001,0.99996,0.00002,0.00000,0.00002
143.52126,0.84000,0.99871,0.00107,0.00000,0.00021
143.64125,0.84000,0.94794,0.05180,0.00000,0.00025
143.76125,0.84001,0.22571,0.77419,0.00001,0.00009
143.88126,0.84000,0.01901,0.98098,0.00001,0.00001
144.00125,0.84000,0.02762,0.97237,0.00001,0.00000
144.12125,0.84000,0.41941,0.58052,0.00007,0.00000
144.24126,0.84000,0.99317,0.00601,0.00081,0.00000
144.36125,0.84000,0.99964,0.00009,0.00027,0.00000
144.48125,0.84000,0.99998,0.00000,0.00002,0.00000
144.60126,0.84000,0.99999,0.00000,0.00001,0.00000
144.72125,0.84000,1.00000,0.00000,0.00000,0.00000
144.84125,0.84000,0.99998,0.00001,0.00000,0.00001
144.96124,0.84001,0.99959,0.00029,0.00000,0.00012
145.08125,0.84000,0.98347,0.01614,0.00000,0.00038
145.20125,0.84000,0.54355,0.45622,0.00001,0.00022
145.32124,0.84001,0.02444,0.97553,0.00001,0.00002
145.44125,0.84000,0.02603,0.97396,0.00001,0.00000
145.56125,0.84000,0.61057,0.38933,0.00009,0.00000
145.68124,0.84001,0.99681,0.00252,0.00067,0.00000
145.80125,0.84000,0.99946,0.00007,0.00047,0.00000
145.92125,0.84000,0.99996,0.00000,0.00004,0.00000
146.04124,0.84001,0.99999,0.00000,0.00001,0.00000
146.16125,0.84000,1.00000,0.00000,0.00000,0.00000
146.28125,0.84000,0.99998,0.00001,0.00000,0.00001
146.40125,0.84001,0.99947,0.00031,0.00000,0.00022
146.52126,0.84000,0.98402,0.01560,0.00000,0.00038
146.64125,0.84000,0.53922,0.46048,0.00003,0.00027
146.76125,0.84001,0.03620,0.96377,0.00001,0.00001
146.88126,0.84000,0.02259,0.97740,0.00001,0.00000
147.00125,0.84000,0.43644,0.56345,0.00010,0.00000
147.12125,0.84000,0.98717,0.01261,0.00022,0.00000
147.24126,0.84000,0.99951,0.00015,0.00034,0.00000
147.36125,0.84000,0.99997,0.00000,0.00003,0.00000
147.48125,0.84000,0.99999,0.00000,0.00001,0.00000
147.60126,0.84000,0.99999,0.00000,0.00000,0.00000
147.72125,0.84000,0.99998,0.00000,0.00001,0.00001
147.84125,0.84000,0.99967,0.00024,0.00000,0.00009
147.96124,0.84001,0.98807,0.01177,0.00000,0.00015
148.08125,0.84000,0.58238,0.41743,0.00003,0.00016
148.20125,0.84000,0.02898,0.97098,0.00002,0.00001
148.32124,0.84001,0.01667,0.98332,0.00001,0.00000
148.44125,0.84000,0.27309,0.72680,0.00010,0.00000
148.56125,0.84000,0.97996,0.01916,0.00088,0.00000
148.68124,0.84001,0.99902,0.00032,0.00066,0.00000
148.80125,0.84000,0.99988,0.00002,0.00010,0.00000
148.92125,0.84000,0.99996,0.00001,0.00003,0.00000
149.04124,0.84001,0.99997,0.00002,0.00001,0.00000
149.16125,0.84000,0.99983,0.00010,0.00001,0.00006
149.28125,0.84000,0.99639,0.00307,0.00000,0.00053
149.40125,0.84001,0.87987,0.11854,0.00001,0.00158
149.52126,0.84000,0.08857,0.91128,0.00001,0.00014
149.64125,0.84000,0.02001,0.97996,0.00001,0.00002
149.76125,0.84001,0.02348,0.97649,0.00003,0.00000
149.88126,0.84000,0.49373,0.50607,0.00019,0.00001
150.00125,0.84000,0.99158,0.00714,0.00127,0.00000
150.12125,0.84000,0.99915,0.00016,0.00069,0.00000
150.24126,0.84000,0.99990,0.00001,0.00009,0.00000
150.36125,0.84000,0.99997,0.00001,0.00003,0.00000
150.48125,0.84000,0.99998,0.00001,0.00001,0.00000
150.60126,0.84000,0.99986,0.00009,0.00001,0.00004
150.72125,0.84000,0.99662,0.00316,0.00000,0.00021
150.84125,0.84000,0.86968,0.12963,0.00001,0.00068
150.96124,0.84001,0.07678,0.92312,0.00001,0.00008
151.08125,0.84000,0.01681,0.98316,0.00001,0.00002
151.20125,0.84000,0.02390,0.97607,0.00002,0.00000
151.32124,0.84001,0.23084,0.76901,0.00015,0.00000
151.44125,0.84000,0.96734,0.03020,0.00246,0.00000
151.56125,0.84000,0.99762,0.00089,0.00149,0.00000
151.68124,0.84001,0.99989,0.00002,0.00008,0.00000
151.80125,0.84000,0.99997,0.00000,0.00002,0.00000
151.92125,0.84000,0.99999,0.00001,0.00001,0.00000
152.04124,0.84001,0.99994,0.00004,0.00001,0.00001
152.16125,0.84000,0.99882,0.00093,0.00000,0.00024
152.28125,0.84000,0.97071,0.02910,0.00002,0.00017
152.40125,0.84001,0.42783,0.57184,0.00012,0.00021
152.52126,0.84000,0.02382,0.97610,0.00007,0.00001
152.64125,0.84000,0.02257,0.97736,0.00007,0.00000
152.76125,0.84001,0.17036,0.82926,0.00038,0.00000
152.88126,0.84000,0.90297,0.09444,0.00259,0.00000
153.00125,0.84000,0.99614,0.00225,0.00161,0.00000
153.12125,0.84000,0.99968,0.00009,0.00024,0.00000
153.24126,0.84000,0.99988,0.00006,0.00006,0.00000
153.36125,0.84000,0.99988,0.00010,0.00002,0.00001
153.48125,0.84000,0.99936,0.00058,0.00001,0.00005
153.60126,0.84000,0.98980,0.00998,0.00000,0.00022
153.72125,0.84000,0.83925,0.16056,0.00000,0.00018
153.84125,0.84000,0.08810,0.91187,0.00001,0.00003
153.96124,0.84001,0.01614,0.98385,0.00001,0.00000
154.08125,0.84000,0.01996,0.98003,0.00001,0.00000
154.20125,0.84000,0.42991,0.57004,0.00005,0.00000
154.32124,0.84001,0.98918,0.00927,0.00156,0.00000
154.44125,0.84000,0.99590,0.00145,0.00265,0.00000
154.56125,0.84000,0.99876,0.00075,0.00049,0.00000
154.68124,0.84001,0.99861,0.00130,0.00009,0.00000
154.80125,0.84000,0.99697,0.00299,0.00002,0.00002
154.92125,0.84000,0.98588,0.01399,0.00000,0.00013
155.04124,0.84001,0.58561,0.41425,0.00000,0.00014
155.16125,0.84000,0.06870,0.93127,0.00000,0.00003
155.28125,0.84000,0.02953,0.97046,0.00000,0.00001
155.40125,0.84001,0.06775,0.93224,0.00001,0.00000
155.52126,0.84000,0.32384,0.67611,0.00005,0.00000
155.64125,0.84000,0.95940,0.03737,0.00323,0.00000
155.76125,0.84001,0.98832,0.00547,0.00621,0.00000
155.88126,0.84000,0.99503,0.00216,0.00280,0.00000
156.00125,0.84000,0.99231,0.00664,0.00102,0.00002
156.12125,0.84000,0.97103,0.02828,0.00016,0.00053
156.24126,0.84000,0.92367,0.07477,0.00001,0.00155
156.36125,0.84000,0.48780,0.51090,0.00003,0.00128
156.48125,0.84000,0.06549,0.93440,0.00002,0.00008
156.60126,0.84000,0.02177,0.97821,0.00001,0.00001
156.72125,0.84000,0.09727,0.90271,0.00002,0.00000
156.84125,0.84000,0.88120,0.11876,0.00004,0.00000
156.96124,0.84001,0.99755,0.00182,0.00062,0.00000
157.08125,0.84000,0.99981,0.00003,0.00016,0.00000
157.20125,0.84000,0.99999,0.00000,0.00001,0.00000
157.32124,0.84001,1.00000,0.00000,0.00000,0.00000
157.44125,0.84000,1.00000,0.00000,0.00000,0.00000
157.56125,0.84000,1.00000,0.00000,0.00000,0.00000
157.68124,0.84001,1.00000,0.00000,0.00000,0.00000
157.80125,0.84000,1.00000,0.00000,0.00000,0.00000
157.92125,0.84000,1.00000,0.00000,0.00000,0.00000
158.04124,0.84001,1.00000,0.00000,0.00000,0.00000
158.16125,0.84000,1.00000,0.00000,0.00000,0.00000
158.28125,0.84000,1.00000,0.00000,0.00000,0.00000
158.40125,0.84001,1.00000,0.00000,0.00000,0.00000
158.52126,0.84000,0.99999,0.00000,0.00000,0.00001
158.64125,0.84000,0.99989,0.00004,0.00001,0.00006
158.76125,0.84001,0.99755,0.00214,0.00000,0.00031
158.88126,0.84000,0.91277,0.08668,0.00000,0.00055
159.00125,0.84000,0.14272,0.85708,0.00001,0.00018
159.12125,0.84000,0.01378,0.98620,0.00001,0.00001
159.24126,0.84000,0.04174,0.95825,0.00001,0.00000
159.36125,0.84000,0.64845,0.35150,0.00005,0.00000
159.48125,0.84000,0.99560,0.00378,0.00062,0.00000
159.60126,0.84000,0.99971,0.00006,0.00023,0.00000
159.72125,0.84000,0.99998,0.00000,0.00002,0.00000
159.84125,0.84000,1.00000,0.00000,0.00000,0.00000
159.96124,0.84001,1.00000,0.00000,0.00000,0.00000
160.08125,0.84000,1.00000,0.00000,0.00000,0.00000
160.20125,0.84000,0.99998,0.00000,0.00001,0.00001
160.32124,0.84001,0.99959,0.00025,0.00000,0.00016
160.44125,0.84000,0.98438,0.01550,0.00000,0.00012
160.56125,0.84000,0.59874,0.40104,0.00001,0.00022
160.68124,0.84001,0.03340,0.96657,0.00000,0.00002
160.80125,0.84000,0.01669,0.98331,0.00000,0.00000
160.92125,0.84000,0.09455,0.90544,0.00001,0.00000
161.04124,0.84001,0.77655,0.22337,0.00009,0.00000
161.16125,0.84000,0.99521,0.00400,0.00079,0.00000
161.28125,0.84000,0.99963,0.00010,0.00026,0.00000
161.40125,0.84001,0.99997,0.00001,0.00002,0.00000
161.52126,0.84000,0.99999,0.00000,0.00001,0.00000
161.64125,0.84000,0.99999,0.00000,0.00001,0.00000
161.76125,0.84001,0.99992,0.00003,0.00005,0.00000
161.88126,0.84000,0.99883,0.00111,0.00001,0.00005
162.00125,0.84000,0.95730,0.04252,0.00001,0.00017
162.12125,0.84000,0.42002,0.57968,0.00004,0.00026
162.24126,0.84000,0.05754,0.94241,0.00003,0.00002
162.36125,0.84000,0.01838,0.98158,0.00003,0.00000
162.48125,0.84000,0.06351,0.93646,0.00003,0.00000
162.60126,0.84000,0.69198,0.30784,0.00018,0.00000
162.72125,0.84000,0.98820,0.00741,0.00439,0.00000
162.84125,0.84000,0.99904,0.00020,0.00076,0.00000
162.96124,0.84001,0.99978,0.00006,0.00016,0.00000
163.08125,0.84000,0.99989,0.00003,0.00008,0.00000
163.20125,0.84000,0.99970,0.00016,0.00011,0.00002
163.32124,0.84001,0.99828,0.00128,0.00003,0.00041
163.44125,0.84000,0.95081,0.04885,0.00003,0.00031
163.56125,0.84000,0.37895,0.62069,0.00013,0.00023
163.68124,0.84001,0.03177,0.96814,0.00008,0.00002
163.80125,0.84000,0.02474,0.97520,0.00005,0.00000
163.92125,0.84000,0.26160,0.73831,0.00009,0.00000
164.04124,0.84001,0.94514,0.05466,0.00020,0.00000
164.16125,0.84000,0.99883,0.00086,0.00031,0.00000
164.28125,0.84000,0.99992,0.00002,0.00006,0.00000
164.40125,0.84001,1.00000,0.00000,0.00000,0.00000
164.52126,0.84000,1.00000,0.00000,0.00000,0.00000
164.64125,0.84000,0.99999,0.00000,0.00001,0.00000
164.76125,0.84001,0.99991,0.00004,0.00004,0.00001
164.88126,0.84000,0.99864,0.00105,0.00001,0.00030
165.00125,0.84000,0.95068,0.04907,0.00002,0.00023
165.12125,0.84000,0.30923,0.69053,0.00011,0.00013
165.24126,0.84000,0.02225,0.97769,0.00005,0.00001
165.36125,0.84000,0.01820,0.98175,0.00005,0.00000
165.48125,0.84000,0.04602,0.95387,0.00012,0.00000
165.60126,0.84000,0.55924,0.43906,0.00170,0.00000
165.72125,0.84000,0.99290,0.00616,0.00094,0.00000
165.84125,0.84000,0.99960,0.00016,0.00024,0.00000
165.96124,0.84001,0.99996,0.00001,0.00002,0.00000
166.08125,0.84000,0.99998,0.00000,0.00001,0.00000
166.20125,0.84000,0.99998,0.00000,0.00001,0.00000
166.32124,0.84001,0.99993,0.00003,0.00002,0.00002
166.44125,0.84000,0.99783,0.00188,0.00003,0.00027
166.56125,0.84000,0.88971,0.10963,0.00002,0.00065
166.68124,0.84001,0.24127,0.75845,0.00005,0.00024
166.80125,0.84000,0.02658,0.97336,0.00004,0.00002
166.92125,0.84000,0.01858,0.98139,0.00003,0.00000
167.04124,0.84001,0.24749,0.75239,0.00012,0.00000
167.16125,0.84000,0.90210,0.09779,0.00010,0.00000
167.28125,0.84000,0.99736,0.00168,0.00096,0.00000
167.40125,0.84001,0.99986,0.00003,0.00011,0.00000
167.52126,0.84000,0.99999,0.00000,0.00001,0.00000
167.64125,0.84000,1.00000,0.00000,0.00000,0.00000
167.76125,0.84001,1.00000,0.00000,0.00000,0.00000
167.88126,0.84000,1.00000,0.00000,0.00000,0.00000
168.00125,0.84000,1.00000,0.00000,0.00000,0.00000
168.12125,0.84000,1.00000,0.00000,0.00000,0.00000
168.24126,0.84000,0.99998,0.00000,0.00002,0.00000
168.36125,0.84000,0.99981,0.00005,0.00012,0.00002
168.48125,0.84000,0.99710,0.00277,0.00002,0.00012
168.60126,0.84000,0.92901,0.07078,0.00003,0.00017
168.72125,0.84000,0.12516,0.87470,0.00010,0.00005
168.84125,0.84000,0.01696,0.98298,0.00005,0.00000
168.96124,0.84001,0.01786,0.98209,0.00005,0.00000
169.08125,0.84000,0.36312,0.63675,0.00012,0.00000
169.20125,0.84000,0.98316,0.01625,0.00059,0.00000
169.32124,0.84001,0.99919,0.00022,0.00059,0.00000
169.44125,0.84000,0.99992,0.00001,0.00008,0.00000
169.56125,0.84000,0.99999,0.00000,0.00001,0.00000
169.68124,0.84001,1.00000,0.00000,0.00000,0.00000
169.80125,0.84000,1.00000,0.00000,0.00000,0.00000
169.92125,0.84000,1.00000,0.00000,0.00000,0.00000
170.04124,0.84001,1.00000,0.00000,0.00000,0.00000
170.16125,0.84000,0.99999,0.00000,0.00001,0.00000
170.28125,0.84000,0.99995,0.00002,0.00002,0.00001
170.40125,0.84001,0.99937,0.00059,0.00000,0.00004
170.52126,0.84000,0.98941,0.01054,0.00000,0.00004
170.64125,0.84000,0.59481,0.40512,0.00003,0.00004
170.76125,0.84001,0.02830,0.97167,0.00003,0.00000
170.88126,0.84000,0.08330,0.91668,0.00001,0.00000
171.00125,0.84000,0.68251,0.31744,0.00006,0.00000
171.12125,0.84000,0.99625,0.00339,0.00035,0.00000
171.24126,0.84000,0.99968,0.00007,0.00024,0.00000
171.36125,0.84000,0.99998,0.00000,0.00001,0.00000
171.48125,0.84000,1.00000,0.00000,0.00000,0.00000
171.60126,0.84000,1.00000,0.00000,0.00000,0.00000
171.72125,0.84000,1.00000,0.00000,0.00000,0.00000
171.84125,0.84000,0.99998,0.00000,0.00001,0.00000
171.96124,0.84001,0.99980,0.00016,0.00001,0.00003
172.08125,0.84000,0.98487,0.01504,0.00000,0.00009
172.20125,0.84000,0.63190,0.36800,0.00002,0.00008
172.32124,0.84001,0.04247,0.95749,0.00003,0.00001
172.44125,0.84000,0.01418,0.98580,0.00002,0.00000
172.56125,0.84000,0.04891,0.95104,0.00005,0.00000
172.68124,0.84001,0.71021,0.28974,0.00006,0.00000
172.80125,0.84000,0.99575,0.00333,0.00091,0.00000
172.92125,0.84000,0.99966,0.00007,0.00028,0.00000
173.04124,0.84001,0.99998,0.00000,0.00002,0.00000
173.16125,0.84000,1.00000,0.00000,0.00000,0.00000
173.28125,0.84000,1.00000,0.00000,0.00000,0.00000
173.40125,0.84001,0.99998,0.00000,0.00001,0.00000
173.52126,0.84000,0.99975,0.00017,0.00006,0.00001
173.64125,0.84000,0.98935,0.01051,0.00001,0.00014
173.76125,0.84001,0.57335,0.42641,0.00003,0.00021
173.88126,0.84000,0.04545,0.95453,0.00002,0.00001
174.00125,0.84000,0.02074,0.97923,0.00003,0.00000
174.12125,0.84000,0.02296,0.97700,0.00003,0.00000
174.24126,0.84000,0.08719,0.91273,0.00008,0.00000
174.36125,0.84000,0.85627,0.14225,0.00148,0.00000
174.48125,0.84000,0.99520,0.00264,0.00216,0.00000
174.60126,0.84000,0.99979,0.00006,0.00015,0.00000
174.72125,0.84000,0.99998,0.00000,0.00001,0.00000
174.84125,0.84000,0.99999,0.00000,0.00001,0.00000
174.96124,0.84001,0.99999,0.00000,0.00001,0.00000
175.08125,0.84000,0.99998,0.00000,0.00001,0.00000
175.20125,0.84000,0.99977,0.00016,0.00004,0.00003
175.32124,0.84001,0.99169,0.00813,0.00001,0.00017
175.44125,0.84000,0.65524,0.34451,0.00005,0.00019
175.56125,0.84000,0.06020,0.93974,0.00004,0.00002
175.68124,0.84001,0.02702,0.97293,0.00005,0.00000
175.80125,0.84000,0.03373,0.96622,0.00005,0.00000
175.92125,0.84000,0.23734,0.76248,0.00018,0.00000
176.04124,0.84001,0.97180,0.02537,0.00283,0.00000
176.16125,0.84000,0.99747,0.00147,0.00106,0.00000
176.28125,0.84000,0.99991,0.00003,0.00006,0.00000
176.40125,0.84001,0.99997,0.00001,0.00003,0.00000
176.52126,0.84000,0.99997,0.00001,0.00002,0.00000
176.64125,0.84000,0.99992,0.00005,0.00003,0.00001
176.76125,0.84001,0.99859,0.00128,0.00003,0.00010
176.88126,0.84000,0.97613,0.02363,0.00001,0.00024
177.00125,0.84000,0.50001,0.49883,0.00005,0.00110
177.12125,0.84000,0.04233,0.95758,0.00004,0.00005
177.24126,0.84000,0.02431,0.97565,0.00003,0.00001
177.36125,0.84000,0.44329,0.55656,0.00012,0.00003
177.48125,0.84000,0.98432,0.01565,0.00003,0.00000
177.60126,0.84000,0.99942,0.00016,0.00043,0.00000
177.72125,0.84000,0.99993,0.00000,0.00007,0.00000
177.84125,0.84000,0.99999,0.00000,0.00001,0.00000
177.96124,0.84001,1.00000,0.00000,0.00000,0.00000
178.08125,0.84000,0.99999,0.00000,0.00000,0.00000
178.20125,0.84000,0.99991,0.00002,0.00006,0.00000
178.32124,0.84001,0.99831,0.00162,0.00002,0.00005
178.44125,0.84000,0.89195,0.10801,0.00001,0.00003
178.56125,0.84000,0.19756,0.80239,0.00004,0.00001
178.68124,0.84001,0.03326,0.96671,0.00002,0.00000
178.80125,0.84000,0.01784,0.98210,0.00005,0.00000
178.92125,0.84000,0.15084,0.84911,0.00004,0.00000
179.04124,0.84001,0.95786,0.04203,0.00012,0.00000
179.16125,0.84000,0.99915,0.00043,0.00042,0.00000
179.28125,0.84000,0.99991,0.00001,0.00008,0.00000
179.40125,0.84001,0.99998,0.00000,0.00002,0.00000
179.52126,0.84000,0.99999,0.00000,0.00001,0.00000
179.64125,0.84000,0.99996,0.00001,0.00003,0.00001
179.76125,0.84001,0.99945,0.00036,0.00002,0.00018
179.88126,0.84000,0.97899,0.02084,0.00001,0.00016
180.00125,0.84000,0.52261,0.47727,0.00005,0.00007
180.12125,0.84000,0.03158,0.96840,0.00001,0.00000
180.24126,0.84000,0.16034,0.83964,0.00002,0.00000
180.36125,0.84000,0.88715,0.11284,0.00001,0.00000
180.48125,0.84000,0.99840,0.00159,0.00000,0.00000
180.60126,0.84000,0.99996,0.00002,0.00002,0.00000
180.72125,0.84000,1.00000,0.00000,0.00000,0.00000
180.84125,0.84000,1.00000,0.00000,0.00000,0.00000
180.96124,0.84001,1.00000,0.00000,0.00000,0.00000
181.08125,0.84000,1.00000,0.00000,0.00000,0.00000
181.20125,0.84000,1.00000,0.00000,0.00000,0.00000
