Time(Seconds),Length(Seconds),Label(string),Confidence(double),Comment(string)
0.8067373,0.8355246000000001,Uppercut_R,1,
2.5094491999999997,0.7624926,Uppercut_R,1,
4.1778656,0.7537800999999998,Uppercut_R,1,
5.9465981999999995,0.6693581000000001,Uppercut_R,1,
7.5398784,0.806817,Uppercut_R,1,
9.2800733,0.806584,Uppercut_R,1,
10.9381207,0.8066466999999999,Uppercut_R,1,
12.5790831,0.8777892999999999,Uppercut_R,1,
14.3078252,0.8515887999999998,Uppercut_R,1,
16.0346333,0.8997812,Uppercut_R,1,
17.7364318,0.8874779999999999,Uppercut_R,1,
19.3700426,0.8994410000000002,Uppercut_R,1,
20.9981885,0.8945966000000001,Uppercut_R,1,
22.6932085,0.9824391000000001,Uppercut_R,1,
24.345560799999998,0.9301455000000001,Uppercut_R,1,
26.0043514,1.0206655000000002,Uppercut_R,1,
27.7821995,0.9253011999999999,Uppercut_R,1,
29.537374999999997,0.8981874,Uppercut_R,1,
31.2955681,0.8323368999999999,Uppercut_R,1,
32.9899076,0.8740912,Uppercut_R,1,
34.7265118,0.8591105,Uppercut_R,1,
36.372999,0.9036234000000001,Uppercut_R,1,
37.9493018,0.8947668,Uppercut_R,1,
39.5989768,0.8797861,Uppercut_R,1,
41.2778414,0.8330173000000001,Uppercut_R,1,
42.9060974,0.9422788000000002,Uppercut_R,1,
44.6502233,0.9281486999999999,Uppercut_R,1,
46.2543832,0.991895,Uppercut_R,1,
48.0415169,0.8397957999999999,Uppercut_R,1,
49.580336599999995,0.9040524999999999,Uppercut_R,1,
51.1591466,0.9745772000000001,Uppercut_R,1,
52.8318343,0.8806995000000001,Uppercut_R,1,
54.4383314,0.9670555000000001,Uppercut_R,1,
56.1176275,0.9638677,Uppercut_R,1,
57.8460294,0.9581729000000001,Uppercut_R,1,
