Time (seconds), Duration (seconds),pred_(unlabeled),pred_Jab_R,pred_Sidehook_R,pred_Uppercut_R
0.00125,0.84000,1.00000,0.00000,0.00000,0.00000
0.12125,0.84000,1.00000,0.00000,0.00000,0.00000
0.24125,0.84000,1.00000,0.00000,0.00000,0.00000
0.36125,0.84000,1.00000,0.00000,0.00000,0.00000
0.48125,0.84000,1.00000,0.00000,0.00000,0.00000
0.60125,0.84000,0.99998,0.00000,0.00001,0.00001
0.72125,0.84000,0.99986,0.00000,0.00012,0.00003
0.84125,0.84000,0.99779,0.00001,0.00215,0.00006
0.96125,0.84000,0.93827,0.00001,0.06043,0.00130
1.08125,0.84000,0.25766,0.00006,0.73642,0.00586
1.20125,0.84000,0.07077,0.00054,0.92807,0.00062
1.32125,0.84000,0.03495,0.00055,0.96445,0.00006
1.44125,0.84000,0.06208,0.00144,0.93646,0.00002
1.56125,0.84000,0.60257,0.00078,0.39659,0.00006
1.68125,0.84000,0.98685,0.00133,0.01182,0.00000
1.80125,0.84000,0.99906,0.00012,0.00082,0.00000
1.92125,0.84000,0.99994,0.00000,0.00005,0.00000
2.04125,0.84000,1.00000,0.00000,0.00000,0.00000
2.16125,0.84000,1.00000,0.00000,0.00000,0.00000
2.28125,0.84000,1.00000,0.00000,0.00000,0.00000
2.40125,0.84000,0.99999,0.00000,0.00001,0.00000
2.52125,0.84000,0.99994,0.00000,0.00004,0.00003
2.64125,0.84000,0.99933,0.00001,0.00060,0.00007
2.76125,0.84000,0.98845,0.00002,0.01125,0.00028
2.88125,0.84000,0.65129,0.00001,0.34125,0.00745
3.00125,0.84000,0.07188,0.00009,0.92537,0.00266
3.12125,0.84000,0.05465,0.00022,0.94495,0.00018
3.24125,0.84000,0.02521,0.00028,0.97448,0.00003
3.36125,0.84000,0.06481,0.00058,0.93459,0.00001
3.48125,0.84000,0.76810,0.00017,0.23170,0.00003
3.60125,0.84000,0.99363,0.00036,0.00602,0.00000
3.72125,0.84000,0.99951,0.00004,0.00046,0.00000
3.84125,0.84000,0.99997,0.00000,0.00003,0.00000
3.96125,0.84000,1.00000,0.00000,0.00000,0.00000
4.08125,0.84000,1.00000,0.00000,0.00000,0.00000
4.20125,0.84000,1.00000,0.00000,0.00000,0.00000
4.32125,0.84000,0.99999,0.00000,0.00000,0.00000
4.44125,0.84000,0.99995,0.00000,0.00002,0.00003
4.56125,0.84000,0.99965,0.00000,0.00013,0.00021
4.68125,0.84000,0.99712,0.00004,0.00249,0.00035
4.80125,0.84000,0.95919,0.00025,0.03970,0.00086
4.92125,0.84000,0.25529,0.00006,0.73406,0.01059
5.04125,0.84000,0.05215,0.00007,0.94616,0.00163
5.16125,0.84000,0.03658,0.00019,0.96308,0.00015
5.28125,0.84000,0.01526,0.00015,0.98457,0.00002
5.40125,0.84000,0.02668,0.00042,0.97289,0.00001
5.52125,0.84000,0.48590,0.00012,0.51392,0.00006
5.64125,0.84000,0.98159,0.00130,0.01711,0.00000
5.76125,0.84000,0.99889,0.00013,0.00098,0.00000
5.88125,0.84000,0.99995,0.00000,0.00005,0.00000
6.00125,0.84000,1.00000,0.00000,0.00000,0.00000
6.12125,0.84000,1.00000,0.00000,0.00000,0.00000
6.24125,0.84000,0.99998,0.00000,0.00001,0.00001
6.36125,0.84000,0.99976,0.00000,0.00020,0.00004
6.48125,0.84000,0.99657,0.00003,0.00337,0.00003
6.60125,0.84000,0.88075,0.00002,0.11861,0.00062
6.72125,0.84000,0.16486,0.00015,0.83322,0.00177
6.84125,0.84000,0.07044,0.00057,0.92888,0.00012
6.96125,0.84000,0.04189,0.00078,0.95729,0.00004
7.08125,0.84000,0.06569,0.00107,0.93323,0.00002
7.20125,0.84000,0.70179,0.00032,0.29767,0.00022
7.32125,0.84000,0.98991,0.00108,0.00901,0.00001
7.44125,0.84000,0.99928,0.00005,0.00066,0.00000
7.56125,0.84000,0.99995,0.00000,0.00004,0.00000
7.68125,0.84000,1.00000,0.00000,0.00000,0.00000
7.80125,0.84000,1.00000,0.00000,0.00000,0.00000
7.92125,0.84000,1.00000,0.00000,0.00000,0.00000
8.04125,0.84000,1.00000,0.00000,0.00000,0.00000
8.16125,0.84000,1.00000,0.00000,0.00000,0.00000
8.28125,0.84000,0.99999,0.00000,0.00001,0.00000
8.40125,0.84000,0.99993,0.00000,0.00004,0.00003
8.52125,0.84000,0.99938,0.00001,0.00052,0.00009
8.64125,0.84000,0.98989,0.00006,0.00996,0.00010
8.76125,0.84000,0.72993,0.00002,0.26769,0.00236
8.88125,0.84000,0.08109,0.00009,0.91709,0.00173
9.00125,0.84000,0.05327,0.00021,0.94640,0.00011
9.12125,0.84000,0.02798,0.00032,0.97168,0.00001
9.24125,0.84000,0.02701,0.00045,0.97254,0.00001
9.36125,0.84000,0.51795,0.00023,0.48176,0.00007
9.48125,0.84000,0.96944,0.00128,0.02928,0.00000
9.60125,0.84000,0.99771,0.00022,0.00206,0.00000
9.72125,0.84000,0.99985,0.00001,0.00014,0.00000
9.84125,0.84000,0.99999,0.00000,0.00001,0.00000
9.96125,0.84000,1.00000,0.00000,0.00000,0.00000
10.08125,0.84000,0.99999,0.00000,0.00001,0.00000
10.20125,0.84000,0.99994,0.00000,0.00004,0.00002
10.32125,0.84000,0.99961,0.00000,0.00027,0.00011
10.44125,0.84000,0.99551,0.00003,0.00433,0.00012
10.56125,0.84000,0.86219,0.00002,0.13593,0.00186
10.68125,0.84000,0.12811,0.00006,0.86527,0.00655
10.80125,0.84000,0.05504,0.00023,0.94426,0.00046
10.92125,0.84000,0.03452,0.00031,0.96502,0.00015
11.04125,0.84000,0.03203,0.00045,0.96747,0.00004
11.16125,0.84000,0.36351,0.00025,0.63566,0.00058
11.28125,0.84000,0.95825,0.00072,0.04100,0.00003
11.40125,0.84000,0.99676,0.00039,0.00285,0.00000
11.52125,0.84000,0.99969,0.00003,0.00029,0.00000
11.64125,0.84000,0.99997,0.00000,0.00003,0.00000
11.76125,0.84000,0.99998,0.00000,0.00002,0.00000
11.88125,0.84000,0.99994,0.00000,0.00005,0.00001
12.00125,0.84000,0.99957,0.00001,0.00038,0.00004
12.12125,0.84000,0.99353,0.00024,0.00621,0.00003
12.24125,0.84000,0.90138,0.00008,0.09794,0.00060
12.36125,0.84000,0.15927,0.00006,0.83650,0.00416
12.48125,0.84000,0.04713,0.00034,0.95232,0.00022
12.60125,0.84000,0.03412,0.00040,0.96541,0.00007
12.72125,0.84000,0.05290,0.00072,0.94636,0.00002
12.84125,0.84000,0.31270,0.00047,0.68664,0.00019
12.96125,0.84000,0.94113,0.00020,0.05866,0.00002
13.08125,0.84000,0.99698,0.00033,0.00269,0.00000
13.20125,0.84000,0.99983,0.00002,0.00016,0.00000
13.32125,0.84000,0.99999,0.00000,0.00001,0.00000
13.44125,0.84000,1.00000,0.00000,0.00000,0.00000
13.56125,0.84000,0.99999,0.00000,0.00001,0.00000
13.68125,0.84000,0.99994,0.00000,0.00004,0.00002
13.80125,0.84000,0.99953,0.00001,0.00043,0.00003
13.92125,0.84000,0.99281,0.00009,0.00697,0.00014
14.04125,0.84000,0.70750,0.00005,0.28646,0.00600
14.16125,0.84000,0.06821,0.00016,0.92663,0.00500
14.28125,0.84000,0.05695,0.00084,0.94140,0.00082
14.40125,0.84000,0.03325,0.00030,0.96627,0.00018
14.52125,0.84000,0.13025,0.00166,0.86800,0.00009
14.64125,0.84000,0.85145,0.00006,0.14836,0.00013
14.76125,0.84000,0.99606,0.00035,0.00359,0.00000
14.88125,0.84000,0.99940,0.00005,0.00055,0.00000
15.00125,0.84000,0.99996,0.00000,0.00004,0.00000
15.12125,0.84000,0.99999,0.00000,0.00001,0.00000
15.24125,0.84000,0.99998,0.00000,0.00002,0.00000
15.36125,0.84000,0.99991,0.00000,0.00006,0.00002
15.48125,0.84000,0.99846,0.00001,0.00140,0.00012
15.60125,0.84000,0.98934,0.00010,0.01050,0.00005
15.72125,0.84000,0.73937,0.00002,0.25860,0.00201
15.84125,0.84000,0.08514,0.00005,0.91328,0.00154
15.96125,0.84000,0.05077,0.00011,0.94894,0.00018
16.08125,0.84000,0.02381,0.00015,0.97601,0.00002
16.20125,0.84000,0.02677,0.00025,0.97297,0.00001
16.32125,0.84000,0.50374,0.00010,0.49602,0.00014
16.44125,0.84000,0.96086,0.00035,0.03877,0.00002
16.56125,0.84000,0.99753,0.00011,0.00236,0.00000
16.68125,0.84000,0.99983,0.00001,0.00016,0.00000
16.80125,0.84000,0.99998,0.00000,0.00002,0.00000
16.92125,0.84000,0.99999,0.00000,0.00001,0.00000
17.04125,0.84000,0.99994,0.00000,0.00004,0.00002
17.16125,0.84000,0.99957,0.00001,0.00033,0.00010
17.28125,0.84000,0.99595,0.00008,0.00390,0.00007
17.40125,0.84000,0.89251,0.00006,0.10594,0.00149
17.52125,0.84000,0.17700,0.00024,0.81729,0.00548
17.64125,0.84000,0.05951,0.00068,0.93937,0.00043
17.76125,0.84000,0.04810,0.00149,0.95033,0.00008
17.88125,0.84000,0.11151,0.00170,0.88677,0.00002
18.00125,0.84000,0.70644,0.00078,0.29273,0.00006
18.12125,0.84000,0.98436,0.00036,0.01527,0.00000
18.24125,0.84000,0.99914,0.00011,0.00075,0.00000
18.36125,0.84000,0.99994,0.00001,0.00005,0.00000
18.48125,0.84000,0.99998,0.00000,0.00002,0.00000
18.60125,0.84000,0.99996,0.00000,0.00004,0.00000
18.72125,0.84000,0.99986,0.00000,0.00011,0.00003
18.84125,0.84000,0.99851,0.00003,0.00140,0.00005
18.96125,0.84000,0.97605,0.00008,0.02346,0.00041
19.08125,0.84000,0.36479,0.00006,0.62822,0.00694
19.20125,0.84000,0.06017,0.00026,0.93806,0.00150
19.32125,0.84000,0.04076,0.00032,0.95877,0.00015
19.44125,0.84000,0.02241,0.00039,0.97717,0.00004
19.56125,0.84000,0.10057,0.00041,0.89898,0.00005
19.68125,0.84000,0.85103,0.00009,0.14881,0.00007
19.80125,0.84000,0.99532,0.00015,0.00453,0.00000
19.92125,0.84000,0.99961,0.00002,0.00037,0.00000
20.04125,0.84000,0.99984,0.00000,0.00016,0.00000
20.16125,0.84000,0.99994,0.00000,0.00006,0.00000
20.28125,0.84000,0.99991,0.00000,0.00007,0.00003
20.40125,0.84000,0.99898,0.00002,0.00096,0.00004
20.52125,0.84000,0.97728,0.00015,0.02224,0.00033
20.64125,0.84000,0.49951,0.00010,0.49833,0.00207
20.76125,0.84000,0.07872,0.00048,0.92041,0.00039
20.88125,0.84000,0.04365,0.00088,0.95543,0.00004
21.00125,0.84000,0.02257,0.00115,0.97627,0.00001
21.12125,0.84000,0.05594,0.00172,0.94233,0.00002
21.24125,0.84000,0.60088,0.00068,0.39842,0.00003
21.36125,0.84000,0.98070,0.00280,0.01649,0.00000
21.48125,0.84000,0.99877,0.00010,0.00113,0.00000
21.60125,0.84000,0.99981,0.00001,0.00018,0.00000
21.72125,0.84000,0.99985,0.00000,0.00014,0.00000
21.84125,0.84000,0.99990,0.00000,0.00008,0.00001
21.96125,0.84000,0.99935,0.00001,0.00049,0.00016
22.08125,0.84000,0.99409,0.00016,0.00563,0.00011
22.20125,0.84000,0.85266,0.00038,0.14470,0.00227
22.32125,0.84000,0.11850,0.00035,0.87360,0.00755
22.44125,0.84000,0.06458,0.00181,0.93322,0.00039
22.56125,0.84000,0.04028,0.00152,0.95802,0.00019
22.68125,0.84000,0.06749,0.00315,0.92928,0.00007
22.80125,0.84000,0.69537,0.00060,0.30358,0.00044
22.92125,0.84000,0.98418,0.00006,0.01573,0.00003
23.04125,0.84000,0.99889,0.00007,0.00103,0.00000
23.16125,0.84000,0.99991,0.00000,0.00009,0.00000
23.28125,0.84000,0.99995,0.00000,0.00005,0.00000
23.40125,0.84000,0.99996,0.00000,0.00003,0.00000
23.52125,0.84000,0.99979,0.00000,0.00017,0.00005
23.64125,0.84000,0.99655,0.00005,0.00336,0.00004
23.76125,0.84000,0.95521,0.00005,0.04417,0.00056
23.88125,0.84000,0.35752,0.00006,0.63819,0.00423
24.00125,0.84000,0.09072,0.00063,0.90824,0.00040
24.12125,0.84000,0.05054,0.00063,0.94878,0.00005
24.24125,0.84000,0.14947,0.00149,0.84903,0.00001
24.36125,0.84000,0.46703,0.00036,0.53258,0.00003
24.48125,0.84000,0.89977,0.00021,0.10000,0.00001
24.60125,0.84000,0.98867,0.00069,0.01064,0.00000
24.72125,0.84000,0.99926,0.00004,0.00069,0.00000
24.84125,0.84000,0.99994,0.00000,0.00006,0.00000
24.96125,0.84000,0.99999,0.00000,0.00001,0.00000
25.08125,0.84000,0.99997,0.00000,0.00002,0.00000
25.20125,0.84000,0.99992,0.00000,0.00005,0.00002
25.32125,0.84000,0.99976,0.00000,0.00010,0.00013
25.44125,0.84000,0.99804,0.00001,0.00179,0.00015
25.56125,0.84000,0.97334,0.00006,0.02578,0.00081
25.68125,0.84000,0.31829,0.00014,0.67583,0.00575
25.80125,0.84000,0.09320,0.00133,0.90488,0.00059
25.92125,0.84000,0.04721,0.00225,0.95050,0.00005
26.04125,0.84000,0.03377,0.00463,0.96159,0.00001
26.16125,0.84000,0.29187,0.00484,0.70327,0.00001
26.28125,0.84000,0.93047,0.00060,0.06891,0.00001
26.40125,0.84000,0.99758,0.00029,0.00213,0.00000
26.52125,0.84000,0.99981,0.00002,0.00017,0.00000
26.64125,0.84000,0.99999,0.00000,0.00001,0.00000
26.76125,0.84000,1.00000,0.00000,0.00000,0.00000
26.88125,0.84000,0.99999,0.00000,0.00001,0.00000
27.00125,0.84000,0.99995,0.00000,0.00004,0.00002
27.12125,0.84000,0.99909,0.00001,0.00088,0.00001
27.24125,0.84000,0.97929,0.00000,0.02048,0.00022
27.36125,0.84000,0.45642,0.00001,0.54130,0.00227
27.48125,0.84000,0.05108,0.00006,0.94852,0.00034
27.60125,0.84000,0.03085,0.00016,0.96896,0.00003
27.72125,0.84000,0.04112,0.00021,0.95866,0.00001
27.84125,0.84000,0.48709,0.00013,0.51277,0.00002
27.96125,0.84000,0.96595,0.00005,0.03400,0.00001
28.08125,0.84000,0.99893,0.00013,0.00094,0.00000
28.20125,0.84000,0.99989,0.00001,0.00011,0.00000
28.32125,0.84000,0.99993,0.00000,0.00007,0.00000
28.44125,0.84000,0.99995,0.00000,0.00004,0.00000
28.56125,0.84000,0.99960,0.00001,0.00036,0.00004
28.68125,0.84000,0.99178,0.00001,0.00811,0.00010
28.80125,0.84000,0.81759,0.00004,0.18148,0.00090
28.92125,0.84000,0.12345,0.00034,0.87574,0.00047
29.04125,0.84000,0.07760,0.00134,0.92101,0.00005
29.16125,0.84000,0.03941,0.00145,0.95913,0.00001
29.28125,0.84000,0.17272,0.00221,0.82506,0.00001
29.40125,0.84000,0.88771,0.00075,0.11152,0.00001
29.52125,0.84000,0.99410,0.00052,0.00538,0.00000
29.64125,0.84000,0.99914,0.00007,0.00079,0.00000
29.76125,0.84000,0.99992,0.00000,0.00007,0.00000
29.88125,0.84000,1.00000,0.00000,0.00000,0.00000
30.00125,0.84000,0.99999,0.00000,0.00001,0.00000
30.12125,0.84000,0.99995,0.00000,0.00004,0.00001
30.24125,0.84000,0.99912,0.00002,0.00083,0.00003
30.36125,0.84000,0.99316,0.00029,0.00654,0.00001
30.48125,0.84000,0.89669,0.00011,0.10300,0.00020
30.60125,0.84000,0.17987,0.00099,0.81861,0.00054
30.72125,0.84000,0.04284,0.00277,0.95435,0.00004
30.84125,0.84000,0.03437,0.00576,0.95986,0.00002
30.96125,0.84000,0.02133,0.00366,0.97500,0.00000
31.08125,0.84000,0.34981,0.00474,0.64537,0.00008
31.20125,0.84000,0.93599,0.00201,0.06199,0.00001
31.32125,0.84000,0.99470,0.00050,0.00480,0.00000
31.44125,0.84000,0.99965,0.00002,0.00033,0.00000
31.56125,0.84000,0.99997,0.00000,0.00003,0.00000
31.68125,0.84000,0.99999,0.00000,0.00001,0.00000
31.80125,0.84000,0.99998,0.00000,0.00001,0.00000
31.92125,0.84000,0.99987,0.00000,0.00010,0.00003
32.04125,0.84000,0.99871,0.00003,0.00125,0.00002
32.16125,0.84000,0.97324,0.00002,0.02649,0.00024
32.28125,0.84000,0.55447,0.00007,0.44382,0.00163
32.40125,0.84000,0.08981,0.00066,0.90888,0.00065
32.52125,0.84000,0.05220,0.00088,0.94684,0.00008
32.64125,0.84000,0.11653,0.00215,0.88130,0.00002
32.76125,0.84000,0.77605,0.00023,0.22370,0.00003
32.88125,0.84000,0.99174,0.00005,0.00820,0.00001
33.00125,0.84000,0.99925,0.00005,0.00070,0.00000
33.12125,0.84000,0.99996,0.00000,0.00003,0.00000
33.24125,0.84000,1.00000,0.00000,0.00000,0.00000
33.36125,0.84000,1.00000,0.00000,0.00000,0.00000
33.48125,0.84000,0.99999,0.00000,0.00001,0.00000
33.60125,0.84000,0.99993,0.00000,0.00005,0.00002
33.72125,0.84000,0.99936,0.00001,0.00062,0.00001
33.84125,0.84000,0.98411,0.00000,0.01572,0.00017
33.96125,0.84000,0.74592,0.00003,0.25233,0.00172
34.08125,0.84000,0.51066,0.00015,0.48855,0.00065
34.20125,0.84000,0.95076,0.00002,0.04920,0.00002
34.32125,0.84000,0.98315,0.00000,0.01684,0.00001
34.44125,0.84000,0.99856,0.00000,0.00143,0.00000
34.56125,0.84000,0.99990,0.00000,0.00010,0.00000
34.68125,0.84000,1.00000,0.00000,0.00000,0.00000
34.80125,0.84000,0.99999,0.00000,0.00001,0.00000
34.92125,0.84000,0.99992,0.00000,0.00007,0.00001
35.04125,0.84000,0.99935,0.00001,0.00060,0.00004
35.16125,0.84000,0.99191,0.00017,0.00790,0.00002
35.28125,0.84000,0.90058,0.00010,0.09916,0.00016
35.40125,0.84000,0.31969,0.00074,0.67889,0.00068
35.52125,0.84000,0.08473,0.00318,0.91203,0.00006
35.64125,0.84000,0.07013,0.00718,0.92268,0.00002
35.76125,0.84000,0.25059,0.00738,0.74203,0.00001
35.88125,0.84000,0.85454,0.00196,0.14349,0.00002
36.00125,0.84000,0.98786,0.00109,0.01105,0.00000
36.12125,0.84000,0.99877,0.00012,0.00110,0.00000
36.24125,0.84000,0.99991,0.00000,0.00009,0.00000
36.36125,0.84000,0.99999,0.00000,0.00001,0.00000
36.48125,0.84000,1.00000,0.00000,0.00000,0.00000
36.60125,0.84000,0.99998,0.00000,0.00002,0.00000
36.72125,0.84000,0.99992,0.00000,0.00006,0.00002
36.84125,0.84000,0.99961,0.00000,0.00021,0.00018
36.96125,0.84000,0.99680,0.00004,0.00308,0.00008
37.08125,0.84000,0.93257,0.00005,0.06625,0.00113
37.20125,0.84000,0.14687,0.00005,0.85103,0.00206
37.32125,0.84000,0.07687,0.00035,0.92260,0.00017
37.44125,0.84000,0.03885,0.00029,0.96084,0.00002
37.56125,0.84000,0.04362,0.00084,0.95553,0.00001
37.68125,0.84000,0.17072,0.00039,0.82886,0.00003
37.80125,0.84000,0.83045,0.00086,0.16868,0.00001
37.92125,0.84000,0.99149,0.00194,0.00657,0.00000
38.04125,0.84000,0.99942,0.00008,0.00050,0.00000
38.16125,0.84000,0.99997,0.00000,0.00003,0.00000
38.28125,0.84000,0.99999,0.00000,0.00001,0.00000
38.40125,0.84000,0.99998,0.00000,0.00002,0.00000
38.52125,0.84000,0.99995,0.00000,0.00003,0.00001
38.64125,0.84000,0.99955,0.00001,0.00037,0.00008
38.76125,0.84000,0.99379,0.00008,0.00609,0.00004
38.88125,0.84000,0.83149,0.00007,0.16802,0.00042
39.00125,0.84000,0.12008,0.00063,0.87896,0.00034
39.12125,0.84000,0.07501,0.00110,0.92387,0.00002
39.24125,0.84000,0.03824,0.00179,0.95997,0.00000
39.36125,0.84000,0.03570,0.00249,0.96181,0.00000
39.48125,0.84000,0.59493,0.00106,0.40400,0.00001
39.60125,0.84000,0.97832,0.00199,0.01969,0.00000
39.72125,0.84000,0.99802,0.00016,0.00182,0.00000
39.84125,0.84000,0.99985,0.00001,0.00014,0.00000
39.96125,0.84000,0.99999,0.00000,0.00001,0.00000
40.08125,0.84000,1.00000,0.00000,0.00000,0.00000
40.20125,0.84000,1.00000,0.00000,0.00000,0.00000
40.32125,0.84000,1.00000,0.00000,0.00000,0.00000
40.44125,0.84000,1.00000,0.00000,0.00000,0.00000
40.56125,0.84000,1.00000,0.00000,0.00000,0.00000
40.68125,0.84000,1.00000,0.00000,0.00000,0.00000
40.80125,0.84000,1.00000,0.00000,0.00000,0.00000
40.92125,0.84000,0.99996,0.00000,0.00002,0.00001
41.04125,0.84000,0.99970,0.00000,0.00021,0.00008
41.16125,0.84000,0.99709,0.00005,0.00281,0.00005
41.28125,0.84000,0.92860,0.00002,0.07055,0.00084
41.40125,0.84000,0.22847,0.00014,0.76810,0.00330
41.52125,0.84000,0.08329,0.00034,0.91601,0.00036
41.64125,0.84000,0.05048,0.00083,0.94864,0.00006
41.76125,0.84000,0.02816,0.00079,0.97104,0.00001
41.88125,0.84000,0.18032,0.00132,0.81832,0.00004
42.00125,0.84000,0.84963,0.00591,0.14446,0.00001
42.12125,0.84000,0.98426,0.00252,0.01322,0.00000
42.24125,0.84000,0.99915,0.00007,0.00078,0.00000
42.36125,0.84000,0.99993,0.00000,0.00007,0.00000
42.48125,0.84000,1.00000,0.00000,0.00000,0.00000
42.60125,0.84000,1.00000,0.00000,0.00000,0.00000
42.72125,0.84000,1.00000,0.00000,0.00000,0.00000
42.84125,0.84000,0.99998,0.00000,0.00001,0.00001
42.96125,0.84000,0.99982,0.00000,0.00010,0.00007
43.08125,0.84000,0.99728,0.00008,0.00262,0.00002
43.20125,0.84000,0.96087,0.00009,0.03876,0.00028
43.32125,0.84000,0.18688,0.00010,0.81112,0.00190
43.44125,0.84000,0.06512,0.00078,0.93392,0.00018
43.56125,0.84000,0.03153,0.00060,0.96785,0.00002
43.68125,0.84000,0.02604,0.00142,0.97253,0.00002
43.80125,0.84000,0.09477,0.00082,0.90435,0.00006
43.92125,0.84000,0.76405,0.00084,0.23506,0.00005
44.04125,0.84000,0.98732,0.00104,0.01164,0.00000
44.16125,0.84000,0.99901,0.00006,0.00093,0.00000
44.28125,0.84000,0.99993,0.00000,0.00007,0.00000
44.40125,0.84000,1.00000,0.00000,0.00000,0.00000
44.52125,0.84000,1.00000,0.00000,0.00000,0.00000
44.64125,0.84000,1.00000,0.00000,0.00000,0.00000
44.76125,0.84000,1.00000,0.00000,0.00000,0.00000
44.88125,0.84000,0.99997,0.00000,0.00001,0.00001
45.00125,0.84000,0.99982,0.00000,0.00015,0.00004
45.12125,0.84000,0.99733,0.00003,0.00260,0.00005
45.24125,0.84000,0.90316,0.00002,0.09558,0.00125
45.36125,0.84000,0.17648,0.00016,0.82163,0.00173
45.48125,0.84000,0.05759,0.00067,0.94155,0.00019
45.60125,0.84000,0.03365,0.00116,0.96515,0.00005
45.72125,0.84000,0.02898,0.00154,0.96946,0.00002
45.84125,0.84000,0.44603,0.00088,0.55285,0.00024
45.96125,0.84000,0.93229,0.00435,0.06336,0.00001
46.08125,0.84000,0.99590,0.00076,0.00334,0.00000
46.20125,0.84000,0.99968,0.00003,0.00029,0.00000
46.32125,0.84000,0.99998,0.00000,0.00002,0.00000
46.44125,0.84000,1.00000,0.00000,0.00000,0.00000
46.56125,0.84000,0.99999,0.00000,0.00001,0.00000
46.68125,0.84000,0.99996,0.00000,0.00003,0.00001
46.80125,0.84000,0.99979,0.00000,0.00016,0.00005
46.92125,0.84000,0.99702,0.00002,0.00292,0.00004
47.04125,0.84000,0.93203,0.00001,0.06763,0.00032
47.16125,0.84000,0.26326,0.00013,0.73558,0.00104
47.28125,0.84000,0.08632,0.00057,0.91298,0.00012
47.40125,0.84000,0.05556,0.00118,0.94322,0.00004
47.52125,0.84000,0.07130,0.00123,0.92747,0.00001
47.64125,0.84000,0.47818,0.00069,0.52108,0.00005
47.76125,0.84000,0.94245,0.00168,0.05586,0.00001
47.88125,0.84000,0.99182,0.00061,0.00757,0.00000
48.00125,0.84000,0.99932,0.00004,0.00064,0.00000
48.12125,0.84000,0.99996,0.00000,0.00004,0.00000
48.24125,0.84000,0.99999,0.00000,0.00001,0.00000
48.36125,0.84000,0.99997,0.00000,0.00002,0.00000
48.48125,0.84000,0.99988,0.00000,0.00011,0.00002
48.60125,0.84000,0.99925,0.00001,0.00071,0.00003
48.72125,0.84000,0.99222,0.00003,0.00770,0.00006
48.84125,0.84000,0.75386,0.00004,0.24496,0.00114
48.96125,0.84000,0.09533,0.00031,0.90339,0.00096
49.08125,0.84000,0.07205,0.00094,0.92685,0.00016
49.20125,0.84000,0.03488,0.00101,0.96408,0.00003
49.32125,0.84000,0.20690,0.00166,0.79141,0.00002
49.44125,0.84000,0.93376,0.00009,0.06607,0.00008
49.56125,0.84000,0.99709,0.00034,0.00256,0.00000
49.68125,0.84000,0.99963,0.00003,0.00034,0.00000
49.80125,0.84000,0.99995,0.00000,0.00005,0.00000
49.92125,0.84000,1.00000,0.00000,0.00000,0.00000
50.04125,0.84000,1.00000,0.00000,0.00000,0.00000
50.16125,0.84000,0.99999,0.00000,0.00001,0.00000
50.28125,0.84000,0.99994,0.00000,0.00005,0.00001
50.40125,0.84000,0.99976,0.00000,0.00017,0.00006
50.52125,0.84000,0.99809,0.00002,0.00186,0.00003
50.64125,0.84000,0.97169,0.00002,0.02792,0.00037
50.76125,0.84000,0.42807,0.00011,0.57012,0.00170
50.88125,0.84000,0.09929,0.00106,0.89925,0.00041
51.00125,0.84000,0.05371,0.00132,0.94491,0.00005
51.12125,0.84000,0.02903,0.00225,0.96870,0.00002
51.24125,0.84000,0.14606,0.00174,0.85215,0.00005
51.36125,0.84000,0.89810,0.00247,0.09940,0.00003
51.48125,0.84000,0.99051,0.00076,0.00872,0.00000
51.60125,0.84000,0.99896,0.00006,0.00097,0.00000
51.72125,0.84000,0.99987,0.00000,0.00012,0.00000
51.84125,0.84000,0.99999,0.00000,0.00001,0.00000
51.96125,0.84000,0.99999,0.00000,0.00001,0.00000
52.08125,0.84000,0.99991,0.00000,0.00008,0.00001
52.20125,0.84000,0.99956,0.00000,0.00038,0.00005
52.32125,0.84000,0.99625,0.00005,0.00366,0.00005
52.44125,0.84000,0.95532,0.00009,0.04438,0.00021
52.56125,0.84000,0.40176,0.00003,0.59516,0.00305
52.68125,0.84000,0.06461,0.00012,0.93459,0.00068
52.80125,0.84000,0.04624,0.00018,0.95352,0.00006
52.92125,0.84000,0.02130,0.00026,0.97844,0.00001
53.04125,0.84000,0.16539,0.00029,0.83431,0.00001
53.16125,0.84000,0.83127,0.00009,0.16859,0.00005
53.28125,0.84000,0.99245,0.00026,0.00729,0.00000
53.40125,0.84000,0.99947,0.00003,0.00051,0.00000
53.52125,0.84000,0.99997,0.00000,0.00003,0.00000
53.64125,0.84000,1.00000,0.00000,0.00000,0.00000
53.76125,0.84000,0.99999,0.00000,0.00001,0.00000
53.88125,0.84000,0.99992,0.00000,0.00005,0.00003
54.00125,0.84000,0.99968,0.00000,0.00021,0.00011
54.12125,0.84000,0.99679,0.00006,0.00308,0.00007
54.24125,0.84000,0.95173,0.00095,0.04629,0.00103
54.36125,0.84000,0.27646,0.00290,0.71360,0.00705
54.48125,0.84000,0.14609,0.01585,0.83661,0.00145
54.60125,0.84000,0.06934,0.01592,0.91463,0.00010
54.72125,0.84000,0.05301,0.02836,0.91861,0.00003
54.84125,0.84000,0.46041,0.01108,0.52844,0.00007
54.96125,0.84000,0.95384,0.00097,0.04517,0.00002
55.08125,0.84000,0.99001,0.00040,0.00958,0.00000
55.20125,0.84000,0.99895,0.00005,0.00101,0.00000
55.32125,0.84000,0.99976,0.00001,0.00023,0.00000
55.44125,0.84000,0.99985,0.00000,0.00015,0.00000
55.56125,0.84000,0.99969,0.00000,0.00028,0.00002
55.68125,0.84000,0.99652,0.00005,0.00325,0.00018
55.80125,0.84000,0.97822,0.00060,0.02111,0.00007
55.92125,0.84000,0.82164,0.00060,0.17726,0.00049
56.04125,0.84000,0.24511,0.00437,0.74908,0.00144
56.16125,0.84000,0.14318,0.00855,0.84818,0.00009
56.28125,0.84000,0.48819,0.00806,0.50374,0.00001
56.40125,0.84000,0.65446,0.00555,0.33998,0.00000
56.52125,0.84000,0.92892,0.00908,0.06195,0.00005
56.64125,0.84000,0.92473,0.07478,0.00043,0.00006
56.76125,0.84000,0.95767,0.04203,0.00005,0.00026
56.88125,0.84000,0.99771,0.00206,0.00001,0.00022
57.00125,0.84000,0.99250,0.00196,0.00001,0.00553
57.12125,0.84000,0.85805,0.01857,0.00008,0.12330
57.24125,0.84000,0.76345,0.00670,0.00011,0.22975
57.36125,0.84000,0.88921,0.00605,0.00282,0.10191
57.48125,0.84000,0.85290,0.00261,0.14307,0.00142
57.60125,0.84000,0.23047,0.00029,0.76655,0.00269
57.72125,0.84000,0.07869,0.00048,0.92041,0.00042
57.84125,0.84000,0.06644,0.00077,0.93268,0.00011
57.96125,0.84000,0.04522,0.00110,0.95362,0.00006
58.08125,0.84000,0.03560,0.00113,0.96321,0.00006
58.20125,0.84000,0.38654,0.00071,0.61236,0.00039
58.32125,0.84000,0.97520,0.00155,0.02321,0.00004
58.44125,0.84000,0.99683,0.00015,0.00300,0.00002
58.56125,0.84000,0.99966,0.00001,0.00033,0.00001
58.68125,0.84000,0.99981,0.00000,0.00018,0.00001
58.80125,0.84000,0.99989,0.00000,0.00011,0.00001
58.92125,0.84000,0.99983,0.00000,0.00013,0.00004
59.04125,0.84000,0.99627,0.00002,0.00366,0.00006
59.16125,0.84000,0.95139,0.00010,0.04826,0.00024
59.28125,0.84000,0.45303,0.00004,0.54350,0.00344
59.40125,0.84000,0.08647,0.00048,0.90971,0.00334
59.52125,0.84000,0.04427,0.00062,0.95481,0.00029
59.64125,0.84000,0.04252,0.00175,0.95568,0.00005
59.76125,0.84000,0.30691,0.00047,0.69251,0.00011
59.88125,0.84000,0.79102,0.00015,0.20866,0.00017
60.00125,0.84000,0.98727,0.00044,0.01228,0.00001
60.12125,0.84000,0.99876,0.00003,0.00122,0.00000
60.24125,0.84000,0.99952,0.00000,0.00048,0.00000
60.36125,0.84000,0.99973,0.00000,0.00026,0.00001
60.48125,0.84000,0.99908,0.00001,0.00081,0.00010
60.60125,0.84000,0.99308,0.00010,0.00679,0.00003
60.72125,0.84000,0.95331,0.00006,0.04639,0.00025
60.84125,0.84000,0.28715,0.00002,0.70903,0.00380
60.96125,0.84000,0.06663,0.00022,0.93184,0.00131
61.08125,0.84000,0.04829,0.00015,0.95072,0.00084
61.20125,0.84000,0.04387,0.00018,0.95460,0.00135
61.32125,0.84000,0.12546,0.00007,0.85725,0.01722
61.44125,0.84000,0.78854,0.00005,0.18331,0.02810
61.56125,0.84000,0.99007,0.00067,0.00865,0.00061
61.68125,0.84000,0.99854,0.00007,0.00132,0.00007
61.80125,0.84000,0.99968,0.00001,0.00029,0.00002
61.92125,0.84000,0.99980,0.00000,0.00018,0.00001
62.04125,0.84000,0.99981,0.00000,0.00018,0.00001
62.16125,0.84000,0.99935,0.00001,0.00059,0.00006
62.28125,0.84000,0.99334,0.00006,0.00650,0.00010
62.40125,0.84000,0.93604,0.00010,0.06350,0.00036
62.52125,0.84000,0.39216,0.00003,0.60257,0.00523
62.64125,0.84000,0.06764,0.00012,0.93080,0.00144
62.76125,0.84000,0.04683,0.00034,0.95268,0.00015
62.88125,0.84000,0.02597,0.00051,0.97351,0.00002
63.00125,0.84000,0.15788,0.00064,0.84147,0.00001
63.12125,0.84000,0.84718,0.00007,0.15266,0.00009
63.24125,0.84000,0.99265,0.00042,0.00692,0.00000
63.36125,0.84000,0.99953,0.00003,0.00044,0.00000
63.48125,0.84000,0.99980,0.00001,0.00020,0.00000
63.60125,0.84000,0.99993,0.00000,0.00007,0.00000
63.72125,0.84000,0.99984,0.00000,0.00013,0.00002
63.84125,0.84000,0.99767,0.00006,0.00224,0.00002
63.96125,0.84000,0.95896,0.00008,0.04061,0.00034
64.08125,0.84000,0.44857,0.00023,0.54847,0.00273
64.20125,0.84000,0.07626,0.00148,0.92150,0.00076
64.32125,0.84000,0.04240,0.00259,0.95495,0.00006
64.44125,0.84000,0.03923,0.00443,0.95632,0.00002
64.56125,0.84000,0.43899,0.00222,0.55868,0.00011
64.68125,0.84000,0.95851,0.00074,0.04073,0.00001
64.80125,0.84000,0.99770,0.00025,0.00205,0.00000
64.92125,0.84000,0.99985,0.00001,0.00013,0.00000
65.04125,0.84000,0.99999,0.00000,0.00001,0.00000
65.16125,0.84000,1.00000,0.00000,0.00000,0.00000
65.28125,0.84000,1.00000,0.00000,0.00000,0.00000
65.40125,0.84000,1.00000,0.00000,0.00000,0.00000
65.52125,0.84000,1.00000,0.00000,0.00000,0.00000
65.64125,0.84000,1.00000,0.00000,0.00000,0.00000
65.76125,0.84000,1.00000,0.00000,0.00000,0.00000
65.88125,0.84000,1.00000,0.00000,0.00000,0.00000
66.00125,0.84000,1.00000,0.00000,0.00000,0.00000
66.12125,0.84000,0.99999,0.00000,0.00001,0.00000
66.24125,0.84000,0.99995,0.00000,0.00003,0.00002
66.36125,0.84000,0.99963,0.00000,0.00030,0.00007
66.48125,0.84000,0.99485,0.00004,0.00496,0.00014
66.60125,0.84000,0.85912,0.00008,0.13887,0.00193
66.72125,0.84000,0.14071,0.00081,0.85656,0.00192
66.84125,0.84000,0.07853,0.00345,0.91773,0.00028
66.96125,0.84000,0.03825,0.00246,0.95924,0.00006
67.08125,0.84000,0.03338,0.00557,0.96101,0.00003
67.20125,0.84000,0.29080,0.00400,0.70500,0.00020
67.32125,0.84000,0.93595,0.00949,0.05455,0.00001
67.44125,0.84000,0.99411,0.00095,0.00494,0.00000
67.56125,0.84000,0.99956,0.00004,0.00040,0.00000
67.68125,0.84000,0.99996,0.00000,0.00004,0.00000
67.80125,0.84000,1.00000,0.00000,0.00000,0.00000
67.92125,0.84000,1.00000,0.00000,0.00000,0.00000
68.04125,0.84000,1.00000,0.00000,0.00000,0.00000
68.16125,0.84000,1.00000,0.00000,0.00000,0.00000
68.28125,0.84000,1.00000,0.00000,0.00000,0.00000
68.40125,0.84000,0.99997,0.00000,0.00001,0.00001
68.52125,0.84000,0.99981,0.00000,0.00010,0.00008
68.64125,0.84000,0.99804,0.00005,0.00186,0.00006
68.76125,0.84000,0.94939,0.00002,0.04924,0.00134
68.88125,0.84000,0.21634,0.00005,0.77687,0.00674
69.00125,0.84000,0.05786,0.00030,0.94133,0.00051
69.12125,0.84000,0.03513,0.00040,0.96441,0.00006
69.24125,0.84000,0.02246,0.00049,0.97703,0.00002
69.36125,0.84000,0.07158,0.00067,0.92769,0.00005
69.48125,0.84000,0.65157,0.00275,0.34567,0.00001
69.60125,0.84000,0.97039,0.00836,0.02125,0.00000
69.72125,0.84000,0.99806,0.00039,0.00155,0.00000
69.84125,0.84000,0.99982,0.00001,0.00016,0.00000
69.96125,0.84000,0.99999,0.00000,0.00001,0.00000
70.08125,0.84000,1.00000,0.00000,0.00000,0.00000
70.20125,0.84000,1.00000,0.00000,0.00000,0.00000
70.32125,0.84000,1.00000,0.00000,0.00000,0.00000
70.44125,0.84000,1.00000,0.00000,0.00000,0.00000
70.56125,0.84000,1.00000,0.00000,0.00000,0.00000
70.68125,0.84000,0.99999,0.00000,0.00000,0.00000
70.80125,0.84000,0.99995,0.00000,0.00003,0.00002
70.92125,0.84000,0.99958,0.00000,0.00027,0.00014
71.04125,0.84000,0.99557,0.00003,0.00428,0.00012
71.16125,0.84000,0.83518,0.00002,0.16267,0.00213
71.28125,0.84000,0.13027,0.00012,0.86535,0.00426
71.40125,0.84000,0.05332,0.00038,0.94593,0.00036
71.52125,0.84000,0.03183,0.00064,0.96749,0.00004
71.64125,0.84000,0.01867,0.00075,0.98058,0.00001
71.76125,0.84000,0.09000,0.00090,0.90905,0.00005
71.88125,0.84000,0.82234,0.03605,0.14160,0.00000
72.00125,0.84000,0.97981,0.00506,0.01513,0.00000
72.12125,0.84000,0.99866,0.00016,0.00118,0.00000
72.24125,0.84000,0.99992,0.00000,0.00007,0.00000
72.36125,0.84000,1.00000,0.00000,0.00000,0.00000
72.48125,0.84000,1.00000,0.00000,0.00000,0.00000
72.60125,0.84000,1.00000,0.00000,0.00000,0.00000
72.72125,0.84000,1.00000,0.00000,0.00000,0.00000
72.84125,0.84000,1.00000,0.00000,0.00000,0.00000
72.96125,0.84000,1.00000,0.00000,0.00000,0.00000
73.08125,0.84000,0.99997,0.00000,0.00001,0.00001
73.20125,0.84000,0.99981,0.00000,0.00012,0.00007
73.32125,0.84000,0.99715,0.00003,0.00278,0.00003
73.44125,0.84000,0.93484,0.00001,0.06474,0.00041
73.56125,0.84000,0.20023,0.00009,0.79776,0.00193
73.68125,0.84000,0.06160,0.00028,0.93800,0.00013
73.80125,0.84000,0.04095,0.00052,0.95850,0.00003
73.92125,0.84000,0.02883,0.00050,0.97067,0.00001
74.04125,0.84000,0.34200,0.00042,0.65754,0.00005
74.16125,0.84000,0.91601,0.00119,0.08280,0.00001
74.28125,0.84000,0.99216,0.00070,0.00714,0.00000
74.40125,0.84000,0.99935,0.00004,0.00061,0.00000
74.52125,0.84000,0.99987,0.00000,0.00013,0.00000
74.64125,0.84000,0.99999,0.00000,0.00001,0.00000
74.76125,0.84000,0.99999,0.00000,0.00001,0.00000
74.88125,0.84000,0.99994,0.00000,0.00006,0.00000
75.00125,0.84000,0.99983,0.00000,0.00016,0.00001
75.12125,0.84000,0.99795,0.00004,0.00196,0.00006
75.24125,0.84000,0.98394,0.00040,0.01562,0.00005
75.36125,0.84000,0.80176,0.00008,0.19690,0.00126
75.48125,0.84000,0.16236,0.00033,0.83420,0.00311
75.60125,0.84000,0.11445,0.00194,0.88331,0.00030
75.72125,0.84000,0.06395,0.00153,0.93441,0.00011
75.84125,0.84000,0.18255,0.00391,0.81350,0.00003
75.96125,0.84000,0.83337,0.00029,0.16616,0.00019
76.08125,0.84000,0.98695,0.00061,0.01243,0.00001
76.20125,0.84000,0.99762,0.00014,0.00224,0.00000
76.32125,0.84000,0.99979,0.00001,0.00020,0.00000
76.44125,0.84000,0.99998,0.00000,0.00002,0.00000
76.56125,0.84000,1.00000,0.00000,0.00000,0.00000
76.68125,0.84000,1.00000,0.00000,0.00000,0.00000
76.80125,0.84000,1.00000,0.00000,0.00000,0.00000
76.92125,0.84000,1.00000,0.00000,0.00000,0.00000
77.04125,0.84000,0.99999,0.00000,0.00001,0.00000
77.16125,0.84000,0.99994,0.00000,0.00004,0.00002
77.28125,0.84000,0.99950,0.00001,0.00045,0.00005
77.40125,0.84000,0.99429,0.00005,0.00561,0.00005
77.52125,0.84000,0.83433,0.00004,0.16394,0.00169
77.64125,0.84000,0.10068,0.00025,0.89743,0.00164
77.76125,0.84000,0.05822,0.00082,0.94074,0.00022
77.88125,0.84000,0.02621,0.00085,0.97292,0.00002
78.00125,0.84000,0.01875,0.00186,0.97939,0.00000
78.12125,0.84000,0.21875,0.00216,0.77903,0.00006
78.24125,0.84000,0.86019,0.02170,0.11811,0.00000
78.36125,0.84000,0.99161,0.00194,0.00644,0.00000
78.48125,0.84000,0.99922,0.00010,0.00068,0.00000
78.60125,0.84000,0.99995,0.00000,0.00004,0.00000
78.72125,0.84000,0.99999,0.00000,0.00001,0.00000
78.84125,0.84000,0.99998,0.00000,0.00002,0.00000
78.96125,0.84000,0.99992,0.00000,0.00007,0.00001
79.08125,0.84000,0.99915,0.00001,0.00072,0.00011
79.20125,0.84000,0.98907,0.00038,0.01047,0.00008
79.32125,0.84000,0.74388,0.00004,0.25317,0.00291
79.44125,0.84000,0.07336,0.00011,0.92268,0.00384
79.56125,0.84000,0.04273,0.00014,0.95653,0.00060
79.68125,0.84000,0.02801,0.00030,0.97151,0.00018
79.80125,0.84000,0.01465,0.00029,0.98503,0.00003
79.92125,0.84000,0.17363,0.00047,0.82568,0.00023
80.04125,0.84000,0.83085,0.00483,0.16430,0.00002
80.16125,0.84000,0.97041,0.00642,0.02317,0.00000
80.28125,0.84000,0.99508,0.00102,0.00391,0.00000
80.40125,0.84000,0.99964,0.00005,0.00031,0.00000
80.52125,0.84000,0.99998,0.00000,0.00002,0.00000
80.64125,0.84000,0.99997,0.00000,0.00003,0.00000
80.76125,0.84000,0.99975,0.00001,0.00024,0.00001
80.88125,0.84000,0.99932,0.00002,0.00057,0.00008
81.00125,0.84000,0.99670,0.00011,0.00283,0.00036
81.12125,0.84000,0.96825,0.00037,0.03078,0.00059
81.24125,0.84000,0.35973,0.00025,0.63392,0.00610
81.36125,0.84000,0.09322,0.00031,0.90323,0.00324
81.48125,0.84000,0.06378,0.00052,0.93508,0.00061
81.60125,0.84000,0.03375,0.00084,0.96535,0.00005
81.72125,0.84000,0.02178,0.00117,0.97705,0.00001
81.84125,0.84000,0.13933,0.00167,0.85885,0.00015
81.96125,0.84000,0.67576,0.06208,0.26215,0.00001
82.08125,0.84000,0.92551,0.01802,0.05647,0.00000
82.20125,0.84000,0.99087,0.00167,0.00746,0.00000
82.32125,0.84000,0.99934,0.00008,0.00057,0.00000
82.44125,0.84000,0.99996,0.00000,0.00004,0.00000
82.56125,0.84000,0.99999,0.00000,0.00001,0.00000
82.68125,0.84000,1.00000,0.00000,0.00000,0.00000
82.80125,0.84000,0.99999,0.00000,0.00001,0.00000
82.92125,0.84000,0.99997,0.00000,0.00002,0.00001
83.04125,0.84000,0.99987,0.00000,0.00008,0.00006
83.16125,0.84000,0.99850,0.00002,0.00143,0.00004
83.28125,0.84000,0.96729,0.00004,0.03205,0.00062
83.40125,0.84000,0.36756,0.00019,0.62946,0.00279
83.52125,0.84000,0.08113,0.00122,0.91736,0.00028
83.64125,0.84000,0.05902,0.00192,0.93900,0.00006
83.76125,0.84000,0.03687,0.00237,0.96074,0.00002
83.88125,0.84000,0.35643,0.00245,0.64105,0.00007
84.00125,0.84000,0.90124,0.00125,0.09750,0.00001
84.12125,0.84000,0.98950,0.00167,0.00883,0.00000
84.24125,0.84000,0.99874,0.00014,0.00112,0.00000
84.36125,0.84000,0.99988,0.00000,0.00011,0.00000
84.48125,0.84000,0.99999,0.00000,0.00001,0.00000
84.60125,0.84000,1.00000,0.00000,0.00000,0.00000
84.72125,0.84000,0.99999,0.00000,0.00001,0.00000
84.84125,0.84000,0.99996,0.00000,0.00003,0.00001
84.96125,0.84000,0.99982,0.00000,0.00010,0.00008
85.08125,0.84000,0.99891,0.00001,0.00098,0.00010
85.20125,0.84000,0.97923,0.00003,0.02047,0.00027
85.32125,0.84000,0.49345,0.00011,0.50399,0.00245
85.44125,0.84000,0.09647,0.00029,0.90298,0.00026
85.56125,0.84000,0.06674,0.00088,0.93235,0.00003
85.68125,0.84000,0.02810,0.00096,0.97094,0.00000
85.80125,0.84000,0.19514,0.00144,0.80342,0.00000
85.92125,0.84000,0.90528,0.00026,0.09444,0.00001
86.04125,0.84000,0.99188,0.00061,0.00751,0.00000
86.16125,0.84000,0.99915,0.00006,0.00079,0.00000
86.28125,0.84000,0.99993,0.00000,0.00007,0.00000
86.40125,0.84000,0.99999,0.00000,0.00001,0.00000
86.52125,0.84000,1.00000,0.00000,0.00000,0.00000
86.64125,0.84000,1.00000,0.00000,0.00000,0.00000
86.76125,0.84000,1.00000,0.00000,0.00000,0.00000
86.88125,0.84000,1.00000,0.00000,0.00000,0.00000
87.00125,0.84000,0.99998,0.00000,0.00002,0.00001
87.12125,0.84000,0.99987,0.00000,0.00009,0.00005
87.24125,0.84000,0.99841,0.00003,0.00147,0.00010
87.36125,0.84000,0.97939,0.00022,0.02002,0.00037
87.48125,0.84000,0.35568,0.00007,0.63180,0.01245
87.60125,0.84000,0.05567,0.00018,0.94201,0.00214
87.72125,0.84000,0.03992,0.00056,0.95932,0.00021
87.84125,0.84000,0.01781,0.00031,0.98183,0.00005
87.96125,0.84000,0.06317,0.00122,0.93559,0.00002
88.08125,0.84000,0.52268,0.00025,0.47699,0.00008
88.20125,0.84000,0.97654,0.00358,0.01988,0.00000
88.32125,0.84000,0.99780,0.00023,0.00197,0.00000
88.44125,0.84000,0.99981,0.00001,0.00018,0.00000
88.56125,0.84000,0.99999,0.00000,0.00001,0.00000
88.68125,0.84000,1.00000,0.00000,0.00000,0.00000
88.80125,0.84000,1.00000,0.00000,0.00000,0.00000
88.92125,0.84000,1.00000,0.00000,0.00000,0.00000
89.04125,0.84000,1.00000,0.00000,0.00000,0.00000
89.16125,0.84000,0.99998,0.00000,0.00002,0.00001
89.28125,0.84000,0.99982,0.00000,0.00010,0.00008
89.40125,0.84000,0.99766,0.00005,0.00226,0.00004
89.52125,0.84000,0.95855,0.00008,0.04116,0.00021
89.64125,0.84000,0.20407,0.00002,0.79282,0.00309
89.76125,0.84000,0.04059,0.00007,0.95890,0.00044
89.88125,0.84000,0.02336,0.00009,0.97650,0.00005
90.00125,0.84000,0.01589,0.00008,0.98399,0.00003
90.12125,0.84000,0.02754,0.00007,0.97226,0.00014
90.24125,0.84000,0.08408,0.00010,0.91118,0.00464
90.36125,0.84000,0.29597,0.02296,0.67608,0.00498
90.48125,0.84000,0.77454,0.00754,0.21097,0.00695
90.60125,0.84000,0.98212,0.00031,0.01357,0.00401
