Time (seconds), Duration (seconds),pred_(unlabeled),pred_Jab_R,pred_Sidehook_R,pred_Uppercut_R
0.00125,0.49750,0.99532,0.00011,0.00024,0.00433
0.10125,0.49750,0.99549,0.00019,0.00036,0.00395
0.20125,0.49750,0.99594,0.00029,0.00045,0.00332
0.30125,0.49750,0.99718,0.00027,0.00030,0.00225
0.40125,0.49750,0.99796,0.00027,0.00020,0.00157
0.50125,0.49750,0.99793,0.00032,0.00020,0.00156
0.60125,0.49750,0.99771,0.00025,0.00017,0.00187
0.70125,0.49750,0.99747,0.00018,0.00015,0.00220
0.80125,0.49750,0.99706,0.00015,0.00015,0.00264
0.90125,0.49750,0.99787,0.00007,0.00009,0.00197
1.00125,0.49750,0.99483,0.00014,0.00024,0.00480
1.10125,0.49750,0.99228,0.00193,0.00150,0.00429
1.20125,0.49750,0.94324,0.04755,0.00256,0.00665
1.30125,0.49750,0.42437,0.56308,0.00240,0.01014
1.40125,0.49750,0.03666,0.96174,0.00093,0.00067
1.50125,0.49750,0.01174,0.98810,0.00010,0.00007
1.60125,0.49750,0.01647,0.98332,0.00006,0.00014
1.70125,0.49750,0.04420,0.95503,0.00056,0.00021
1.80125,0.49750,0.26826,0.72777,0.00344,0.00053
1.90125,0.49750,0.85427,0.13995,0.00306,0.00272
2.00125,0.49750,0.98637,0.00921,0.00140,0.00302
2.10125,0.49750,0.99657,0.00064,0.00044,0.00235
2.20125,0.49750,0.99780,0.00005,0.00007,0.00207
2.30125,0.49750,0.99820,0.00003,0.00004,0.00173
2.40125,0.49750,0.99803,0.00003,0.00005,0.00190
2.50125,0.49750,0.99776,0.00003,0.00006,0.00216
2.60125,0.49750,0.99681,0.00005,0.00009,0.00305
2.70125,0.49750,0.99133,0.00064,0.00087,0.00716
2.80125,0.49750,0.97721,0.01412,0.00340,0.00527
2.90125,0.49750,0.72929,0.25710,0.00217,0.01144
3.00125,0.49750,0.11291,0.88122,0.00080,0.00508
3.10125,0.49750,0.01389,0.98579,0.00008,0.00024
3.20125,0.49750,0.00958,0.99031,0.00002,0.00009
3.30125,0.49750,0.01540,0.98437,0.00004,0.00019
3.40125,0.49750,0.03796,0.96113,0.00073,0.00018
3.50125,0.49750,0.37892,0.61683,0.00356,0.00069
3.60125,0.49750,0.90177,0.08964,0.00633,0.00226
3.70125,0.49750,0.98726,0.00796,0.00210,0.00267
3.80125,0.49750,0.99593,0.00080,0.00057,0.00270
3.90125,0.49750,0.99724,0.00008,0.00010,0.00257
4.00125,0.49750,0.99727,0.00006,0.00008,0.00259
4.10125,0.49750,0.99697,0.00006,0.00009,0.00287
4.20125,0.49750,0.99324,0.00014,0.00028,0.00634
4.30125,0.49750,0.98575,0.00102,0.00276,0.01047
4.40125,0.49750,0.92325,0.02952,0.04220,0.00503
4.50125,0.49750,0.56590,0.41083,0.01470,0.00856
4.60125,0.49750,0.05416,0.93695,0.00675,0.00214
4.70125,0.49750,0.01346,0.98525,0.00114,0.00016
4.80125,0.49750,0.01087,0.98875,0.00030,0.00008
4.90125,0.49750,0.02335,0.97609,0.00019,0.00037
5.00125,0.49750,0.05935,0.93673,0.00357,0.00035
5.10125,0.49750,0.24156,0.74827,0.00953,0.00064
5.20125,0.49750,0.74636,0.23550,0.01525,0.00289
5.30125,0.49750,0.97156,0.02028,0.00442,0.00374
5.40125,0.49750,0.99463,0.00141,0.00088,0.00308
5.50125,0.49750,0.99705,0.00015,0.00018,0.00262
5.60125,0.49750,0.99692,0.00005,0.00009,0.00294
5.70125,0.49750,0.98922,0.00043,0.00069,0.00966
5.80125,0.49750,0.97775,0.00838,0.00593,0.00794
5.90125,0.49750,0.82137,0.15646,0.01515,0.00702
6.00125,0.49750,0.18587,0.80379,0.00266,0.00768
6.10125,0.49750,0.01755,0.98085,0.00093,0.00067
6.20125,0.49750,0.01059,0.98914,0.00015,0.00012
6.30125,0.49750,0.01391,0.98583,0.00009,0.00017
6.40125,0.49750,0.02464,0.97482,0.00023,0.00031
6.50125,0.49750,0.16337,0.83182,0.00449,0.00032
6.60125,0.49750,0.68068,0.31418,0.00388,0.00127
6.70125,0.49750,0.96200,0.03289,0.00276,0.00235
6.80125,0.49750,0.99467,0.00206,0.00071,0.00256
6.90125,0.49750,0.99755,0.00015,0.00017,0.00212
7.00125,0.49750,0.99788,0.00004,0.00006,0.00203
7.10125,0.49750,0.99785,0.00003,0.00005,0.00207
7.20125,0.49750,0.99732,0.00004,0.00007,0.00256
7.30125,0.49750,0.98882,0.00029,0.00059,0.01030
7.40125,0.49750,0.97706,0.00442,0.00708,0.01144
7.50125,0.49750,0.80435,0.11189,0.07875,0.00500
7.60125,0.49750,0.23709,0.74179,0.01562,0.00550
7.70125,0.49750,0.02375,0.97228,0.00284,0.00113
7.80125,0.49750,0.01003,0.98927,0.00058,0.00011
7.90125,0.49750,0.00965,0.98999,0.00028,0.00008
8.00125,0.49750,0.01349,0.98588,0.00048,0.00014
8.10125,0.49750,0.07556,0.91345,0.01081,0.00018
8.20125,0.49750,0.40176,0.54975,0.04809,0.00040
8.30125,0.49750,0.64760,0.25811,0.09317,0.00112
8.40125,0.49750,0.92491,0.04266,0.02985,0.00258
8.50125,0.49750,0.98956,0.00494,0.00317,0.00233
8.60125,0.49750,0.99513,0.00145,0.00116,0.00225
8.70125,0.49750,0.99705,0.00062,0.00039,0.00194
8.80125,0.49750,0.99800,0.00016,0.00015,0.00169
8.90125,0.49750,0.99792,0.00008,0.00011,0.00189
9.00125,0.49750,0.99535,0.00008,0.00019,0.00439
9.10125,0.49750,0.99051,0.00181,0.00456,0.00312
9.20125,0.49750,0.94083,0.05031,0.00613,0.00273
9.30125,0.49750,0.39824,0.59725,0.00102,0.00349
9.40125,0.49750,0.03131,0.96806,0.00026,0.00037
9.50125,0.49750,0.00510,0.99486,0.00001,0.00003
9.60125,0.49750,0.00815,0.99177,0.00001,0.00008
9.70125,0.49750,0.02025,0.97952,0.00007,0.00016
9.80125,0.49750,0.07925,0.91848,0.00209,0.00018
9.90125,0.49750,0.42739,0.56650,0.00534,0.00077
10.00125,0.49750,0.92199,0.06772,0.00836,0.00194
10.10125,0.49750,0.99109,0.00468,0.00199,0.00225
10.20125,0.49750,0.99729,0.00030,0.00030,0.00211
10.30125,0.49750,0.99771,0.00004,0.00007,0.00218
10.40125,0.49750,0.99781,0.00003,0.00005,0.00211
10.50125,0.49750,0.99752,0.00003,0.00006,0.00238
10.60125,0.49750,0.99336,0.00010,0.00024,0.00630
10.70125,0.49750,0.98866,0.00202,0.00123,0.00810
10.80125,0.49750,0.94260,0.04664,0.00560,0.00516
10.90125,0.49750,0.44648,0.54308,0.00134,0.00909
11.00125,0.49750,0.03746,0.96075,0.00044,0.00135
11.10125,0.49750,0.01064,0.98920,0.00005,0.00011
11.20125,0.49750,0.01251,0.98733,0.00004,0.00012
11.30125,0.49750,0.02327,0.97631,0.00014,0.00028
11.40125,0.49750,0.05129,0.94606,0.00249,0.00016
11.50125,0.49750,0.41993,0.57300,0.00631,0.00076
11.60125,0.49750,0.90322,0.08643,0.00805,0.00230
11.70125,0.49750,0.98940,0.00622,0.00225,0.00212
11.80125,0.49750,0.99685,0.00044,0.00029,0.00242
11.90125,0.49750,0.99778,0.00004,0.00006,0.00212
12.00125,0.49750,0.99697,0.00004,0.00009,0.00290
12.10125,0.49750,0.98796,0.00032,0.00074,0.01098
12.20125,0.49750,0.97771,0.00612,0.00674,0.00943
12.30125,0.49750,0.76466,0.15099,0.08086,0.00349
12.40125,0.49750,0.14159,0.85183,0.00428,0.00230
12.50125,0.49750,0.01188,0.98667,0.00119,0.00027
12.60125,0.49750,0.00569,0.99411,0.00017,0.00003
12.70125,0.49750,0.00787,0.99200,0.00009,0.00004
12.80125,0.49750,0.01936,0.98038,0.00006,0.00021
12.90125,0.49750,0.09165,0.90514,0.00307,0.00015
13.00125,0.49750,0.15298,0.84262,0.00425,0.00015
13.10125,0.49750,0.65648,0.33078,0.01179,0.00096
13.20125,0.49750,0.96112,0.03235,0.00488,0.00165
13.30125,0.49750,0.99410,0.00283,0.00136,0.00171
13.40125,0.49750,0.99649,0.00037,0.00033,0.00281
13.50125,0.49750,0.99744,0.00004,0.00007,0.00244
13.60125,0.49750,0.99624,0.00006,0.00011,0.00358
13.70125,0.49750,0.98557,0.00062,0.00110,0.01272
13.80125,0.49750,0.97298,0.01186,0.00807,0.00709
13.90125,0.49750,0.74134,0.24402,0.00376,0.01088
14.00125,0.49750,0.10635,0.88864,0.00067,0.00435
14.10125,0.49750,0.01639,0.98309,0.00015,0.00036
14.20125,0.49750,0.00895,0.99096,0.00002,0.00007
14.30125,0.49750,0.01579,0.98397,0.00001,0.00023
14.40125,0.49750,0.04239,0.95705,0.00034,0.00022
14.50125,0.49750,0.19768,0.79895,0.00306,0.00031
14.60125,0.49750,0.75663,0.23636,0.00515,0.00186
14.70125,0.49750,0.97246,0.02123,0.00399,0.00231
14.80125,0.49750,0.99574,0.00143,0.00095,0.00188
14.90125,0.49750,0.99723,0.00013,0.00016,0.00248
15.00125,0.49750,0.99760,0.00004,0.00007,0.00229
15.10125,0.49750,0.99748,0.00004,0.00007,0.00241
15.20125,0.49750,0.99728,0.00004,0.00008,0.00260
15.30125,0.49750,0.99615,0.00006,0.00014,0.00365
15.40125,0.49750,0.98951,0.00019,0.00061,0.00970
15.50125,0.49750,0.96860,0.00218,0.00660,0.02262
15.60125,0.49750,0.85005,0.06087,0.08064,0.00844
15.70125,0.49750,0.35547,0.62546,0.00794,0.01113
15.80125,0.49750,0.04208,0.95466,0.00091,0.00235
15.90125,0.49750,0.01110,0.98853,0.00024,0.00013
16.00125,0.49750,0.00833,0.99158,0.00003,0.00006
16.10125,0.49750,0.02404,0.97564,0.00003,0.00029
16.20125,0.49750,0.08504,0.91314,0.00165,0.00017
16.30125,0.49750,0.24921,0.74181,0.00877,0.00021
16.40125,0.49750,0.81310,0.17781,0.00791,0.00118
16.50125,0.49750,0.98062,0.01400,0.00406,0.00132
16.60125,0.49750,0.99665,0.00112,0.00076,0.00147
16.70125,0.49750,0.99734,0.00013,0.00016,0.00237
16.80125,0.49750,0.99773,0.00003,0.00007,0.00217
16.90125,0.49750,0.99474,0.00011,0.00024,0.00491
17.00125,0.49750,0.98301,0.00142,0.00217,0.01339
17.10125,0.49750,0.92737,0.03877,0.02742,0.00643
17.20125,0.49750,0.48645,0.49610,0.00989,0.00756
17.30125,0.49750,0.04328,0.95351,0.00083,0.00238
17.40125,0.49750,0.00993,0.98954,0.00034,0.00019
17.50125,0.49750,0.00772,0.99217,0.00005,0.00006
17.60125,0.49750,0.01786,0.98185,0.00003,0.00026
17.70125,0.49750,0.04378,0.95528,0.00081,0.00013
17.80125,0.49750,0.16097,0.83262,0.00631,0.00009
17.90125,0.49750,0.66217,0.33012,0.00693,0.00078
18.00125,0.49750,0.95987,0.03223,0.00662,0.00128
18.10125,0.49750,0.99543,0.00210,0.00122,0.00125
18.20125,0.49750,0.99729,0.00018,0.00020,0.00234
18.30125,0.49750,0.99778,0.00003,0.00006,0.00213
18.40125,0.49750,0.99607,0.00006,0.00013,0.00375
18.50125,0.49750,0.98705,0.00071,0.00146,0.01079
18.60125,0.49750,0.96122,0.01844,0.01462,0.00572
18.70125,0.49750,0.66130,0.31809,0.01519,0.00541
18.80125,0.49750,0.06439,0.93210,0.00144,0.00207
18.90125,0.49750,0.00902,0.99040,0.00041,0.00016
19.00125,0.49750,0.00652,0.99339,0.00005,0.00005
19.10125,0.49750,0.01264,0.98715,0.00006,0.00015
19.20125,0.49750,0.02665,0.97248,0.00067,0.00020
19.30125,0.49750,0.12114,0.86971,0.00894,0.00021
19.40125,0.49750,0.54063,0.44663,0.01155,0.00118
19.50125,0.49750,0.92326,0.06027,0.01394,0.00253
19.60125,0.49750,0.99079,0.00447,0.00193,0.00280
19.70125,0.49750,0.99666,0.00031,0.00030,0.00272
19.80125,0.49750,0.99745,0.00005,0.00008,0.00242
19.90125,0.49750,0.99703,0.00005,0.00009,0.00283
20.00125,0.49750,0.99159,0.00020,0.00045,0.00776
20.10125,0.49750,0.98160,0.00329,0.00422,0.01089
20.20125,0.49750,0.89309,0.07077,0.03024,0.00590
20.30125,0.49750,0.32984,0.65541,0.00879,0.00596
20.40125,0.49750,0.03371,0.96318,0.00182,0.00128
20.50125,0.49750,0.00992,0.98917,0.00084,0.00007
20.60125,0.49750,0.01000,0.98962,0.00033,0.00004
20.70125,0.49750,0.01696,0.98258,0.00035,0.00011
20.80125,0.49750,0.04042,0.95429,0.00519,0.00011
20.90125,0.49750,0.35657,0.62637,0.01679,0.00027
21.00125,0.49750,0.78079,0.20776,0.01017,0.00128
21.10125,0.49750,0.97172,0.02157,0.00422,0.00248
21.20125,0.49750,0.99541,0.00147,0.00079,0.00233
21.30125,0.49750,0.99739,0.00015,0.00017,0.00230
21.40125,0.49750,0.99631,0.00013,0.00018,0.00338
21.50125,0.49750,0.99573,0.00007,0.00015,0.00404
21.60125,0.49750,0.98737,0.00078,0.00131,0.01054
21.70125,0.49750,0.96722,0.01817,0.00816,0.00645
21.80125,0.49750,0.71073,0.27316,0.00696,0.00915
21.90125,0.49750,0.11765,0.87765,0.00123,0.00348
22.00125,0.49750,0.01679,0.98264,0.00020,0.00037
22.10125,0.49750,0.01192,0.98790,0.00007,0.00011
22.20125,0.49750,0.01742,0.98225,0.00015,0.00018
22.30125,0.49750,0.07637,0.92191,0.00156,0.00016
22.40125,0.49750,0.22577,0.75810,0.01595,0.00018
22.50125,0.49750,0.67244,0.29476,0.03228,0.00053
22.60125,0.49750,0.96505,0.02675,0.00731,0.00089
22.70125,0.49750,0.99560,0.00212,0.00114,0.00114
22.80125,0.49750,0.99636,0.00046,0.00044,0.00275
22.90125,0.49750,0.99735,0.00007,0.00011,0.00248
23.00125,0.49750,0.99663,0.00007,0.00013,0.00318
23.10125,0.49750,0.99156,0.00017,0.00045,0.00782
23.20125,0.49750,0.97660,0.00128,0.00233,0.01979
23.30125,0.49750,0.95271,0.02398,0.01211,0.01120
23.40125,0.49750,0.57672,0.40017,0.01503,0.00808
23.50125,0.49750,0.07718,0.91952,0.00134,0.00196
23.60125,0.49750,0.01243,0.98720,0.00025,0.00013
23.70125,0.49750,0.00550,0.99439,0.00009,0.00002
23.80125,0.49750,0.01064,0.98919,0.00012,0.00005
23.90125,0.49750,0.03078,0.96790,0.00121,0.00011
24.00125,0.49750,0.13924,0.84929,0.01135,0.00012
24.10125,0.49750,0.58007,0.40283,0.01635,0.00075
24.20125,0.49750,0.90475,0.08360,0.01018,0.00147
24.30125,0.49750,0.99270,0.00486,0.00156,0.00088
24.40125,0.49750,0.99817,0.00044,0.00030,0.00109
24.50125,0.49750,0.99816,0.00010,0.00011,0.00163
24.60125,0.49750,0.99887,0.00004,0.00006,0.00103
24.70125,0.49750,0.99698,0.00005,0.00013,0.00283
24.80125,0.49750,0.98383,0.00055,0.00141,0.01421
24.90125,0.49750,0.97295,0.01038,0.00800,0.00867
25.00125,0.49750,0.75407,0.20666,0.03359,0.00568
25.10125,0.49750,0.12466,0.86989,0.00274,0.00271
25.20125,0.49750,0.01770,0.98178,0.00018,0.00034
25.30125,0.49750,0.00730,0.99252,0.00014,0.00005
25.40125,0.49750,0.01149,0.98830,0.00012,0.00009
25.50125,0.49750,0.03035,0.96893,0.00045,0.00027
25.60125,0.49750,0.14989,0.84127,0.00866,0.00017
25.70125,0.49750,0.74084,0.23823,0.02049,0.00044
25.80125,0.49750,0.96700,0.02794,0.00424,0.00082
25.90125,0.49750,0.99612,0.00209,0.00094,0.00085
26.00125,0.49750,0.99851,0.00021,0.00018,0.00110
26.10125,0.49750,0.99728,0.00006,0.00009,0.00257
26.20125,0.49750,0.99692,0.00006,0.00010,0.00292
26.30125,0.49750,0.99587,0.00008,0.00016,0.00389
26.40125,0.49750,0.98674,0.00073,0.00113,0.01139
26.50125,0.49750,0.96617,0.01423,0.01057,0.00904
26.60125,0.49750,0.65791,0.24516,0.09420,0.00273
26.70125,0.49750,0.09859,0.89700,0.00295,0.00146
26.80125,0.49750,0.00859,0.99096,0.00026,0.00019
26.90125,0.49750,0.00472,0.99513,0.00012,0.00003
27.00125,0.49750,0.00643,0.99343,0.00009,0.00004
27.10125,0.49750,0.00986,0.98988,0.00017,0.00008
27.20125,0.49750,0.02560,0.96797,0.00637,0.00006
27.30125,0.49750,0.05675,0.91306,0.03016,0.00003
27.40125,0.49750,0.27789,0.65954,0.06232,0.00024
27.50125,0.49750,0.88232,0.09659,0.02019,0.00089
27.60125,0.49750,0.99014,0.00636,0.00238,0.00112
27.70125,0.49750,0.99761,0.00057,0.00047,0.00135
27.80125,0.49750,0.99621,0.00009,0.00014,0.00357
27.90125,0.49750,0.99211,0.00017,0.00037,0.00736
28.00125,0.49750,0.96637,0.00208,0.00419,0.02737
28.10125,0.49750,0.88254,0.05339,0.05204,0.01203
28.20125,0.49750,0.39484,0.56253,0.03758,0.00506
28.30125,0.49750,0.03527,0.96031,0.00363,0.00079
28.40125,0.49750,0.00786,0.99154,0.00052,0.00008
28.50125,0.49750,0.00433,0.99541,0.00024,0.00001
28.60125,0.49750,0.00861,0.99117,0.00017,0.00004
28.70125,0.49750,0.01492,0.98229,0.00276,0.00004
28.80125,0.49750,0.02405,0.96674,0.00918,0.00003
28.90125,0.49750,0.07671,0.90268,0.02052,0.00008
29.00125,0.49750,0.49054,0.46952,0.03915,0.00079
29.10125,0.49750,0.94324,0.04555,0.00900,0.00220
29.20125,0.49750,0.99258,0.00301,0.00102,0.00339
29.30125,0.49750,0.99639,0.00021,0.00025,0.00315
29.40125,0.49750,0.99183,0.00019,0.00034,0.00764
29.50125,0.49750,0.98563,0.00256,0.00237,0.00944
29.60125,0.49750,0.92669,0.05226,0.01637,0.00468
29.70125,0.49750,0.41582,0.57339,0.00466,0.00613
29.80125,0.49750,0.04275,0.95117,0.00424,0.00185
29.90125,0.49750,0.01450,0.98378,0.00152,0.00019
30.00125,0.49750,0.01303,0.98569,0.00118,0.00010
30.10125,0.49750,0.02531,0.97350,0.00085,0.00034
30.20125,0.49750,0.06832,0.91828,0.01317,0.00024
30.30125,0.49750,0.08444,0.90819,0.00725,0.00011
30.40125,0.49750,0.47772,0.50754,0.01374,0.00100
30.50125,0.49750,0.93034,0.06310,0.00414,0.00242
30.60125,0.49750,0.99245,0.00421,0.00095,0.00238
30.70125,0.49750,0.99717,0.00031,0.00023,0.00229
30.80125,0.49750,0.99658,0.00006,0.00011,0.00324
30.90125,0.49750,0.99134,0.00072,0.00070,0.00725
31.00125,0.49750,0.97385,0.01569,0.00473,0.00572
31.10125,0.49750,0.67582,0.30814,0.01241,0.00363
31.20125,0.49750,0.08105,0.91670,0.00073,0.00152
31.30125,0.49750,0.00851,0.99115,0.00019,0.00014
31.40125,0.49750,0.00593,0.99396,0.00007,0.00004
31.50125,0.49750,0.01031,0.98952,0.00009,0.00008
31.60125,0.49750,0.01540,0.98409,0.00043,0.00008
31.70125,0.49750,0.02838,0.95958,0.01201,0.00003
31.80125,0.49750,0.06479,0.91670,0.01846,0.00005
31.90125,0.49750,0.43649,0.49280,0.07026,0.00044
32.00125,0.49750,0.92740,0.05313,0.01817,0.00130
32.10125,0.49750,0.99180,0.00384,0.00233,0.00202
32.20125,0.49750,0.99581,0.00040,0.00043,0.00336
32.30125,0.49750,0.99070,0.00025,0.00042,0.00864
32.40125,0.49750,0.97817,0.00332,0.00297,0.01554
32.50125,0.49750,0.87395,0.09077,0.02823,0.00705
32.60125,0.49750,0.25894,0.73118,0.00510,0.00477
32.70125,0.49750,0.02722,0.97181,0.00029,0.00068
32.80125,0.49750,0.00719,0.99267,0.00009,0.00005
32.90125,0.49750,0.00688,0.99307,0.00002,0.00003
33.00125,0.49750,0.01817,0.98165,0.00002,0.00016
33.10125,0.49750,0.04473,0.95449,0.00065,0.00013
33.20125,0.49750,0.16344,0.82990,0.00632,0.00033
33.30125,0.49750,0.67351,0.31783,0.00656,0.00210
33.40125,0.49750,0.96213,0.02869,0.00609,0.00309
33.50125,0.49750,0.99433,0.00190,0.00101,0.00275
33.60125,0.49750,0.99709,0.00013,0.00016,0.00262
33.70125,0.49750,0.99730,0.00004,0.00008,0.00257
33.80125,0.49750,0.99046,0.00025,0.00048,0.00881
33.90125,0.49750,0.98084,0.00413,0.00288,0.01215
34.00125,0.49750,0.85022,0.10828,0.03661,0.00490
34.10125,0.49750,0.18246,0.81214,0.00195,0.00346
34.20125,0.49750,0.01226,0.98715,0.00013,0.00045
34.30125,0.49750,0.00594,0.99391,0.00010,0.00005
34.40125,0.49750,0.00666,0.99325,0.00006,0.00003
34.50125,0.49750,0.01226,0.98756,0.00006,0.00011
34.60125,0.49750,0.03312,0.96351,0.00327,0.00010
34.70125,0.49750,0.14045,0.83801,0.02141,0.00014
34.80125,0.49750,0.56951,0.41049,0.01887,0.00113
34.90125,0.49750,0.94603,0.04382,0.00790,0.00225
35.00125,0.49750,0.99400,0.00265,0.00091,0.00244
35.10125,0.49750,0.99736,0.00023,0.00021,0.00221
35.20125,0.49750,0.99769,0.00005,0.00007,0.00219
35.30125,0.49750,0.99673,0.00007,0.00011,0.00309
35.40125,0.49750,0.99147,0.00100,0.00079,0.00674
35.50125,0.49750,0.95767,0.02760,0.01167,0.00307
35.60125,0.49750,0.57145,0.42020,0.00418,0.00416
35.70125,0.49750,0.05579,0.94243,0.00047,0.00131
35.80125,0.49750,0.00829,0.99137,0.00023,0.00011
35.90125,0.49750,0.00698,0.99293,0.00004,0.00004
36.00125,0.49750,0.01719,0.98258,0.00003,0.00020
36.10125,0.49750,0.05909,0.93974,0.00099,0.00017
36.20125,0.49750,0.16306,0.82585,0.01090,0.00020
36.30125,0.49750,0.48753,0.50052,0.01103,0.00092
36.40125,0.49750,0.92131,0.06240,0.01421,0.00208
36.50125,0.49750,0.99119,0.00414,0.00219,0.00247
36.60125,0.49750,0.99498,0.00068,0.00064,0.00370
36.70125,0.49750,0.99321,0.00025,0.00046,0.00608
36.80125,0.49750,0.98335,0.00050,0.00125,0.01490
36.90125,0.49750,0.95751,0.01245,0.01644,0.01360
37.00125,0.49750,0.74635,0.20292,0.04265,0.00807
37.10125,0.49750,0.19527,0.79654,0.00430,0.00388
37.20125,0.49750,0.02692,0.97238,0.00025,0.00045
37.30125,0.49750,0.00705,0.99286,0.00006,0.00004
37.40125,0.49750,0.00955,0.99035,0.00004,0.00006
37.50125,0.49750,0.01495,0.98481,0.00014,0.00010
37.60125,0.49750,0.04490,0.95248,0.00249,0.00013
37.70125,0.49750,0.35965,0.62172,0.01807,0.00057
37.80125,0.49750,0.89023,0.09484,0.01310,0.00183
37.90125,0.49750,0.99080,0.00510,0.00187,0.00223
38.00125,0.49750,0.99728,0.00034,0.00029,0.00209
38.10125,0.49750,0.99739,0.00005,0.00009,0.00247
38.20125,0.49750,0.99077,0.00027,0.00050,0.00846
38.30125,0.49750,0.98453,0.00473,0.00319,0.00755
38.40125,0.49750,0.86652,0.10515,0.02368,0.00465
38.50125,0.49750,0.23129,0.76082,0.00261,0.00528
38.60125,0.49750,0.01880,0.97982,0.00055,0.00083
38.70125,0.49750,0.00848,0.99126,0.00014,0.00013
38.80125,0.49750,0.01159,0.98813,0.00009,0.00019
38.90125,0.49750,0.02092,0.97859,0.00017,0.00033
39.00125,0.49750,0.05686,0.93679,0.00617,0.00018
39.10125,0.49750,0.30735,0.68043,0.01183,0.00038
39.20125,0.49750,0.84646,0.13750,0.01475,0.00129
39.30125,0.49750,0.98589,0.00942,0.00347,0.00122
39.40125,0.49750,0.99701,0.00077,0.00049,0.00174
39.50125,0.49750,0.99793,0.00008,0.00009,0.00190
39.60125,0.49750,0.99718,0.00005,0.00008,0.00269
39.70125,0.49750,0.99058,0.00050,0.00071,0.00820
39.80125,0.49750,0.97598,0.01161,0.00657,0.00584
39.90125,0.49750,0.77702,0.20744,0.01022,0.00532
40.00125,0.49750,0.09700,0.89939,0.00060,0.00301
40.10125,0.49750,0.00801,0.99156,0.00020,0.00023
40.20125,0.49750,0.00508,0.99484,0.00003,0.00005
40.30125,0.49750,0.00765,0.99223,0.00004,0.00008
40.40125,0.49750,0.01481,0.98475,0.00032,0.00012
40.50125,0.49750,0.05984,0.93021,0.00986,0.00009
40.60125,0.49750,0.25610,0.73018,0.01341,0.00032
40.70125,0.49750,0.81968,0.15468,0.02422,0.00142
40.80125,0.49750,0.98534,0.00947,0.00322,0.00197
40.90125,0.49750,0.99696,0.00062,0.00048,0.00195
41.00125,0.49750,0.99732,0.00009,0.00014,0.00245
41.10125,0.49750,0.99178,0.00026,0.00049,0.00748
41.20125,0.49750,0.98395,0.00573,0.00494,0.00539
41.30125,0.49750,0.86088,0.12227,0.01248,0.00437
41.40125,0.49750,0.18090,0.81528,0.00067,0.00315
41.50125,0.49750,0.01502,0.98444,0.00022,0.00031
41.60125,0.49750,0.00717,0.99274,0.00003,0.00006
41.70125,0.49750,0.01117,0.98871,0.00001,0.00011
41.80125,0.49750,0.02287,0.97682,0.00008,0.00023
41.90125,0.49750,0.07707,0.91808,0.00457,0.00027
42.00125,0.49750,0.44332,0.54949,0.00613,0.00106
42.10125,0.49750,0.91544,0.07295,0.00903,0.00257
42.20125,0.49750,0.99069,0.00459,0.00204,0.00268
42.30125,0.49750,0.99697,0.00033,0.00031,0.00239
42.40125,0.49750,0.99747,0.00005,0.00009,0.00239
42.50125,0.49750,0.99343,0.00014,0.00029,0.00614
42.60125,0.49750,0.98635,0.00273,0.00353,0.00739
42.70125,0.49750,0.87600,0.07939,0.04152,0.00309
42.80125,0.49750,0.23800,0.75679,0.00231,0.00290
42.90125,0.49750,0.01697,0.98253,0.00024,0.00027
43.00125,0.49750,0.00553,0.99440,0.00005,0.00003
43.10125,0.49750,0.00711,0.99284,0.00001,0.00004
43.20125,0.49750,0.01844,0.98137,0.00002,0.00018
43.30125,0.49750,0.08297,0.91568,0.00113,0.00023
43.40125,0.49750,0.39509,0.59883,0.00533,0.00075
43.50125,0.49750,0.90465,0.08824,0.00492,0.00219
43.60125,0.49750,0.98923,0.00650,0.00201,0.00227
43.70125,0.49750,0.99715,0.00047,0.00041,0.00197
43.80125,0.49750,0.99740,0.00008,0.00012,0.00239
43.90125,0.49750,0.99193,0.00027,0.00046,0.00734
44.00125,0.49750,0.98533,0.00503,0.00279,0.00684
44.10125,0.49750,0.88707,0.09750,0.01006,0.00537
44.20125,0.49750,0.25611,0.73797,0.00120,0.00472
44.30125,0.49750,0.01750,0.98195,0.00010,0.00045
44.40125,0.49750,0.00872,0.99118,0.00003,0.00007
44.50125,0.49750,0.01172,0.98816,0.00003,0.00009
44.60125,0.49750,0.02036,0.97933,0.00008,0.00023
44.70125,0.49750,0.06137,0.93689,0.00145,0.00030
44.80125,0.49750,0.57399,0.41737,0.00710,0.00154
44.90125,0.49750,0.94515,0.04817,0.00358,0.00311
45.00125,0.49750,0.99285,0.00325,0.00085,0.00306
45.10125,0.49750,0.99654,0.00029,0.00021,0.00295
45.20125,0.49750,0.99214,0.00012,0.00034,0.00740
45.30125,0.49750,0.97938,0.00165,0.00351,0.01547
45.40125,0.49750,0.92473,0.03703,0.02829,0.00995
45.50125,0.49750,0.45666,0.45606,0.08318,0.00410
45.60125,0.49750,0.03514,0.95889,0.00478,0.00119
45.70125,0.49750,0.00813,0.98953,0.00226,0.00009
45.80125,0.49750,0.00789,0.99110,0.00096,0.00004
45.90125,0.49750,0.01518,0.98422,0.00048,0.00012
46.00125,0.49750,0.03109,0.96744,0.00121,0.00026
46.10125,0.49750,0.13009,0.85527,0.01437,0.00026
46.20125,0.49750,0.43799,0.55169,0.00919,0.00113
46.30125,0.49750,0.89742,0.09375,0.00587,0.00296
46.40125,0.49750,0.98714,0.00695,0.00245,0.00346
46.50125,0.49750,0.99565,0.00050,0.00047,0.00338
46.60125,0.49750,0.99356,0.00021,0.00036,0.00588
46.70125,0.49750,0.98372,0.00140,0.00225,0.01263
46.80125,0.49750,0.92253,0.03720,0.03511,0.00516
46.90125,0.49750,0.49748,0.46757,0.03162,0.00333
47.00125,0.49750,0.04262,0.95385,0.00251,0.00102
47.10125,0.49750,0.00891,0.98980,0.00113,0.00015
47.20125,0.49750,0.00809,0.99160,0.00025,0.00006
47.30125,0.49750,0.01430,0.98539,0.00015,0.00016
47.40125,0.49750,0.02662,0.97272,0.00045,0.00021
47.50125,0.49750,0.17218,0.82196,0.00568,0.00018
47.60125,0.49750,0.45673,0.53824,0.00457,0.00046
47.70125,0.49750,0.90496,0.08916,0.00467,0.00122
47.80125,0.49750,0.99050,0.00674,0.00096,0.00181
47.90125,0.49750,0.99771,0.00041,0.00033,0.00155
48.00125,0.49750,0.99431,0.00025,0.00034,0.00511
48.10125,0.49750,0.98310,0.00100,0.00145,0.01445
48.20125,0.49750,0.95635,0.01852,0.01336,0.01177
48.30125,0.49750,0.55644,0.30746,0.13328,0.00282
48.40125,0.49750,0.05396,0.94164,0.00342,0.00098
48.50125,0.49750,0.00947,0.98994,0.00042,0.00017
48.60125,0.49750,0.00475,0.99510,0.00013,0.00002
48.70125,0.49750,0.00579,0.99412,0.00007,0.00002
48.80125,0.49750,0.01000,0.98985,0.00008,0.00007
48.90125,0.49750,0.03229,0.96480,0.00282,0.00008
49.00125,0.49750,0.17405,0.81412,0.01162,0.00020
49.10125,0.49750,0.65441,0.32519,0.01908,0.00131
49.20125,0.49750,0.97140,0.02187,0.00446,0.00228
49.30125,0.49750,0.99512,0.00138,0.00063,0.00287
49.40125,0.49750,0.99701,0.00015,0.00020,0.00264
49.50125,0.49750,0.99221,0.00022,0.00040,0.00718
49.60125,0.49750,0.98097,0.00213,0.00343,0.01347
49.70125,0.49750,0.90666,0.05264,0.03336,0.00734
49.80125,0.49750,0.27465,0.71469,0.00778,0.00288
49.90125,0.49750,0.02170,0.97756,0.00039,0.00036
50.00125,0.49750,0.00527,0.99461,0.00009,0.00004
50.10125,0.49750,0.00542,0.99452,0.00004,0.00002
50.20125,0.49750,0.00858,0.99132,0.00005,0.00005
50.30125,0.49750,0.03183,0.96639,0.00168,0.00010
50.40125,0.49750,0.06106,0.91985,0.01896,0.00013
50.50125,0.49750,0.18945,0.77713,0.03291,0.00051
50.60125,0.49750,0.77568,0.19490,0.02712,0.00230
50.70125,0.49750,0.97950,0.01371,0.00339,0.00340
50.80125,0.49750,0.99514,0.00103,0.00066,0.00317
50.90125,0.49750,0.99717,0.00010,0.00012,0.00261
51.00125,0.49750,0.99667,0.00006,0.00011,0.00316
51.10125,0.49750,0.98886,0.00054,0.00154,0.00906
51.20125,0.49750,0.95098,0.01635,0.02879,0.00388
51.30125,0.49750,0.65486,0.33432,0.00459,0.00623
51.40125,0.49750,0.07308,0.92509,0.00036,0.00148
51.50125,0.49750,0.00901,0.99079,0.00011,0.00010
51.60125,0.49750,0.00585,0.99411,0.00001,0.00004
51.70125,0.49750,0.01056,0.98933,0.00001,0.00011
51.80125,0.49750,0.03538,0.96390,0.00057,0.00016
51.90125,0.49750,0.10642,0.88536,0.00811,0.00010
52.00125,0.49750,0.40943,0.57811,0.01191,0.00055
52.10125,0.49750,0.88491,0.09794,0.01582,0.00134
52.20125,0.49750,0.98744,0.00831,0.00266,0.00158
52.30125,0.49750,0.99734,0.00063,0.00051,0.00151
52.40125,0.49750,0.99457,0.00014,0.00023,0.00506
52.50125,0.49750,0.98919,0.00113,0.00184,0.00785
52.60125,0.49750,0.95794,0.02429,0.01347,0.00430
52.70125,0.49750,0.61261,0.37651,0.00183,0.00904
52.80125,0.49750,0.06891,0.92934,0.00040,0.00135
52.90125,0.49750,0.01153,0.98828,0.00011,0.00009
53.00125,0.49750,0.01096,0.98896,0.00002,0.00006
53.10125,0.49750,0.02292,0.97688,0.00003,0.00017
53.20125,0.49750,0.05178,0.94652,0.00158,0.00011
53.30125,0.49750,0.15960,0.83294,0.00718,0.00027
53.40125,0.49750,0.74422,0.24663,0.00756,0.00158
53.50125,0.49750,0.97250,0.02188,0.00361,0.00201
53.60125,0.49750,0.99558,0.00172,0.00056,0.00214
53.70125,0.49750,0.99774,0.00013,0.00012,0.00201
53.80125,0.49750,0.99753,0.00004,0.00007,0.00236
53.90125,0.49750,0.99198,0.00054,0.00062,0.00686
54.00125,0.49750,0.98072,0.01039,0.00314,0.00575
54.10125,0.49750,0.84203,0.14681,0.00294,0.00821
54.20125,0.49750,0.19989,0.79200,0.00051,0.00760
54.30125,0.49750,0.02071,0.97829,0.00020,0.00080
54.40125,0.49750,0.01542,0.98430,0.00004,0.00024
54.50125,0.49750,0.02552,0.97394,0.00005,0.00050
54.60125,0.49750,0.05854,0.94024,0.00059,0.00063
54.70125,0.49750,0.28842,0.70148,0.00955,0.00056
54.80125,0.49750,0.77065,0.22170,0.00630,0.00135
54.90125,0.49750,0.97190,0.02179,0.00448,0.00184
55.00125,0.49750,0.99676,0.00120,0.00070,0.00134
55.10125,0.49750,0.99784,0.00016,0.00017,0.00182
55.20125,0.49750,0.99664,0.00007,0.00011,0.00317
55.30125,0.49750,0.99108,0.00055,0.00063,0.00774
55.40125,0.49750,0.97575,0.01255,0.00702,0.00468
55.50125,0.49750,0.72044,0.26579,0.00883,0.00495
55.60125,0.49750,0.10732,0.88931,0.00158,0.00179
55.70125,0.49750,0.01090,0.98887,0.00012,0.00011
55.80125,0.49750,0.00972,0.99019,0.00005,0.00004
55.90125,0.49750,0.01918,0.98064,0.00003,0.00016
56.00125,0.49750,0.07412,0.92509,0.00045,0.00034
56.10125,0.49750,0.19600,0.80049,0.00322,0.00029
56.20125,0.49750,0.58847,0.39744,0.01284,0.00125
56.30125,0.49750,0.95346,0.03847,0.00639,0.00168
56.40125,0.49750,0.99539,0.00237,0.00116,0.00107
56.50125,0.49750,0.99768,0.00034,0.00031,0.00166
56.60125,0.49750,0.99543,0.00013,0.00021,0.00424
56.70125,0.49750,0.99111,0.00089,0.00124,0.00677
56.80125,0.49750,0.96119,0.02273,0.00939,0.00668
56.90125,0.49750,0.59438,0.38013,0.02061,0.00488
57.00125,0.49750,0.04914,0.94829,0.00114,0.00142
57.10125,0.49750,0.00795,0.99164,0.00030,0.00011
57.20125,0.49750,0.00690,0.99303,0.00002,0.00005
57.30125,0.49750,0.01381,0.98604,0.00001,0.00014
57.40125,0.49750,0.08307,0.91671,0.00007,0.00016
57.50125,0.49750,0.22647,0.77239,0.00102,0.00012
57.60125,0.49750,0.71409,0.28454,0.00095,0.00042
57.70125,0.49750,0.97580,0.02179,0.00193,0.00049
57.80125,0.49750,0.99687,0.00190,0.00068,0.00055
57.90125,0.49750,0.99677,0.00045,0.00031,0.00247
58.00125,0.49750,0.99738,0.00006,0.00009,0.00247
58.10125,0.49750,0.99223,0.00039,0.00054,0.00684
58.20125,0.49750,0.97928,0.00691,0.00527,0.00855
58.30125,0.49750,0.75627,0.16388,0.07681,0.00303
58.40125,0.49750,0.12686,0.86553,0.00594,0.00168
58.50125,0.49750,0.00929,0.99022,0.00033,0.00016
58.60125,0.49750,0.00497,0.99484,0.00016,0.00003
58.70125,0.49750,0.00589,0.99403,0.00004,0.00003
58.80125,0.49750,0.01868,0.98109,0.00004,0.00019
58.90125,0.49750,0.04507,0.95363,0.00117,0.00013
59.00125,0.49750,0.15449,0.83388,0.01139,0.00024
59.10125,0.49750,0.65186,0.33315,0.01333,0.00165
59.20125,0.49750,0.96084,0.02839,0.00854,0.00224
59.30125,0.49750,0.99344,0.00253,0.00136,0.00266
59.40125,0.49750,0.99683,0.00020,0.00023,0.00274
59.50125,0.49750,0.99744,0.00004,0.00007,0.00245
59.60125,0.49750,0.99317,0.00013,0.00029,0.00641
59.70125,0.49750,0.98410,0.00248,0.00281,0.01060
59.80125,0.49750,0.90933,0.06049,0.02484,0.00533
59.90125,0.49750,0.25126,0.74228,0.00074,0.00572
60.00125,0.49750,0.01770,0.98179,0.00003,0.00048
60.10125,0.49750,0.00587,0.99406,0.00002,0.00005
60.20125,0.49750,0.00607,0.99389,0.00001,0.00003
60.30125,0.49750,0.01286,0.98702,0.00001,0.00011
60.40125,0.49750,0.04544,0.95249,0.00195,0.00012
60.50125,0.49750,0.19452,0.77998,0.02529,0.00022
60.60125,0.49750,0.65595,0.32802,0.01484,0.00119
60.70125,0.49750,0.95652,0.03398,0.00743,0.00208
60.80125,0.49750,0.99431,0.00251,0.00111,0.00208
60.90125,0.49750,0.99699,0.00025,0.00026,0.00251
61.00125,0.49750,0.99031,0.00038,0.00050,0.00881
61.10125,0.49750,0.97844,0.00421,0.00323,0.01412
61.20125,0.49750,0.89379,0.07704,0.02131,0.00786
61.30125,0.49750,0.37088,0.61240,0.00395,0.01277
61.40125,0.49750,0.04753,0.94700,0.00154,0.00393
61.50125,0.49750,0.02343,0.97524,0.00074,0.00059
61.60125,0.49750,0.02210,0.97728,0.00030,0.00032
61.70125,0.49750,0.04201,0.95697,0.00047,0.00055
61.80125,0.49750,0.06954,0.91942,0.01092,0.00013
61.90125,0.49750,0.18998,0.78682,0.02308,0.00012
62.00125,0.49750,0.56591,0.40394,0.02958,0.00058
62.10125,0.49750,0.93669,0.04865,0.01383,0.00083
62.20125,0.49750,0.98944,0.00534,0.00299,0.00223
62.30125,0.49750,0.98564,0.00300,0.00235,0.00901
62.40125,0.49750,0.97441,0.01051,0.00425,0.01083
62.50125,0.49750,0.85176,0.11798,0.02579,0.00448
62.60125,0.49750,0.25882,0.73139,0.00451,0.00528
62.70125,0.49750,0.02175,0.97679,0.00045,0.00101
62.80125,0.49750,0.00914,0.99045,0.00025,0.00016
62.90125,0.49750,0.00913,0.99064,0.00014,0.00009
63.00125,0.49750,0.01834,0.98118,0.00014,0.00035
63.10125,0.49750,0.04462,0.95164,0.00353,0.00021
63.20125,0.49750,0.15654,0.82508,0.01809,0.00030
63.30125,0.49750,0.60895,0.36803,0.02121,0.00181
63.40125,0.49750,0.95970,0.03018,0.00708,0.00304
63.50125,0.49750,0.99221,0.00276,0.00151,0.00352
63.60125,0.49750,0.99209,0.00095,0.00091,0.00606
63.70125,0.49751,0.98091,0.00239,0.00246,0.01425
63.80125,0.49750,0.91973,0.04618,0.02668,0.00741
63.90125,0.49750,0.35278,0.63568,0.00706,0.00447
64.00125,0.49750,0.02728,0.97179,0.00028,0.00065
64.10125,0.49750,0.00680,0.99303,0.00012,0.00006
64.20125,0.49751,0.00493,0.99504,0.00002,0.00001
64.30125,0.49751,0.00911,0.99083,0.00001,0.00004
64.40125,0.49750,0.02517,0.97435,0.00041,0.00007
64.50125,0.49750,0.08757,0.90624,0.00608,0.00010
64.60125,0.49750,0.40406,0.58774,0.00742,0.00078
64.70125,0.49751,0.90456,0.08337,0.00986,0.00221
64.80125,0.49751,0.99128,0.00466,0.00158,0.00248
64.90125,0.49750,0.99733,0.00029,0.00022,0.00217
65.00125,0.49750,0.99745,0.00006,0.00009,0.00240
65.10125,0.49750,0.99324,0.00059,0.00066,0.00551
65.20125,0.49751,0.97064,0.01590,0.01042,0.00304
65.30125,0.49751,0.68811,0.30445,0.00261,0.00483
65.40125,0.49750,0.08181,0.91645,0.00038,0.00137
65.50125,0.49750,0.00965,0.99015,0.00008,0.00012
65.60125,0.49750,0.00857,0.99135,0.00002,0.00006
65.70125,0.49751,0.01741,0.98238,0.00001,0.00020
65.80125,0.49751,0.04444,0.95459,0.00075,0.00022
65.90125,0.49750,0.09141,0.90050,0.00783,0.00026
66.00125,0.49750,0.47396,0.51221,0.01281,0.00102
66.10125,0.49750,0.88485,0.09820,0.01478,0.00217
66.20125,0.49751,0.98972,0.00598,0.00225,0.00205
66.30125,0.49751,0.99736,0.00045,0.00032,0.00187
66.40125,0.49750,0.99701,0.00010,0.00013,0.00276
66.50125,0.49750,0.99008,0.00078,0.00101,0.00813
66.60125,0.49750,0.97307,0.01326,0.00865,0.00502
66.70125,0.49751,0.69833,0.27348,0.02469,0.00349
66.80125,0.49751,0.06625,0.93164,0.00098,0.00113
66.90125,0.49750,0.00698,0.99270,0.00022,0.00010
67.00125,0.49750,0.00475,0.99513,0.00009,0.00003
67.10125,0.49750,0.00795,0.99192,0.00007,0.00006
67.20125,0.49751,0.01654,0.98297,0.00039,0.00011
67.30125,0.49751,0.04746,0.94207,0.01036,0.00011
67.40125,0.49750,0.24571,0.73185,0.02200,0.00044
67.50125,0.49750,0.82825,0.15456,0.01527,0.00192
67.60125,0.49750,0.98383,0.01071,0.00310,0.00236
67.70125,0.49751,0.99583,0.00085,0.00054,0.00278
67.80125,0.49751,0.99084,0.00068,0.00077,0.00770
67.90125,0.49750,0.98233,0.00576,0.00395,0.00795
68.00125,0.49750,0.83750,0.12548,0.03272,0.00430
68.10125,0.49750,0.23417,0.75373,0.00898,0.00312
68.20125,0.49751,0.01808,0.98046,0.00098,0.00048
68.30125,0.49751,0.01168,0.98739,0.00085,0.00008
68.40125,0.49750,0.01444,0.98514,0.00036,0.00007
68.50125,0.49750,0.02047,0.97888,0.00052,0.00013
68.60125,0.49750,0.04889,0.94705,0.00395,0.00010
68.70125,0.49751,0.14031,0.83977,0.01983,0.00008
68.80125,0.49751,0.39921,0.57844,0.02172,0.00063
68.90125,0.49750,0.90600,0.07874,0.01349,0.00177
69.00125,0.49750,0.99152,0.00495,0.00157,0.00196
69.10125,0.49750,0.99774,0.00034,0.00032,0.00160
69.20125,0.49751,0.99523,0.00012,0.00021,0.00444
69.30125,0.49751,0.98547,0.00087,0.00119,0.01248
69.40125,0.49750,0.96325,0.01977,0.00710,0.00987
69.50125,0.49750,0.69781,0.28296,0.00877,0.01047
69.60125,0.49750,0.09219,0.90193,0.00133,0.00455
69.70125,0.49751,0.02036,0.97869,0.00037,0.00058
69.80125,0.49751,0.01200,0.98781,0.00008,0.00011
69.90125,0.49750,0.01326,0.98648,0.00016,0.00010
70.00125,0.49750,0.02421,0.97485,0.00082,0.00012
70.10125,0.49750,0.03798,0.95317,0.00880,0.00005
70.20125,0.49751,0.15685,0.82761,0.01536,0.00018
70.30125,0.49751,0.75746,0.21534,0.02615,0.00105
70.40125,0.49750,0.97896,0.01547,0.00367,0.00190
70.50125,0.49750,0.99609,0.00109,0.00080,0.00202
70.60125,0.49750,0.99133,0.00052,0.00074,0.00741
70.70125,0.49751,0.98643,0.00375,0.00247,0.00735
70.80125,0.49751,0.92197,0.06198,0.00878,0.00726
70.90125,0.49750,0.37524,0.61231,0.00288,0.00957
71.00125,0.49750,0.03905,0.95851,0.00077,0.00167
71.10125,0.49750,0.01617,0.98351,0.00014,0.00018
71.20125,0.49751,0.01613,0.98363,0.00010,0.00014
71.30125,0.49751,0.02271,0.97699,0.00012,0.00018
71.40125,0.49750,0.04406,0.95394,0.00189,0.00011
71.50125,0.49750,0.31886,0.67562,0.00499,0.00052
71.60125,0.49750,0.87779,0.11478,0.00544,0.00199
71.70125,0.49751,0.98959,0.00655,0.00124,0.00262
71.80125,0.49751,0.99688,0.00047,0.00038,0.00227
71.90125,0.49750,0.99150,0.00038,0.00049,0.00762
72.00125,0.49750,0.98459,0.00406,0.00258,0.00878
72.10125,0.49750,0.87075,0.09300,0.03212,0.00413
72.20125,0.49751,0.22524,0.76800,0.00330,0.00347
72.30125,0.49751,0.01496,0.98418,0.00036,0.00050
72.40125,0.49750,0.00812,0.99162,0.00017,0.00009
72.50125,0.49750,0.00835,0.99152,0.00007,0.00005
72.60125,0.49750,0.01820,0.98151,0.00005,0.00024
72.70125,0.49751,0.04801,0.94965,0.00219,0.00015
72.80125,0.49751,0.18507,0.80474,0.01004,0.00016
72.90125,0.49750,0.64500,0.34094,0.01307,0.00099
73.00125,0.49750,0.95155,0.03909,0.00751,0.00186
73.10125,0.49750,0.99435,0.00257,0.00125,0.00184
73.20125,0.49751,0.99548,0.00046,0.00055,0.00351
73.30125,0.49751,0.97788,0.00111,0.00194,0.01908
73.40125,0.49750,0.94830,0.01523,0.01835,0.01811
73.50125,0.49750,0.51902,0.27257,0.20507,0.00334
73.60125,0.49750,0.05945,0.93464,0.00464,0.00126
73.70125,0.49751,0.00866,0.99102,0.00015,0.00018
73.80125,0.49751,0.00388,0.99603,0.00006,0.00003
73.90125,0.49750,0.00504,0.99492,0.00001,0.00003
74.00125,0.49750,0.01284,0.98696,0.00001,0.00019
74.10125,0.49750,0.03977,0.95943,0.00060,0.00020
74.20125,0.49751,0.29411,0.69628,0.00885,0.00076
74.30125,0.49751,0.83712,0.15697,0.00372,0.00219
74.40125,0.49750,0.97966,0.01394,0.00333,0.00307
74.50125,0.49750,0.99552,0.00082,0.00050,0.00316
74.60125,0.49750,0.99746,0.00008,0.00010,0.00236
74.70125,0.49751,0.99415,0.00011,0.00025,0.00550
74.80125,0.49751,0.98586,0.00148,0.00201,0.01065
74.90125,0.49750,0.95705,0.02793,0.00812,0.00690
75.00125,0.49750,0.57717,0.40906,0.00270,0.01107
75.10125,0.49750,0.06984,0.92578,0.00032,0.00406
75.20125,0.49751,0.01491,0.98470,0.00013,0.00026
75.30125,0.49751,0.01383,0.98598,0.00002,0.00016
75.40125,0.49750,0.03828,0.96132,0.00006,0.00033
75.50125,0.49750,0.13831,0.86009,0.00134,0.00026
75.60125,0.49750,0.52083,0.46894,0.01000,0.00023
75.70125,0.49751,0.84437,0.14946,0.00538,0.00079
75.80125,0.49751,0.98305,0.01205,0.00404,0.00085
75.90125,0.49750,0.99566,0.00164,0.00100,0.00169
76.00125,0.49750,0.98942,0.00131,0.00135,0.00792
76.10125,0.49750,0.97250,0.00498,0.00468,0.01783
76.20125,0.49751,0.90084,0.06071,0.03002,0.00843
76.30125,0.49751,0.38635,0.59665,0.01084,0.00616
76.40125,0.49750,0.03164,0.96641,0.00094,0.00100
76.50125,0.49750,0.01196,0.98767,0.00024,0.00013
76.60125,0.49750,0.01079,0.98910,0.00005,0.00006
76.70125,0.49751,0.02172,0.97804,0.00003,0.00021
76.80125,0.49751,0.10430,0.89472,0.00065,0.00034
76.90125,0.49750,0.39373,0.60145,0.00429,0.00053
77.00125,0.49750,0.87975,0.11561,0.00328,0.00136
77.10125,0.49750,0.98611,0.00988,0.00221,0.00180
77.20125,0.49751,0.98908,0.00367,0.00291,0.00433
77.30125,0.49751,0.97580,0.00974,0.00638,0.00809
77.40125,0.49750,0.89553,0.06758,0.03299,0.00390
77.50125,0.49750,0.32952,0.60756,0.06139,0.00152
77.60125,0.49750,0.02064,0.97574,0.00331,0.00031
77.70125,0.49751,0.00839,0.98984,0.00173,0.00004
77.80125,0.49751,0.00760,0.99193,0.00045,0.00002
77.90125,0.49750,0.01172,0.98791,0.00033,0.00005
78.00125,0.49750,0.01849,0.98033,0.00113,0.00005
78.10125,0.49750,0.03833,0.94842,0.01324,0.00002
78.20125,0.49751,0.09864,0.87995,0.02133,0.00008
78.30125,0.49751,0.49695,0.42702,0.07526,0.00076
78.40125,0.49750,0.80317,0.14153,0.05218,0.00312
78.50125,0.49750,0.81976,0.13306,0.04191,0.00527
78.60125,0.49750,0.81448,0.14478,0.03628,0.00446
78.70125,0.49751,0.38697,0.59869,0.01141,0.00293
78.80125,0.49751,0.04259,0.95593,0.00082,0.00065
78.90125,0.49750,0.00998,0.98959,0.00030,0.00013
79.00125,0.49750,0.00828,0.99116,0.00049,0.00007
79.10125,0.49750,0.01264,0.98672,0.00049,0.00014
79.20125,0.49751,0.01731,0.97925,0.00334,0.00011
79.30125,0.49751,0.03842,0.94439,0.01710,0.00008
79.40125,0.49750,0.16061,0.81110,0.02798,0.00031
79.50125,0.49750,0.73360,0.25044,0.01403,0.00193
79.60125,0.49750,0.97705,0.01813,0.00207,0.00275
79.70125,0.49751,0.99529,0.00133,0.00047,0.00291
79.80125,0.49751,0.99621,0.00014,0.00019,0.00346
79.90125,0.49750,0.98828,0.00038,0.00062,0.01072
80.00125,0.49750,0.97518,0.00764,0.00746,0.00972
80.10125,0.49750,0.79204,0.18975,0.00989,0.00832
80.20125,0.49751,0.14574,0.84937,0.00102,0.00388
80.30125,0.49751,0.01315,0.98647,0.00010,0.00027
80.40125,0.49750,0.00616,0.99377,0.00003,0.00004
80.50125,0.49750,0.00990,0.99002,0.00001,0.00007
80.60125,0.49750,0.02760,0.97204,0.00020,0.00016
80.70125,0.49751,0.05666,0.94036,0.00280,0.00018
80.80125,0.49751,0.26509,0.72115,0.01296,0.00081
80.90125,0.49750,0.82080,0.16479,0.01152,0.00288
81.00125,0.49750,0.98071,0.01266,0.00339,0.00323
81.10125,0.49750,0.99578,0.00091,0.00053,0.00277
81.20125,0.49751,0.99751,0.00008,0.00011,0.00230
81.30125,0.49751,0.99675,0.00005,0.00010,0.00311
81.40125,0.49750,0.99084,0.00072,0.00110,0.00734
81.50125,0.49750,0.96318,0.01942,0.01342,0.00398
81.60125,0.49750,0.58941,0.39421,0.01394,0.00244
81.70125,0.49751,0.05194,0.94699,0.00059,0.00048
81.80125,0.49751,0.00612,0.99375,0.00010,0.00003
81.90125,0.49750,0.00539,0.99458,0.00002,0.00001
82.00125,0.49750,0.00956,0.99038,0.00002,0.00003
82.10125,0.49750,0.02621,0.97338,0.00033,0.00008
82.20125,0.49751,0.06246,0.93090,0.00654,0.00010
82.30125,0.49751,0.16575,0.81562,0.01834,0.00030
82.40125,0.49750,0.68170,0.28242,0.03407,0.00180
82.50125,0.49750,0.97040,0.02195,0.00501,0.00265
82.60125,0.49750,0.99488,0.00173,0.00099,0.00241
82.70125,0.49751,0.99706,0.00015,0.00018,0.00261
82.80125,0.49751,0.99500,0.00009,0.00020,0.00471
82.90125,0.49750,0.98219,0.00082,0.00184,0.01514
83.00125,0.49750,0.95899,0.01644,0.01323,0.01134
83.10125,0.49750,0.69444,0.27542,0.02200,0.00813
83.20125,0.49751,0.10963,0.88552,0.00215,0.00270
83.30125,0.49751,0.01553,0.98406,0.00022,0.00018
83.40125,0.49750,0.00917,0.99075,0.00005,0.00004
83.50125,0.49750,0.01296,0.98693,0.00004,0.00007
83.60125,0.49750,0.02644,0.97319,0.00025,0.00012
83.70125,0.49751,0.05282,0.94379,0.00325,0.00014
83.80125,0.49751,0.20107,0.78753,0.01081,0.00059
83.90125,0.49750,0.72280,0.25122,0.02319,0.00279
84.00125,0.49750,0.96952,0.02148,0.00522,0.00379
84.10125,0.49750,0.99427,0.00151,0.00079,0.00342
84.20125,0.49751,0.99729,0.00014,0.00015,0.00242
84.30125,0.49751,0.99775,0.00004,0.00006,0.00215
84.40125,0.49750,0.99766,0.00004,0.00007,0.00224
84.50125,0.49750,0.99716,0.00004,0.00009,0.00272
84.60125,0.49750,0.98979,0.00020,0.00054,0.00947
84.70125,0.49751,0.97557,0.00287,0.00451,0.01706
84.80125,0.49751,0.88226,0.06564,0.04428,0.00783
84.90125,0.49750,0.34274,0.64229,0.00838,0.00659
85.00125,0.49750,0.02770,0.97085,0.00060,0.00085
85.10125,0.49750,0.00829,0.99146,0.00018,0.00007
85.20125,0.49751,0.00888,0.99105,0.00002,0.00004
85.30125,0.49751,0.01923,0.98056,0.00001,0.00020
85.40125,0.49750,0.06024,0.93915,0.00041,0.00020
85.50125,0.49750,0.14056,0.85621,0.00288,0.00035
85.60125,0.49750,0.64649,0.34825,0.00313,0.00214
85.70125,0.49751,0.95525,0.03729,0.00397,0.00349
85.80125,0.49751,0.99322,0.00287,0.00118,0.00274
85.90125,0.49750,0.99654,0.00030,0.00023,0.00293
86.00125,0.49750,0.99792,0.00004,0.00006,0.00198
86.10125,0.49750,0.99780,0.00004,0.00006,0.00211
86.20125,0.49751,0.99791,0.00003,0.00005,0.00201
86.30125,0.49751,0.99802,0.00003,0.00005,0.00191
86.40125,0.49750,0.99806,0.00003,0.00005,0.00187
86.50125,0.49750,0.99770,0.00003,0.00006,0.00220
86.60125,0.49750,0.99249,0.00012,0.00040,0.00699
86.70125,0.49751,0.97526,0.00163,0.00354,0.01956
86.80125,0.49751,0.93142,0.03366,0.02050,0.01442
86.90125,0.49750,0.46605,0.44581,0.08315,0.00499
87.00125,0.49750,0.05356,0.94195,0.00298,0.00151
87.10125,0.49750,0.00970,0.98973,0.00040,0.00017
87.20125,0.49751,0.00770,0.99218,0.00007,0.00005
87.30125,0.49751,0.01370,0.98609,0.00009,0.00013
87.40125,0.49750,0.02407,0.97549,0.00014,0.00030
87.50125,0.49750,0.05034,0.94699,0.00243,0.00024
87.60125,0.49750,0.11740,0.87751,0.00471,0.00037
87.70125,0.49751,0.64189,0.33714,0.01862,0.00235
87.80125,0.49751,0.96456,0.02818,0.00373,0.00353
87.90125,0.49750,0.99373,0.00226,0.00066,0.00335
88.00125,0.49750,0.99716,0.00017,0.00016,0.00251
88.10125,0.49750,0.99795,0.00003,0.00005,0.00197
88.20125,0.49751,0.99782,0.00003,0.00006,0.00209
88.30125,0.49751,0.99767,0.00003,0.00006,0.00223
88.40125,0.49750,0.99740,0.00004,0.00007,0.00249
88.50125,0.49750,0.99658,0.00005,0.00012,0.00325
88.60125,0.49750,0.99186,0.00011,0.00039,0.00764
88.70125,0.49751,0.97694,0.00151,0.00369,0.01786
88.80125,0.49751,0.87375,0.04015,0.08066,0.00544
88.90125,0.49750,0.41578,0.56901,0.00874,0.00648
89.00125,0.49750,0.04911,0.94642,0.00310,0.00137
89.10125,0.49750,0.00946,0.98989,0.00055,0.00010
89.20125,0.49751,0.00890,0.99089,0.00017,0.00005
89.30125,0.49751,0.02245,0.97721,0.00004,0.00030
89.40125,0.49750,0.10063,0.89606,0.00306,0.00025
89.50125,0.49750,0.43220,0.56293,0.00449,0.00038
89.60125,0.49750,0.76332,0.23020,0.00578,0.00070
89.70125,0.49751,0.94780,0.04595,0.00507,0.00117
89.80125,0.49751,0.99478,0.00281,0.00130,0.00111
89.90125,0.49750,0.99733,0.00048,0.00036,0.00184
90.00125,0.49750,0.99728,0.00024,0.00024,0.00224
90.10125,0.49750,0.99740,0.00007,0.00010,0.00244
90.20125,0.49751,0.99622,0.00006,0.00011,0.00361
90.30125,0.49751,0.99071,0.00015,0.00047,0.00867
90.40125,0.49750,0.96703,0.00107,0.00380,0.02809
90.50125,0.49750,0.91548,0.02105,0.04173,0.02175
90.60125,0.49750,0.53976,0.30455,0.14779,0.00790
90.70125,0.49751,0.10567,0.88181,0.00963,0.00289
90.80125,0.49751,0.01275,0.98625,0.00080,0.00020
90.90125,0.49750,0.00876,0.99107,0.00013,0.00005
91.00125,0.49750,0.01254,0.98731,0.00007,0.00008
91.10125,0.49750,0.02590,0.97371,0.00011,0.00028
91.20125,0.49751,0.07166,0.92615,0.00193,0.00025
91.30125,0.49751,0.26327,0.72864,0.00732,0.00077
91.40125,0.49750,0.67820,0.30268,0.01630,0.00283
91.50125,0.49750,0.96346,0.02820,0.00461,0.00372
91.60125,0.49750,0.99346,0.00215,0.00119,0.00320
91.70125,0.49751,0.99676,0.00020,0.00022,0.00281
91.80125,0.49751,0.99748,0.00005,0.00008,0.00239
91.90125,0.49750,0.99676,0.00005,0.00010,0.00309
92.00125,0.49750,0.99024,0.00048,0.00073,0.00856
92.10125,0.49750,0.97413,0.00731,0.00652,0.01204
92.20125,0.49751,0.80914,0.14762,0.03704,0.00620
92.30125,0.49751,0.16627,0.82731,0.00337,0.00306
92.40125,0.49750,0.02135,0.97783,0.00031,0.00052
92.50125,0.49750,0.01101,0.98877,0.00011,0.00010
92.60125,0.49750,0.01132,0.98857,0.00005,0.00007
92.70125,0.49751,0.01930,0.98046,0.00008,0.00016
92.80125,0.49751,0.04726,0.95043,0.00212,0.00019
92.90125,0.49750,0.18067,0.80569,0.01332,0.00032
93.00125,0.49750,0.70382,0.27513,0.01912,0.00193
93.10125,0.49750,0.96379,0.02661,0.00645,0.00315
93.20125,0.49751,0.99185,0.00304,0.00148,0.00364
93.30125,0.49751,0.99656,0.00023,0.00025,0.00296
93.40125,0.49750,0.99728,0.00006,0.00009,0.00257
93.50125,0.49750,0.99617,0.00009,0.00015,0.00358
93.60125,0.49750,0.98568,0.00061,0.00108,0.01263
93.70125,0.49751,0.96380,0.00531,0.00640,0.02449
93.80125,0.49751,0.85808,0.08651,0.03440,0.02100
93.90125,0.49750,0.23274,0.61112,0.15340,0.00273
94.00125,0.49750,0.03041,0.96025,0.00859,0.00075
94.10125,0.49750,0.01342,0.98169,0.00471,0.00019
94.20125,0.49751,0.01136,0.98684,0.00174,0.00006
94.30125,0.49751,0.01356,0.98454,0.00183,0.00006
94.40125,0.49750,0.02260,0.97537,0.00187,0.00015
94.50125,0.49750,0.03615,0.94570,0.01810,0.00005
94.60125,0.49750,0.03733,0.95303,0.00960,0.00004
94.70125,0.49751,0.12172,0.84879,0.02927,0.00021
94.80125,0.49751,0.71495,0.26107,0.02253,0.00144
94.90125,0.49750,0.97901,0.01629,0.00233,0.00237
95.00125,0.49750,0.99549,0.00126,0.00040,0.00285
95.10125,0.49750,0.99773,0.00009,0.00011,0.00207
95.20125,0.49751,0.99815,0.00003,0.00004,0.00178
95.30125,0.49751,0.99802,0.00004,0.00005,0.00190
95.40125,0.49750,0.99785,0.00004,0.00006,0.00205
95.50125,0.49750,0.99788,0.00004,0.00005,0.00203
95.60125,0.49750,0.99782,0.00004,0.00006,0.00208
95.70125,0.49751,0.99778,0.00004,0.00006,0.00212
95.80125,0.49751,0.99780,0.00004,0.00006,0.00210
95.90125,0.49750,0.99778,0.00004,0.00006,0.00212
96.00125,0.49750,0.99766,0.00004,0.00006,0.00224
96.10125,0.49750,0.99674,0.00005,0.00011,0.00309
96.20125,0.49751,0.99127,0.00068,0.00116,0.00689
96.30125,0.49751,0.97869,0.01179,0.00317,0.00635
96.40125,0.49750,0.80508,0.18202,0.00834,0.00456
96.50125,0.49750,0.17402,0.82226,0.00122,0.00251
96.60125,0.49750,0.01607,0.98363,0.00019,0.00011
96.70125,0.49751,0.01225,0.98765,0.00005,0.00005
96.80125,0.49751,0.01784,0.98200,0.00009,0.00007
96.90125,0.49750,0.03535,0.96422,0.00024,0.00019
97.00125,0.49750,0.06368,0.93422,0.00193,0.00018
97.10125,0.49750,0.15564,0.84050,0.00335,0.00051
97.20125,0.49751,0.68394,0.30862,0.00529,0.00216
97.30125,0.49751,0.96606,0.02907,0.00192,0.00296
97.40125,0.49750,0.99486,0.00223,0.00045,0.00246
97.50125,0.49750,0.99782,0.00015,0.00014,0.00189
97.60125,0.49750,0.99778,0.00003,0.00006,0.00213
97.70125,0.49751,0.99534,0.00006,0.00015,0.00445
97.80125,0.49751,0.98271,0.00051,0.00138,0.01540
97.90125,0.49750,0.95818,0.00992,0.01667,0.01524
98.00125,0.49750,0.61918,0.21146,0.16443,0.00492
98.10125,0.49750,0.08876,0.90278,0.00702,0.00143
98.20125,0.49751,0.01098,0.98843,0.00044,0.00015
98.30125,0.49751,0.00551,0.99441,0.00006,0.00002
98.40125,0.49750,0.00686,0.99309,0.00002,0.00003
98.50125,0.49750,0.01438,0.98550,0.00001,0.00012
98.60125,0.49750,0.04096,0.95861,0.00028,0.00016
98.70125,0.49751,0.19250,0.80508,0.00196,0.00046
98.80125,0.49751,0.73559,0.25776,0.00452,0.00213
98.90125,0.49750,0.96981,0.02517,0.00196,0.00307
99.00125,0.49750,0.99530,0.00152,0.00078,0.00240
99.10125,0.49750,0.99772,0.00012,0.00013,0.00203
99.20125,0.49751,0.99778,0.00004,0.00007,0.00211
99.30125,0.49751,0.99528,0.00009,0.00020,0.00444
99.40125,0.49750,0.98650,0.00127,0.00187,0.01036
99.50125,0.49750,0.94408,0.03249,0.01763,0.00581
99.60125,0.49750,0.43921,0.55175,0.00219,0.00685
99.70125,0.49751,0.04161,0.95723,0.00021,0.00096
99.80125,0.49751,0.00973,0.99013,0.00006,0.00008
99.90125,0.49750,0.00848,0.99146,0.00002,0.00004
100.00125,0.49750,0.01352,0.98636,0.00003,0.00008
100.10125,0.49750,0.03786,0.96066,0.00138,0.00011
100.20125,0.49751,0.12167,0.86644,0.01168,0.00020
100.30125,0.49751,0.44231,0.53352,0.02294,0.00123
100.40125,0.49750,0.92925,0.05816,0.01004,0.00256
100.50125,0.49750,0.99134,0.00430,0.00146,0.00290
100.60125,0.49750,0.99689,0.00033,0.00030,0.00248
100.70125,0.49751,0.99770,0.00006,0.00008,0.00216
100.80125,0.49751,0.99634,0.00006,0.00012,0.00349
100.90125,0.49750,0.98222,0.00070,0.00148,0.01560
101.00125,0.49750,0.96399,0.01217,0.01127,0.01257
101.10125,0.49750,0.66345,0.21779,0.11388,0.00488
101.20125,0.49751,0.10903,0.87848,0.01028,0.00220
101.30125,0.49751,0.01653,0.98194,0.00126,0.00027
101.40125,0.49750,0.00973,0.98998,0.00025,0.00005
101.50125,0.49750,0.01328,0.98654,0.00011,0.00006
101.60125,0.49750,0.02610,0.97362,0.00010,0.00018
101.70125,0.49751,0.05502,0.94287,0.00199,0.00013
101.80125,0.49751,0.17081,0.81983,0.00906,0.00030
101.90125,0.49750,0.67728,0.30370,0.01738,0.00164
102.00125,0.49750,0.95576,0.03216,0.00959,0.00249
102.10125,0.49750,0.99352,0.00234,0.00130,0.00285
102.20125,0.49751,0.99697,0.00021,0.00020,0.00262
102.30125,0.49751,0.99759,0.00005,0.00007,0.00228
102.40125,0.49750,0.99726,0.00005,0.00008,0.00261
102.50125,0.49750,0.99406,0.00014,0.00027,0.00553
102.60125,0.49750,0.98425,0.00171,0.00304,0.01099
102.70125,0.49751,0.93185,0.03670,0.02528,0.00617
102.80125,0.49751,0.45299,0.53563,0.00472,0.00665
102.90125,0.49750,0.04919,0.94916,0.00036,0.00129
103.00125,0.49750,0.00961,0.99018,0.00009,0.00012
103.10125,0.49750,0.00927,0.99065,0.00002,0.00006
103.20125,0.49751,0.01624,0.98358,0.00001,0.00017
103.30125,0.49751,0.04311,0.95615,0.00056,0.00018
103.40125,0.49750,0.08685,0.90761,0.00532,0.00021
103.50125,0.49750,0.46372,0.52768,0.00755,0.00106
103.60125,0.49750,0.91472,0.07556,0.00717,0.00255
103.70125,0.49751,0.99074,0.00525,0.00146,0.00254
103.80125,0.49751,0.99696,0.00040,0.00026,0.00238
103.90125,0.49750,0.99795,0.00004,0.00006,0.00195
104.00125,0.49750,0.99718,0.00004,0.00008,0.00269
104.10125,0.49750,0.99108,0.00017,0.00042,0.00833
104.20125,0.49751,0.98079,0.00330,0.00571,0.01020
104.30125,0.49751,0.86044,0.08045,0.05412,0.00499
104.40125,0.49750,0.24203,0.74998,0.00344,0.00455
104.50125,0.49750,0.02358,0.97574,0.00016,0.00052
104.60125,0.49750,0.00741,0.99251,0.00004,0.00004
104.70125,0.49751,0.00839,0.99156,0.00000,0.00005
104.80125,0.49751,0.01535,0.98452,0.00000,0.00013
104.90125,0.49750,0.07021,0.92936,0.00022,0.00021
105.00125,0.49750,0.49348,0.50400,0.00177,0.00075
105.10125,0.49750,0.92251,0.07395,0.00119,0.00235
105.20125,0.49751,0.99204,0.00458,0.00105,0.00233
105.30125,0.49751,0.99755,0.00028,0.00019,0.00198
105.40125,0.49750,0.99852,0.00004,0.00005,0.00140
105.50125,0.49750,0.99849,0.00002,0.00003,0.00146
105.60125,0.49750,0.99793,0.00003,0.00005,0.00199
105.70125,0.49751,0.99266,0.00024,0.00041,0.00669
105.80125,0.49751,0.98485,0.00537,0.00431,0.00547
105.90125,0.49750,0.86048,0.12501,0.00980,0.00471
106.00125,0.49750,0.19534,0.79864,0.00267,0.00335
106.10125,0.49750,0.01764,0.98139,0.00072,0.00025
106.20125,0.49751,0.00901,0.99086,0.00008,0.00005
106.30125,0.49751,0.01251,0.98737,0.00004,0.00008
106.40125,0.49750,0.02882,0.97082,0.00015,0.00020
106.50125,0.49750,0.06943,0.92923,0.00113,0.00021
106.60125,0.49750,0.25706,0.73998,0.00229,0.00067
106.70125,0.49751,0.80372,0.18818,0.00552,0.00258
106.80125,0.49751,0.98197,0.01320,0.00181,0.00302
106.90125,0.49750,0.99673,0.00080,0.00042,0.00205
107.00125,0.49750,0.99784,0.00009,0.00013,0.00193
107.10125,0.49750,0.99330,0.00014,0.00026,0.00629
107.20125,0.49751,0.98571,0.00229,0.00319,0.00880
107.30125,0.49751,0.88709,0.06659,0.04174,0.00458
107.40125,0.49750,0.25003,0.74102,0.00396,0.00499
107.50125,0.49750,0.01980,0.97935,0.00024,0.00061
107.60125,0.49750,0.00585,0.99400,0.00011,0.00004
107.70125,0.49751,0.00656,0.99338,0.00002,0.00003
107.80125,0.49751,0.01170,0.98818,0.00002,0.00011
107.90125,0.49750,0.03504,0.96414,0.00072,0.00010
108.00125,0.49750,0.17288,0.82009,0.00679,0.00024
108.10125,0.49750,0.68437,0.30689,0.00703,0.00171
108.20125,0.49751,0.96857,0.02473,0.00406,0.00264
108.30125,0.49751,0.99471,0.00184,0.00080,0.00265
108.40125,0.49750,0.99751,0.00013,0.00016,0.00220
108.50125,0.49750,0.99768,0.00004,0.00007,0.00222
108.60125,0.49750,0.99568,0.00007,0.00015,0.00411
108.70125,0.49751,0.97960,0.00071,0.00150,0.01818
108.80125,0.49751,0.94981,0.01208,0.01735,0.02077
108.90125,0.49750,0.60551,0.21744,0.17156,0.00549
109.00125,0.49750,0.06140,0.93163,0.00573,0.00123
109.10125,0.49750,0.01105,0.98715,0.00167,0.00012
109.20125,0.49751,0.00663,0.99309,0.00027,0.00002
109.30125,0.49751,0.00837,0.99156,0.00006,0.00002
109.40125,0.49750,0.01914,0.98071,0.00002,0.00012
109.50125,0.49750,0.07722,0.92159,0.00099,0.00019
109.60125,0.49750,0.36838,0.62881,0.00196,0.00085
109.70125,0.49751,0.89390,0.10080,0.00252,0.00277
109.80125,0.49751,0.98892,0.00690,0.00120,0.00297
109.90125,0.49750,0.99710,0.00050,0.00037,0.00203
110.00125,0.49750,0.99789,0.00005,0.00007,0.00199
110.10125,0.49750,0.99760,0.00003,0.00006,0.00230
110.20125,0.49751,0.99543,0.00008,0.00018,0.00431
110.30125,0.49751,0.98178,0.00101,0.00207,0.01515
110.40125,0.49750,0.94800,0.02215,0.02013,0.00972
110.50125,0.49750,0.55733,0.42655,0.00507,0.01105
110.60125,0.49750,0.05872,0.93892,0.00046,0.00190
110.70125,0.49751,0.01005,0.98969,0.00012,0.00014
110.80125,0.49751,0.00736,0.99257,0.00002,0.00005
110.90125,0.49750,0.01320,0.98666,0.00001,0.00012
111.00125,0.49750,0.04433,0.95487,0.00066,0.00014
111.10125,0.49750,0.09941,0.89365,0.00673,0.00021
111.20125,0.49751,0.52662,0.46409,0.00806,0.00123
111.30125,0.49751,0.94023,0.05104,0.00661,0.00211
111.40125,0.49750,0.99272,0.00397,0.00147,0.00184
111.50125,0.49750,0.99738,0.00033,0.00023,0.00206
111.60125,0.49750,0.99811,0.00004,0.00005,0.00180
111.70125,0.49751,0.99787,0.00003,0.00006,0.00204
111.80125,0.49751,0.99664,0.00006,0.00012,0.00317
111.90125,0.49750,0.98747,0.00055,0.00093,0.01105
112.00125,0.49750,0.97005,0.01077,0.00853,0.01064
112.10125,0.49750,0.75333,0.20164,0.03946,0.00556
112.20125,0.49751,0.14830,0.84366,0.00558,0.00246
112.30125,0.49751,0.01691,0.98259,0.00033,0.00016
112.40125,0.49750,0.01024,0.98962,0.00011,0.00003
112.50125,0.49750,0.01408,0.98580,0.00006,0.00005
112.60125,0.49750,0.02847,0.97125,0.00010,0.00018
112.70125,0.49751,0.06357,0.93521,0.00103,0.00018
112.80125,0.49751,0.39070,0.60053,0.00749,0.00128
112.90125,0.49750,0.90155,0.09023,0.00489,0.00333
113.00125,0.49750,0.98833,0.00715,0.00126,0.00325
113.10125,0.49750,0.99652,0.00051,0.00036,0.00261
113.20125,0.49751,0.99777,0.00004,0.00006,0.00213
113.30125,0.49751,0.99776,0.00003,0.00005,0.00216
113.40125,0.49750,0.99413,0.00011,0.00024,0.00552
113.50125,0.49750,0.98926,0.00202,0.00203,0.00668
113.60125,0.49750,0.93713,0.04589,0.01259,0.00438
113.70125,0.49751,0.39800,0.59515,0.00218,0.00467
113.80125,0.49751,0.03032,0.96867,0.00035,0.00067
113.90125,0.49750,0.00984,0.99001,0.00009,0.00007
114.00125,0.49750,0.01074,0.98916,0.00005,0.00005
114.10125,0.49750,0.01963,0.98017,0.00004,0.00016
114.20125,0.49751,0.05050,0.94800,0.00135,0.00016
114.30125,0.49751,0.14848,0.84430,0.00694,0.00028
114.40125,0.49750,0.70160,0.28574,0.01073,0.00193
114.50125,0.49750,0.96661,0.02677,0.00343,0.00318
114.60125,0.49750,0.99508,0.00166,0.00087,0.00239
114.70125,0.49751,0.99761,0.00012,0.00013,0.00214
114.80125,0.49751,0.99806,0.00003,0.00005,0.00186
114.90125,0.49750,0.99786,0.00003,0.00005,0.00206
115.00125,0.49750,0.99671,0.00005,0.00010,0.00314
115.10125,0.49750,0.98841,0.00071,0.00112,0.00976
115.20125,0.49751,0.96425,0.01741,0.01256,0.00577
115.30125,0.49751,0.67638,0.29287,0.02716,0.00359
115.40125,0.49750,0.06974,0.92757,0.00156,0.00114
115.50125,0.49750,0.00872,0.99095,0.00026,0.00008
115.60125,0.49750,0.00687,0.99303,0.00008,0.00003
115.70125,0.49751,0.01447,0.98539,0.00004,0.00010
115.80125,0.49751,0.02774,0.97185,0.00026,0.00014
115.90125,0.49750,0.06927,0.92763,0.00295,0.00016
116.00125,0.49750,0.41159,0.58026,0.00748,0.00067
116.10125,0.49750,0.90212,0.09065,0.00552,0.00170
116.20125,0.49751,0.99080,0.00604,0.00150,0.00166
116.30125,0.49751,0.99753,0.00041,0.00022,0.00185
116.40125,0.49750,0.99824,0.00004,0.00007,0.00165
116.50125,0.49750,0.99539,0.00008,0.00016,0.00437
116.60125,0.49750,0.98325,0.00092,0.00157,0.01425
116.70125,0.49751,0.95054,0.02253,0.01857,0.00837
116.80125,0.49751,0.62568,0.34793,0.02004,0.00635
116.90125,0.49750,0.07835,0.91863,0.00138,0.00164
117.00125,0.49750,0.01188,0.98783,0.00017,0.00012
117.10125,0.49750,0.00829,0.99162,0.00006,0.00003
117.20125,0.49751,0.01467,0.98520,0.00002,0.00010
117.30125,0.49751,0.03133,0.96834,0.00015,0.00017
117.40125,0.49750,0.09372,0.90277,0.00326,0.00025
117.50125,0.49750,0.52465,0.46627,0.00750,0.00159
117.60125,0.49750,0.94618,0.04680,0.00396,0.00306
117.70125,0.49751,0.99258,0.00331,0.00131,0.00280
117.80125,0.49751,0.99685,0.00022,0.00027,0.00266
117.90125,0.49750,0.99634,0.00006,0.00013,0.00347
118.00125,0.49750,0.98738,0.00044,0.00094,0.01124
118.10125,0.49750,0.97109,0.00840,0.00885,0.01166
118.20125,0.49751,0.70452,0.18473,0.10652,0.00423
118.30125,0.49751,0.11393,0.87591,0.00858,0.00158
118.40125,0.49750,0.01129,0.98778,0.00073,0.00020
118.50125,0.49750,0.00631,0.99331,0.00035,0.00003
118.60125,0.49750,0.00769,0.99210,0.00018,0.00003
118.70125,0.49751,0.01605,0.98367,0.00013,0.00014
118.80125,0.49751,0.04229,0.95453,0.00302,0.00016
118.90125,0.49750,0.21605,0.76798,0.01572,0.00025
119.00125,0.49750,0.71713,0.26710,0.01441,0.00137
119.10125,0.49750,0.96589,0.02638,0.00547,0.00227
119.20125,0.49751,0.99550,0.00152,0.00074,0.00224
119.30125,0.49751,0.99781,0.00013,0.00016,0.00191
119.40125,0.49750,0.99505,0.00012,0.00021,0.00461
119.50125,0.49750,0.98883,0.00140,0.00189,0.00788
119.60125,0.49750,0.94730,0.02851,0.01920,0.00499
119.70125,0.49751,0.52058,0.43404,0.04303,0.00235
119.80125,0.49751,0.04679,0.95071,0.00200,0.00050
119.90125,0.49750,0.00815,0.99154,0.00026,0.00005
120.00125,0.49750,0.00857,0.99134,0.00006,0.00003
120.10125,0.49750,0.01587,0.98400,0.00002,0.00011
120.20125,0.49751,0.03350,0.96621,0.00011,0.00018
120.30125,0.49751,0.17698,0.82054,0.00202,0.00046
120.40125,0.49750,0.64426,0.34939,0.00488,0.00147
120.50125,0.49750,0.93534,0.05706,0.00491,0.00269
120.60125,0.49750,0.99102,0.00449,0.00210,0.00239
120.70125,0.49751,0.99652,0.00038,0.00031,0.00280
120.80125,0.49751,0.99740,0.00010,0.00012,0.00238
120.90125,0.49750,0.99638,0.00010,0.00016,0.00336
121.00125,0.49750,0.98948,0.00053,0.00097,0.00902
121.10125,0.49750,0.97453,0.00892,0.00919,0.00736
121.20125,0.49751,0.74145,0.19228,0.06306,0.00321
121.30125,0.49751,0.11215,0.88337,0.00307,0.00142
121.40125,0.49750,0.01444,0.98488,0.00052,0.00016
121.50125,0.49750,0.00765,0.99218,0.00014,0.00004
121.60125,0.49750,0.01123,0.98866,0.00004,0.00006
121.70125,0.49751,0.03030,0.96938,0.00010,0.00023
121.80125,0.49751,0.08278,0.91446,0.00259,0.00018
121.90125,0.49750,0.14095,0.84861,0.01017,0.00026
122.00125,0.49750,0.65681,0.32601,0.01574,0.00144
122.10125,0.49750,0.95999,0.03046,0.00775,0.00180
122.20125,0.49751,0.99480,0.00232,0.00117,0.00171
122.30125,0.49751,0.99764,0.00021,0.00019,0.00195
122.40125,0.49750,0.99762,0.00004,0.00007,0.00227
122.50125,0.49750,0.99274,0.00016,0.00033,0.00676
122.60125,0.49750,0.98099,0.00293,0.00486,0.01122
122.70125,0.49751,0.80226,0.08480,0.10921,0.00374
122.80125,0.49751,0.24467,0.74663,0.00277,0.00593
122.90125,0.49750,0.01889,0.98031,0.00016,0.00063
123.00125,0.49750,0.00548,0.99442,0.00004,0.00006
123.10125,0.49750,0.00618,0.99375,0.00001,0.00005
123.20125,0.49751,0.01301,0.98676,0.00001,0.00022
123.30125,0.49751,0.03725,0.96081,0.00187,0.00008
123.40125,0.49750,0.10110,0.87720,0.02155,0.00015
123.50125,0.49750,0.53892,0.42557,0.03478,0.00073
123.60125,0.49750,0.92038,0.06015,0.01774,0.00174
123.70125,0.49751,0.99198,0.00381,0.00210,0.00211
123.80125,0.49751,0.99707,0.00034,0.00037,0.00223
123.90125,0.49750,0.99434,0.00037,0.00053,0.00476
124.00125,0.49750,0.98373,0.00635,0.00504,0.00489
124.10125,0.49750,0.84478,0.11360,0.03983,0.00179
124.20125,0.49751,0.31014,0.67751,0.01086,0.00149
124.30125,0.49751,0.01980,0.97936,0.00065,0.00020
124.40125,0.49750,0.00758,0.99219,0.00017,0.00006
124.50125,0.49750,0.01048,0.98937,0.00007,0.00008
124.60125,0.49750,0.01956,0.98011,0.00005,0.00028
124.70125,0.49751,0.05797,0.94094,0.00082,0.00026
124.80125,0.49751,0.56733,0.42477,0.00720,0.00070
124.90125,0.49750,0.93381,0.06166,0.00353,0.00099
125.00125,0.49750,0.99295,0.00461,0.00128,0.00116
125.10125,0.49750,0.99841,0.00024,0.00019,0.00116
125.20125,0.49751,0.99851,0.00004,0.00006,0.00139
125.30125,0.49751,0.99743,0.00005,0.00008,0.00244
125.40125,0.49750,0.99663,0.00005,0.00011,0.00322
125.50125,0.49750,0.98551,0.00057,0.00117,0.01275
125.60125,0.49750,0.96068,0.01065,0.01535,0.01333
125.70125,0.49751,0.68348,0.19369,0.11858,0.00426
125.80125,0.49751,0.09352,0.90170,0.00273,0.00205
125.90125,0.49750,0.01066,0.98887,0.00027,0.00020
126.00125,0.49750,0.00569,0.99417,0.00011,0.00003
126.10125,0.49750,0.00985,0.99004,0.00005,0.00006
126.20125,0.49751,0.01642,0.98337,0.00005,0.00016
126.30125,0.49751,0.05446,0.94267,0.00273,0.00014
126.40125,0.49750,0.08740,0.89859,0.01380,0.00021
126.50125,0.49750,0.37697,0.60022,0.02160,0.00122
126.60125,0.49750,0.89652,0.09146,0.00932,0.00270
126.70125,0.49751,0.98848,0.00627,0.00224,0.00301
126.80125,0.49751,0.99630,0.00053,0.00045,0.00272
126.90125,0.49750,0.99350,0.00016,0.00036,0.00598
127.00125,0.49750,0.97135,0.00080,0.00239,0.02546
127.10125,0.49750,0.91821,0.01201,0.02125,0.04854
127.20125,0.49751,0.53875,0.21420,0.23506,0.01199
127.30125,0.49751,0.08555,0.90109,0.00967,0.00369
127.40125,0.49750,0.01863,0.97999,0.00097,0.00041
127.50125,0.49750,0.00848,0.99121,0.00027,0.00004
127.60125,0.49751,0.00748,0.99231,0.00019,0.00002
127.70125,0.49750,0.01866,0.98106,0.00017,0.00011
127.80125,0.49751,0.05827,0.93602,0.00556,0.00015
127.90125,0.49749,0.15398,0.81924,0.02651,0.00026
128.00125,0.49750,0.69295,0.27405,0.03121,0.00179
128.10126,0.49750,0.96390,0.02617,0.00690,0.00303
128.20125,0.49750,0.99483,0.00179,0.00100,0.00238
128.30125,0.49750,0.99606,0.00025,0.00033,0.00335
128.40125,0.49750,0.98272,0.00053,0.00116,0.01559
128.50125,0.49750,0.94226,0.00492,0.00987,0.04295
128.60126,0.49750,0.73628,0.08923,0.16038,0.01411
128.70125,0.49750,0.23203,0.70600,0.05177,0.01020
128.80125,0.49750,0.03063,0.96158,0.00671,0.00108
128.90125,0.49750,0.01218,0.98712,0.00059,0.00011
129.00125,0.49750,0.00850,0.99127,0.00020,0.00003
129.10126,0.49750,0.01567,0.98412,0.00012,0.00009
129.20125,0.49750,0.03620,0.96142,0.00227,0.00011
129.30125,0.49750,0.05893,0.93579,0.00513,0.00015
129.40125,0.49750,0.19441,0.77276,0.03224,0.00059
129.50125,0.49750,0.75556,0.21493,0.02653,0.00298
129.60126,0.49750,0.97501,0.01702,0.00406,0.00391
129.70125,0.49750,0.99425,0.00146,0.00086,0.00344
129.80125,0.49750,0.99641,0.00014,0.00020,0.00325
129.90125,0.49750,0.99063,0.00019,0.00045,0.00873
130.00125,0.49750,0.97510,0.00241,0.00552,0.01697
130.10126,0.49750,0.88296,0.05283,0.05628,0.00793
130.20125,0.49750,0.34715,0.63491,0.01121,0.00673
130.30125,0.49750,0.03651,0.96186,0.00082,0.00081
130.40125,0.49750,0.00959,0.99020,0.00017,0.00005
130.50125,0.49750,0.01006,0.98985,0.00005,0.00003
130.60126,0.49750,0.02254,0.97729,0.00005,0.00013
130.70125,0.49750,0.06797,0.93040,0.00148,0.00016
130.80125,0.49750,0.21733,0.76347,0.01886,0.00035
130.90125,0.49750,0.81026,0.17573,0.01284,0.00117
131.00125,0.49750,0.96931,0.02361,0.00556,0.00152
131.10126,0.49750,0.99519,0.00223,0.00107,0.00150
131.20125,0.49750,0.99828,0.00021,0.00018,0.00133
131.30125,0.49750,0.99757,0.00007,0.00012,0.00224
131.40125,0.49750,0.98824,0.00050,0.00098,0.01029
131.50125,0.49750,0.97186,0.00466,0.00707,0.01641
131.60126,0.49750,0.84402,0.08034,0.06884,0.00680
131.70125,0.49750,0.21769,0.66492,0.11642,0.00097
131.80125,0.49750,0.01598,0.98228,0.00154,0.00021
131.90125,0.49750,0.00561,0.99416,0.00020,0.00003
132.00125,0.49750,0.00547,0.99446,0.00005,0.00001
132.10126,0.49750,0.01126,0.98867,0.00002,0.00005
132.20125,0.49750,0.02314,0.97668,0.00007,0.00011
132.30125,0.49750,0.04961,0.94856,0.00176,0.00008
132.40125,0.49750,0.08449,0.90960,0.00570,0.00020
132.50125,0.49750,0.34992,0.62718,0.02152,0.00138
132.60126,0.49750,0.87922,0.09941,0.01742,0.00395
132.70125,0.49750,0.98831,0.00564,0.00210,0.00394
132.80125,0.49750,0.99628,0.00034,0.00031,0.00307
132.90125,0.49750,0.99694,0.00006,0.00011,0.00288
133.00125,0.49750,0.99402,0.00048,0.00096,0.00454
133.10126,0.49750,0.97614,0.00979,0.01039,0.00367
133.20125,0.49750,0.58187,0.27480,0.14228,0.00105
133.30125,0.49750,0.05320,0.94164,0.00485,0.00031
133.40125,0.49750,0.00673,0.99265,0.00058,0.00003
133.50125,0.49750,0.00557,0.99428,0.00014,0.00002
133.60126,0.49750,0.00807,0.99185,0.00006,0.00002
133.70125,0.49750,0.01953,0.98031,0.00003,0.00013
133.80125,0.49750,0.05610,0.94253,0.00121,0.00016
133.90125,0.49750,0.20495,0.78984,0.00468,0.00053
134.00125,0.49750,0.74049,0.24892,0.00821,0.00239
134.10126,0.49750,0.96312,0.02969,0.00367,0.00352
134.20125,0.49750,0.99486,0.00167,0.00071,0.00277
134.30125,0.49750,0.99719,0.00016,0.00016,0.00249
134.40125,0.49750,0.99660,0.00008,0.00013,0.00319
134.50125,0.49750,0.98682,0.00047,0.00103,0.01167
134.60126,0.49750,0.97054,0.00847,0.01306,0.00793
134.70125,0.49750,0.76742,0.18933,0.03569,0.00756
134.80125,0.49750,0.18250,0.80601,0.00695,0.00454
134.90125,0.49750,0.02331,0.97355,0.00264,0.00049
135.00125,0.49750,0.01199,0.98730,0.00063,0.00008
135.10126,0.49750,0.01936,0.98011,0.00036,0.00017
135.20125,0.49750,0.04176,0.95640,0.00151,0.00034
135.30125,0.49750,0.12032,0.86476,0.01452,0.00040
135.40125,0.49750,0.19853,0.77773,0.02295,0.00078
135.50125,0.49750,0.46956,0.49241,0.03565,0.00239
135.60126,0.49750,0.88589,0.09274,0.01653,0.00484
135.70125,0.49750,0.98490,0.00775,0.00315,0.00420
135.80125,0.49750,0.99493,0.00108,0.00076,0.00323
135.90125,0.49750,0.99595,0.00026,0.00035,0.00344
136.00125,0.49750,0.99385,0.00017,0.00034,0.00564
136.10126,0.49750,0.98302,0.00156,0.00302,0.01241
136.20125,0.49750,0.90267,0.04332,0.04895,0.00506
136.30125,0.49750,0.37587,0.61396,0.00463,0.00555
136.40125,0.49750,0.04636,0.95239,0.00047,0.00078
136.50125,0.49750,0.00912,0.99070,0.00011,0.00006
136.60126,0.49750,0.00827,0.99168,0.00002,0.00004
136.70125,0.49750,0.01720,0.98266,0.00002,0.00011
136.80125,0.49750,0.05104,0.94753,0.00134,0.00009
136.90125,0.49750,0.11287,0.87865,0.00833,0.00015
137.00125,0.49750,0.46656,0.51286,0.01971,0.00088
137.10126,0.49750,0.88406,0.09372,0.02035,0.00188
137.20125,0.49750,0.99105,0.00483,0.00197,0.00215
137.30125,0.49750,0.99623,0.00041,0.00038,0.00299
137.40125,0.49750,0.99529,0.00015,0.00024,0.00431
137.50125,0.49750,0.98536,0.00097,0.00172,0.01194
137.60126,0.49750,0.94556,0.01688,0.03202,0.00554
137.70125,0.49750,0.59530,0.36248,0.03740,0.00482
137.80125,0.49750,0.05117,0.94621,0.00142,0.00119
137.90125,0.49750,0.00990,0.98956,0.00041,0.00013
138.00125,0.49750,0.00740,0.99243,0.00012,0.00004
138.10126,0.49750,0.00996,0.98988,0.00006,0.00009
138.20125,0.49750,0.02295,0.97580,0.00113,0.00013
138.30125,0.49750,0.06824,0.91251,0.01913,0.00012
138.40125,0.49750,0.12037,0.84048,0.03886,0.00029
138.50125,0.49750,0.56708,0.37203,0.05919,0.00169
138.60126,0.49750,0.95952,0.03004,0.00755,0.00289
138.70125,0.49750,0.99333,0.00241,0.00111,0.00315
138.80125,0.49750,0.99658,0.00020,0.00023,0.00299
138.90125,0.49750,0.99542,0.00008,0.00017,0.00433
139.00125,0.49750,0.98169,0.00051,0.00132,0.01647
139.10126,0.49750,0.94906,0.00760,0.01929,0.02405
139.20125,0.49750,0.60820,0.15528,0.23034,0.00619
139.30125,0.49750,0.11343,0.87289,0.00996,0.00372
139.40125,0.49750,0.01489,0.98442,0.00037,0.00031
139.50125,0.49750,0.00730,0.99254,0.00012,0.00004
139.60126,0.49750,0.00883,0.99112,0.00002,0.00004
139.70125,0.49750,0.02158,0.97826,0.00002,0.00015
139.80125,0.49750,0.05916,0.93995,0.00078,0.00011
139.90125,0.49750,0.14266,0.84799,0.00913,0.00022
140.00125,0.49750,0.36681,0.61680,0.01576,0.00063
140.10126,0.49750,0.85038,0.12517,0.02303,0.00142
140.20125,0.49750,0.98489,0.00992,0.00336,0.00183
140.30125,0.49750,0.99649,0.00087,0.00063,0.00202
140.40125,0.49750,0.99627,0.00020,0.00033,0.00319
140.50125,0.49750,0.98661,0.00028,0.00086,0.01224
140.60126,0.49750,0.96578,0.00330,0.00676,0.02416
140.70125,0.49750,0.78040,0.09400,0.11734,0.00826
140.80125,0.49750,0.17647,0.80634,0.01393,0.00326
140.90125,0.49750,0.02081,0.97821,0.00071,0.00026
141.00125,0.49750,0.00797,0.99181,0.00019,0.00003
141.10126,0.49750,0.00727,0.99264,0.00008,0.00001
141.20125,0.49750,0.01836,0.98152,0.00005,0.00008
141.30125,0.49750,0.05397,0.94470,0.00122,0.00011
141.40125,0.49750,0.15844,0.82917,0.01198,0.00040
141.50125,0.49750,0.50419,0.47549,0.01878,0.00154
141.60126,0.49750,0.93881,0.05095,0.00736,0.00289
141.70125,0.49750,0.99151,0.00363,0.00161,0.00325
141.80125,0.49750,0.99603,0.00037,0.00040,0.00320
141.90125,0.49750,0.99206,0.00058,0.00079,0.00657
142.00125,0.49750,0.97998,0.00373,0.00460,0.01169
142.10126,0.49750,0.85839,0.08281,0.05049,0.00831
142.20125,0.49750,0.24948,0.65724,0.09178,0.00150
142.30125,0.49750,0.02236,0.97267,0.00471,0.00026
142.40125,0.49750,0.01092,0.98743,0.00158,0.00006
142.50125,0.49750,0.01046,0.98914,0.00037,0.00003
142.60126,0.49750,0.01797,0.98176,0.00020,0.00007
142.70125,0.49750,0.03632,0.96302,0.00051,0.00015
142.80125,0.49750,0.10671,0.88757,0.00557,0.00016
142.90125,0.49750,0.27815,0.70852,0.01278,0.00055
143.00125,0.49750,0.77200,0.20673,0.01935,0.00192
143.10126,0.49750,0.97381,0.01794,0.00601,0.00224
143.20125,0.49750,0.99544,0.00103,0.00067,0.00286
143.30125,0.49750,0.99744,0.00012,0.00014,0.00229
143.40125,0.49750,0.99708,0.00006,0.00010,0.00276
143.50125,0.49750,0.98892,0.00038,0.00076,0.00994
143.60126,0.49750,0.97682,0.00744,0.00623,0.00951
143.70125,0.49750,0.78800,0.16864,0.03877,0.00459
143.80125,0.49750,0.12588,0.86962,0.00159,0.00291
143.90125,0.49750,0.01297,0.98669,0.00012,0.00022
144.00125,0.49750,0.00747,0.99245,0.00004,0.00004
144.10126,0.49750,0.01106,0.98886,0.00002,0.00006
144.20125,0.49750,0.02631,0.97340,0.00004,0.00025
144.30125,0.49750,0.06758,0.93046,0.00177,0.00019
144.40125,0.49750,0.23983,0.74589,0.01353,0.00074
144.50125,0.49750,0.81976,0.16764,0.00978,0.00282
144.60126,0.49750,0.98100,0.01276,0.00323,0.00301
144.70125,0.49750,0.99631,0.00089,0.00060,0.00220
144.80125,0.49750,0.99767,0.00007,0.00009,0.00217
144.90125,0.49750,0.99699,0.00005,0.00009,0.00288
145.00125,0.49750,0.99217,0.00085,0.00098,0.00599
145.10126,0.49750,0.96510,0.02243,0.00910,0.00337
145.20125,0.49750,0.55566,0.43693,0.00120,0.00622
145.30125,0.49750,0.04848,0.95032,0.00011,0.00110
145.40125,0.49750,0.00712,0.99277,0.00004,0.00007
145.50125,0.49750,0.00662,0.99334,0.00001,0.00004
145.60126,0.49750,0.01178,0.98810,0.00001,0.00011
145.70125,0.49750,0.03212,0.96682,0.00098,0.00009
145.80125,0.49750,0.22061,0.76716,0.01188,0.00034
145.90125,0.49750,0.78993,0.19868,0.00961,0.00178
146.00125,0.49750,0.97649,0.01644,0.00463,0.00245
146.10126,0.49750,0.99597,0.00099,0.00050,0.00254
146.20125,0.49750,0.99737,0.00007,0.00010,0.00246
146.30125,0.49750,0.99732,0.00004,0.00007,0.00256
146.40125,0.49750,0.99041,0.00034,0.00057,0.00868
146.50125,0.49750,0.98180,0.00534,0.00421,0.00865
146.60126,0.49750,0.84259,0.12353,0.02942,0.00446
146.70125,0.49750,0.19128,0.80252,0.00272,0.00349
146.80125,0.49750,0.01707,0.98246,0.00018,0.00029
146.90125,0.49750,0.00789,0.99201,0.00007,0.00004
147.00125,0.49750,0.00995,0.98999,0.00002,0.00004
147.10126,0.49750,0.01989,0.97996,0.00002,0.00013
147.20125,0.49750,0.06396,0.93523,0.00065,0.00015
147.30125,0.49750,0.44260,0.55115,0.00534,0.00091
147.40125,0.49750,0.91841,0.07663,0.00232,0.00264
147.50125,0.49750,0.98998,0.00576,0.00113,0.00314
147.60126,0.49750,0.99680,0.00038,0.00031,0.00252
147.70125,0.49750,0.99770,0.00005,0.00007,0.00218
147.80125,0.49750,0.99567,0.00009,0.00015,0.00409
147.90125,0.49750,0.98922,0.00133,0.00154,0.00792
148.00125,0.49750,0.93084,0.03887,0.02690,0.00339
148.10126,0.49750,0.42521,0.56498,0.00163,0.00818
148.20125,0.49750,0.03800,0.96083,0.00016,0.00101
148.30125,0.49750,0.00729,0.99257,0.00006,0.00007
148.40125,0.49750,0.00605,0.99389,0.00002,0.00003
148.50125,0.49750,0.01519,0.98466,0.00002,0.00014
148.60126,0.49750,0.04392,0.95425,0.00175,0.00008
148.70125,0.49750,0.14191,0.83924,0.01863,0.00023
148.80125,0.49750,0.70161,0.28084,0.01580,0.00174
148.90125,0.49750,0.96625,0.02520,0.00547,0.00308
149.00125,0.49750,0.99445,0.00176,0.00101,0.00279
149.10126,0.49750,0.99672,0.00016,0.00022,0.00290
149.20125,0.49750,0.99012,0.00028,0.00051,0.00909
149.30125,0.49750,0.98263,0.00392,0.00377,0.00968
149.40125,0.49750,0.85743,0.09913,0.03906,0.00438
149.50125,0.49750,0.27278,0.71605,0.00704,0.00414
149.60126,0.49750,0.02257,0.97625,0.00045,0.00073
149.70125,0.49750,0.01023,0.98939,0.00027,0.00011
149.80125,0.49750,0.01043,0.98936,0.00013,0.00008
149.90125,0.49750,0.02223,0.97737,0.00009,0.00031
150.00125,0.49750,0.05366,0.94409,0.00204,0.00021
150.10126,0.49750,0.12439,0.85414,0.02126,0.00021
150.20125,0.49750,0.58581,0.39759,0.01531,0.00128
150.30125,0.49750,0.94906,0.04184,0.00645,0.00266
150.40125,0.49750,0.99345,0.00272,0.00137,0.00245
150.50125,0.49750,0.99751,0.00019,0.00022,0.00208
150.60126,0.49750,0.99510,0.00009,0.00017,0.00464
150.70125,0.49750,0.98471,0.00099,0.00134,0.01296
150.80125,0.49750,0.95831,0.02027,0.01161,0.00981
150.90125,0.49750,0.53226,0.36837,0.09627,0.00310
151.00125,0.49750,0.05067,0.94482,0.00319,0.00133
151.10126,0.49750,0.00934,0.99005,0.00044,0.00017
151.20125,0.49750,0.00520,0.99449,0.00028,0.00003
151.30125,0.49750,0.00893,0.99083,0.00018,0.00006
151.40125,0.49750,0.01736,0.98224,0.00024,0.00016
151.50125,0.49750,0.03593,0.95578,0.00821,0.00008
151.60126,0.49750,0.08683,0.88306,0.03002,0.00010
151.70125,0.49750,0.53015,0.43431,0.03462,0.00092
151.80125,0.49750,0.92291,0.05706,0.01804,0.00198
151.90125,0.49750,0.99130,0.00400,0.00239,0.00230
152.00125,0.49750,0.99693,0.00029,0.00032,0.00247
152.10126,0.49750,0.99500,0.00012,0.00021,0.00468
152.20125,0.49750,0.98803,0.00149,0.00193,0.00855
152.30125,0.49750,0.93629,0.03679,0.02373,0.00319
152.40125,0.49750,0.47672,0.51070,0.01003,0.00254
152.50125,0.49750,0.04440,0.95275,0.00238,0.00047
152.60126,0.49750,0.00769,0.99201,0.00027,0.00004
152.70125,0.49750,0.00614,0.99371,0.00014,0.00001
152.80125,0.49750,0.01478,0.98508,0.00007,0.00006
152.90125,0.49750,0.04746,0.95070,0.00174,0.00010
153.00125,0.49750,0.07219,0.92195,0.00579,0.00007
153.10126,0.49750,0.17478,0.79769,0.02733,0.00021
153.20125,0.49750,0.65085,0.31715,0.03070,0.00131
153.30125,0.49750,0.94747,0.03559,0.01444,0.00250
153.40125,0.49750,0.99191,0.00271,0.00235,0.00303
153.50125,0.49750,0.98965,0.00119,0.00161,0.00755
153.60126,0.49750,0.98215,0.00393,0.00420,0.00971
153.70125,0.49750,0.90039,0.05995,0.03562,0.00404
153.80125,0.49750,0.32355,0.66968,0.00472,0.00205
153.90125,0.49750,0.02141,0.97795,0.00045,0.00019
154.00125,0.49750,0.00521,0.99474,0.00003,0.00002
154.10126,0.49750,0.00459,0.99537,0.00003,0.00001
154.20125,0.49750,0.01082,0.98911,0.00002,0.00005
154.30125,0.49750,0.03259,0.96647,0.00088,0.00007
154.40125,0.49750,0.04742,0.94732,0.00516,0.00010
154.50125,0.49750,0.29292,0.67107,0.03536,0.00065
154.60126,0.49750,0.85711,0.12399,0.01655,0.00235
154.70125,0.49750,0.98049,0.01196,0.00425,0.00330
154.80125,0.49750,0.98476,0.00396,0.00294,0.00834
154.90125,0.49750,0.97840,0.00547,0.00544,0.01070
155.00125,0.49750,0.89684,0.07243,0.02363,0.00710
155.10126,0.49750,0.32360,0.62706,0.04762,0.00172
155.20125,0.49750,0.03096,0.96677,0.00187,0.00040
155.30125,0.49750,0.00804,0.99176,0.00015,0.00005
155.40125,0.49750,0.00672,0.99313,0.00012,0.00002
155.50125,0.49750,0.01031,0.98946,0.00019,0.00004
155.60126,0.49750,0.03110,0.96799,0.00077,0.00014
155.70125,0.49750,0.05510,0.93519,0.00963,0.00008
155.80125,0.49750,0.10551,0.85274,0.04162,0.00014
155.90125,0.49750,0.67477,0.29869,0.02577,0.00076
156.00125,0.49750,0.95609,0.03451,0.00748,0.00192
156.10126,0.49750,0.98275,0.00935,0.00364,0.00426
156.20125,0.49750,0.96960,0.00790,0.00874,0.01376
156.30125,0.49750,0.93645,0.02770,0.02952,0.00633
156.40125,0.49750,0.51198,0.46497,0.01504,0.00802
156.50125,0.49750,0.06374,0.93336,0.00109,0.00181
156.60126,0.49750,0.01082,0.98869,0.00029,0.00021
156.70125,0.49750,0.00658,0.99330,0.00007,0.00005
156.80125,0.49750,0.01280,0.98701,0.00006,0.00014
156.90125,0.49750,0.03664,0.96144,0.00176,0.00016
157.00125,0.49750,0.10125,0.88261,0.01602,0.00012
157.10126,0.49750,0.37765,0.59007,0.03179,0.00048
157.20125,0.49750,0.87421,0.10441,0.01993,0.00146
157.30125,0.49750,0.98653,0.00814,0.00354,0.00179
157.40125,0.49750,0.99633,0.00067,0.00049,0.00250
157.50125,0.49750,0.99732,0.00009,0.00010,0.00249
157.60126,0.49750,0.99781,0.00005,0.00006,0.00208
157.70125,0.49750,0.99781,0.00005,0.00006,0.00208
157.80125,0.49750,0.99786,0.00004,0.00006,0.00203
157.90125,0.49750,0.99780,0.00004,0.00006,0.00210
158.00125,0.49750,0.99777,0.00004,0.00006,0.00213
158.10126,0.49750,0.99779,0.00004,0.00006,0.00211
158.20125,0.49750,0.99777,0.00005,0.00006,0.00213
158.30125,0.49750,0.99778,0.00005,0.00006,0.00212
158.40125,0.49750,0.99780,0.00004,0.00006,0.00210
158.50125,0.49750,0.99775,0.00004,0.00006,0.00214
158.60126,0.49750,0.99738,0.00004,0.00008,0.00250
158.70125,0.49750,0.99043,0.00021,0.00058,0.00878
158.80125,0.49750,0.98348,0.00436,0.00555,0.00662
158.90125,0.49750,0.76950,0.12642,0.10224,0.00185
159.00125,0.49750,0.18955,0.80079,0.00789,0.00177
159.10126,0.49750,0.01474,0.98338,0.00158,0.00029
159.20125,0.49750,0.00577,0.99385,0.00035,0.00003
159.30125,0.49750,0.00748,0.99225,0.00023,0.00004
159.40125,0.49750,0.02195,0.97758,0.00011,0.00035
159.50125,0.49750,0.05828,0.93749,0.00401,0.00022
159.60126,0.49750,0.20555,0.78280,0.01132,0.00032
159.70125,0.49750,0.73321,0.24963,0.01533,0.00182
159.80125,0.49750,0.97360,0.01950,0.00379,0.00310
159.90125,0.49750,0.99556,0.00117,0.00072,0.00255
160.00125,0.49750,0.99760,0.00010,0.00012,0.00217
160.10126,0.49750,0.99805,0.00003,0.00005,0.00187
160.20125,0.49750,0.99786,0.00003,0.00005,0.00206
160.30125,0.49750,0.99557,0.00006,0.00015,0.00421
160.40125,0.49750,0.98682,0.00100,0.00183,0.01034
160.50125,0.49750,0.94708,0.02690,0.02120,0.00483
160.60126,0.49750,0.49589,0.49462,0.00311,0.00637
160.70125,0.49750,0.04610,0.95269,0.00034,0.00087
160.80125,0.49750,0.00697,0.99295,0.00003,0.00006
160.90125,0.49750,0.00446,0.99550,0.00002,0.00002
161.00125,0.49750,0.00885,0.99108,0.00002,0.00005
161.10126,0.49750,0.03257,0.96539,0.00199,0.00006
161.20125,0.49750,0.05862,0.92629,0.01500,0.00009
161.30125,0.49750,0.25475,0.67885,0.06594,0.00045
161.40125,0.49750,0.83154,0.13918,0.02690,0.00237
161.50125,0.49750,0.98601,0.00791,0.00350,0.00259
161.60126,0.49750,0.99620,0.00067,0.00058,0.00255
161.70125,0.49750,0.99689,0.00009,0.00015,0.00287
161.80125,0.49750,0.99494,0.00009,0.00023,0.00474
161.90125,0.49750,0.98688,0.00041,0.00108,0.01162
162.00125,0.49750,0.96428,0.00489,0.01026,0.02057
162.10126,0.49750,0.78133,0.10508,0.10601,0.00758
162.20125,0.49750,0.22683,0.76170,0.00494,0.00653
162.30125,0.49750,0.05826,0.93917,0.00162,0.00095
162.40125,0.49750,0.01581,0.98279,0.00134,0.00007
162.50125,0.49750,0.01163,0.98791,0.00042,0.00004
162.60126,0.49750,0.02167,0.97800,0.00018,0.00015
162.70125,0.49750,0.06319,0.92844,0.00824,0.00013
162.80125,0.49750,0.12634,0.85895,0.01448,0.00024
162.90125,0.49750,0.61936,0.37028,0.00831,0.00205
163.00125,0.49750,0.95127,0.04055,0.00405,0.00413
163.10126,0.49750,0.99194,0.00294,0.00161,0.00350
163.20125,0.49750,0.99487,0.00033,0.00054,0.00425
163.30125,0.49750,0.98498,0.00032,0.00103,0.01368
163.40125,0.49750,0.95066,0.00282,0.00901,0.03752
163.50125,0.49750,0.85512,0.06081,0.06654,0.01754
163.60126,0.49750,0.33706,0.62938,0.01956,0.01400
163.70125,0.49750,0.04864,0.94761,0.00180,0.00195
163.80125,0.49750,0.01679,0.98285,0.00020,0.00016
163.90125,0.49750,0.00985,0.99001,0.00011,0.00003
164.00125,0.49750,0.01887,0.98090,0.00012,0.00011
164.10126,0.49750,0.06077,0.93691,0.00216,0.00015
164.20125,0.49750,0.21210,0.77117,0.01634,0.00039
164.30125,0.49750,0.66970,0.29513,0.03360,0.00157
164.40125,0.49750,0.96116,0.02948,0.00641,0.00295
164.50125,0.49750,0.99347,0.00247,0.00131,0.00275
164.60126,0.49750,0.99690,0.00027,0.00026,0.00257
164.70125,0.49750,0.99677,0.00010,0.00013,0.00301
164.80125,0.49750,0.99486,0.00012,0.00022,0.00480
164.90125,0.49750,0.98175,0.00108,0.00189,0.01528
165.00125,0.49750,0.94197,0.02430,0.02642,0.00731
165.10126,0.49750,0.62352,0.32260,0.04880,0.00508
165.20125,0.49750,0.09377,0.89702,0.00749,0.00171
165.30125,0.49750,0.01739,0.98190,0.00052,0.00018
165.40125,0.49750,0.01074,0.98905,0.00016,0.00004
165.50125,0.49750,0.01983,0.98000,0.00006,0.00011
165.60126,0.49750,0.03495,0.96466,0.00021,0.00018
165.70125,0.49750,0.05529,0.94311,0.00147,0.00013
165.80125,0.49750,0.07678,0.91334,0.00970,0.00017
165.90125,0.49750,0.24318,0.73544,0.02069,0.00069
166.00125,0.49750,0.81909,0.16273,0.01608,0.00210
166.10126,0.49750,0.98274,0.01260,0.00280,0.00186
166.20125,0.49750,0.99632,0.00114,0.00055,0.00199
166.30125,0.49750,0.99759,0.00012,0.00016,0.00213
166.40125,0.49750,0.99023,0.00027,0.00064,0.00886
166.50125,0.49750,0.95632,0.00312,0.00684,0.03373
166.60126,0.49750,0.79520,0.07885,0.11013,0.01582
166.70125,0.49750,0.28878,0.57604,0.13009,0.00509
166.80125,0.49750,0.04018,0.94243,0.01580,0.00159
166.90125,0.49750,0.01784,0.97690,0.00503,0.00023
167.00125,0.49750,0.01161,0.98671,0.00164,0.00005
167.10126,0.49750,0.02518,0.97405,0.00058,0.00019
167.20125,0.49750,0.05604,0.94157,0.00199,0.00040
167.30125,0.49750,0.19379,0.79740,0.00845,0.00036
167.40125,0.49750,0.68066,0.30806,0.00984,0.00143
167.50125,0.49750,0.95450,0.03733,0.00468,0.00349
167.60126,0.49750,0.99404,0.00233,0.00102,0.00261
167.70125,0.49750,0.99776,0.00015,0.00015,0.00193
167.80125,0.49750,0.99787,0.00005,0.00007,0.00200
167.90125,0.49750,0.99792,0.00005,0.00007,0.00197
168.00125,0.49750,0.99820,0.00004,0.00006,0.00170
168.10126,0.49750,0.99742,0.00005,0.00008,0.00245
168.20125,0.49750,0.99730,0.00006,0.00009,0.00255
168.30125,0.49750,0.99727,0.00005,0.00009,0.00259
168.40125,0.49750,0.99177,0.00017,0.00045,0.00761
168.50125,0.49750,0.98179,0.00304,0.00992,0.00525
168.60126,0.49750,0.74041,0.07904,0.17924,0.00131
168.70125,0.49750,0.21393,0.68997,0.09566,0.00043
168.80125,0.49750,0.01109,0.98619,0.00267,0.00005
168.90125,0.49750,0.00327,0.99647,0.00025,0.00001
169.00125,0.49750,0.00366,0.99628,0.00005,0.00001
169.10126,0.49750,0.01216,0.98773,0.00003,0.00008
169.20125,0.49750,0.03449,0.96499,0.00044,0.00008
169.30125,0.49750,0.10309,0.89031,0.00650,0.00010
169.40125,0.49750,0.50801,0.46831,0.02299,0.00068
169.50125,0.49750,0.92740,0.06002,0.01104,0.00154
169.60126,0.49750,0.99239,0.00422,0.00181,0.00158
169.70125,0.49750,0.99638,0.00036,0.00029,0.00297
169.80125,0.49750,0.99720,0.00006,0.00009,0.00265
169.90125,0.49750,0.99592,0.00007,0.00017,0.00385
170.00125,0.49750,0.99441,0.00007,0.00033,0.00519
170.10126,0.49750,0.99335,0.00010,0.00047,0.00608
170.20125,0.49750,0.99411,0.00009,0.00040,0.00541
170.30125,0.49750,0.99525,0.00007,0.00028,0.00440
170.40125,0.49750,0.99255,0.00025,0.00054,0.00665
170.50125,0.49750,0.98822,0.00500,0.00371,0.00307
170.60126,0.49750,0.87939,0.10811,0.01049,0.00200
170.70125,0.49750,0.19052,0.80695,0.00115,0.00138
170.80125,0.49750,0.01169,0.98817,0.00006,0.00007
170.90125,0.49750,0.00560,0.99437,0.00002,0.00001
171.00125,0.49750,0.01162,0.98832,0.00001,0.00005
171.10126,0.49750,0.03893,0.96082,0.00006,0.00019
171.20125,0.49750,0.22408,0.77343,0.00202,0.00047
171.30125,0.49750,0.72038,0.26727,0.01025,0.00210
171.40125,0.49750,0.96166,0.02904,0.00586,0.00344
171.50125,0.49750,0.99314,0.00217,0.00142,0.00327
171.60126,0.49750,0.99681,0.00024,0.00024,0.00271
171.70125,0.49750,0.99732,0.00007,0.00009,0.00252
171.80125,0.49750,0.99790,0.00004,0.00006,0.00200
171.90125,0.49750,0.99702,0.00006,0.00010,0.00281
172.00125,0.49750,0.98878,0.00047,0.00080,0.00995
172.10126,0.49750,0.96910,0.00720,0.00884,0.01486
172.20125,0.49750,0.66691,0.17134,0.15810,0.00366
172.30125,0.49750,0.09680,0.89793,0.00348,0.00180
172.40125,0.49750,0.01113,0.98854,0.00018,0.00014
172.50125,0.49750,0.00483,0.99511,0.00005,0.00002
172.60126,0.49750,0.00484,0.99511,0.00003,0.00001
172.70125,0.49750,0.01164,0.98828,0.00002,0.00006
172.80125,0.49750,0.03904,0.95929,0.00161,0.00006
172.90125,0.49750,0.15120,0.82735,0.02126,0.00018
173.00125,0.49750,0.64525,0.32610,0.02748,0.00117
173.10126,0.49750,0.96441,0.02693,0.00626,0.00240
173.20125,0.49750,0.99497,0.00186,0.00102,0.00215
173.30125,0.49750,0.99789,0.00019,0.00018,0.00175
173.40125,0.49750,0.99754,0.00005,0.00008,0.00232
173.50125,0.49750,0.99272,0.00029,0.00043,0.00656
173.60126,0.49750,0.97800,0.00312,0.00377,0.01511
173.70125,0.49750,0.89135,0.04990,0.04387,0.01488
173.80125,0.49750,0.26275,0.42950,0.30575,0.00200
173.90125,0.49750,0.02465,0.96564,0.00935,0.00036
174.00125,0.49750,0.01206,0.98439,0.00344,0.00011
174.10126,0.49750,0.00934,0.99014,0.00050,0.00003
174.20125,0.49750,0.01084,0.98899,0.00015,0.00003
174.30125,0.49750,0.03191,0.96780,0.00009,0.00020
174.40125,0.49750,0.11301,0.88292,0.00389,0.00017
174.50125,0.49750,0.09917,0.89708,0.00363,0.00012
174.60126,0.49750,0.31469,0.66618,0.01852,0.00061
174.70125,0.49750,0.84570,0.13481,0.01749,0.00200
174.80125,0.49750,0.97702,0.01622,0.00422,0.00254
174.90125,0.49750,0.99483,0.00149,0.00071,0.00297
175.00125,0.49750,0.99717,0.00011,0.00013,0.00259
175.10126,0.49750,0.99690,0.00005,0.00009,0.00295
175.20125,0.49750,0.99025,0.00025,0.00052,0.00898
175.30125,0.49750,0.96675,0.00213,0.00448,0.02664
175.40125,0.49750,0.88295,0.04344,0.05196,0.02166
175.50125,0.49750,0.29516,0.47878,0.22286,0.00320
175.60126,0.49750,0.03672,0.95390,0.00851,0.00087
175.70125,0.49750,0.01250,0.98564,0.00177,0.00009
175.80125,0.49750,0.00909,0.99057,0.00031,0.00002
175.90125,0.49750,0.01269,0.98702,0.00026,0.00003
176.00125,0.49750,0.03072,0.96867,0.00045,0.00015
176.10126,0.49750,0.06449,0.92653,0.00885,0.00014
176.20125,0.49750,0.09883,0.88025,0.02072,0.00020
176.30125,0.49750,0.50527,0.43429,0.05943,0.00102
176.40125,0.49750,0.93434,0.04815,0.01442,0.00309
176.50125,0.49750,0.98798,0.00662,0.00286,0.00254
176.60126,0.49750,0.99721,0.00051,0.00041,0.00187
176.70125,0.49750,0.99509,0.00015,0.00028,0.00449
176.80125,0.49750,0.97417,0.00109,0.00255,0.02220
176.90125,0.49750,0.95082,0.01582,0.01935,0.01401
177.00125,0.49750,0.56459,0.23017,0.20128,0.00395
177.10126,0.49750,0.06749,0.92442,0.00652,0.00157
177.20125,0.49750,0.01280,0.98618,0.00087,0.00015
177.30125,0.49750,0.00720,0.99185,0.00092,0.00002
177.40125,0.49750,0.01176,0.98785,0.00035,0.00004
177.50125,0.49750,0.02839,0.97126,0.00011,0.00025
177.60126,0.49750,0.24691,0.74708,0.00523,0.00078
177.70125,0.49750,0.85794,0.13439,0.00543,0.00224
177.80125,0.49750,0.97934,0.01699,0.00069,0.00298
177.90125,0.49750,0.99568,0.00107,0.00020,0.00305
178.00125,0.49750,0.99766,0.00006,0.00008,0.00220
178.10126,0.49750,0.99792,0.00003,0.00005,0.00199
178.20125,0.49750,0.99710,0.00008,0.00011,0.00271
178.30125,0.49750,0.99268,0.00043,0.00059,0.00631
178.40125,0.49750,0.96962,0.00739,0.00839,0.01461
178.50125,0.49750,0.67440,0.11051,0.21153,0.00356
178.60126,0.49750,0.11972,0.87408,0.00426,0.00194
178.70125,0.49750,0.01996,0.97952,0.00023,0.00029
178.80125,0.49750,0.00688,0.99302,0.00006,0.00004
178.90125,0.49750,0.00674,0.99322,0.00001,0.00003
179.00125,0.49750,0.01017,0.98974,0.00000,0.00009
179.10126,0.49750,0.03229,0.96716,0.00050,0.00005
179.20125,0.49750,0.08569,0.90534,0.00885,0.00012
179.30125,0.49750,0.52571,0.46025,0.01329,0.00075
179.40125,0.49750,0.93998,0.04835,0.01019,0.00149
179.50125,0.49750,0.99386,0.00273,0.00163,0.00178
179.60126,0.49750,0.99718,0.00024,0.00026,0.00232
179.70125,0.49750,0.99604,0.00007,0.00015,0.00374
179.80125,0.49750,0.98224,0.00065,0.00155,0.01556
179.90125,0.49750,0.94685,0.01780,0.02722,0.00813
180.00125,0.49750,0.63317,0.31127,0.05112,0.00443
180.10126,0.49750,0.08492,0.90882,0.00497,0.00129
180.20125,0.49750,0.00980,0.98987,0.00024,0.00010
180.30125,0.49750,0.00668,0.99327,0.00002,0.00002
180.40125,0.49750,0.01124,0.98867,0.00000,0.00009
180.50125,0.49750,0.07427,0.92534,0.00002,0.00037
180.60126,0.49750,0.51917,0.47935,0.00027,0.00121
180.70125,0.49750,0.93758,0.06023,0.00047,0.00172
180.80125,0.49750,0.99265,0.00458,0.00042,0.00236
180.90125,0.49750,0.99792,0.00029,0.00024,0.00155
181.00125,0.49750,0.99755,0.00010,0.00012,0.00223
181.10126,0.49750,0.99789,0.00006,0.00008,0.00196
181.20125,0.49750,0.99791,0.00006,0.00008,0.00195
181.30125,0.49750,0.99776,0.00005,0.00009,0.00210
181.40125,0.49750,0.99709,0.00005,0.00012,0.00274
181.50125,0.49750,0.99707,0.00004,0.00012,0.00276
181.60126,0.49750,0.99668,0.00003,0.00015,0.00314
