Time (seconds), Duration (seconds),pred_(unlabeled),pred_Jab_R,pred_Sidehook_R,pred_Uppercut_R
0.00125,0.99750,0.99999,0.00000,0.00000,0.00001
0.10125,0.99750,0.99999,0.00000,0.00000,0.00001
0.20125,0.99750,0.99998,0.00000,0.00000,0.00002
0.30125,0.99750,0.99993,0.00000,0.00000,0.00007
0.40125,0.99750,0.99983,0.00000,0.00000,0.00017
0.50125,0.99750,0.99945,0.00001,0.00000,0.00054
0.60125,0.99750,0.99976,0.00000,0.00002,0.00023
0.70125,0.99750,0.99899,0.00000,0.00031,0.00070
0.80125,0.99750,0.99788,0.00000,0.00091,0.00120
0.90125,0.99750,0.98402,0.00000,0.01312,0.00286
1.00125,0.99750,0.61608,0.00000,0.37897,0.00496
1.10125,0.99750,0.11168,0.00000,0.88743,0.00089
1.20125,0.99750,0.07841,0.00000,0.92135,0.00024
1.30125,0.99750,0.04761,0.00000,0.95228,0.00011
1.40125,0.99750,0.51066,0.00000,0.48851,0.00083
1.50125,0.99750,0.98117,0.00000,0.01745,0.00138
1.60125,0.99750,0.99867,0.00001,0.00027,0.00105
1.70125,0.99750,0.99983,0.00000,0.00001,0.00016
1.80125,0.99750,0.99994,0.00000,0.00000,0.00005
1.90125,0.99750,0.99998,0.00000,0.00000,0.00002
2.00125,0.99750,1.00000,0.00000,0.00000,0.00000
2.10125,0.99750,1.00000,0.00000,0.00000,0.00000
2.20125,0.99750,0.99999,0.00000,0.00000,0.00001
2.30125,0.99750,0.99999,0.00000,0.00000,0.00001
2.40125,0.99750,0.99998,0.00000,0.00000,0.00002
2.50125,0.99750,0.99995,0.00000,0.00000,0.00005
2.60125,0.99750,0.99987,0.00000,0.00002,0.00011
2.70125,0.99750,0.99894,0.00000,0.00090,0.00016
2.80125,0.99750,0.94468,0.00000,0.05502,0.00029
2.90125,0.99750,0.28267,0.00000,0.71705,0.00028
3.00125,0.99750,0.03653,0.00000,0.96343,0.00004
3.10125,0.99750,0.02698,0.00000,0.97300,0.00002
3.20125,0.99750,0.17697,0.00000,0.82291,0.00011
3.30125,0.99750,0.88165,0.00000,0.11807,0.00028
3.40125,0.99750,0.99507,0.00000,0.00411,0.00082
3.50125,0.99750,0.99925,0.00001,0.00032,0.00042
3.60125,0.99750,0.99966,0.00005,0.00003,0.00026
3.70125,0.99750,0.99989,0.00000,0.00000,0.00011
3.80125,0.99750,0.99994,0.00000,0.00000,0.00006
3.90125,0.99750,0.99993,0.00000,0.00000,0.00007
4.00125,0.99750,0.99995,0.00000,0.00000,0.00005
4.10125,0.99750,0.99996,0.00000,0.00000,0.00003
4.20125,0.99750,0.99993,0.00000,0.00001,0.00006
4.30125,0.99750,0.99988,0.00000,0.00009,0.00003
4.40125,0.99750,0.99856,0.00000,0.00143,0.00002
4.50125,0.99750,0.96300,0.00000,0.03698,0.00002
4.60125,0.99750,0.27467,0.00001,0.72531,0.00002
4.70125,0.99750,0.01256,0.00001,0.98744,0.00000
4.80125,0.99750,0.01091,0.00001,0.98907,0.00000
4.90125,0.99750,0.17916,0.00002,0.82081,0.00000
5.00125,0.99750,0.91968,0.00001,0.08031,0.00001
5.10125,0.99750,0.99866,0.00000,0.00131,0.00003
5.20125,0.99750,0.99996,0.00001,0.00002,0.00001
5.30125,0.99750,0.99998,0.00000,0.00000,0.00002
5.40125,0.99750,0.99999,0.00000,0.00000,0.00001
5.50125,0.99750,0.99997,0.00000,0.00000,0.00003
5.60125,0.99750,0.99998,0.00000,0.00000,0.00002
5.70125,0.99750,0.99997,0.00000,0.00000,0.00003
5.80125,0.99750,0.99998,0.00000,0.00000,0.00002
5.90125,0.99750,0.99990,0.00000,0.00001,0.00009
6.00125,0.99750,0.99957,0.00000,0.00030,0.00013
6.10125,0.99750,0.98268,0.00000,0.01718,0.00014
6.20125,0.99750,0.49571,0.00000,0.50414,0.00015
6.30125,0.99750,0.03770,0.00000,0.96228,0.00002
6.40125,0.99750,0.01292,0.00000,0.98708,0.00000
6.50125,0.99750,0.01727,0.00000,0.98272,0.00001
6.60125,0.99750,0.46151,0.00001,0.53840,0.00009
6.70125,0.99750,0.97760,0.00000,0.02225,0.00016
6.80125,0.99750,0.99942,0.00001,0.00043,0.00013
6.90125,0.99750,0.99997,0.00000,0.00001,0.00002
7.00125,0.99750,0.99998,0.00000,0.00000,0.00002
7.10125,0.99750,0.99994,0.00000,0.00000,0.00005
7.20125,0.99750,0.99988,0.00000,0.00000,0.00012
7.30125,0.99750,0.99993,0.00000,0.00000,0.00007
7.40125,0.99750,0.99998,0.00000,0.00000,0.00002
7.50125,0.99750,0.99990,0.00000,0.00001,0.00009
7.60125,0.99750,0.99967,0.00000,0.00028,0.00005
7.70125,0.99750,0.99197,0.00000,0.00799,0.00003
7.80125,0.99750,0.73593,0.00000,0.26404,0.00004
7.90125,0.99750,0.09468,0.00000,0.90531,0.00001
8.00125,0.99750,0.02361,0.00000,0.97639,0.00000
8.10125,0.99750,0.01936,0.00000,0.98064,0.00000
8.20125,0.99750,0.04727,0.00000,0.95273,0.00000
8.30125,0.99750,0.45496,0.00000,0.54502,0.00002
8.40125,0.99750,0.95985,0.00004,0.03999,0.00012
8.50125,0.99750,0.99909,0.00002,0.00087,0.00003
8.60125,0.99750,0.99989,0.00000,0.00002,0.00008
8.70125,0.99750,0.99992,0.00000,0.00000,0.00008
8.80125,0.99750,0.99995,0.00000,0.00000,0.00005
8.90125,0.99750,0.99995,0.00000,0.00000,0.00005
9.00125,0.99750,0.99995,0.00000,0.00000,0.00005
9.10125,0.99750,0.99994,0.00000,0.00000,0.00006
9.20125,0.99750,0.99997,0.00000,0.00000,0.00003
9.30125,0.99750,0.99991,0.00000,0.00001,0.00009
9.40125,0.99750,0.99989,0.00000,0.00008,0.00004
9.50125,0.99750,0.99621,0.00000,0.00374,0.00005
9.60125,0.99750,0.84074,0.00000,0.15914,0.00012
9.70125,0.99750,0.10359,0.00000,0.89637,0.00004
9.80125,0.99750,0.03119,0.00000,0.96880,0.00001
9.90125,0.99750,0.03600,0.00000,0.96399,0.00001
10.00125,0.99750,0.31511,0.00000,0.68484,0.00005
10.10125,0.99750,0.93424,0.00000,0.06566,0.00010
10.20125,0.99750,0.99804,0.00000,0.00170,0.00026
10.30125,0.99750,0.99992,0.00000,0.00003,0.00005
10.40125,0.99750,0.99986,0.00000,0.00000,0.00014
10.50125,0.99750,0.99988,0.00000,0.00000,0.00012
10.60125,0.99750,0.99994,0.00000,0.00000,0.00006
10.70125,0.99750,0.99994,0.00000,0.00000,0.00006
10.80125,0.99750,0.99989,0.00000,0.00000,0.00011
10.90125,0.99750,0.99995,0.00000,0.00000,0.00005
11.00125,0.99750,0.99974,0.00000,0.00000,0.00025
11.10125,0.99750,0.99976,0.00000,0.00003,0.00021
11.20125,0.99750,0.99743,0.00000,0.00163,0.00094
11.30125,0.99750,0.94229,0.00000,0.05523,0.00248
11.40125,0.99750,0.42784,0.00000,0.56957,0.00259
11.50125,0.99750,0.07648,0.00000,0.92257,0.00094
11.60125,0.99750,0.30779,0.00000,0.69074,0.00147
11.70125,0.99750,0.86332,0.00000,0.13525,0.00143
11.80125,0.99750,0.99469,0.00000,0.00462,0.00068
11.90125,0.99750,0.99955,0.00000,0.00010,0.00035
12.00125,0.99750,0.99993,0.00000,0.00000,0.00006
12.10125,0.99750,0.99987,0.00000,0.00000,0.00013
12.20125,0.99750,0.99987,0.00000,0.00000,0.00013
12.30125,0.99750,0.99992,0.00000,0.00000,0.00008
12.40125,0.99750,0.99995,0.00000,0.00001,0.00004
12.50125,0.99750,0.99979,0.00000,0.00003,0.00018
12.60125,0.99750,0.99918,0.00000,0.00051,0.00031
12.70125,0.99750,0.99160,0.00000,0.00778,0.00061
12.80125,0.99750,0.77392,0.00000,0.22491,0.00117
12.90125,0.99750,0.11501,0.00000,0.88455,0.00044
13.00125,0.99750,0.02065,0.00000,0.97927,0.00008
13.10125,0.99750,0.02030,0.00000,0.97964,0.00005
13.20125,0.99750,0.24728,0.00001,0.75238,0.00033
13.30125,0.99750,0.94327,0.00000,0.05606,0.00067
13.40125,0.99750,0.99760,0.00000,0.00155,0.00085
13.50125,0.99750,0.99978,0.00000,0.00004,0.00018
13.60125,0.99750,0.99992,0.00000,0.00000,0.00008
13.70125,0.99750,0.99995,0.00000,0.00000,0.00005
13.80125,0.99750,0.99994,0.00000,0.00000,0.00006
13.90125,0.99750,0.99996,0.00000,0.00000,0.00004
14.00125,0.99750,0.99994,0.00000,0.00000,0.00006
14.10125,0.99750,0.99996,0.00000,0.00000,0.00004
14.20125,0.99750,0.99973,0.00000,0.00004,0.00023
14.30125,0.99750,0.99894,0.00000,0.00091,0.00015
14.40125,0.99750,0.95936,0.00000,0.04006,0.00058
14.50125,0.99750,0.35549,0.00000,0.64379,0.00071
14.60125,0.99750,0.02556,0.00000,0.97434,0.00009
14.70125,0.99750,0.01158,0.00000,0.98839,0.00003
14.80125,0.99750,0.06563,0.00002,0.93425,0.00010
14.90125,0.99750,0.77817,0.00001,0.22142,0.00040
15.00125,0.99750,0.99139,0.00000,0.00828,0.00032
15.10125,0.99750,0.99897,0.00006,0.00048,0.00048
15.20125,0.99750,0.99984,0.00001,0.00002,0.00013
15.30125,0.99750,0.99987,0.00001,0.00000,0.00012
15.40125,0.99750,0.99994,0.00000,0.00000,0.00006
15.50125,0.99750,0.99990,0.00000,0.00000,0.00010
15.60125,0.99750,0.99985,0.00000,0.00000,0.00015
15.70125,0.99750,0.99974,0.00000,0.00000,0.00026
15.80125,0.99750,0.99980,0.00000,0.00001,0.00019
15.90125,0.99750,0.99919,0.00000,0.00031,0.00049
16.00125,0.99750,0.99684,0.00000,0.00290,0.00026
16.10125,0.99750,0.95015,0.00000,0.04969,0.00016
16.20125,0.99750,0.48521,0.00000,0.51457,0.00022
16.30125,0.99750,0.11573,0.00000,0.88421,0.00006
16.40125,0.99750,0.08348,0.00000,0.91651,0.00002
16.50125,0.99750,0.04565,0.00000,0.95435,0.00001
16.60125,0.99750,0.16065,0.00000,0.83933,0.00002
16.70125,0.99750,0.68259,0.00000,0.31723,0.00017
16.80125,0.99750,0.96244,0.00007,0.03620,0.00130
16.90125,0.99750,0.99807,0.00003,0.00160,0.00030
17.00125,0.99750,0.99954,0.00000,0.00005,0.00041
17.10125,0.99750,0.99932,0.00000,0.00001,0.00067
17.20125,0.99750,0.99915,0.00000,0.00001,0.00084
17.30125,0.99750,0.99935,0.00000,0.00001,0.00064
17.40125,0.99750,0.99964,0.00000,0.00001,0.00035
17.50125,0.99750,0.99961,0.00000,0.00002,0.00036
17.60125,0.99750,0.99898,0.00000,0.00026,0.00077
17.70125,0.99750,0.99847,0.00000,0.00111,0.00042
17.80125,0.99750,0.98325,0.00000,0.01615,0.00060
17.90125,0.99750,0.60285,0.00000,0.39670,0.00045
18.00125,0.99750,0.08157,0.00000,0.91834,0.00008
18.10125,0.99750,0.04366,0.00000,0.95632,0.00002
18.20125,0.99750,0.04533,0.00000,0.95464,0.00003
18.30125,0.99750,0.42251,0.00000,0.57738,0.00011
18.40125,0.99750,0.93747,0.00000,0.06208,0.00045
18.50125,0.99750,0.99790,0.00005,0.00179,0.00025
18.60125,0.99750,0.99978,0.00005,0.00007,0.00010
18.70125,0.99750,0.99976,0.00008,0.00001,0.00015
18.80125,0.99750,0.99996,0.00000,0.00000,0.00004
18.90125,0.99750,0.99997,0.00000,0.00000,0.00003
19.00125,0.99750,0.99995,0.00000,0.00000,0.00005
19.10125,0.99750,0.99992,0.00000,0.00000,0.00008
19.20125,0.99750,0.99943,0.00000,0.00000,0.00057
19.30125,0.99750,0.99966,0.00000,0.00000,0.00034
19.40125,0.99750,0.99852,0.00000,0.00003,0.00145
19.50125,0.99750,0.99902,0.00000,0.00032,0.00066
19.60125,0.99750,0.98793,0.00000,0.00967,0.00239
19.70125,0.99750,0.61553,0.00000,0.38007,0.00440
19.80125,0.99750,0.07269,0.00000,0.92659,0.00072
19.90125,0.99750,0.05063,0.00000,0.94904,0.00033
20.00125,0.99750,0.20864,0.00000,0.79061,0.00074
20.10125,0.99750,0.82130,0.00000,0.17777,0.00093
20.20125,0.99750,0.96290,0.00000,0.03575,0.00134
20.30125,0.99750,0.98637,0.00074,0.00957,0.00333
20.40125,0.99750,0.99673,0.00058,0.00063,0.00205
20.50125,0.99750,0.99604,0.00021,0.00006,0.00370
20.60125,0.99750,0.99933,0.00001,0.00000,0.00067
20.70125,0.99750,0.99955,0.00000,0.00000,0.00045
20.80125,0.99750,0.99917,0.00000,0.00000,0.00083
20.90125,0.99750,0.99883,0.00000,0.00000,0.00116
21.00125,0.99750,0.99958,0.00000,0.00002,0.00040
21.10125,0.99750,0.99950,0.00000,0.00010,0.00040
21.20125,0.99750,0.99963,0.00000,0.00009,0.00028
21.30125,0.99750,0.99871,0.00000,0.00064,0.00065
21.40125,0.99750,0.98180,0.00000,0.01667,0.00153
21.50125,0.99750,0.46168,0.00000,0.53526,0.00306
21.60125,0.99750,0.04838,0.00000,0.95121,0.00042
21.70125,0.99750,0.20450,0.00000,0.79507,0.00043
21.80125,0.99750,0.84424,0.00000,0.15541,0.00035
21.90125,0.99750,0.99591,0.00000,0.00385,0.00024
22.00125,0.99750,0.99826,0.00000,0.00016,0.00158
22.10125,0.99750,0.99969,0.00000,0.00000,0.00030
22.20125,0.99750,0.99992,0.00000,0.00000,0.00008
22.30125,0.99750,0.99998,0.00000,0.00000,0.00002
22.40125,0.99750,0.99998,0.00000,0.00000,0.00002
22.50125,0.99750,0.99998,0.00000,0.00000,0.00002
22.60125,0.99750,0.99994,0.00000,0.00000,0.00006
22.70125,0.99750,0.99992,0.00000,0.00000,0.00008
22.80125,0.99750,0.99945,0.00000,0.00003,0.00051
22.90125,0.99750,0.99890,0.00000,0.00029,0.00081
23.00125,0.99750,0.99043,0.00000,0.00863,0.00094
23.10125,0.99750,0.71392,0.00000,0.28347,0.00261
23.20125,0.99750,0.05992,0.00000,0.93954,0.00054
23.30125,0.99750,0.01692,0.00000,0.98295,0.00013
23.40125,0.99750,0.12670,0.00001,0.87281,0.00048
23.50125,0.99750,0.88269,0.00000,0.11609,0.00122
23.60125,0.99750,0.99637,0.00000,0.00254,0.00109
23.70125,0.99750,0.99939,0.00000,0.00006,0.00054
23.80125,0.99750,0.99989,0.00000,0.00000,0.00011
23.90125,0.99750,0.99997,0.00000,0.00000,0.00003
24.00125,0.99750,0.99995,0.00000,0.00000,0.00005
24.10125,0.99750,0.99995,0.00000,0.00000,0.00005
24.20125,0.99750,0.99996,0.00000,0.00000,0.00004
24.30125,0.99750,0.99994,0.00000,0.00000,0.00006
24.40125,0.99750,0.99969,0.00000,0.00001,0.00031
24.50125,0.99750,0.99945,0.00000,0.00011,0.00044
24.60125,0.99750,0.99489,0.00000,0.00285,0.00226
24.70125,0.99750,0.94384,0.00000,0.05281,0.00334
24.80125,0.99750,0.26093,0.00001,0.73681,0.00225
24.90125,0.99750,0.06764,0.00001,0.93206,0.00029
25.00125,0.99750,0.05240,0.00002,0.94745,0.00014
25.10125,0.99750,0.18430,0.00007,0.81490,0.00073
25.20125,0.99750,0.91004,0.00003,0.08824,0.00169
25.30125,0.99750,0.99685,0.00003,0.00165,0.00147
25.40125,0.99750,0.99928,0.00005,0.00011,0.00056
25.50125,0.99750,0.99980,0.00002,0.00000,0.00017
25.60125,0.99750,0.99987,0.00001,0.00000,0.00012
25.70125,0.99750,0.99981,0.00000,0.00000,0.00019
25.80125,0.99750,0.99976,0.00000,0.00000,0.00024
25.90125,0.99750,0.99971,0.00000,0.00000,0.00028
26.00125,0.99750,0.99974,0.00000,0.00001,0.00025
26.10125,0.99750,0.99939,0.00000,0.00010,0.00051
26.20125,0.99750,0.99332,0.00000,0.00376,0.00292
26.30125,0.99750,0.93824,0.00001,0.06037,0.00138
26.40125,0.99750,0.28229,0.00003,0.71692,0.00076
26.50125,0.99750,0.05568,0.00002,0.94419,0.00011
26.60125,0.99750,0.04027,0.00003,0.95964,0.00006
26.70125,0.99750,0.21210,0.00007,0.78767,0.00016
26.80125,0.99750,0.84956,0.00004,0.15005,0.00035
26.90125,0.99750,0.99669,0.00001,0.00306,0.00024
27.00125,0.99750,0.99977,0.00002,0.00011,0.00009
27.10125,0.99750,0.99990,0.00001,0.00000,0.00008
27.20125,0.99750,0.99997,0.00000,0.00000,0.00002
27.30125,0.99750,0.99996,0.00000,0.00000,0.00004
27.40125,0.99750,0.99995,0.00000,0.00000,0.00004
27.50125,0.99750,0.99996,0.00000,0.00000,0.00004
27.60125,0.99750,0.99992,0.00000,0.00000,0.00008
27.70125,0.99750,0.99961,0.00000,0.00001,0.00038
27.80125,0.99750,0.99883,0.00000,0.00019,0.00098
27.90125,0.99750,0.99368,0.00000,0.00421,0.00211
28.00125,0.99750,0.87948,0.00000,0.11744,0.00308
28.10125,0.99750,0.10993,0.00000,0.88843,0.00164
28.20125,0.99750,0.02371,0.00000,0.97605,0.00025
28.30125,0.99750,0.01484,0.00000,0.98488,0.00027
28.40125,0.99750,0.25957,0.00000,0.73854,0.00188
28.50125,0.99750,0.89255,0.00000,0.10307,0.00438
28.60125,0.99750,0.99551,0.00000,0.00229,0.00220
28.70125,0.99750,0.99915,0.00000,0.00009,0.00076
28.80125,0.99750,0.99962,0.00000,0.00000,0.00037
28.90125,0.99750,0.99984,0.00000,0.00000,0.00016
29.00125,0.99750,0.99982,0.00000,0.00000,0.00017
29.10125,0.99750,0.99989,0.00000,0.00000,0.00011
29.20125,0.99750,0.99994,0.00000,0.00000,0.00005
29.30125,0.99750,0.99992,0.00000,0.00001,0.00007
29.40125,0.99750,0.99982,0.00000,0.00008,0.00010
29.50125,0.99750,0.99826,0.00000,0.00134,0.00040
29.60125,0.99750,0.96911,0.00000,0.03035,0.00054
29.70125,0.99750,0.52207,0.00000,0.47716,0.00077
29.80125,0.99750,0.04094,0.00000,0.95895,0.00010
29.90125,0.99750,0.03620,0.00001,0.96374,0.00005
30.00125,0.99750,0.38713,0.00002,0.61252,0.00033
30.10125,0.99750,0.95269,0.00000,0.04686,0.00045
30.20125,0.99750,0.99847,0.00000,0.00090,0.00063
30.30125,0.99750,0.99979,0.00000,0.00001,0.00020
30.40125,0.99750,0.99987,0.00000,0.00000,0.00013
30.50125,0.99750,0.99974,0.00001,0.00001,0.00024
30.60125,0.99750,0.99976,0.00000,0.00001,0.00022
30.70125,0.99750,0.99946,0.00001,0.00001,0.00052
30.80125,0.99750,0.99981,0.00000,0.00001,0.00019
30.90125,0.99750,0.99942,0.00000,0.00003,0.00055
31.00125,0.99750,0.99919,0.00000,0.00034,0.00047
31.10125,0.99750,0.98517,0.00000,0.01302,0.00181
31.20125,0.99750,0.59730,0.00001,0.39878,0.00391
31.30125,0.99750,0.10522,0.00002,0.89410,0.00066
31.40125,0.99750,0.08793,0.00003,0.91178,0.00027
31.50125,0.99750,0.07077,0.00004,0.92897,0.00023
31.60125,0.99750,0.35597,0.00009,0.64230,0.00164
31.70125,0.99750,0.89661,0.00002,0.10180,0.00157
31.80125,0.99750,0.99716,0.00001,0.00189,0.00095
31.90125,0.99750,0.99976,0.00000,0.00007,0.00017
32.00125,0.99750,0.99959,0.00001,0.00004,0.00036
32.10125,0.99750,0.99939,0.00001,0.00005,0.00056
32.20125,0.99750,0.99952,0.00001,0.00006,0.00042
32.30125,0.99750,0.99938,0.00001,0.00009,0.00052
32.40125,0.99750,0.99968,0.00000,0.00006,0.00026
32.50125,0.99750,0.99933,0.00000,0.00020,0.00046
32.60125,0.99750,0.99571,0.00000,0.00271,0.00158
32.70125,0.99750,0.86738,0.00000,0.12966,0.00295
32.80125,0.99750,0.18262,0.00000,0.81672,0.00065
32.90125,0.99750,0.04233,0.00000,0.95753,0.00014
33.00125,0.99750,0.03151,0.00000,0.96842,0.00007
33.10125,0.99750,0.04376,0.00001,0.95604,0.00019
33.20125,0.99750,0.69230,0.00001,0.30660,0.00109
33.30125,0.99750,0.97872,0.00000,0.01999,0.00128
33.40125,0.99750,0.99889,0.00001,0.00065,0.00045
33.50125,0.99750,0.99971,0.00001,0.00003,0.00026
33.60125,0.99750,0.99990,0.00001,0.00000,0.00009
33.70125,0.99750,0.99985,0.00000,0.00000,0.00014
33.80125,0.99750,0.99983,0.00000,0.00000,0.00017
33.90125,0.99750,0.99989,0.00000,0.00000,0.00010
34.00125,0.99750,0.99997,0.00000,0.00000,0.00003
34.10125,0.99750,0.99978,0.00000,0.00008,0.00014
34.20125,0.99750,0.99894,0.00000,0.00093,0.00013
34.30125,0.99750,0.97948,0.00000,0.02029,0.00022
34.40125,0.99750,0.74809,0.00000,0.25158,0.00032
34.50125,0.99750,0.08536,0.00001,0.91451,0.00012
34.60125,0.99750,0.02141,0.00000,0.97856,0.00002
34.70125,0.99750,0.01878,0.00001,0.98120,0.00002
34.80125,0.99750,0.06225,0.00004,0.93760,0.00010
34.90125,0.99750,0.60379,0.00004,0.39543,0.00074
35.00125,0.99750,0.97861,0.00016,0.01667,0.00456
35.10125,0.99750,0.99785,0.00019,0.00090,0.00106
35.20125,0.99750,0.99900,0.00009,0.00010,0.00081
35.30125,0.99750,0.99891,0.00002,0.00004,0.00104
35.40125,0.99750,0.99910,0.00001,0.00003,0.00087
35.50125,0.99750,0.99923,0.00001,0.00003,0.00073
35.60125,0.99750,0.99945,0.00002,0.00006,0.00047
35.70125,0.99750,0.99981,0.00000,0.00009,0.00010
35.80125,0.99750,0.99805,0.00000,0.00144,0.00050
35.90125,0.99750,0.99099,0.00000,0.00857,0.00043
36.00125,0.99750,0.80165,0.00000,0.19788,0.00047
36.10125,0.99750,0.24742,0.00000,0.75241,0.00017
36.20125,0.99750,0.06807,0.00000,0.93189,0.00005
36.30125,0.99750,0.05244,0.00000,0.94754,0.00002
36.40125,0.99750,0.04043,0.00000,0.95955,0.00002
36.50125,0.99750,0.07766,0.00000,0.92226,0.00007
36.60125,0.99750,0.68051,0.00000,0.31855,0.00094
36.70125,0.99750,0.98193,0.00005,0.01569,0.00233
36.80125,0.99750,0.99906,0.00001,0.00045,0.00048
36.90125,0.99750,0.99976,0.00000,0.00002,0.00021
37.00125,0.99750,0.99978,0.00000,0.00000,0.00022
37.10125,0.99750,0.99971,0.00000,0.00000,0.00029
37.20125,0.99750,0.99974,0.00000,0.00000,0.00026
37.30125,0.99750,0.99956,0.00000,0.00000,0.00044
37.40125,0.99750,0.99986,0.00000,0.00000,0.00014
37.50125,0.99750,0.99932,0.00000,0.00006,0.00062
37.60125,0.99750,0.99714,0.00000,0.00057,0.00229
37.70125,0.99750,0.97824,0.00000,0.01962,0.00213
37.80125,0.99750,0.54104,0.00000,0.45722,0.00174
37.90125,0.99750,0.06616,0.00000,0.93355,0.00029
38.00125,0.99750,0.03941,0.00000,0.96052,0.00008
38.10125,0.99750,0.02370,0.00001,0.97619,0.00010
38.20125,0.99750,0.31985,0.00002,0.67926,0.00086
38.30125,0.99750,0.93939,0.00001,0.05944,0.00117
38.40125,0.99750,0.99757,0.00002,0.00178,0.00063
38.50125,0.99750,0.99976,0.00001,0.00011,0.00012
38.60125,0.99750,0.99969,0.00004,0.00017,0.00010
38.70125,0.99750,0.99935,0.00006,0.00022,0.00036
38.80125,0.99750,0.99905,0.00011,0.00032,0.00051
38.90125,0.99750,0.99950,0.00002,0.00032,0.00015
39.00125,0.99750,0.99963,0.00000,0.00025,0.00012
39.10125,0.99750,0.99913,0.00000,0.00081,0.00007
39.20125,0.99750,0.98766,0.00000,0.01217,0.00017
39.30125,0.99750,0.77393,0.00001,0.22580,0.00025
39.40125,0.99750,0.10934,0.00002,0.89055,0.00009
39.50125,0.99750,0.03100,0.00001,0.96897,0.00002
39.60125,0.99750,0.04111,0.00001,0.95886,0.00003
39.70125,0.99750,0.26043,0.00002,0.73937,0.00018
39.80125,0.99750,0.93235,0.00000,0.06728,0.00036
39.90125,0.99750,0.99849,0.00000,0.00110,0.00041
40.00125,0.99750,0.99986,0.00000,0.00004,0.00010
40.10125,0.99750,0.99976,0.00000,0.00000,0.00023
40.20125,0.99750,0.99989,0.00000,0.00000,0.00011
40.30125,0.99750,0.99998,0.00000,0.00000,0.00002
40.40125,0.99750,0.99999,0.00000,0.00000,0.00001
40.50125,0.99750,1.00000,0.00000,0.00000,0.00000
40.60125,0.99750,1.00000,0.00000,0.00000,0.00000
40.70125,0.99750,1.00000,0.00000,0.00000,0.00000
40.80125,0.99750,1.00000,0.00000,0.00000,0.00000
40.90125,0.99750,1.00000,0.00000,0.00000,0.00000
41.00125,0.99750,1.00000,0.00000,0.00000,0.00000
41.10125,0.99750,0.99999,0.00000,0.00000,0.00001
41.20125,0.99750,0.99998,0.00000,0.00000,0.00002
41.30125,0.99750,0.99992,0.00000,0.00000,0.00008
41.40125,0.99750,0.99994,0.00000,0.00000,0.00005
41.50125,0.99750,0.99979,0.00000,0.00002,0.00018
41.60125,0.99750,0.99964,0.00000,0.00019,0.00017
41.70125,0.99750,0.99330,0.00000,0.00587,0.00083
41.80125,0.99750,0.72045,0.00000,0.27769,0.00187
41.90125,0.99750,0.08078,0.00000,0.91885,0.00036
42.00125,0.99750,0.03632,0.00000,0.96361,0.00007
42.10125,0.99750,0.03204,0.00000,0.96786,0.00009
42.20125,0.99750,0.43943,0.00001,0.55976,0.00080
42.30125,0.99750,0.96512,0.00000,0.03400,0.00088
42.40125,0.99750,0.99750,0.00000,0.00100,0.00150
42.50125,0.99750,0.99968,0.00000,0.00003,0.00028
42.60125,0.99750,0.99966,0.00001,0.00000,0.00033
42.70125,0.99750,0.99993,0.00000,0.00000,0.00007
42.80125,0.99750,0.99999,0.00000,0.00000,0.00001
42.90125,0.99750,0.99999,0.00000,0.00000,0.00001
43.00125,0.99750,0.99999,0.00000,0.00000,0.00001
43.10125,0.99750,0.99997,0.00000,0.00000,0.00003
43.20125,0.99750,0.99976,0.00000,0.00000,0.00024
43.30125,0.99750,0.99994,0.00000,0.00000,0.00005
43.40125,0.99750,0.99962,0.00000,0.00010,0.00028
43.50125,0.99750,0.99872,0.00000,0.00090,0.00038
43.60125,0.99750,0.95131,0.00000,0.04709,0.00160
43.70125,0.99750,0.27787,0.00000,0.72146,0.00066
43.80125,0.99750,0.04226,0.00000,0.95767,0.00007
43.90125,0.99750,0.02871,0.00000,0.97127,0.00002
44.00125,0.99750,0.02336,0.00001,0.97661,0.00002
44.10125,0.99750,0.12962,0.00002,0.87026,0.00011
44.20125,0.99750,0.65422,0.00001,0.34532,0.00044
44.30125,0.99750,0.98962,0.00008,0.00909,0.00122
44.40125,0.99750,0.99954,0.00002,0.00024,0.00020
44.50125,0.99750,0.99985,0.00002,0.00002,0.00011
44.60125,0.99750,0.99997,0.00000,0.00000,0.00003
44.70125,0.99750,0.99998,0.00000,0.00000,0.00002
44.80125,0.99750,0.99997,0.00000,0.00000,0.00003
44.90125,0.99750,0.99997,0.00000,0.00000,0.00003
45.00125,0.99750,0.99977,0.00000,0.00000,0.00023
45.10125,0.99750,0.99990,0.00000,0.00000,0.00010
45.20125,0.99750,0.99959,0.00000,0.00001,0.00040
45.30125,0.99750,0.99902,0.00000,0.00012,0.00085
45.40125,0.99750,0.99156,0.00000,0.00578,0.00267
45.50125,0.99750,0.74559,0.00000,0.25012,0.00429
45.60125,0.99750,0.10623,0.00001,0.89261,0.00115
45.70125,0.99750,0.03573,0.00001,0.96407,0.00018
45.80125,0.99750,0.08039,0.00005,0.91895,0.00061
45.90125,0.99750,0.76003,0.00004,0.23749,0.00245
46.00125,0.99750,0.98385,0.00000,0.01490,0.00125
46.10125,0.99750,0.99864,0.00003,0.00038,0.00094
46.20125,0.99750,0.99975,0.00001,0.00001,0.00023
46.30125,0.99750,0.99989,0.00001,0.00000,0.00010
46.40125,0.99750,0.99998,0.00000,0.00000,0.00002
46.50125,0.99750,0.99998,0.00000,0.00000,0.00002
46.60125,0.99750,0.99998,0.00000,0.00000,0.00002
46.70125,0.99750,0.99996,0.00000,0.00000,0.00004
46.80125,0.99750,0.99988,0.00000,0.00000,0.00012
46.90125,0.99750,0.99991,0.00000,0.00000,0.00009
47.00125,0.99750,0.99975,0.00000,0.00005,0.00020
47.10125,0.99750,0.99792,0.00000,0.00167,0.00041
47.20125,0.99750,0.96163,0.00000,0.03810,0.00027
47.30125,0.99750,0.26599,0.00000,0.73389,0.00012
47.40125,0.99750,0.04625,0.00000,0.95373,0.00002
47.50125,0.99750,0.02908,0.00000,0.97091,0.00001
47.60125,0.99750,0.09277,0.00002,0.90719,0.00002
47.70125,0.99750,0.59745,0.00003,0.40246,0.00007
47.80125,0.99750,0.98261,0.00002,0.01721,0.00015
47.90125,0.99750,0.99942,0.00012,0.00036,0.00009
48.00125,0.99750,0.99993,0.00003,0.00001,0.00004
48.10125,0.99750,0.99996,0.00000,0.00000,0.00004
48.20125,0.99750,0.99997,0.00000,0.00000,0.00003
48.30125,0.99750,0.99997,0.00000,0.00000,0.00003
48.40125,0.99750,0.99996,0.00000,0.00000,0.00004
48.50125,0.99750,0.99991,0.00000,0.00000,0.00009
48.60125,0.99750,0.99950,0.00000,0.00000,0.00050
48.70125,0.99750,0.99975,0.00000,0.00000,0.00025
48.80125,0.99750,0.99927,0.00000,0.00003,0.00071
48.90125,0.99750,0.99544,0.00000,0.00063,0.00393
49.00125,0.99750,0.96125,0.00000,0.03434,0.00440
49.10125,0.99750,0.41121,0.00000,0.58652,0.00226
49.20125,0.99750,0.09705,0.00000,0.90254,0.00040
49.30125,0.99750,0.05301,0.00001,0.94687,0.00010
49.40125,0.99750,0.11003,0.00006,0.88967,0.00024
49.50125,0.99750,0.73003,0.00008,0.26920,0.00069
49.60125,0.99750,0.96836,0.00004,0.03066,0.00094
49.70125,0.99750,0.99852,0.00015,0.00082,0.00051
49.80125,0.99750,0.99970,0.00008,0.00003,0.00019
49.90125,0.99750,0.99993,0.00002,0.00000,0.00004
50.00125,0.99750,0.99996,0.00000,0.00000,0.00004
50.10125,0.99750,0.99993,0.00000,0.00000,0.00007
50.20125,0.99750,0.99991,0.00000,0.00000,0.00009
50.30125,0.99750,0.99983,0.00000,0.00000,0.00017
50.40125,0.99750,0.99916,0.00000,0.00000,0.00084
50.50125,0.99750,0.99969,0.00000,0.00003,0.00028
50.60125,0.99750,0.99835,0.00000,0.00071,0.00094
50.70125,0.99750,0.98134,0.00000,0.01626,0.00240
50.80125,0.99750,0.67922,0.00000,0.32014,0.00064
50.90125,0.99750,0.11464,0.00000,0.88530,0.00006
51.00125,0.99750,0.09651,0.00000,0.90346,0.00002
51.10125,0.99750,0.05135,0.00000,0.94864,0.00001
51.20125,0.99750,0.05200,0.00001,0.94797,0.00002
51.30125,0.99750,0.58373,0.00003,0.41618,0.00006
51.40125,0.99750,0.96245,0.00001,0.03743,0.00011
51.50125,0.99750,0.99824,0.00028,0.00135,0.00013
51.60125,0.99750,0.99974,0.00016,0.00005,0.00004
51.70125,0.99750,0.99994,0.00002,0.00000,0.00003
51.80125,0.99750,0.99997,0.00000,0.00000,0.00003
51.90125,0.99750,0.99995,0.00000,0.00000,0.00005
52.00125,0.99750,0.99996,0.00000,0.00000,0.00004
52.10125,0.99750,0.99991,0.00000,0.00000,0.00009
52.20125,0.99750,0.99995,0.00000,0.00000,0.00005
52.30125,0.99750,0.99986,0.00000,0.00003,0.00012
52.40125,0.99750,0.99926,0.00000,0.00055,0.00019
52.50125,0.99750,0.99427,0.00000,0.00567,0.00006
52.60125,0.99750,0.84042,0.00000,0.15947,0.00010
52.70125,0.99750,0.14329,0.00000,0.85666,0.00005
52.80125,0.99750,0.05187,0.00000,0.94812,0.00001
52.90125,0.99750,0.06557,0.00001,0.93441,0.00002
53.00125,0.99750,0.78104,0.00001,0.21890,0.00006
53.10125,0.99750,0.99472,0.00000,0.00523,0.00005
53.20125,0.99750,0.99975,0.00000,0.00018,0.00007
53.30125,0.99750,0.99997,0.00000,0.00001,0.00002
53.40125,0.99750,0.99997,0.00000,0.00000,0.00003
53.50125,0.99750,0.99993,0.00000,0.00000,0.00006
53.60125,0.99750,0.99990,0.00000,0.00000,0.00009
53.70125,0.99750,0.99995,0.00000,0.00000,0.00005
53.80125,0.99750,0.99997,0.00000,0.00000,0.00003
53.90125,0.99750,0.99986,0.00000,0.00000,0.00014
54.00125,0.99750,0.99973,0.00000,0.00018,0.00009
54.10125,0.99750,0.99743,0.00000,0.00237,0.00020
54.20125,0.99750,0.93939,0.00000,0.06047,0.00014
54.30125,0.99750,0.31349,0.00001,0.68643,0.00007
54.40125,0.99750,0.06250,0.00000,0.93749,0.00001
54.50125,0.99750,0.04553,0.00001,0.95446,0.00000
54.60125,0.99750,0.10424,0.00002,0.89573,0.00001
54.70125,0.99750,0.63709,0.00002,0.36285,0.00004
54.80125,0.99750,0.96662,0.00002,0.03326,0.00010
54.90125,0.99750,0.99851,0.00012,0.00130,0.00006
55.00125,0.99750,0.99980,0.00003,0.00004,0.00014
55.10125,0.99750,0.99992,0.00002,0.00000,0.00006
55.20125,0.99750,0.99996,0.00000,0.00000,0.00004
55.30125,0.99750,0.99996,0.00000,0.00000,0.00004
55.40125,0.99750,0.99996,0.00000,0.00000,0.00004
55.50125,0.99750,0.99992,0.00000,0.00000,0.00008
55.60125,0.99750,0.99985,0.00000,0.00000,0.00015
55.70125,0.99750,0.99982,0.00000,0.00001,0.00018
55.80125,0.99750,0.99962,0.00000,0.00009,0.00028
55.90125,0.99750,0.99474,0.00000,0.00299,0.00227
56.00125,0.99750,0.93883,0.00000,0.06025,0.00092
56.10125,0.99750,0.24889,0.00001,0.75066,0.00044
56.20125,0.99750,0.07966,0.00000,0.92024,0.00009
56.30125,0.99750,0.05925,0.00001,0.94067,0.00007
56.40125,0.99750,0.31538,0.00004,0.68429,0.00029
56.50125,0.99750,0.86494,0.00002,0.13455,0.00049
56.60125,0.99750,0.98505,0.00006,0.01394,0.00095
56.70125,0.99750,0.99798,0.00020,0.00137,0.00044
56.80125,0.99750,0.99907,0.00045,0.00011,0.00038
56.90125,0.99750,0.99967,0.00011,0.00002,0.00021
57.00125,0.99750,0.99976,0.00000,0.00000,0.00023
57.10125,0.99750,0.99973,0.00000,0.00000,0.00026
57.20125,0.99750,0.99959,0.00001,0.00001,0.00039
57.30125,0.99750,0.99967,0.00001,0.00001,0.00030
57.40125,0.99750,0.99925,0.00001,0.00026,0.00048
57.50125,0.99750,0.99691,0.00001,0.00136,0.00172
57.60125,0.99750,0.99538,0.00000,0.00415,0.00046
57.70125,0.99750,0.90800,0.00001,0.09134,0.00065
57.80125,0.99750,0.25689,0.00003,0.74252,0.00057
57.90125,0.99750,0.06779,0.00002,0.93204,0.00015
58.00125,0.99750,0.04832,0.00009,0.95150,0.00009
58.10125,0.99750,0.37543,0.00029,0.62393,0.00034
58.20125,0.99750,0.93024,0.00006,0.06941,0.00030
58.30125,0.99750,0.97878,0.00005,0.02033,0.00084
58.40125,0.99750,0.99787,0.00005,0.00153,0.00055
58.50125,0.99750,0.99970,0.00003,0.00011,0.00016
58.60125,0.99750,0.99987,0.00001,0.00001,0.00012
58.70125,0.99750,0.99989,0.00000,0.00000,0.00011
58.80125,0.99750,0.99989,0.00000,0.00000,0.00011
58.90125,0.99750,0.99991,0.00000,0.00000,0.00009
59.00125,0.99750,0.99968,0.00003,0.00002,0.00027
59.10125,0.99750,0.99903,0.00001,0.00036,0.00060
59.20125,0.99750,0.99752,0.00001,0.00170,0.00077
59.30125,0.99750,0.99497,0.00000,0.00327,0.00176
59.40125,0.99750,0.95283,0.00000,0.04274,0.00443
59.50125,0.99750,0.47876,0.00001,0.51560,0.00564
59.60125,0.99750,0.19266,0.00000,0.80526,0.00208
59.70125,0.99750,0.20371,0.00000,0.79494,0.00135
59.80125,0.99750,0.55315,0.00000,0.44413,0.00272
59.90125,0.99750,0.95704,0.00000,0.03894,0.00403
60.00125,0.99750,0.99265,0.00000,0.00291,0.00443
60.10125,0.99750,0.99751,0.00000,0.00010,0.00239
60.20125,0.99750,0.99953,0.00000,0.00000,0.00047
60.30125,0.99750,0.99975,0.00000,0.00000,0.00025
60.40125,0.99750,0.99988,0.00000,0.00000,0.00012
60.50125,0.99750,0.99996,0.00000,0.00000,0.00004
60.60125,0.99750,0.99998,0.00000,0.00000,0.00002
60.70125,0.99750,0.99998,0.00000,0.00000,0.00002
60.80125,0.99750,0.99998,0.00000,0.00000,0.00002
60.90125,0.99750,0.99997,0.00000,0.00000,0.00003
61.00125,0.99750,0.99996,0.00000,0.00000,0.00004
61.10125,0.99750,0.99996,0.00000,0.00000,0.00004
61.20125,0.99750,0.99996,0.00000,0.00000,0.00004
61.30125,0.99750,0.99995,0.00000,0.00000,0.00005
61.40125,0.99750,0.99993,0.00000,0.00000,0.00007
61.50125,0.99750,0.99997,0.00000,0.00000,0.00003
61.60125,0.99750,0.99999,0.00000,0.00000,0.00001
61.70125,0.99750,0.99999,0.00000,0.00000,0.00001
61.80125,0.99750,0.99999,0.00000,0.00000,0.00001
61.90125,0.99750,0.99999,0.00000,0.00000,0.00001
62.00125,0.99750,0.99999,0.00000,0.00000,0.00001
62.10125,0.99750,0.99999,0.00000,0.00000,0.00000
62.20125,0.99750,0.99999,0.00000,0.00000,0.00001
62.30125,0.99750,0.99996,0.00000,0.00000,0.00004
62.40125,0.99750,0.99965,0.00000,0.00000,0.00035
62.50125,0.99750,0.99530,0.00000,0.00000,0.00470
62.60125,0.99750,0.98514,0.00000,0.00000,0.01486
62.70125,0.99750,0.90710,0.00000,0.00000,0.09290
62.80125,0.99750,0.70754,0.00000,0.00005,0.29241
62.90125,0.99750,0.62892,0.00000,0.00003,0.37105
63.00125,0.99750,0.61698,0.00000,0.00001,0.38301
63.10125,0.99750,0.91703,0.00000,0.00000,0.08297
63.20125,0.99751,0.98213,0.00000,0.00000,0.01787
63.30125,0.99750,0.99660,0.00000,0.00000,0.00340
63.40125,0.99750,0.99931,0.00000,0.00000,0.00069
63.50125,0.99750,0.99982,0.00000,0.00000,0.00018
63.60125,0.99750,0.99998,0.00000,0.00000,0.00002
63.70125,0.99751,0.99999,0.00000,0.00000,0.00000
63.80125,0.99750,0.99998,0.00000,0.00000,0.00002
63.90125,0.99750,0.99994,0.00000,0.00000,0.00006
64.00125,0.99750,0.99944,0.00000,0.00000,0.00056
64.10125,0.99750,0.99492,0.00000,0.00000,0.00508
64.20125,0.99751,0.97350,0.00000,0.00000,0.02650
64.30125,0.99751,0.82533,0.00000,0.00001,0.17466
64.40125,0.99750,0.66043,0.00000,0.00008,0.33949
64.50125,0.99750,0.49240,0.00001,0.00033,0.50726
64.60125,0.99750,0.77472,0.00001,0.00059,0.22468
64.70125,0.99751,0.96954,0.00000,0.00003,0.03043
64.80125,0.99751,0.99419,0.00000,0.00000,0.00580
64.90125,0.99750,0.99846,0.00000,0.00000,0.00153
65.00125,0.99750,0.99981,0.00000,0.00000,0.00019
65.10125,0.99750,0.99997,0.00000,0.00000,0.00003
65.20125,0.99751,0.99999,0.00000,0.00000,0.00001
65.30125,0.99751,1.00000,0.00000,0.00000,0.00000
65.40125,0.99750,1.00000,0.00000,0.00000,0.00000
65.50125,0.99750,1.00000,0.00000,0.00000,0.00000
65.60125,0.99750,0.99999,0.00000,0.00000,0.00001
65.70125,0.99751,0.99996,0.00000,0.00000,0.00004
65.80125,0.99751,0.99986,0.00000,0.00000,0.00014
65.90125,0.99750,0.99841,0.00000,0.00000,0.00159
66.00125,0.99750,0.98944,0.00000,0.00000,0.01056
66.10125,0.99750,0.86514,0.00000,0.00001,0.13486
66.20125,0.99751,0.55951,0.00000,0.00014,0.44035
66.30125,0.99751,0.57993,0.00001,0.00088,0.41917
66.40125,0.99750,0.89140,0.00002,0.00090,0.10768
66.50125,0.99750,0.96738,0.00001,0.00007,0.03255
66.60125,0.99750,0.99306,0.00001,0.00000,0.00694
66.70125,0.99751,0.99891,0.00000,0.00000,0.00109
66.80125,0.99751,0.99982,0.00000,0.00000,0.00018
66.90125,0.99750,0.99998,0.00000,0.00000,0.00002
67.00125,0.99750,1.00000,0.00000,0.00000,0.00000
67.10125,0.99750,1.00000,0.00000,0.00000,0.00000
67.20125,0.99751,1.00000,0.00000,0.00000,0.00000
67.30125,0.99751,1.00000,0.00000,0.00000,0.00000
67.40125,0.99750,0.99999,0.00000,0.00000,0.00001
67.50125,0.99750,0.99991,0.00000,0.00000,0.00009
67.60125,0.99750,0.99939,0.00000,0.00000,0.00061
67.70125,0.99751,0.99506,0.00000,0.00000,0.00494
67.80125,0.99751,0.97025,0.00000,0.00000,0.02975
67.90125,0.99750,0.70584,0.00000,0.00002,0.29414
68.00125,0.99750,0.63852,0.00000,0.00005,0.36143
68.10125,0.99750,0.70139,0.00000,0.00010,0.29851
68.20125,0.99751,0.94523,0.00000,0.00003,0.05474
68.30125,0.99751,0.99192,0.00000,0.00000,0.00808
68.40125,0.99750,0.99835,0.00000,0.00000,0.00165
68.50125,0.99750,0.99961,0.00000,0.00000,0.00039
68.60125,0.99750,0.99996,0.00000,0.00000,0.00004
68.70125,0.99751,0.99999,0.00000,0.00000,0.00001
68.80125,0.99751,1.00000,0.00000,0.00000,0.00000
68.90125,0.99750,1.00000,0.00000,0.00000,0.00000
69.00125,0.99750,1.00000,0.00000,0.00000,0.00000
69.10125,0.99750,1.00000,0.00000,0.00000,0.00000
69.20125,0.99751,0.99999,0.00000,0.00000,0.00001
69.30125,0.99751,0.99991,0.00000,0.00000,0.00009
69.40125,0.99750,0.99956,0.00000,0.00000,0.00044
69.50125,0.99750,0.99675,0.00000,0.00000,0.00325
69.60125,0.99750,0.98294,0.00000,0.00000,0.01706
69.70125,0.99751,0.77801,0.00000,0.00000,0.22199
69.80125,0.99751,0.59239,0.00000,0.00002,0.40758
69.90125,0.99750,0.67064,0.00001,0.00006,0.32929
70.00125,0.99750,0.88799,0.00000,0.00001,0.11199
70.10125,0.99750,0.97602,0.00000,0.00000,0.02397
70.20125,0.99751,0.99571,0.00000,0.00000,0.00429
70.30125,0.99751,0.99921,0.00000,0.00000,0.00079
70.40125,0.99750,0.99989,0.00000,0.00000,0.00011
70.50125,0.99750,0.99997,0.00000,0.00000,0.00003
70.60125,0.99750,1.00000,0.00000,0.00000,0.00000
70.70125,0.99751,1.00000,0.00000,0.00000,0.00000
70.80125,0.99751,1.00000,0.00000,0.00000,0.00000
70.90125,0.99750,0.99999,0.00000,0.00000,0.00001
71.00125,0.99750,0.99997,0.00000,0.00000,0.00003
71.10125,0.99750,0.99972,0.00000,0.00000,0.00028
71.20125,0.99751,0.99469,0.00000,0.00000,0.00531
71.30125,0.99751,0.96532,0.00000,0.00000,0.03468
71.40125,0.99750,0.72558,0.00000,0.00000,0.27441
71.50125,0.99750,0.71715,0.00001,0.00002,0.28282
71.60125,0.99750,0.85226,0.00003,0.00008,0.14763
71.70125,0.99751,0.92281,0.00010,0.00020,0.07689
71.80125,0.99751,0.98755,0.00002,0.00001,0.01241
71.90125,0.99750,0.99795,0.00001,0.00000,0.00204
72.00125,0.99750,0.99925,0.00000,0.00000,0.00074
72.10125,0.99750,0.99985,0.00000,0.00000,0.00014
72.20125,0.99751,0.99999,0.00000,0.00000,0.00001
72.30125,0.99751,1.00000,0.00000,0.00000,0.00000
72.40125,0.99750,1.00000,0.00000,0.00000,0.00000
72.50125,0.99750,0.99999,0.00000,0.00000,0.00001
72.60125,0.99750,0.99997,0.00000,0.00000,0.00003
72.70125,0.99751,0.99963,0.00000,0.00000,0.00037
72.80125,0.99751,0.99834,0.00000,0.00000,0.00166
72.90125,0.99750,0.99429,0.00000,0.00000,0.00571
73.00125,0.99750,0.96910,0.00000,0.00001,0.03090
73.10125,0.99750,0.77264,0.00000,0.00016,0.22721
73.20125,0.99751,0.20180,0.00000,0.00165,0.79655
73.30125,0.99751,0.36436,0.00000,0.00092,0.63472
73.40125,0.99750,0.28010,0.00000,0.00039,0.71950
73.50125,0.99750,0.62992,0.00001,0.00042,0.36965
73.60125,0.99750,0.91555,0.00001,0.00003,0.08441
73.70125,0.99751,0.98571,0.00000,0.00000,0.01429
73.80125,0.99751,0.99688,0.00000,0.00000,0.00312
73.90125,0.99750,0.99961,0.00000,0.00000,0.00039
74.00125,0.99750,0.99996,0.00000,0.00000,0.00004
74.10125,0.99750,0.99999,0.00000,0.00000,0.00001
74.20125,0.99751,0.99999,0.00000,0.00000,0.00001
74.30125,0.99751,0.99999,0.00000,0.00000,0.00001
74.40125,0.99750,0.99999,0.00000,0.00000,0.00001
74.50125,0.99750,0.99991,0.00000,0.00000,0.00009
74.60125,0.99750,0.99925,0.00000,0.00000,0.00075
74.70125,0.99751,0.99497,0.00000,0.00000,0.00503
74.80125,0.99751,0.95732,0.00000,0.00005,0.04263
74.90125,0.99750,0.57170,0.00000,0.00134,0.42696
75.00125,0.99750,0.13314,0.00000,0.00645,0.86040
75.10125,0.99750,0.18920,0.00000,0.00442,0.80638
75.20125,0.99751,0.27566,0.00000,0.00157,0.72276
75.30125,0.99751,0.56996,0.00000,0.00074,0.42930
75.40125,0.99750,0.89300,0.00000,0.00009,0.10691
75.50125,0.99750,0.97321,0.00000,0.00002,0.02677
75.60125,0.99750,0.99038,0.00000,0.00000,0.00962
75.70125,0.99751,0.99761,0.00000,0.00000,0.00239
75.80125,0.99751,0.99983,0.00000,0.00000,0.00017
75.90125,0.99750,0.99998,0.00000,0.00000,0.00002
76.00125,0.99750,0.99999,0.00000,0.00000,0.00001
76.10125,0.99750,1.00000,0.00000,0.00000,0.00000
76.20125,0.99751,0.99999,0.00000,0.00000,0.00001
76.30125,0.99751,0.99992,0.00000,0.00000,0.00008
76.40125,0.99750,0.99956,0.00000,0.00000,0.00044
76.50125,0.99750,0.99698,0.00000,0.00000,0.00302
76.60125,0.99750,0.98697,0.00000,0.00000,0.01303
76.70125,0.99751,0.82440,0.00000,0.00002,0.17558
76.80125,0.99751,0.48720,0.00002,0.00081,0.51198
76.90125,0.99750,0.32115,0.00007,0.00245,0.67633
77.00125,0.99750,0.58739,0.00004,0.00118,0.41139
77.10125,0.99750,0.90523,0.00000,0.00006,0.09471
77.20125,0.99751,0.97348,0.00000,0.00001,0.02651
77.30125,0.99751,0.99206,0.00000,0.00000,0.00793
77.40125,0.99750,0.99887,0.00000,0.00000,0.00113
77.50125,0.99750,0.99984,0.00000,0.00000,0.00016
77.60125,0.99750,0.99996,0.00000,0.00000,0.00004
77.70125,0.99751,0.99999,0.00000,0.00000,0.00001
77.80125,0.99751,1.00000,0.00000,0.00000,0.00000
77.90125,0.99750,0.99998,0.00000,0.00000,0.00002
78.00125,0.99750,0.99985,0.00000,0.00000,0.00015
78.10125,0.99750,0.99945,0.00000,0.00000,0.00055
78.20125,0.99751,0.99684,0.00000,0.00000,0.00316
78.30125,0.99751,0.98359,0.00000,0.00000,0.01641
78.40125,0.99750,0.79789,0.00000,0.00001,0.20210
78.50125,0.99750,0.43241,0.00000,0.00016,0.56742
78.60125,0.99750,0.43174,0.00001,0.00061,0.56764
78.70125,0.99751,0.75421,0.00001,0.00045,0.24533
78.80125,0.99751,0.95560,0.00000,0.00002,0.04438
78.90125,0.99750,0.98180,0.00000,0.00001,0.01819
79.00125,0.99750,0.99568,0.00000,0.00000,0.00432
79.10125,0.99750,0.99951,0.00000,0.00000,0.00049
79.20125,0.99751,0.99991,0.00000,0.00000,0.00009
79.30125,0.99751,0.99998,0.00000,0.00000,0.00002
79.40125,0.99750,1.00000,0.00000,0.00000,0.00000
79.50125,0.99750,0.99999,0.00000,0.00000,0.00001
79.60125,0.99750,0.99986,0.00000,0.00000,0.00014
79.70125,0.99751,0.99861,0.00000,0.00000,0.00139
79.80125,0.99751,0.99487,0.00000,0.00000,0.00513
79.90125,0.99750,0.98084,0.00000,0.00000,0.01916
80.00125,0.99750,0.77110,0.00000,0.00004,0.22886
80.10125,0.99750,0.58496,0.00000,0.00016,0.41488
80.20125,0.99751,0.34294,0.00000,0.00051,0.65654
80.30125,0.99751,0.75589,0.00000,0.00017,0.24393
80.40125,0.99750,0.94494,0.00000,0.00001,0.05505
80.50125,0.99750,0.98918,0.00000,0.00000,0.01082
80.60125,0.99750,0.99775,0.00000,0.00000,0.00225
80.70125,0.99751,0.99972,0.00000,0.00000,0.00028
80.80125,0.99751,0.99996,0.00000,0.00000,0.00004
80.90125,0.99750,0.99999,0.00000,0.00000,0.00001
81.00125,0.99750,1.00000,0.00000,0.00000,0.00000
81.10125,0.99750,1.00000,0.00000,0.00000,0.00000
81.20125,0.99751,1.00000,0.00000,0.00000,0.00000
81.30125,0.99751,0.99998,0.00000,0.00000,0.00002
81.40125,0.99750,0.99987,0.00000,0.00000,0.00013
81.50125,0.99750,0.99924,0.00000,0.00000,0.00076
81.60125,0.99750,0.99200,0.00000,0.00000,0.00800
81.70125,0.99751,0.93899,0.00000,0.00000,0.06101
81.80125,0.99751,0.72783,0.00000,0.00004,0.27213
81.90125,0.99750,0.51479,0.00000,0.00020,0.48501
82.00125,0.99750,0.48455,0.00000,0.00063,0.51482
82.10125,0.99750,0.78736,0.00000,0.00019,0.21245
82.20125,0.99751,0.95711,0.00000,0.00001,0.04288
82.30125,0.99751,0.99025,0.00000,0.00000,0.00975
82.40125,0.99750,0.99801,0.00000,0.00000,0.00199
82.50125,0.99750,0.99982,0.00000,0.00000,0.00018
82.60125,0.99750,0.99996,0.00000,0.00000,0.00004
82.70125,0.99751,0.99996,0.00000,0.00000,0.00004
82.80125,0.99751,0.99993,0.00000,0.00000,0.00007
82.90125,0.99750,0.99983,0.00000,0.00000,0.00017
83.00125,0.99750,0.99899,0.00000,0.00000,0.00101
83.10125,0.99750,0.99143,0.00000,0.00000,0.00857
83.20125,0.99751,0.96568,0.00000,0.00001,0.03431
83.30125,0.99751,0.62992,0.00000,0.00009,0.36998
83.40125,0.99750,0.41971,0.00000,0.00038,0.57991
83.50125,0.99750,0.43107,0.00000,0.00064,0.56829
83.60125,0.99750,0.82106,0.00000,0.00008,0.17886
83.70125,0.99751,0.96714,0.00000,0.00000,0.03286
83.80125,0.99751,0.98784,0.00000,0.00000,0.01216
83.90125,0.99750,0.99711,0.00000,0.00000,0.00289
84.00125,0.99750,0.99962,0.00000,0.00000,0.00038
84.10125,0.99750,0.99994,0.00000,0.00000,0.00006
84.20125,0.99751,0.99999,0.00000,0.00000,0.00001
84.30125,0.99751,0.99999,0.00000,0.00000,0.00001
84.40125,0.99750,0.99998,0.00000,0.00000,0.00002
84.50125,0.99750,0.99988,0.00000,0.00000,0.00012
84.60125,0.99750,0.99890,0.00000,0.00000,0.00110
84.70125,0.99751,0.99486,0.00000,0.00000,0.00514
84.80125,0.99751,0.91802,0.00000,0.00000,0.08198
84.90125,0.99750,0.80632,0.00000,0.00002,0.19366
85.00125,0.99750,0.58024,0.00000,0.00011,0.41965
85.10125,0.99750,0.52926,0.00001,0.00019,0.47054
85.20125,0.99751,0.86376,0.00000,0.00002,0.13621
85.30125,0.99751,0.96683,0.00000,0.00000,0.03317
85.40125,0.99750,0.99399,0.00000,0.00000,0.00601
85.50125,0.99750,0.99882,0.00000,0.00000,0.00118
85.60125,0.99750,0.99987,0.00000,0.00000,0.00013
85.70125,0.99751,0.99997,0.00000,0.00000,0.00003
85.80125,0.99751,0.99999,0.00000,0.00000,0.00001
85.90125,0.99750,0.99999,0.00000,0.00000,0.00001
86.00125,0.99750,0.99998,0.00000,0.00000,0.00002
86.10125,0.99750,0.99982,0.00000,0.00000,0.00018
86.20125,0.99751,0.99895,0.00000,0.00000,0.00105
86.30125,0.99751,0.98980,0.00000,0.00000,0.01020
86.40125,0.99750,0.81497,0.00000,0.00000,0.18502
86.50125,0.99750,0.61168,0.00000,0.00002,0.38829
86.60125,0.99750,0.35857,0.00000,0.00011,0.64132
86.70125,0.99751,0.50873,0.00000,0.00021,0.49106
86.80125,0.99751,0.87573,0.00000,0.00001,0.12426
86.90125,0.99750,0.97081,0.00000,0.00000,0.02918
87.00125,0.99750,0.99195,0.00000,0.00000,0.00805
87.10125,0.99750,0.99847,0.00000,0.00000,0.00153
87.20125,0.99751,0.99983,0.00000,0.00000,0.00017
87.30125,0.99751,0.99997,0.00000,0.00000,0.00003
87.40125,0.99750,0.99999,0.00000,0.00000,0.00001
87.50125,0.99750,1.00000,0.00000,0.00000,0.00000
87.60125,0.99750,1.00000,0.00000,0.00000,0.00000
87.70125,0.99751,0.99997,0.00000,0.00000,0.00003
87.80125,0.99751,0.99984,0.00000,0.00000,0.00016
87.90125,0.99750,0.99942,0.00000,0.00000,0.00058
88.00125,0.99750,0.99525,0.00000,0.00000,0.00475
88.10125,0.99750,0.96409,0.00000,0.00000,0.03591
88.20125,0.99751,0.65073,0.00000,0.00002,0.34925
88.30125,0.99751,0.44012,0.00000,0.00013,0.55974
88.40125,0.99750,0.45433,0.00001,0.00036,0.54530
88.50125,0.99750,0.80637,0.00001,0.00020,0.19342
88.60125,0.99750,0.96268,0.00000,0.00001,0.03732
88.70125,0.99751,0.99000,0.00000,0.00000,0.01000
88.80125,0.99751,0.99829,0.00000,0.00000,0.00171
88.90125,0.99750,0.99979,0.00000,0.00000,0.00021
89.00125,0.99750,0.99996,0.00000,0.00000,0.00004
89.10125,0.99750,1.00000,0.00000,0.00000,0.00000
89.20125,0.99751,1.00000,0.00000,0.00000,0.00000
89.30125,0.99751,0.99999,0.00000,0.00000,0.00001
89.40125,0.99750,0.99995,0.00000,0.00000,0.00005
89.50125,0.99750,0.99910,0.00000,0.00000,0.00090
89.60125,0.99750,0.99504,0.00000,0.00000,0.00496
89.70125,0.99751,0.96305,0.00000,0.00000,0.03695
89.80125,0.99751,0.65860,0.00000,0.00002,0.34137
89.90125,0.99750,0.42897,0.00000,0.00011,0.57093
90.00125,0.99750,0.39444,0.00000,0.00029,0.60527
90.10125,0.99750,0.76817,0.00000,0.00005,0.23178
90.20125,0.99751,0.96021,0.00000,0.00000,0.03979
90.30125,0.99751,0.98956,0.00000,0.00000,0.01044
90.40125,0.99750,0.99685,0.00000,0.00000,0.00315
90.50125,0.99750,0.99973,0.00000,0.00000,0.00027
90.60125,0.99750,0.99996,0.00000,0.00000,0.00004
90.70125,0.99751,0.99999,0.00000,0.00000,0.00001
90.80125,0.99751,1.00000,0.00000,0.00000,0.00000
90.90125,0.99750,1.00000,0.00000,0.00000,0.00000
91.00125,0.99750,0.99999,0.00000,0.00000,0.00001
91.10125,0.99750,0.99990,0.00000,0.00000,0.00010
91.20125,0.99751,0.99958,0.00000,0.00000,0.00042
91.30125,0.99751,0.99592,0.00000,0.00000,0.00408
91.40125,0.99750,0.97267,0.00000,0.00000,0.02733
91.50125,0.99750,0.75951,0.00000,0.00001,0.24048
91.60125,0.99750,0.61213,0.00000,0.00004,0.38783
91.70125,0.99751,0.67045,0.00000,0.00005,0.32950
91.80125,0.99751,0.86667,0.00000,0.00001,0.13332
91.90125,0.99750,0.95682,0.00000,0.00000,0.04318
92.00125,0.99750,0.99201,0.00000,0.00000,0.00799
92.10125,0.99750,0.99847,0.00000,0.00000,0.00153
92.20125,0.99751,0.99981,0.00000,0.00000,0.00019
92.30125,0.99751,0.99998,0.00000,0.00000,0.00002
92.40125,0.99750,0.99999,0.00000,0.00000,0.00001
92.50125,0.99750,0.99999,0.00000,0.00000,0.00001
92.60125,0.99750,0.99998,0.00000,0.00000,0.00002
92.70125,0.99751,0.99992,0.00000,0.00000,0.00008
92.80125,0.99751,0.99961,0.00000,0.00000,0.00039
92.90125,0.99750,0.99725,0.00000,0.00000,0.00275
93.00125,0.99750,0.97778,0.00000,0.00000,0.02222
93.10125,0.99750,0.77527,0.00000,0.00002,0.22470
93.20125,0.99751,0.52679,0.00000,0.00018,0.47303
93.30125,0.99751,0.36413,0.00000,0.00056,0.63530
93.40125,0.99750,0.61872,0.00000,0.00029,0.38099
93.50125,0.99750,0.91591,0.00000,0.00001,0.08408
93.60125,0.99750,0.97694,0.00000,0.00000,0.02305
93.70125,0.99751,0.99428,0.00000,0.00000,0.00572
93.80125,0.99751,0.99928,0.00000,0.00000,0.00072
93.90125,0.99750,0.99989,0.00000,0.00000,0.00011
94.00125,0.99750,0.99998,0.00000,0.00000,0.00002
94.10125,0.99750,0.99999,0.00000,0.00000,0.00001
94.20125,0.99751,0.99999,0.00000,0.00000,0.00001
94.30125,0.99751,0.99998,0.00000,0.00000,0.00002
94.40125,0.99750,0.99987,0.00000,0.00000,0.00013
94.50125,0.99750,0.99916,0.00000,0.00000,0.00084
94.60125,0.99750,0.99500,0.00000,0.00000,0.00500
94.70125,0.99751,0.95094,0.00000,0.00000,0.04906
94.80125,0.99751,0.51007,0.00000,0.00006,0.48987
94.90125,0.99750,0.21984,0.00000,0.00016,0.78000
95.00125,0.99750,0.16248,0.00000,0.00040,0.83713
95.10125,0.99750,0.41421,0.00000,0.00012,0.58567
95.20125,0.99751,0.78164,0.00000,0.00001,0.21835
95.30125,0.99751,0.94936,0.00000,0.00000,0.05064
95.40125,0.99750,0.98972,0.00000,0.00000,0.01028
95.50125,0.99750,0.99811,0.00000,0.00000,0.00189
95.60125,0.99750,0.99981,0.00000,0.00000,0.00019
95.70125,0.99751,0.99997,0.00000,0.00000,0.00003
95.80125,0.99751,1.00000,0.00000,0.00000,0.00000
95.90125,0.99750,1.00000,0.00000,0.00000,0.00000
96.00125,0.99750,0.99999,0.00000,0.00000,0.00001
96.10125,0.99750,0.99994,0.00000,0.00000,0.00006
96.20125,0.99751,0.99961,0.00000,0.00000,0.00039
96.30125,0.99751,0.99702,0.00000,0.00000,0.00298
96.40125,0.99750,0.97457,0.00000,0.00000,0.02543
96.50125,0.99750,0.62762,0.00000,0.00002,0.37236
96.60125,0.99750,0.63026,0.00000,0.00002,0.36972
96.70125,0.99751,0.38890,0.00000,0.00011,0.61098
96.80125,0.99751,0.70811,0.00000,0.00012,0.29177
96.90125,0.99750,0.94043,0.00000,0.00000,0.05957
97.00125,0.99750,0.99070,0.00000,0.00000,0.00930
97.10125,0.99750,0.99779,0.00000,0.00000,0.00221
97.20125,0.99751,0.99964,0.00000,0.00000,0.00036
97.30125,0.99751,0.99995,0.00000,0.00000,0.00005
97.40125,0.99750,0.99999,0.00000,0.00000,0.00001
97.50125,0.99750,0.99999,0.00000,0.00000,0.00001
97.60125,0.99750,1.00000,0.00000,0.00000,0.00000
97.70125,0.99751,1.00000,0.00000,0.00000,0.00000
97.80125,0.99751,0.99998,0.00000,0.00000,0.00002
97.90125,0.99750,0.99984,0.00000,0.00000,0.00016
98.00125,0.99750,0.99930,0.00000,0.00000,0.00070
98.10125,0.99750,0.99506,0.00000,0.00000,0.00494
98.20125,0.99751,0.97510,0.00000,0.00000,0.02490
98.30125,0.99751,0.83834,0.00000,0.00001,0.16166
98.40125,0.99750,0.39596,0.00000,0.00006,0.60398
98.50125,0.99750,0.19677,0.00000,0.00011,0.80312
98.60125,0.99750,0.41503,0.00000,0.00006,0.58491
98.70125,0.99751,0.73469,0.00000,0.00001,0.26530
98.80125,0.99751,0.94574,0.00000,0.00000,0.05426
98.90125,0.99750,0.98206,0.00000,0.00000,0.01794
99.00125,0.99750,0.99552,0.00000,0.00000,0.00448
99.10125,0.99750,0.99963,0.00000,0.00000,0.00037
99.20125,0.99751,0.99993,0.00000,0.00000,0.00007
99.30125,0.99751,0.99999,0.00000,0.00000,0.00001
99.40125,0.99750,1.00000,0.00000,0.00000,0.00000
99.50125,0.99750,1.00000,0.00000,0.00000,0.00000
99.60125,0.99750,0.99999,0.00000,0.00000,0.00001
99.70125,0.99751,0.99996,0.00000,0.00000,0.00004
99.80125,0.99751,0.99985,0.00000,0.00000,0.00015
99.90125,0.99750,0.99869,0.00000,0.00000,0.00131
100.00125,0.99750,0.98379,0.00000,0.00000,0.01621
100.10125,0.99750,0.81323,0.00000,0.00000,0.18676
100.20125,0.99751,0.70195,0.00000,0.00002,0.29804
100.30125,0.99751,0.44380,0.00000,0.00009,0.55611
100.40125,0.99750,0.71831,0.00000,0.00007,0.28162
100.50125,0.99750,0.93173,0.00000,0.00001,0.06827
100.60125,0.99750,0.98454,0.00000,0.00000,0.01546
100.70125,0.99751,0.99699,0.00000,0.00000,0.00301
100.80125,0.99751,0.99923,0.00000,0.00000,0.00077
100.90125,0.99750,0.99989,0.00000,0.00000,0.00011
101.00125,0.99750,0.99998,0.00000,0.00000,0.00002
101.10125,0.99750,0.99999,0.00000,0.00000,0.00001
101.20125,0.99751,1.00000,0.00000,0.00000,0.00000
101.30125,0.99751,0.99999,0.00000,0.00000,0.00001
101.40125,0.99750,0.99996,0.00000,0.00000,0.00004
101.50125,0.99750,0.99979,0.00000,0.00000,0.00021
101.60125,0.99750,0.99880,0.00000,0.00000,0.00120
101.70125,0.99751,0.99264,0.00000,0.00000,0.00736
101.80125,0.99751,0.94678,0.00000,0.00000,0.05322
101.90125,0.99750,0.69587,0.00000,0.00005,0.30408
102.00125,0.99750,0.46310,0.00000,0.00018,0.53672
102.10125,0.99750,0.46586,0.00000,0.00032,0.53382
102.20125,0.99751,0.82673,0.00000,0.00008,0.17319
102.30125,0.99751,0.96383,0.00000,0.00000,0.03616
102.40125,0.99750,0.99202,0.00000,0.00000,0.00798
102.50125,0.99750,0.99820,0.00000,0.00000,0.00180
102.60125,0.99750,0.99973,0.00000,0.00000,0.00027
102.70125,0.99751,0.99996,0.00000,0.00000,0.00004
102.80125,0.99751,0.99999,0.00000,0.00000,0.00001
102.90125,0.99750,1.00000,0.00000,0.00000,0.00000
103.00125,0.99750,1.00000,0.00000,0.00000,0.00000
103.10125,0.99750,1.00000,0.00000,0.00000,0.00000
103.20125,0.99751,0.99995,0.00000,0.00000,0.00005
103.30125,0.99751,0.99967,0.00000,0.00000,0.00033
103.40125,0.99750,0.99798,0.00000,0.00000,0.00202
103.50125,0.99750,0.97353,0.00000,0.00000,0.02647
103.60125,0.99750,0.64819,0.00000,0.00002,0.35180
103.70125,0.99751,0.26494,0.00000,0.00009,0.73497
103.80125,0.99751,0.11975,0.00000,0.00039,0.87986
103.90125,0.99750,0.28211,0.00000,0.00063,0.71726
104.00125,0.99750,0.69241,0.00000,0.00007,0.30752
104.10125,0.99750,0.92070,0.00000,0.00001,0.07929
104.20125,0.99751,0.98093,0.00000,0.00000,0.01907
104.30125,0.99751,0.99647,0.00000,0.00000,0.00353
104.40125,0.99750,0.99971,0.00000,0.00000,0.00029
104.50125,0.99750,0.99997,0.00000,0.00000,0.00003
104.60125,0.99750,0.99999,0.00000,0.00000,0.00001
104.70125,0.99751,1.00000,0.00000,0.00000,0.00000
104.80125,0.99751,1.00000,0.00000,0.00000,0.00000
104.90125,0.99750,0.99999,0.00000,0.00000,0.00001
105.00125,0.99750,0.99993,0.00000,0.00000,0.00007
105.10125,0.99750,0.99956,0.00000,0.00000,0.00044
105.20125,0.99751,0.99743,0.00000,0.00000,0.00257
105.30125,0.99751,0.97269,0.00000,0.00000,0.02731
105.40125,0.99750,0.59566,0.00000,0.00003,0.40431
105.50125,0.99750,0.31078,0.00000,0.00013,0.68909
105.60125,0.99750,0.19587,0.00000,0.00041,0.80372
105.70125,0.99751,0.65237,0.00000,0.00066,0.34697
105.80125,0.99751,0.90915,0.00000,0.00005,0.09080
105.90125,0.99750,0.97133,0.00000,0.00001,0.02866
106.00125,0.99750,0.99341,0.00000,0.00000,0.00659
106.10125,0.99750,0.99878,0.00000,0.00000,0.00122
106.20125,0.99751,0.99984,0.00000,0.00000,0.00016
106.30125,0.99751,0.99998,0.00000,0.00000,0.00002
106.40125,0.99750,0.99999,0.00000,0.00000,0.00001
106.50125,0.99750,1.00000,0.00000,0.00000,0.00000
106.60125,0.99750,1.00000,0.00000,0.00000,0.00000
106.70125,0.99751,0.99995,0.00000,0.00000,0.00005
106.80125,0.99751,0.99976,0.00000,0.00000,0.00024
106.90125,0.99750,0.99868,0.00000,0.00000,0.00132
107.00125,0.99750,0.99141,0.00000,0.00000,0.00859
107.10125,0.99750,0.87919,0.00000,0.00001,0.12081
107.20125,0.99751,0.44162,0.00000,0.00006,0.55832
107.30125,0.99751,0.42696,0.00000,0.00007,0.57297
107.40125,0.99750,0.49548,0.00000,0.00003,0.50448
107.50125,0.99750,0.75234,0.00000,0.00001,0.24765
107.60125,0.99750,0.90600,0.00000,0.00000,0.09400
107.70125,0.99751,0.98384,0.00000,0.00000,0.01616
107.80125,0.99751,0.99631,0.00000,0.00000,0.00369
107.90125,0.99750,0.99957,0.00000,0.00000,0.00043
108.00125,0.99750,0.99989,0.00000,0.00000,0.00011
108.10125,0.99750,0.99998,0.00000,0.00000,0.00001
108.20125,0.99751,1.00000,0.00000,0.00000,0.00000
108.30125,0.99751,0.99999,0.00000,0.00000,0.00000
108.40125,0.99750,0.99998,0.00000,0.00000,0.00002
108.50125,0.99750,0.99994,0.00000,0.00000,0.00006
108.60125,0.99750,0.99949,0.00000,0.00000,0.00051
108.70125,0.99751,0.99573,0.00000,0.00000,0.00427
108.80125,0.99751,0.97883,0.00000,0.00000,0.02116
108.90125,0.99750,0.82646,0.00000,0.00002,0.17352
109.00125,0.99750,0.44432,0.00000,0.00025,0.55543
109.10125,0.99750,0.27671,0.00000,0.00085,0.72245
109.20125,0.99751,0.65439,0.00000,0.00067,0.34494
109.30125,0.99751,0.92171,0.00000,0.00004,0.07825
109.40125,0.99750,0.98222,0.00000,0.00000,0.01778
109.50125,0.99750,0.99550,0.00000,0.00000,0.00450
109.60125,0.99750,0.99952,0.00000,0.00000,0.00048
109.70125,0.99751,0.99994,0.00000,0.00000,0.00006
109.80125,0.99751,0.99999,0.00000,0.00000,0.00001
109.90125,0.99750,1.00000,0.00000,0.00000,0.00000
110.00125,0.99750,1.00000,0.00000,0.00000,0.00000
110.10125,0.99750,1.00000,0.00000,0.00000,0.00000
110.20125,0.99751,0.99997,0.00000,0.00000,0.00003
110.30125,0.99751,0.99976,0.00000,0.00000,0.00024
110.40125,0.99750,0.99870,0.00000,0.00000,0.00130
110.50125,0.99750,0.99088,0.00000,0.00000,0.00912
110.60125,0.99750,0.91157,0.00000,0.00000,0.08843
110.70125,0.99751,0.56106,0.00000,0.00002,0.43892
110.80125,0.99751,0.38904,0.00000,0.00014,0.61082
110.90125,0.99750,0.43981,0.00000,0.00013,0.56006
111.00125,0.99750,0.79995,0.00000,0.00001,0.20004
111.10125,0.99750,0.96726,0.00000,0.00000,0.03274
111.20125,0.99751,0.99321,0.00000,0.00000,0.00679
111.30125,0.99751,0.99765,0.00000,0.00000,0.00235
111.40125,0.99750,0.99971,0.00000,0.00000,0.00029
111.50125,0.99750,0.99994,0.00000,0.00000,0.00006
111.60125,0.99750,0.99999,0.00000,0.00000,0.00001
111.70125,0.99751,1.00000,0.00000,0.00000,0.00000
111.80125,0.99751,1.00000,0.00000,0.00000,0.00000
111.90125,0.99750,0.99997,0.00000,0.00000,0.00003
112.00125,0.99750,0.99980,0.00000,0.00000,0.00020
112.10125,0.99750,0.99882,0.00000,0.00000,0.00118
112.20125,0.99751,0.99160,0.00000,0.00000,0.00840
112.30125,0.99751,0.90796,0.00000,0.00000,0.09204
112.40125,0.99750,0.36915,0.00000,0.00002,0.63083
112.50125,0.99750,0.14385,0.00000,0.00020,0.85595
112.60125,0.99750,0.13638,0.00000,0.00025,0.86337
112.70125,0.99751,0.26102,0.00000,0.00007,0.73891
112.80125,0.99751,0.68077,0.00000,0.00000,0.31922
112.90125,0.99750,0.91871,0.00000,0.00000,0.08129
113.00125,0.99750,0.97632,0.00000,0.00000,0.02368
113.10125,0.99750,0.99728,0.00000,0.00000,0.00272
113.20125,0.99751,0.99975,0.00000,0.00000,0.00025
113.30125,0.99751,0.99998,0.00000,0.00000,0.00002
113.40125,0.99750,1.00000,0.00000,0.00000,0.00000
113.50125,0.99750,1.00000,0.00000,0.00000,0.00000
113.60125,0.99750,1.00000,0.00000,0.00000,0.00000
113.70125,0.99751,0.99996,0.00000,0.00000,0.00004
113.80125,0.99751,0.99978,0.00000,0.00000,0.00022
113.90125,0.99750,0.99866,0.00000,0.00000,0.00134
114.00125,0.99750,0.98491,0.00000,0.00000,0.01509
114.10125,0.99750,0.84259,0.00000,0.00000,0.15741
114.20125,0.99751,0.30705,0.00000,0.00002,0.69293
114.30125,0.99751,0.11351,0.00000,0.00012,0.88637
114.40125,0.99750,0.34932,0.00000,0.00022,0.65045
114.50125,0.99750,0.79689,0.00000,0.00002,0.20309
114.60125,0.99750,0.93697,0.00000,0.00000,0.06303
114.70125,0.99751,0.97830,0.00000,0.00000,0.02170
114.80125,0.99751,0.99564,0.00000,0.00000,0.00436
114.90125,0.99750,0.99959,0.00000,0.00000,0.00041
115.00125,0.99750,0.99996,0.00000,0.00000,0.00004
115.10125,0.99750,0.99999,0.00000,0.00000,0.00001
115.20125,0.99751,1.00000,0.00000,0.00000,0.00000
115.30125,0.99751,1.00000,0.00000,0.00000,0.00000
115.40125,0.99750,1.00000,0.00000,0.00000,0.00000
115.50125,0.99750,0.99998,0.00000,0.00000,0.00002
115.60125,0.99750,0.99995,0.00000,0.00000,0.00005
115.70125,0.99751,0.99966,0.00000,0.00000,0.00034
115.80125,0.99751,0.99745,0.00000,0.00000,0.00255
115.90125,0.99750,0.97493,0.00000,0.00000,0.02507
116.00125,0.99750,0.77174,0.00000,0.00001,0.22825
116.10125,0.99750,0.51498,0.00000,0.00007,0.48495
116.20125,0.99751,0.56743,0.00000,0.00013,0.43245
116.30125,0.99751,0.75912,0.00000,0.00012,0.24076
116.40125,0.99750,0.94308,0.00000,0.00001,0.05692
116.50125,0.99750,0.98960,0.00000,0.00000,0.01040
116.60125,0.99750,0.99717,0.00000,0.00000,0.00283
116.70125,0.99751,0.99967,0.00000,0.00000,0.00033
116.80125,0.99751,0.99994,0.00000,0.00000,0.00006
116.90125,0.99750,0.99999,0.00000,0.00000,0.00001
117.00125,0.99750,1.00000,0.00000,0.00000,0.00000
117.10125,0.99750,1.00000,0.00000,0.00000,0.00000
117.20125,0.99751,0.99999,0.00000,0.00000,0.00001
117.30125,0.99751,0.99994,0.00000,0.00000,0.00006
117.40125,0.99750,0.99962,0.00000,0.00000,0.00038
117.50125,0.99750,0.99698,0.00000,0.00000,0.00302
117.60125,0.99750,0.95691,0.00000,0.00000,0.04309
117.70125,0.99751,0.70853,0.00000,0.00002,0.29145
117.80125,0.99751,0.32256,0.00000,0.00007,0.67737
117.90125,0.99750,0.21260,0.00000,0.00015,0.78725
118.00125,0.99750,0.54923,0.00000,0.00007,0.45070
118.10125,0.99750,0.82571,0.00000,0.00000,0.17428
118.20125,0.99751,0.95481,0.00000,0.00000,0.04519
118.30125,0.99751,0.97734,0.00000,0.00000,0.02265
118.40125,0.99750,0.99598,0.00000,0.00000,0.00402
118.50125,0.99750,0.99960,0.00000,0.00000,0.00040
118.60125,0.99750,0.99996,0.00000,0.00000,0.00004
118.70125,0.99751,0.99999,0.00000,0.00000,0.00001
118.80125,0.99751,1.00000,0.00000,0.00000,0.00000
118.90125,0.99750,0.99999,0.00000,0.00000,0.00001
119.00125,0.99750,0.99993,0.00000,0.00000,0.00007
119.10125,0.99750,0.99966,0.00000,0.00000,0.00034
119.20125,0.99751,0.99879,0.00000,0.00000,0.00121
119.30125,0.99751,0.99294,0.00000,0.00000,0.00706
119.40125,0.99750,0.94006,0.00000,0.00000,0.05994
119.50125,0.99750,0.37135,0.00000,0.00001,0.62864
119.60125,0.99750,0.23121,0.00000,0.00003,0.76877
119.70125,0.99751,0.48424,0.00000,0.00004,0.51572
119.80125,0.99751,0.69121,0.00000,0.00001,0.30877
119.90125,0.99750,0.84954,0.00000,0.00001,0.15045
120.00125,0.99750,0.89705,0.00001,0.00002,0.10293
120.10125,0.99750,0.91273,0.00001,0.00020,0.08706
120.20125,0.99751,0.97225,0.00000,0.00016,0.02759
120.30125,0.99751,0.98504,0.00000,0.00003,0.01492
120.40125,0.99750,0.99462,0.00000,0.00001,0.00537
120.50125,0.99750,0.99684,0.00000,0.00001,0.00316
120.60125,0.99750,0.99703,0.00000,0.00001,0.00297
120.70125,0.99751,0.99804,0.00000,0.00000,0.00195
120.80125,0.99751,0.99909,0.00000,0.00000,0.00091
