Time (seconds), Duration (seconds),pred_(unlabeled),pred_Jab_R,pred_Sidehook_R,pred_Uppercut_R
0.00125,0.99750,0.99999,0.00000,0.00000,0.00001
0.10125,0.99750,0.99999,0.00000,0.00000,0.00001
0.20125,0.99750,1.00000,0.00000,0.00000,0.00000
0.30125,0.99750,1.00000,0.00000,0.00000,0.00000
0.40125,0.99750,1.00000,0.00000,0.00000,0.00000
0.50125,0.99750,1.00000,0.00000,0.00000,0.00000
0.60125,0.99750,1.00000,0.00000,0.00000,0.00000
0.70125,0.99750,0.99999,0.00000,0.00000,0.00001
0.80125,0.99750,0.99999,0.00000,0.00000,0.00001
0.90125,0.99750,0.99999,0.00000,0.00000,0.00001
1.00125,0.99750,0.99999,0.00000,0.00000,0.00001
1.10125,0.99750,0.99999,0.00000,0.00000,0.00001
1.20125,0.99750,0.99999,0.00000,0.00000,0.00001
1.30125,0.99750,1.00000,0.00000,0.00000,0.00000
1.40125,0.99750,1.00000,0.00000,0.00000,0.00000
1.50125,0.99750,0.99999,0.00000,0.00000,0.00001
1.60125,0.99750,0.99999,0.00000,0.00000,0.00001
1.70125,0.99750,0.99999,0.00000,0.00000,0.00001
1.80125,0.99750,0.99996,0.00003,0.00000,0.00001
1.90125,0.99750,0.99961,0.00038,0.00000,0.00001
2.00125,0.99750,0.99500,0.00499,0.00000,0.00001
2.10125,0.99750,0.93909,0.06082,0.00006,0.00002
2.20125,0.99750,0.55278,0.44645,0.00074,0.00003
2.30125,0.99750,0.17043,0.82813,0.00141,0.00003
2.40125,0.99750,0.34353,0.65557,0.00087,0.00004
2.50125,0.99750,0.87184,0.12798,0.00013,0.00004
2.60125,0.99750,0.99359,0.00634,0.00002,0.00005
2.70125,0.99750,0.99951,0.00044,0.00002,0.00003
2.80125,0.99750,0.99990,0.00004,0.00000,0.00006
2.90125,0.99750,0.99996,0.00000,0.00000,0.00004
3.00125,0.99750,0.99998,0.00000,0.00000,0.00002
3.10125,0.99750,0.99999,0.00000,0.00000,0.00001
3.20125,0.99750,0.99999,0.00000,0.00000,0.00001
3.30125,0.99750,0.99999,0.00000,0.00000,0.00001
3.40125,0.99750,0.99999,0.00000,0.00000,0.00001
3.50125,0.99750,0.99998,0.00001,0.00000,0.00001
3.60125,0.99750,0.99992,0.00007,0.00000,0.00000
3.70125,0.99750,0.99910,0.00090,0.00000,0.00001
3.80125,0.99750,0.98740,0.01259,0.00000,0.00001
3.90125,0.99750,0.84784,0.15209,0.00005,0.00002
4.00125,0.99750,0.29791,0.70172,0.00036,0.00002
4.10125,0.99750,0.14118,0.85840,0.00040,0.00001
4.20125,0.99750,0.62478,0.37503,0.00016,0.00002
4.30125,0.99750,0.95898,0.04099,0.00002,0.00002
4.40125,0.99750,0.99772,0.00225,0.00000,0.00002
4.50125,0.99750,0.99975,0.00024,0.00000,0.00001
4.60125,0.99750,0.99993,0.00003,0.00000,0.00004
4.70125,0.99750,0.99997,0.00000,0.00000,0.00003
4.80125,0.99750,0.99998,0.00000,0.00000,0.00002
4.90125,0.99750,0.99999,0.00000,0.00000,0.00001
5.00125,0.99750,1.00000,0.00000,0.00000,0.00000
5.10125,0.99750,0.99999,0.00000,0.00000,0.00001
5.20125,0.99750,0.99998,0.00000,0.00000,0.00001
5.30125,0.99750,0.99998,0.00001,0.00000,0.00001
5.40125,0.99750,0.99994,0.00006,0.00000,0.00001
5.50125,0.99750,0.99926,0.00073,0.00000,0.00001
5.60125,0.99750,0.99045,0.00953,0.00000,0.00002
5.70125,0.99750,0.88597,0.11395,0.00004,0.00003
5.80125,0.99750,0.39365,0.60601,0.00031,0.00004
5.90125,0.99750,0.17864,0.82099,0.00034,0.00003
6.00125,0.99750,0.54325,0.45655,0.00015,0.00005
6.10125,0.99750,0.94904,0.05089,0.00002,0.00006
6.20125,0.99750,0.99745,0.00251,0.00001,0.00002
6.30125,0.99750,0.99973,0.00023,0.00001,0.00003
6.40125,0.99750,0.99992,0.00002,0.00000,0.00005
6.50125,0.99750,0.99997,0.00000,0.00000,0.00002
6.60125,0.99750,0.99998,0.00000,0.00000,0.00002
6.70125,0.99750,0.99999,0.00000,0.00000,0.00001
6.80125,0.99750,1.00000,0.00000,0.00000,0.00000
6.90125,0.99750,0.99999,0.00000,0.00000,0.00001
7.00125,0.99750,0.99999,0.00000,0.00000,0.00001
7.10125,0.99750,0.99996,0.00000,0.00000,0.00003
7.20125,0.99750,0.99994,0.00004,0.00000,0.00002
7.30125,0.99750,0.99964,0.00035,0.00000,0.00001
7.40125,0.99750,0.99509,0.00490,0.00000,0.00002
7.50125,0.99750,0.93409,0.06587,0.00001,0.00003
7.60125,0.99750,0.50328,0.49657,0.00012,0.00003
7.70125,0.99750,0.07917,0.92054,0.00028,0.00002
7.80125,0.99750,0.15949,0.84030,0.00019,0.00002
7.90125,0.99750,0.69017,0.30971,0.00008,0.00003
8.00125,0.99750,0.97551,0.02444,0.00001,0.00004
8.10125,0.99750,0.99887,0.00111,0.00001,0.00001
8.20125,0.99750,0.99988,0.00010,0.00001,0.00002
8.30125,0.99750,0.99995,0.00001,0.00000,0.00004
8.40125,0.99750,0.99998,0.00000,0.00000,0.00002
8.50125,0.99750,0.99999,0.00000,0.00000,0.00001
8.60125,0.99750,0.99999,0.00000,0.00000,0.00001
8.70125,0.99750,0.99999,0.00000,0.00000,0.00001
8.80125,0.99750,0.99998,0.00000,0.00000,0.00001
8.90125,0.99750,0.99998,0.00001,0.00000,0.00001
9.00125,0.99750,0.99992,0.00008,0.00000,0.00001
9.10125,0.99750,0.99879,0.00120,0.00000,0.00001
9.20125,0.99750,0.98380,0.01617,0.00000,0.00002
9.30125,0.99750,0.81622,0.18367,0.00007,0.00004
9.40125,0.99750,0.26511,0.73442,0.00043,0.00004
9.50125,0.99750,0.26042,0.73918,0.00037,0.00004
9.60125,0.99750,0.76851,0.23134,0.00011,0.00004
9.70125,0.99750,0.98099,0.01897,0.00001,0.00003
9.80125,0.99750,0.99908,0.00090,0.00000,0.00001
9.90125,0.99750,0.99990,0.00008,0.00000,0.00002
10.00125,0.99750,0.99995,0.00001,0.00000,0.00004
10.10125,0.99750,0.99998,0.00000,0.00000,0.00002
10.20125,0.99750,0.99999,0.00000,0.00000,0.00001
10.30125,0.99750,0.99999,0.00000,0.00000,0.00001
10.40125,0.99750,0.99999,0.00000,0.00000,0.00001
10.50125,0.99750,0.99999,0.00000,0.00000,0.00001
10.60125,0.99750,0.99998,0.00000,0.00000,0.00002
10.70125,0.99750,0.99996,0.00004,0.00000,0.00001
10.80125,0.99750,0.99951,0.00048,0.00000,0.00001
10.90125,0.99750,0.99345,0.00653,0.00000,0.00002
11.00125,0.99750,0.91751,0.08243,0.00003,0.00003
11.10125,0.99750,0.47640,0.52327,0.00028,0.00005
11.20125,0.99750,0.27558,0.72399,0.00039,0.00005
11.30125,0.99750,0.67101,0.32880,0.00014,0.00005
11.40125,0.99750,0.96631,0.03365,0.00002,0.00003
11.50125,0.99750,0.99820,0.00178,0.00000,0.00002
11.60125,0.99750,0.99988,0.00011,0.00000,0.00001
11.70125,0.99750,0.99995,0.00001,0.00000,0.00004
11.80125,0.99750,0.99998,0.00000,0.00000,0.00002
11.90125,0.99750,0.99999,0.00000,0.00000,0.00001
12.00125,0.99750,0.99999,0.00000,0.00000,0.00001
12.10125,0.99750,1.00000,0.00000,0.00000,0.00000
12.20125,0.99750,1.00000,0.00000,0.00000,0.00000
12.30125,0.99750,0.99999,0.00000,0.00000,0.00001
12.40125,0.99750,0.99999,0.00000,0.00000,0.00001
12.50125,0.99750,0.99996,0.00000,0.00000,0.00003
12.60125,0.99750,0.99994,0.00004,0.00000,0.00002
12.70125,0.99750,0.99948,0.00050,0.00000,0.00002
12.80125,0.99750,0.99284,0.00713,0.00000,0.00003
12.90125,0.99750,0.90727,0.09267,0.00001,0.00005
13.00125,0.99750,0.42576,0.57404,0.00014,0.00006
13.10125,0.99750,0.08493,0.91479,0.00025,0.00004
13.20125,0.99750,0.34926,0.65048,0.00020,0.00007
13.30125,0.99750,0.86161,0.13829,0.00004,0.00006
13.40125,0.99750,0.98999,0.00994,0.00000,0.00007
13.50125,0.99750,0.99938,0.00059,0.00001,0.00002
13.60125,0.99750,0.99989,0.00006,0.00000,0.00005
13.70125,0.99750,0.99995,0.00001,0.00000,0.00004
13.80125,0.99750,0.99998,0.00000,0.00000,0.00002
13.90125,0.99750,0.99997,0.00000,0.00000,0.00003
14.00125,0.99750,0.99997,0.00000,0.00000,0.00003
14.10125,0.99750,0.99998,0.00000,0.00000,0.00002
14.20125,0.99750,0.99996,0.00001,0.00000,0.00003
14.30125,0.99750,0.99989,0.00010,0.00000,0.00001
14.40125,0.99750,0.99880,0.00119,0.00000,0.00001
14.50125,0.99750,0.98573,0.01424,0.00000,0.00002
14.60125,0.99750,0.85180,0.14809,0.00006,0.00005
14.70125,0.99750,0.36070,0.63890,0.00033,0.00007
14.80125,0.99750,0.29490,0.70472,0.00033,0.00006
14.90125,0.99750,0.76735,0.23249,0.00010,0.00006
15.00125,0.99750,0.97715,0.02281,0.00001,0.00003
15.10125,0.99750,0.99878,0.00119,0.00000,0.00003
15.20125,0.99750,0.99988,0.00010,0.00000,0.00002
15.30125,0.99750,0.99993,0.00001,0.00000,0.00006
15.40125,0.99750,0.99997,0.00000,0.00000,0.00003
15.50125,0.99750,0.99999,0.00000,0.00000,0.00001
15.60125,0.99750,0.99999,0.00000,0.00000,0.00001
15.70125,0.99750,0.99999,0.00000,0.00000,0.00001
15.80125,0.99750,0.99999,0.00000,0.00000,0.00001
15.90125,0.99750,0.99995,0.00000,0.00000,0.00004
16.00125,0.99750,0.99994,0.00004,0.00000,0.00001
16.10125,0.99750,0.99943,0.00056,0.00000,0.00001
16.20125,0.99750,0.99243,0.00754,0.00000,0.00002
16.30125,0.99750,0.90640,0.09348,0.00008,0.00004
16.40125,0.99750,0.45235,0.54683,0.00077,0.00005
16.50125,0.99750,0.12321,0.87536,0.00140,0.00003
16.60125,0.99750,0.37161,0.62757,0.00078,0.00005
16.70125,0.99750,0.86392,0.13588,0.00016,0.00004
16.80125,0.99750,0.99031,0.00964,0.00001,0.00004
16.90125,0.99750,0.99939,0.00058,0.00002,0.00001
17.00125,0.99750,0.99988,0.00006,0.00001,0.00005
17.10125,0.99750,0.99996,0.00001,0.00000,0.00004
17.20125,0.99750,0.99998,0.00000,0.00000,0.00002
17.30125,0.99750,0.99996,0.00000,0.00000,0.00004
17.40125,0.99750,0.99997,0.00000,0.00000,0.00003
17.50125,0.99750,0.99995,0.00000,0.00000,0.00004
17.60125,0.99750,0.99994,0.00004,0.00000,0.00003
17.70125,0.99750,0.99963,0.00036,0.00000,0.00001
17.80125,0.99750,0.99529,0.00469,0.00000,0.00002
17.90125,0.99750,0.94381,0.05616,0.00001,0.00003
18.00125,0.99750,0.58512,0.41476,0.00007,0.00004
18.10125,0.99750,0.11568,0.88406,0.00023,0.00003
18.20125,0.99750,0.20136,0.79842,0.00018,0.00004
18.30125,0.99750,0.75173,0.24815,0.00007,0.00004
18.40125,0.99750,0.97841,0.02154,0.00001,0.00004
18.50125,0.99750,0.99889,0.00109,0.00001,0.00002
18.60125,0.99750,0.99984,0.00013,0.00001,0.00002
18.70125,0.99750,0.99993,0.00001,0.00000,0.00006
18.80125,0.99750,0.99997,0.00000,0.00000,0.00003
18.90125,0.99750,0.99998,0.00000,0.00000,0.00002
19.00125,0.99750,0.99998,0.00000,0.00000,0.00002
19.10125,0.99750,0.99999,0.00000,0.00000,0.00001
19.20125,0.99750,0.99998,0.00000,0.00000,0.00002
19.30125,0.99750,0.99995,0.00004,0.00000,0.00001
19.40125,0.99750,0.99943,0.00056,0.00000,0.00001
19.50125,0.99750,0.99264,0.00734,0.00000,0.00002
19.60125,0.99750,0.91708,0.08285,0.00004,0.00003
19.70125,0.99750,0.54656,0.45308,0.00031,0.00006
19.80125,0.99750,0.50463,0.49502,0.00030,0.00005
19.90125,0.99750,0.81895,0.18088,0.00012,0.00004
20.00125,0.99750,0.98272,0.01725,0.00001,0.00002
20.10125,0.99750,0.99894,0.00104,0.00000,0.00002
20.20125,0.99750,0.99990,0.00009,0.00000,0.00001
20.30125,0.99750,0.99996,0.00001,0.00000,0.00003
20.40125,0.99750,0.99998,0.00000,0.00000,0.00002
20.50125,0.99750,0.99997,0.00000,0.00000,0.00003
20.60125,0.99750,0.99998,0.00000,0.00000,0.00002
20.70125,0.99750,0.99997,0.00000,0.00000,0.00003
20.80125,0.99750,0.99996,0.00003,0.00000,0.00002
20.90125,0.99750,0.99970,0.00029,0.00000,0.00001
21.00125,0.99750,0.99651,0.00347,0.00000,0.00002
21.10125,0.99750,0.95964,0.04031,0.00001,0.00004
21.20125,0.99750,0.67862,0.32120,0.00011,0.00007
21.30125,0.99750,0.16521,0.83434,0.00038,0.00007
21.40125,0.99750,0.20409,0.79548,0.00036,0.00007
21.50125,0.99750,0.73519,0.26457,0.00014,0.00009
21.60125,0.99750,0.97710,0.02279,0.00001,0.00010
21.70125,0.99750,0.99898,0.00097,0.00002,0.00003
21.80125,0.99750,0.99981,0.00011,0.00001,0.00007
21.90125,0.99750,0.99990,0.00001,0.00000,0.00009
22.00125,0.99750,0.99991,0.00000,0.00000,0.00009
22.10125,0.99750,0.99991,0.00000,0.00000,0.00009
22.20125,0.99750,0.99994,0.00001,0.00000,0.00006
22.30125,0.99750,0.99997,0.00001,0.00000,0.00002
22.40125,0.99750,0.99988,0.00010,0.00000,0.00001
22.50125,0.99750,0.99863,0.00135,0.00000,0.00002
22.60125,0.99750,0.98201,0.01794,0.00001,0.00003
22.70125,0.99750,0.80628,0.19341,0.00025,0.00006
22.80125,0.99750,0.29382,0.70483,0.00128,0.00007
22.90125,0.99750,0.34597,0.65297,0.00099,0.00007
23.00125,0.99750,0.84789,0.15188,0.00016,0.00006
23.10125,0.99750,0.98794,0.01201,0.00001,0.00003
23.20125,0.99750,0.99934,0.00064,0.00000,0.00002
23.30125,0.99750,0.99992,0.00006,0.00000,0.00002
23.40125,0.99750,0.99997,0.00000,0.00000,0.00003
23.50125,0.99750,0.99998,0.00000,0.00000,0.00002
23.60125,0.99750,0.99997,0.00000,0.00000,0.00003
23.70125,0.99750,0.99997,0.00000,0.00000,0.00002
23.80125,0.99750,0.99996,0.00000,0.00000,0.00003
23.90125,0.99750,0.99994,0.00002,0.00000,0.00004
24.00125,0.99750,0.99970,0.00027,0.00000,0.00002
24.10125,0.99750,0.99624,0.00371,0.00000,0.00005
24.20125,0.99750,0.95042,0.04948,0.00002,0.00008
24.30125,0.99750,0.60267,0.39698,0.00023,0.00012
24.40125,0.99750,0.16658,0.83273,0.00058,0.00010
24.50125,0.99750,0.27001,0.72945,0.00041,0.00013
24.60125,0.99750,0.77792,0.22183,0.00011,0.00014
24.70125,0.99750,0.98042,0.01946,0.00001,0.00011
24.80125,0.99750,0.99881,0.00114,0.00000,0.00004
24.90125,0.99750,0.99986,0.00010,0.00000,0.00004
25.00125,0.99750,0.99993,0.00001,0.00000,0.00006
25.10125,0.99750,0.99997,0.00000,0.00000,0.00003
25.20125,0.99750,0.99998,0.00000,0.00000,0.00002
25.30125,0.99750,0.99999,0.00000,0.00000,0.00001
25.40125,0.99750,0.99999,0.00000,0.00000,0.00001
25.50125,0.99750,0.99999,0.00000,0.00000,0.00001
25.60125,0.99750,0.99997,0.00000,0.00000,0.00003
25.70125,0.99750,0.99996,0.00002,0.00000,0.00002
25.80125,0.99750,0.99968,0.00030,0.00000,0.00001
25.90125,0.99750,0.99575,0.00423,0.00000,0.00002
26.00125,0.99750,0.94495,0.05497,0.00003,0.00004
26.10125,0.99750,0.60801,0.39163,0.00030,0.00007
26.20125,0.99750,0.19528,0.80403,0.00063,0.00006
26.30125,0.99750,0.31469,0.68473,0.00050,0.00008
26.40125,0.99750,0.84608,0.15372,0.00013,0.00008
26.50125,0.99750,0.98800,0.01192,0.00001,0.00007
26.60125,0.99750,0.99928,0.00068,0.00002,0.00002
26.70125,0.99750,0.99989,0.00006,0.00000,0.00004
26.80125,0.99750,0.99995,0.00000,0.00000,0.00004
26.90125,0.99750,0.99997,0.00000,0.00000,0.00003
27.00125,0.99750,0.99998,0.00000,0.00000,0.00002
27.10125,0.99750,0.99998,0.00000,0.00000,0.00002
27.20125,0.99750,0.99998,0.00000,0.00000,0.00002
27.30125,0.99750,0.99995,0.00001,0.00000,0.00004
27.40125,0.99750,0.99990,0.00008,0.00000,0.00002
27.50125,0.99750,0.99922,0.00077,0.00000,0.00001
27.60125,0.99750,0.99053,0.00946,0.00000,0.00002
27.70125,0.99750,0.88362,0.11633,0.00002,0.00002
27.80125,0.99750,0.36618,0.63359,0.00021,0.00002
27.90125,0.99750,0.06546,0.93419,0.00033,0.00001
28.00125,0.99750,0.11388,0.88577,0.00034,0.00002
28.10125,0.99750,0.61790,0.38182,0.00024,0.00003
28.20125,0.99750,0.96405,0.03589,0.00002,0.00004
28.30125,0.99750,0.99823,0.00173,0.00002,0.00001
28.40125,0.99750,0.99977,0.00018,0.00001,0.00003
28.50125,0.99750,0.99992,0.00002,0.00000,0.00005
28.60125,0.99750,0.99988,0.00002,0.00000,0.00009
28.70125,0.99750,0.99987,0.00002,0.00000,0.00011
28.80125,0.99750,0.99986,0.00004,0.00000,0.00010
28.90125,0.99750,0.99993,0.00005,0.00000,0.00003
29.00125,0.99750,0.99969,0.00030,0.00000,0.00001
29.10125,0.99750,0.99574,0.00424,0.00000,0.00001
29.20125,0.99750,0.94262,0.05735,0.00001,0.00002
29.30125,0.99750,0.56325,0.43659,0.00014,0.00003
29.40125,0.99750,0.09382,0.90576,0.00040,0.00002
29.50125,0.99750,0.17900,0.82066,0.00033,0.00002
29.60125,0.99750,0.74742,0.25245,0.00010,0.00003
29.70125,0.99750,0.98028,0.01969,0.00001,0.00002
29.80125,0.99750,0.99920,0.00078,0.00001,0.00001
29.90125,0.99750,0.99992,0.00006,0.00000,0.00001
30.00125,0.99750,0.99996,0.00001,0.00000,0.00003
30.10125,0.99750,0.99994,0.00001,0.00000,0.00006
30.20125,0.99750,0.99989,0.00001,0.00000,0.00010
30.30125,0.99750,0.99993,0.00001,0.00000,0.00006
30.40125,0.99750,0.99992,0.00002,0.00000,0.00007
30.50125,0.99750,0.99982,0.00016,0.00000,0.00002
30.60125,0.99750,0.99756,0.00241,0.00000,0.00002
30.70125,0.99750,0.96438,0.03557,0.00001,0.00004
30.80125,0.99750,0.64647,0.35327,0.00020,0.00005
30.90125,0.99750,0.11553,0.88367,0.00077,0.00003
31.00125,0.99750,0.04471,0.95443,0.00084,0.00002
31.10125,0.99750,0.21146,0.78811,0.00038,0.00005
31.20125,0.99750,0.73706,0.26275,0.00013,0.00007
31.30125,0.99750,0.98119,0.01874,0.00001,0.00006
31.40125,0.99750,0.99854,0.00140,0.00003,0.00003
31.50125,0.99750,0.99976,0.00013,0.00001,0.00009
31.60125,0.99750,0.99986,0.00004,0.00000,0.00010
31.70125,0.99750,0.99979,0.00003,0.00000,0.00018
31.80125,0.99750,0.99979,0.00004,0.00000,0.00017
31.90125,0.99750,0.99977,0.00006,0.00000,0.00017
32.00125,0.99750,0.99985,0.00012,0.00000,0.00003
32.10125,0.99750,0.99901,0.00097,0.00000,0.00002
32.20125,0.99750,0.98752,0.01244,0.00001,0.00003
32.30125,0.99750,0.84049,0.15922,0.00025,0.00004
32.40125,0.99750,0.29590,0.70236,0.00171,0.00004
32.50125,0.99750,0.04363,0.95340,0.00296,0.00001
32.60125,0.99750,0.09656,0.90148,0.00194,0.00003
32.70125,0.99750,0.56461,0.43448,0.00086,0.00005
32.80125,0.99750,0.95222,0.04763,0.00010,0.00005
32.90125,0.99750,0.99755,0.00233,0.00010,0.00002
33.00125,0.99750,0.99969,0.00024,0.00003,0.00004
33.10125,0.99750,0.99986,0.00005,0.00001,0.00008
33.20125,0.99750,0.99981,0.00005,0.00000,0.00014
33.30125,0.99750,0.99982,0.00006,0.00000,0.00012
33.40125,0.99750,0.99979,0.00009,0.00000,0.00013
33.50125,0.99750,0.99990,0.00008,0.00000,0.00002
33.60125,0.99750,0.99938,0.00061,0.00000,0.00001
33.70125,0.99750,0.99171,0.00827,0.00000,0.00002
33.80125,0.99750,0.89927,0.10063,0.00006,0.00005
33.90125,0.99750,0.41306,0.58641,0.00048,0.00006
34.00125,0.99750,0.10563,0.89338,0.00095,0.00004
34.10125,0.99750,0.25397,0.74540,0.00057,0.00007
34.20125,0.99750,0.81075,0.18899,0.00019,0.00007
34.30125,0.99750,0.98477,0.01515,0.00001,0.00007
34.40125,0.99750,0.99929,0.00068,0.00001,0.00002
34.50125,0.99750,0.99984,0.00009,0.00001,0.00006
34.60125,0.99750,0.99990,0.00001,0.00000,0.00009
34.70125,0.99750,0.99996,0.00000,0.00000,0.00004
34.80125,0.99750,0.99998,0.00000,0.00000,0.00002
34.90125,0.99750,0.99999,0.00000,0.00000,0.00001
35.00125,0.99750,1.00000,0.00000,0.00000,0.00000
35.10125,0.99750,1.00000,0.00000,0.00000,0.00000
35.20125,0.99750,1.00000,0.00000,0.00000,0.00000
35.30125,0.99750,1.00000,0.00000,0.00000,0.00000
35.40125,0.99750,1.00000,0.00000,0.00000,0.00000
35.50125,0.99750,1.00000,0.00000,0.00000,0.00000
35.60125,0.99750,1.00000,0.00000,0.00000,0.00000
35.70125,0.99750,1.00000,0.00000,0.00000,0.00000
35.80125,0.99750,1.00000,0.00000,0.00000,0.00000
35.90125,0.99750,1.00000,0.00000,0.00000,0.00000
36.00125,0.99750,0.99999,0.00000,0.00000,0.00001
36.10125,0.99750,0.99998,0.00000,0.00000,0.00002
36.20125,0.99750,0.99993,0.00001,0.00000,0.00006
36.30125,0.99750,0.99991,0.00006,0.00000,0.00003
36.40125,0.99750,0.99924,0.00073,0.00000,0.00003
36.50125,0.99750,0.99166,0.00828,0.00000,0.00005
36.60125,0.99750,0.91538,0.08447,0.00005,0.00010
36.70125,0.99750,0.47527,0.52408,0.00053,0.00012
36.80125,0.99750,0.17618,0.82289,0.00084,0.00010
36.90125,0.99750,0.43858,0.56076,0.00055,0.00011
37.00125,0.99750,0.90480,0.09503,0.00009,0.00008
37.10125,0.99750,0.99399,0.00594,0.00001,0.00006
37.20125,0.99750,0.99961,0.00036,0.00001,0.00002
37.30125,0.99750,0.99992,0.00003,0.00000,0.00004
37.40125,0.99750,0.99995,0.00001,0.00000,0.00004
37.50125,0.99750,0.99993,0.00001,0.00000,0.00007
37.60125,0.99750,0.99995,0.00001,0.00000,0.00004
37.70125,0.99750,0.99993,0.00001,0.00000,0.00006
37.80125,0.99750,0.99994,0.00005,0.00000,0.00001
37.90125,0.99750,0.99953,0.00046,0.00000,0.00001
38.00125,0.99750,0.99416,0.00582,0.00000,0.00001
38.10125,0.99750,0.92288,0.07706,0.00003,0.00002
38.20125,0.99750,0.46360,0.53602,0.00035,0.00003
38.30125,0.99750,0.08419,0.91512,0.00068,0.00001
38.40125,0.99750,0.24548,0.75391,0.00059,0.00002
38.50125,0.99750,0.80750,0.19232,0.00016,0.00003
38.60125,0.99750,0.98610,0.01386,0.00001,0.00003
38.70125,0.99750,0.99932,0.00064,0.00003,0.00001
38.80125,0.99750,0.99988,0.00008,0.00001,0.00003
38.90125,0.99750,0.99994,0.00001,0.00000,0.00005
39.00125,0.99750,0.99997,0.00000,0.00000,0.00003
39.10125,0.99750,0.99999,0.00000,0.00000,0.00001
39.20125,0.99750,0.99999,0.00000,0.00000,0.00001
39.30125,0.99750,1.00000,0.00000,0.00000,0.00000
39.40125,0.99750,1.00000,0.00000,0.00000,0.00000
39.50125,0.99750,1.00000,0.00000,0.00000,0.00000
39.60125,0.99750,1.00000,0.00000,0.00000,0.00000
39.70125,0.99750,0.99999,0.00000,0.00000,0.00001
39.80125,0.99750,0.99999,0.00000,0.00000,0.00001
39.90125,0.99750,0.99997,0.00000,0.00000,0.00003
40.00125,0.99750,0.99996,0.00002,0.00000,0.00002
40.10125,0.99750,0.99977,0.00022,0.00000,0.00001
40.20125,0.99750,0.99705,0.00293,0.00000,0.00002
40.30125,0.99750,0.96070,0.03926,0.00002,0.00003
40.40125,0.99750,0.66047,0.33921,0.00028,0.00005
40.50125,0.99750,0.15277,0.84622,0.00098,0.00003
40.60125,0.99750,0.26487,0.73433,0.00077,0.00004
40.70125,0.99750,0.81465,0.18510,0.00021,0.00004
40.80125,0.99750,0.98166,0.01828,0.00002,0.00004
40.90125,0.99750,0.99895,0.00103,0.00001,0.00001
41.00125,0.99750,0.99987,0.00011,0.00001,0.00002
41.10125,0.99750,0.99994,0.00001,0.00000,0.00005
41.20125,0.99750,0.99997,0.00000,0.00000,0.00003
41.30125,0.99750,0.99998,0.00000,0.00000,0.00002
41.40125,0.99750,0.99999,0.00000,0.00000,0.00001
41.50125,0.99750,1.00000,0.00000,0.00000,0.00000
41.60125,0.99750,1.00000,0.00000,0.00000,0.00000
41.70125,0.99750,1.00000,0.00000,0.00000,0.00000
41.80125,0.99750,1.00000,0.00000,0.00000,0.00000
41.90125,0.99750,1.00000,0.00000,0.00000,0.00000
42.00125,0.99750,1.00000,0.00000,0.00000,0.00000
42.10125,0.99750,0.99999,0.00000,0.00000,0.00001
42.20125,0.99750,0.99999,0.00000,0.00000,0.00001
42.30125,0.99750,0.99999,0.00000,0.00000,0.00001
42.40125,0.99750,0.99998,0.00001,0.00000,0.00001
42.50125,0.99750,0.99988,0.00011,0.00000,0.00000
42.60125,0.99750,0.99844,0.00155,0.00000,0.00001
42.70125,0.99750,0.98058,0.01941,0.00000,0.00001
42.80125,0.99750,0.80652,0.19339,0.00008,0.00002
42.90125,0.99750,0.43783,0.56187,0.00027,0.00003
43.00125,0.99750,0.53916,0.46061,0.00020,0.00002
43.10125,0.99750,0.91166,0.08829,0.00004,0.00002
43.20125,0.99750,0.99212,0.00787,0.00000,0.00001
43.30125,0.99750,0.99932,0.00067,0.00000,0.00001
43.40125,0.99750,0.99984,0.00013,0.00000,0.00003
43.50125,0.99750,0.99990,0.00001,0.00000,0.00008
43.60125,0.99750,0.99995,0.00000,0.00000,0.00005
43.70125,0.99750,0.99997,0.00000,0.00000,0.00003
43.80125,0.99750,0.99999,0.00000,0.00000,0.00001
43.90125,0.99750,0.99999,0.00000,0.00000,0.00001
44.00125,0.99750,0.99999,0.00000,0.00000,0.00001
44.10125,0.99750,0.99999,0.00000,0.00000,0.00001
44.20125,0.99750,0.99999,0.00000,0.00000,0.00001
44.30125,0.99750,1.00000,0.00000,0.00000,0.00000
44.40125,0.99750,1.00000,0.00000,0.00000,0.00000
44.50125,0.99750,0.99999,0.00000,0.00000,0.00001
44.60125,0.99750,0.99999,0.00000,0.00000,0.00001
44.70125,0.99750,0.99996,0.00000,0.00000,0.00004
44.80125,0.99750,0.99994,0.00004,0.00000,0.00002
44.90125,0.99750,0.99955,0.00044,0.00000,0.00001
45.00125,0.99750,0.99409,0.00589,0.00000,0.00002
45.10125,0.99750,0.93092,0.06899,0.00004,0.00005
45.20125,0.99750,0.52949,0.47009,0.00034,0.00009
45.30125,0.99750,0.33424,0.66522,0.00045,0.00009
45.40125,0.99750,0.63324,0.36648,0.00019,0.00009
45.50125,0.99750,0.95007,0.04985,0.00002,0.00005
45.60125,0.99750,0.99659,0.00337,0.00000,0.00003
45.70125,0.99750,0.99983,0.00016,0.00000,0.00001
45.80125,0.99750,0.99996,0.00001,0.00000,0.00002
45.90125,0.99750,0.99996,0.00000,0.00000,0.00004
46.00125,0.99750,0.99998,0.00000,0.00000,0.00002
46.10125,0.99750,0.99999,0.00000,0.00000,0.00001
46.20125,0.99750,1.00000,0.00000,0.00000,0.00000
46.30125,0.99750,1.00000,0.00000,0.00000,0.00000
46.40125,0.99750,1.00000,0.00000,0.00000,0.00000
46.50125,0.99750,1.00000,0.00000,0.00000,0.00000
46.60125,0.99750,1.00000,0.00000,0.00000,0.00000
46.70125,0.99750,0.99999,0.00000,0.00000,0.00001
46.80125,0.99750,1.00000,0.00000,0.00000,0.00000
46.90125,0.99750,0.99999,0.00000,0.00000,0.00001
47.00125,0.99750,0.99998,0.00001,0.00000,0.00000
47.10125,0.99750,0.99986,0.00014,0.00000,0.00000
47.20125,0.99750,0.99789,0.00210,0.00000,0.00000
47.30125,0.99750,0.97098,0.02898,0.00003,0.00001
47.40125,0.99750,0.74063,0.25895,0.00040,0.00002
47.50125,0.99750,0.44755,0.55149,0.00094,0.00002
47.60125,0.99750,0.55789,0.44150,0.00059,0.00002
47.70125,0.99750,0.92079,0.07912,0.00007,0.00002
47.80125,0.99750,0.99337,0.00659,0.00000,0.00003
47.90125,0.99750,0.99963,0.00035,0.00001,0.00001
48.00125,0.99750,0.99991,0.00005,0.00000,0.00004
48.10125,0.99750,0.99987,0.00001,0.00000,0.00013
48.20125,0.99750,0.99993,0.00000,0.00000,0.00007
48.30125,0.99750,0.99997,0.00000,0.00000,0.00003
48.40125,0.99750,0.99999,0.00000,0.00000,0.00001
48.50125,0.99750,0.99999,0.00000,0.00000,0.00001
48.60125,0.99750,0.99999,0.00000,0.00000,0.00001
48.70125,0.99750,1.00000,0.00000,0.00000,0.00000
48.80125,0.99750,1.00000,0.00000,0.00000,0.00000
48.90125,0.99750,0.99999,0.00000,0.00000,0.00001
49.00125,0.99750,0.99998,0.00000,0.00000,0.00002
49.10125,0.99750,0.99997,0.00000,0.00000,0.00003
49.20125,0.99750,0.99990,0.00001,0.00000,0.00009
49.30125,0.99750,0.99987,0.00008,0.00000,0.00005
49.40125,0.99750,0.99887,0.00109,0.00000,0.00004
49.50125,0.99750,0.98465,0.01525,0.00001,0.00009
49.60125,0.99750,0.81712,0.18250,0.00017,0.00021
49.70125,0.99750,0.28164,0.71715,0.00101,0.00019
49.80125,0.99750,0.27742,0.72145,0.00093,0.00020
49.90125,0.99750,0.79193,0.20767,0.00021,0.00019
50.00125,0.99750,0.97917,0.02073,0.00002,0.00008
50.10125,0.99750,0.99844,0.00152,0.00000,0.00004
50.20125,0.99750,0.99990,0.00009,0.00000,0.00001
50.30125,0.99750,0.99996,0.00001,0.00000,0.00003
50.40125,0.99750,0.99995,0.00000,0.00000,0.00005
50.50125,0.99750,0.99998,0.00000,0.00000,0.00002
50.60125,0.99750,0.99999,0.00000,0.00000,0.00001
50.70125,0.99750,1.00000,0.00000,0.00000,0.00000
50.80125,0.99750,1.00000,0.00000,0.00000,0.00000
50.90125,0.99750,1.00000,0.00000,0.00000,0.00000
51.00125,0.99750,1.00000,0.00000,0.00000,0.00000
51.10125,0.99750,1.00000,0.00000,0.00000,0.00000
51.20125,0.99750,1.00000,0.00000,0.00000,0.00000
51.30125,0.99750,0.99999,0.00000,0.00000,0.00001
51.40125,0.99750,0.99999,0.00000,0.00000,0.00001
51.50125,0.99750,0.99998,0.00000,0.00000,0.00002
51.60125,0.99750,0.99997,0.00001,0.00000,0.00001
51.70125,0.99750,0.99982,0.00017,0.00000,0.00001
51.80125,0.99750,0.99764,0.00234,0.00000,0.00002
51.90125,0.99750,0.96854,0.03139,0.00002,0.00005
52.00125,0.99750,0.69016,0.30941,0.00035,0.00008
52.10125,0.99750,0.15554,0.84311,0.00129,0.00006
52.20125,0.99750,0.20067,0.79824,0.00102,0.00007
52.30125,0.99750,0.76592,0.23370,0.00030,0.00008
52.40125,0.99750,0.98187,0.01804,0.00002,0.00008
52.50125,0.99750,0.99906,0.00089,0.00001,0.00004
52.60125,0.99750,0.99983,0.00011,0.00001,0.00006
52.70125,0.99750,0.99992,0.00001,0.00000,0.00007
52.80125,0.99750,0.99996,0.00000,0.00000,0.00003
52.90125,0.99750,0.99998,0.00000,0.00000,0.00002
53.00125,0.99750,0.99999,0.00000,0.00000,0.00001
53.10125,0.99750,1.00000,0.00000,0.00000,0.00000
53.20125,0.99750,1.00000,0.00000,0.00000,0.00000
53.30125,0.99750,1.00000,0.00000,0.00000,0.00000
53.40125,0.99750,0.99999,0.00000,0.00000,0.00001
53.50125,0.99750,0.99998,0.00000,0.00000,0.00002
53.60125,0.99750,0.99997,0.00000,0.00000,0.00003
53.70125,0.99750,0.99995,0.00002,0.00000,0.00003
53.80125,0.99750,0.99972,0.00027,0.00000,0.00001
53.90125,0.99750,0.99587,0.00411,0.00000,0.00002
54.00125,0.99750,0.94368,0.05626,0.00003,0.00004
54.10125,0.99750,0.54753,0.45206,0.00035,0.00006
54.20125,0.99750,0.11419,0.88484,0.00093,0.00004
54.30125,0.99750,0.38240,0.61703,0.00051,0.00006
54.40125,0.99750,0.85866,0.14119,0.00010,0.00004
54.50125,0.99750,0.98797,0.01200,0.00001,0.00002
54.60125,0.99750,0.99934,0.00065,0.00000,0.00002
54.70125,0.99750,0.99992,0.00006,0.00000,0.00002
54.80125,0.99750,0.99994,0.00001,0.00000,0.00006
54.90125,0.99750,0.99997,0.00000,0.00000,0.00003
55.00125,0.99750,0.99999,0.00000,0.00000,0.00001
55.10125,0.99750,0.99999,0.00000,0.00000,0.00001
55.20125,0.99750,1.00000,0.00000,0.00000,0.00000
55.30125,0.99750,1.00000,0.00000,0.00000,0.00000
55.40125,0.99750,1.00000,0.00000,0.00000,0.00000
55.50125,0.99750,1.00000,0.00000,0.00000,0.00000
55.60125,0.99750,1.00000,0.00000,0.00000,0.00000
55.70125,0.99750,0.99999,0.00000,0.00000,0.00001
55.80125,0.99750,0.99999,0.00000,0.00000,0.00001
55.90125,0.99750,0.99997,0.00000,0.00000,0.00002
56.00125,0.99750,0.99997,0.00002,0.00000,0.00001
56.10125,0.99750,0.99977,0.00021,0.00000,0.00001
56.20125,0.99750,0.99717,0.00281,0.00000,0.00002
56.30125,0.99750,0.96393,0.03595,0.00006,0.00006
56.40125,0.99750,0.70455,0.29460,0.00068,0.00017
56.50125,0.99750,0.38593,0.61277,0.00110,0.00020
56.60125,0.99750,0.53105,0.46813,0.00061,0.00021
56.70125,0.99750,0.93230,0.06749,0.00006,0.00014
56.80125,0.99750,0.99588,0.00401,0.00000,0.00010
56.90125,0.99750,0.99978,0.00019,0.00000,0.00003
57.00125,0.99750,0.99991,0.00002,0.00000,0.00007
57.10125,0.99750,0.99994,0.00000,0.00000,0.00006
57.20125,0.99750,0.99997,0.00000,0.00000,0.00003
57.30125,0.99750,0.99999,0.00000,0.00000,0.00001
57.40125,0.99750,1.00000,0.00000,0.00000,0.00000
57.50125,0.99750,1.00000,0.00000,0.00000,0.00000
57.60125,0.99750,1.00000,0.00000,0.00000,0.00000
57.70125,0.99750,0.99999,0.00000,0.00000,0.00001
57.80125,0.99750,0.99999,0.00000,0.00000,0.00001
57.90125,0.99750,0.99994,0.00001,0.00000,0.00004
58.00125,0.99750,0.99986,0.00013,0.00000,0.00001
58.10125,0.99750,0.99815,0.00184,0.00000,0.00001
58.20125,0.99750,0.97417,0.02579,0.00001,0.00003
58.30125,0.99750,0.73920,0.26064,0.00009,0.00007
58.40125,0.99750,0.25333,0.74628,0.00031,0.00008
58.50125,0.99750,0.37610,0.62359,0.00021,0.00009
58.60125,0.99750,0.88236,0.11753,0.00003,0.00008
58.70125,0.99750,0.99169,0.00828,0.00000,0.00003
58.80125,0.99750,0.99954,0.00042,0.00000,0.00003
58.90125,0.99750,0.99996,0.00003,0.00000,0.00001
59.00125,0.99750,0.99994,0.00000,0.00000,0.00005
59.10125,0.99750,0.99997,0.00000,0.00000,0.00003
59.20125,0.99750,0.99999,0.00000,0.00000,0.00001
59.30125,0.99750,1.00000,0.00000,0.00000,0.00000
59.40125,0.99750,1.00000,0.00000,0.00000,0.00000
59.50125,0.99750,1.00000,0.00000,0.00000,0.00000
59.60125,0.99750,0.99999,0.00000,0.00000,0.00000
59.70125,0.99750,0.99999,0.00000,0.00000,0.00001
59.80125,0.99750,0.99998,0.00000,0.00000,0.00002
59.90125,0.99750,0.99993,0.00001,0.00000,0.00006
60.00125,0.99750,0.99985,0.00014,0.00000,0.00002
60.10125,0.99750,0.99805,0.00192,0.00000,0.00002
60.20125,0.99750,0.97320,0.02672,0.00003,0.00005
60.30125,0.99750,0.73192,0.26753,0.00044,0.00011
60.40125,0.99750,0.19509,0.80325,0.00155,0.00012
60.50125,0.99750,0.27927,0.71941,0.00120,0.00012
60.60125,0.99750,0.76839,0.23126,0.00022,0.00013
60.70125,0.99750,0.97887,0.02105,0.00002,0.00006
60.80125,0.99750,0.99868,0.00127,0.00000,0.00004
60.90125,0.99750,0.99991,0.00007,0.00000,0.00002
61.00125,0.99750,0.99994,0.00001,0.00000,0.00005
61.10125,0.99750,0.99996,0.00000,0.00000,0.00004
61.20125,0.99750,0.99998,0.00000,0.00000,0.00002
61.30125,0.99750,0.99999,0.00000,0.00000,0.00001
61.40125,0.99750,1.00000,0.00000,0.00000,0.00000
61.50125,0.99750,1.00000,0.00000,0.00000,0.00000
61.60125,0.99750,1.00000,0.00000,0.00000,0.00000
61.70125,0.99750,0.99999,0.00000,0.00000,0.00001
61.80125,0.99750,0.99999,0.00000,0.00000,0.00001
61.90125,0.99750,0.99998,0.00000,0.00000,0.00002
62.00125,0.99750,0.99996,0.00003,0.00000,0.00001
62.10125,0.99750,0.99955,0.00044,0.00000,0.00001
62.20125,0.99750,0.99395,0.00603,0.00000,0.00002
62.30125,0.99750,0.92654,0.07337,0.00003,0.00006
62.40125,0.99750,0.51680,0.48274,0.00035,0.00012
62.50125,0.99750,0.27316,0.72630,0.00042,0.00011
62.60125,0.99750,0.55483,0.44483,0.00022,0.00013
62.70125,0.99750,0.93877,0.06113,0.00003,0.00008
62.80125,0.99750,0.99661,0.00330,0.00000,0.00008
62.90125,0.99750,0.99986,0.00012,0.00000,0.00002
63.00125,0.99750,0.99993,0.00001,0.00000,0.00006
63.10125,0.99750,0.99995,0.00000,0.00000,0.00005
63.20125,0.99751,0.99998,0.00000,0.00000,0.00002
63.30125,0.99750,0.99999,0.00000,0.00000,0.00001
63.40125,0.99750,1.00000,0.00000,0.00000,0.00000
63.50125,0.99750,1.00000,0.00000,0.00000,0.00000
63.60125,0.99750,1.00000,0.00000,0.00000,0.00000
63.70125,0.99751,1.00000,0.00000,0.00000,0.00000
63.80125,0.99750,0.99999,0.00000,0.00000,0.00001
63.90125,0.99750,0.99999,0.00000,0.00000,0.00001
64.00125,0.99750,0.99998,0.00001,0.00000,0.00001
64.10125,0.99750,0.99987,0.00013,0.00000,0.00001
64.20125,0.99751,0.99828,0.00170,0.00000,0.00001
64.30125,0.99751,0.97909,0.02085,0.00002,0.00004
64.40125,0.99750,0.79246,0.20709,0.00035,0.00011
64.50125,0.99750,0.38673,0.61200,0.00112,0.00015
64.60125,0.99750,0.50648,0.49260,0.00077,0.00015
64.70125,0.99751,0.89966,0.10012,0.00013,0.00009
64.80125,0.99751,0.99314,0.00678,0.00001,0.00007
64.90125,0.99750,0.99971,0.00025,0.00000,0.00003
65.00125,0.99750,0.99988,0.00003,0.00000,0.00009
65.10125,0.99750,0.99991,0.00000,0.00000,0.00008
65.20125,0.99751,0.99997,0.00000,0.00000,0.00003
65.30125,0.99751,0.99999,0.00000,0.00000,0.00001
65.40125,0.99750,1.00000,0.00000,0.00000,0.00000
65.50125,0.99750,1.00000,0.00000,0.00000,0.00000
65.60125,0.99750,1.00000,0.00000,0.00000,0.00000
65.70125,0.99751,0.99999,0.00000,0.00000,0.00001
65.80125,0.99751,0.99999,0.00000,0.00000,0.00001
65.90125,0.99750,0.99999,0.00000,0.00000,0.00001
66.00125,0.99750,0.99997,0.00003,0.00000,0.00000
66.10125,0.99750,0.99958,0.00041,0.00000,0.00001
66.20125,0.99751,0.99443,0.00554,0.00000,0.00002
66.30125,0.99751,0.93563,0.06426,0.00006,0.00006
66.40125,0.99750,0.64028,0.35916,0.00043,0.00012
66.50125,0.99750,0.52721,0.47216,0.00050,0.00013
66.60125,0.99750,0.85353,0.14622,0.00015,0.00009
66.70125,0.99751,0.98765,0.01229,0.00001,0.00004
66.80125,0.99751,0.99936,0.00060,0.00000,0.00004
66.90125,0.99750,0.99993,0.00004,0.00000,0.00003
67.00125,0.99750,0.99994,0.00000,0.00000,0.00006
67.10125,0.99750,0.99996,0.00000,0.00000,0.00004
67.20125,0.99751,0.99999,0.00000,0.00000,0.00001
67.30125,0.99751,1.00000,0.00000,0.00000,0.00000
67.40125,0.99750,1.00000,0.00000,0.00000,0.00000
67.50125,0.99750,1.00000,0.00000,0.00000,0.00000
67.60125,0.99750,0.99999,0.00000,0.00000,0.00001
67.70125,0.99751,0.99999,0.00000,0.00000,0.00001
67.80125,0.99751,0.99997,0.00000,0.00000,0.00003
67.90125,0.99750,0.99994,0.00006,0.00000,0.00001
68.00125,0.99750,0.99912,0.00086,0.00000,0.00002
68.10125,0.99750,0.98879,0.01115,0.00001,0.00004
68.20125,0.99751,0.86835,0.13128,0.00027,0.00010
68.30125,0.99751,0.37564,0.62241,0.00181,0.00013
68.40125,0.99750,0.49458,0.50387,0.00142,0.00013
68.50125,0.99750,0.84257,0.15686,0.00046,0.00011
68.60125,0.99750,0.98602,0.01389,0.00004,0.00004
68.70125,0.99751,0.99925,0.00071,0.00000,0.00004
68.80125,0.99751,0.99993,0.00005,0.00000,0.00002
68.90125,0.99750,0.99996,0.00000,0.00000,0.00004
69.00125,0.99750,0.99998,0.00000,0.00000,0.00002
69.10125,0.99750,0.99999,0.00000,0.00000,0.00001
69.20125,0.99751,1.00000,0.00000,0.00000,0.00000
69.30125,0.99751,1.00000,0.00000,0.00000,0.00000
69.40125,0.99750,0.99999,0.00000,0.00000,0.00001
69.50125,0.99750,0.99999,0.00000,0.00000,0.00001
69.60125,0.99750,0.99999,0.00000,0.00000,0.00001
69.70125,0.99751,0.99996,0.00003,0.00000,0.00001
69.80125,0.99751,0.99946,0.00053,0.00000,0.00001
69.90125,0.99750,0.99337,0.00659,0.00001,0.00004
70.00125,0.99750,0.92606,0.07372,0.00011,0.00010
70.10125,0.99750,0.68834,0.31084,0.00064,0.00019
70.20125,0.99751,0.70783,0.29140,0.00059,0.00017
70.30125,0.99751,0.94066,0.05915,0.00010,0.00008
70.40125,0.99750,0.99585,0.00410,0.00001,0.00004
70.50125,0.99750,0.99974,0.00023,0.00000,0.00003
70.60125,0.99750,0.99995,0.00002,0.00000,0.00003
70.70125,0.99751,0.99995,0.00000,0.00000,0.00005
70.80125,0.99751,0.99998,0.00000,0.00000,0.00002
70.90125,0.99750,0.99999,0.00000,0.00000,0.00001
71.00125,0.99750,1.00000,0.00000,0.00000,0.00000
71.10125,0.99750,1.00000,0.00000,0.00000,0.00000
71.20125,0.99751,1.00000,0.00000,0.00000,0.00000
71.30125,0.99751,1.00000,0.00000,0.00000,0.00000
71.40125,0.99750,0.99999,0.00000,0.00000,0.00001
71.50125,0.99750,0.99999,0.00000,0.00000,0.00001
71.60125,0.99750,0.99998,0.00002,0.00000,0.00000
71.70125,0.99751,0.99973,0.00026,0.00000,0.00001
71.80125,0.99751,0.99633,0.00364,0.00000,0.00002
71.90125,0.99750,0.95592,0.04394,0.00008,0.00005
72.00125,0.99750,0.78716,0.21219,0.00054,0.00011
72.10125,0.99750,0.76453,0.23479,0.00057,0.00011
72.20125,0.99751,0.93577,0.06402,0.00014,0.00006
72.30125,0.99751,0.99523,0.00473,0.00001,0.00003
72.40125,0.99750,0.99976,0.00022,0.00000,0.00002
72.50125,0.99750,0.99992,0.00005,0.00000,0.00002
72.60125,0.99750,0.99984,0.00005,0.00000,0.00011
72.70125,0.99751,0.99986,0.00006,0.00000,0.00007
72.80125,0.99751,0.99984,0.00006,0.00000,0.00010
72.90125,0.99750,0.99994,0.00005,0.00000,0.00001
73.00125,0.99750,0.99973,0.00026,0.00000,0.00002
73.10125,0.99750,0.99697,0.00298,0.00000,0.00005
73.20125,0.99751,0.96245,0.03741,0.00002,0.00012
73.30125,0.99751,0.75633,0.24324,0.00015,0.00028
73.40125,0.99750,0.49604,0.50332,0.00027,0.00037
73.50125,0.99750,0.75712,0.24243,0.00014,0.00032
73.60125,0.99750,0.97561,0.02421,0.00001,0.00017
73.70125,0.99751,0.99854,0.00135,0.00000,0.00011
73.80125,0.99751,0.99985,0.00011,0.00000,0.00004
73.90125,0.99750,0.99987,0.00001,0.00000,0.00012
74.00125,0.99750,0.99994,0.00000,0.00000,0.00006
74.10125,0.99750,0.99998,0.00000,0.00000,0.00002
74.20125,0.99751,0.99999,0.00000,0.00000,0.00001
74.30125,0.99751,0.99999,0.00000,0.00000,0.00001
74.40125,0.99750,0.99999,0.00000,0.00000,0.00001
74.50125,0.99750,0.99997,0.00000,0.00000,0.00003
74.60125,0.99750,0.99996,0.00004,0.00000,0.00001
74.70125,0.99751,0.99940,0.00059,0.00000,0.00001
74.80125,0.99751,0.99197,0.00801,0.00000,0.00002
74.90125,0.99750,0.91264,0.08728,0.00004,0.00005
75.00125,0.99750,0.51675,0.48288,0.00028,0.00009
75.10125,0.99750,0.40649,0.59312,0.00029,0.00010
75.20125,0.99751,0.84084,0.15899,0.00010,0.00008
75.30125,0.99751,0.98603,0.01393,0.00001,0.00004
75.40125,0.99750,0.99921,0.00077,0.00000,0.00003
75.50125,0.99750,0.99993,0.00005,0.00000,0.00001
75.60125,0.99750,0.99995,0.00000,0.00000,0.00004
75.70125,0.99751,0.99997,0.00000,0.00000,0.00003
75.80125,0.99751,0.99999,0.00000,0.00000,0.00001
75.90125,0.99750,0.99999,0.00000,0.00000,0.00001
76.00125,0.99750,0.99998,0.00000,0.00000,0.00002
76.10125,0.99750,0.99998,0.00000,0.00000,0.00002
76.20125,0.99751,0.99995,0.00001,0.00000,0.00004
76.30125,0.99751,0.99991,0.00007,0.00000,0.00002
76.40125,0.99750,0.99907,0.00092,0.00000,0.00002
76.50125,0.99750,0.98674,0.01321,0.00001,0.00004
76.60125,0.99750,0.84748,0.15223,0.00020,0.00010
76.70125,0.99751,0.28975,0.70909,0.00104,0.00012
76.80125,0.99751,0.16433,0.83459,0.00099,0.00009
76.90125,0.99750,0.52563,0.47385,0.00040,0.00012
77.00125,0.99750,0.93433,0.06554,0.00005,0.00007
77.10125,0.99750,0.99598,0.00395,0.00000,0.00006
77.20125,0.99751,0.99977,0.00021,0.00000,0.00002
77.30125,0.99751,0.99993,0.00003,0.00000,0.00004
77.40125,0.99750,0.99994,0.00000,0.00000,0.00006
77.50125,0.99750,0.99998,0.00000,0.00000,0.00002
77.60125,0.99750,0.99999,0.00000,0.00000,0.00001
77.70125,0.99751,1.00000,0.00000,0.00000,0.00000
77.80125,0.99751,1.00000,0.00000,0.00000,0.00000
77.90125,0.99750,0.99999,0.00000,0.00000,0.00001
78.00125,0.99750,0.99999,0.00000,0.00000,0.00001
78.10125,0.99750,0.99998,0.00000,0.00000,0.00001
78.20125,0.99751,0.99994,0.00005,0.00000,0.00001
78.30125,0.99751,0.99925,0.00073,0.00000,0.00002
78.40125,0.99750,0.98988,0.01008,0.00001,0.00003
78.50125,0.99750,0.88159,0.11820,0.00013,0.00008
78.60125,0.99750,0.60594,0.39338,0.00056,0.00012
78.70125,0.99751,0.65371,0.34573,0.00045,0.00011
78.80125,0.99751,0.93481,0.06508,0.00006,0.00005
78.90125,0.99750,0.99552,0.00444,0.00000,0.00004
79.00125,0.99750,0.99974,0.00024,0.00000,0.00002
79.10125,0.99750,0.99995,0.00002,0.00000,0.00002
79.20125,0.99751,0.99996,0.00000,0.00000,0.00004
79.30125,0.99751,0.99998,0.00000,0.00000,0.00002
79.40125,0.99750,0.99999,0.00000,0.00000,0.00001
79.50125,0.99750,1.00000,0.00000,0.00000,0.00000
79.60125,0.99750,1.00000,0.00000,0.00000,0.00000
79.70125,0.99751,0.99999,0.00000,0.00000,0.00001
79.80125,0.99751,0.99998,0.00000,0.00000,0.00002
79.90125,0.99750,0.99999,0.00001,0.00000,0.00000
80.00125,0.99750,0.99991,0.00008,0.00000,0.00000
80.10125,0.99750,0.99893,0.00106,0.00000,0.00001
80.20125,0.99751,0.98706,0.01290,0.00001,0.00003
80.30125,0.99751,0.88378,0.11600,0.00011,0.00011
80.40125,0.99750,0.83743,0.16229,0.00016,0.00012
80.50125,0.99750,0.89230,0.10750,0.00011,0.00009
80.60125,0.99750,0.98885,0.01111,0.00001,0.00004
80.70125,0.99751,0.99934,0.00064,0.00000,0.00002
80.80125,0.99751,0.99996,0.00003,0.00000,0.00001
80.90125,0.99750,0.99996,0.00000,0.00000,0.00004
81.00125,0.99750,0.99996,0.00000,0.00000,0.00004
81.10125,0.99750,0.99995,0.00000,0.00000,0.00004
81.20125,0.99751,0.99997,0.00000,0.00000,0.00003
81.30125,0.99751,0.99996,0.00000,0.00000,0.00004
81.40125,0.99750,0.99997,0.00002,0.00000,0.00001
81.50125,0.99750,0.99976,0.00023,0.00000,0.00001
81.60125,0.99750,0.99671,0.00327,0.00000,0.00002
81.70125,0.99751,0.96046,0.03944,0.00005,0.00006
81.80125,0.99751,0.67906,0.32020,0.00061,0.00013
81.90125,0.99750,0.49268,0.50621,0.00097,0.00014
82.00125,0.99750,0.82349,0.17617,0.00024,0.00010
82.10125,0.99750,0.98399,0.01595,0.00002,0.00004
82.20125,0.99751,0.99901,0.00096,0.00000,0.00002
82.30125,0.99751,0.99994,0.00005,0.00000,0.00001
82.40125,0.99750,0.99997,0.00001,0.00000,0.00003
82.50125,0.99750,0.99997,0.00000,0.00000,0.00003
82.60125,0.99750,0.99999,0.00000,0.00000,0.00001
82.70125,0.99751,1.00000,0.00000,0.00000,0.00000
82.80125,0.99751,1.00000,0.00000,0.00000,0.00000
82.90125,0.99750,1.00000,0.00000,0.00000,0.00000
83.00125,0.99750,1.00000,0.00000,0.00000,0.00000
83.10125,0.99750,0.99999,0.00000,0.00000,0.00001
83.20125,0.99751,0.99998,0.00000,0.00000,0.00002
83.30125,0.99751,0.99997,0.00002,0.00000,0.00001
83.40125,0.99750,0.99979,0.00020,0.00000,0.00000
83.50125,0.99750,0.99699,0.00300,0.00000,0.00001
83.60125,0.99750,0.95944,0.04053,0.00001,0.00002
83.70125,0.99751,0.64595,0.35389,0.00013,0.00004
83.80125,0.99751,0.14078,0.85874,0.00045,0.00003
83.90125,0.99750,0.25919,0.74042,0.00036,0.00003
84.00125,0.99750,0.80614,0.19375,0.00008,0.00004
84.10125,0.99750,0.98683,0.01312,0.00001,0.00004
84.20125,0.99751,0.99941,0.00057,0.00001,0.00001
84.30125,0.99751,0.99989,0.00007,0.00000,0.00003
84.40125,0.99750,0.99993,0.00001,0.00000,0.00007
84.50125,0.99750,0.99997,0.00000,0.00000,0.00003
84.60125,0.99750,0.99999,0.00000,0.00000,0.00001
84.70125,0.99751,0.99999,0.00000,0.00000,0.00001
84.80125,0.99751,0.99999,0.00000,0.00000,0.00001
84.90125,0.99750,0.99999,0.00000,0.00000,0.00001
85.00125,0.99750,0.99996,0.00000,0.00000,0.00004
85.10125,0.99750,0.99996,0.00003,0.00000,0.00001
85.20125,0.99751,0.99957,0.00041,0.00000,0.00001
85.30125,0.99751,0.99480,0.00516,0.00000,0.00003
85.40125,0.99750,0.93672,0.06316,0.00003,0.00009
85.50125,0.99750,0.57042,0.42913,0.00027,0.00017
85.60125,0.99750,0.46038,0.53913,0.00029,0.00019
85.70125,0.99751,0.83243,0.16735,0.00009,0.00013
85.80125,0.99751,0.98654,0.01341,0.00001,0.00005
85.90125,0.99750,0.99923,0.00074,0.00000,0.00004
86.00125,0.99750,0.99995,0.00004,0.00000,0.00001
86.10125,0.99750,0.99994,0.00001,0.00000,0.00005
86.20125,0.99751,0.99993,0.00000,0.00000,0.00007
86.30125,0.99751,0.99995,0.00000,0.00000,0.00005
86.40125,0.99750,0.99997,0.00000,0.00000,0.00003
86.50125,0.99750,0.99998,0.00000,0.00000,0.00002
