Time (seconds), Duration (seconds),pred_(unlabeled),pred_Jab_R,pred_Sidehook_R,pred_Uppercut_R
0.00125,0.49750,0.99982,0.00014,0.00003,0.00001
0.14375,0.49750,0.99968,0.00026,0.00004,0.00002
0.28625,0.49750,0.99958,0.00035,0.00005,0.00002
0.42875,0.49750,0.99967,0.00026,0.00005,0.00002
0.57125,0.49750,0.99979,0.00016,0.00004,0.00001
0.71375,0.49750,0.99954,0.00026,0.00019,0.00001
0.85625,0.49750,0.98014,0.00074,0.01908,0.00003
0.99875,0.49750,0.06566,0.00094,0.93340,0.00000
1.14125,0.49750,0.00000,0.00000,1.00000,0.00000
1.28375,0.49750,0.00000,0.00000,1.00000,0.00000
1.42625,0.49750,0.00000,0.00000,1.00000,0.00000
1.56875,0.49750,0.00084,0.00000,0.99916,0.00000
1.71125,0.49750,0.00272,0.00044,0.99684,0.00000
1.85375,0.49750,0.09912,0.01203,0.88879,0.00006
1.99625,0.49750,0.95541,0.00969,0.03479,0.00010
2.13875,0.49750,0.99863,0.00110,0.00026,0.00001
2.28125,0.49750,0.99989,0.00009,0.00001,0.00001
2.42375,0.49750,0.99986,0.00011,0.00002,0.00001
2.56625,0.49750,0.99951,0.00037,0.00010,0.00002
2.70875,0.49750,0.99277,0.00047,0.00671,0.00005
2.85125,0.49750,0.30697,0.00305,0.68996,0.00002
2.99375,0.49750,0.00003,0.00000,0.99997,0.00000
3.13625,0.49750,0.00008,0.00000,0.99992,0.00000
3.27875,0.49750,0.00007,0.00000,0.99993,0.00000
3.42125,0.49750,0.01954,0.00001,0.98045,0.00001
3.56375,0.49750,0.00239,0.00002,0.99758,0.00000
3.70625,0.49750,0.04700,0.00020,0.95273,0.00008
3.84875,0.49750,0.86109,0.00096,0.13770,0.00025
3.99125,0.49750,0.99829,0.00109,0.00059,0.00003
4.13375,0.49750,0.99976,0.00019,0.00004,0.00001
4.27625,0.49750,0.99963,0.00028,0.00008,0.00001
4.41875,0.49750,0.99579,0.00044,0.00374,0.00003
4.56125,0.49750,0.56430,0.00675,0.42894,0.00002
4.70375,0.49750,0.00006,0.00000,0.99994,0.00000
4.84625,0.49750,0.00002,0.00000,0.99998,0.00000
4.98875,0.49750,0.00001,0.00000,0.99999,0.00000
5.13125,0.49750,0.00205,0.00000,0.99794,0.00000
5.27375,0.49750,0.00542,0.00011,0.99447,0.00001
5.41625,0.49750,0.33743,0.00141,0.66086,0.00030
5.55875,0.49750,0.98930,0.00088,0.00970,0.00012
5.70125,0.49750,0.99953,0.00042,0.00003,0.00001
5.84375,0.49750,0.99981,0.00016,0.00002,0.00001
5.98625,0.49750,0.99891,0.00058,0.00049,0.00002
6.12875,0.49750,0.88938,0.00116,0.10933,0.00012
6.27125,0.49750,0.00018,0.00000,0.99982,0.00000
6.41375,0.49750,0.00001,0.00000,0.99999,0.00000
6.55625,0.49750,0.00001,0.00000,0.99999,0.00000
6.69875,0.49750,0.00006,0.00000,0.99994,0.00000
6.84125,0.49750,0.00437,0.00002,0.99561,0.00000
6.98375,0.49750,0.00640,0.00025,0.99334,0.00001
7.12625,0.49750,0.36080,0.00075,0.63829,0.00016
7.26875,0.49750,0.98898,0.00133,0.00963,0.00006
7.41125,0.49750,0.99952,0.00041,0.00006,0.00001
7.55375,0.49750,0.99923,0.00052,0.00023,0.00002
7.69625,0.49750,0.97521,0.00063,0.02409,0.00007
7.83875,0.49750,0.03028,0.00017,0.96955,0.00000
7.98125,0.49750,0.00001,0.00000,0.99999,0.00000
8.12375,0.49750,0.00001,0.00000,0.99999,0.00000
8.26625,0.49750,0.00003,0.00000,0.99997,0.00000
8.40875,0.49750,0.00931,0.00001,0.99066,0.00002
8.55125,0.49750,0.00320,0.00012,0.99667,0.00000
8.69375,0.49750,0.04197,0.00216,0.95581,0.00005
8.83625,0.49750,0.73722,0.01024,0.25231,0.00023
8.97875,0.49750,0.99398,0.00494,0.00105,0.00003
9.12125,0.49750,0.99966,0.00028,0.00003,0.00002
9.26375,0.49750,0.99980,0.00016,0.00003,0.00001
9.40625,0.49750,0.99885,0.00056,0.00056,0.00003
9.54875,0.49750,0.88194,0.00094,0.11687,0.00025
9.69125,0.49750,0.00013,0.00000,0.99987,0.00000
9.83375,0.49750,0.00000,0.00000,1.00000,0.00000
9.97625,0.49750,0.00000,0.00000,1.00000,0.00000
10.11875,0.49750,0.00002,0.00000,0.99998,0.00000
10.26125,0.49750,0.00324,0.00000,0.99675,0.00000
10.40375,0.49750,0.00827,0.00018,0.99153,0.00002
10.54625,0.49750,0.40122,0.00166,0.59682,0.00029
10.68875,0.49750,0.99121,0.00258,0.00616,0.00004
10.83125,0.49750,0.99954,0.00038,0.00007,0.00001
10.97375,0.49750,0.99990,0.00006,0.00003,0.00001
11.11625,0.49750,0.99960,0.00009,0.00024,0.00007
11.25875,0.49750,0.96638,0.00033,0.03194,0.00135
11.40125,0.49750,0.00275,0.00000,0.99723,0.00002
11.54375,0.49750,0.00005,0.00000,0.99995,0.00000
11.68625,0.49750,0.00001,0.00000,0.99999,0.00000
11.82875,0.49750,0.00001,0.00000,0.99999,0.00000
11.97125,0.49750,0.00078,0.00000,0.99922,0.00000
12.11375,0.49750,0.04025,0.00015,0.95956,0.00004
12.25625,0.49750,0.91977,0.00236,0.07763,0.00024
12.39875,0.49750,0.99836,0.00128,0.00034,0.00002
12.54125,0.49750,0.99917,0.00064,0.00016,0.00003
12.68375,0.49750,0.99204,0.00103,0.00688,0.00005
12.82625,0.49750,0.46787,0.00562,0.52645,0.00005
12.96875,0.49750,0.00005,0.00000,0.99995,0.00000
13.11125,0.49750,0.00004,0.00000,0.99996,0.00000
13.25375,0.49750,0.00004,0.00000,0.99996,0.00000
13.39625,0.49750,0.00170,0.00000,0.99829,0.00001
13.53875,0.49750,0.00258,0.00001,0.99741,0.00000
13.68125,0.49750,0.08894,0.00047,0.91043,0.00016
13.82375,0.49750,0.92684,0.00137,0.07160,0.00018
13.96625,0.49750,0.99831,0.00140,0.00028,0.00002
14.10875,0.49750,0.99959,0.00035,0.00004,0.00001
14.25125,0.49750,0.99827,0.00097,0.00073,0.00003
14.39375,0.49750,0.89919,0.00192,0.09869,0.00020
14.53625,0.49750,0.00611,0.00023,0.99366,0.00000
14.67875,0.49750,0.00006,0.00000,0.99994,0.00000
14.82125,0.49750,0.00003,0.00000,0.99997,0.00000
14.96375,0.49750,0.00001,0.00000,0.99999,0.00000
15.10625,0.49750,0.00156,0.00000,0.99843,0.00001
15.24875,0.49750,0.00254,0.00001,0.99743,0.00001
15.39125,0.49750,0.46112,0.00077,0.53761,0.00050
15.53375,0.49750,0.99148,0.00120,0.00722,0.00009
15.67625,0.49750,0.99951,0.00040,0.00007,0.00002
15.81875,0.49750,0.99959,0.00033,0.00007,0.00002
15.96125,0.49750,0.99784,0.00089,0.00123,0.00003
16.10375,0.49750,0.85456,0.00116,0.14415,0.00013
16.24625,0.49750,0.00120,0.00002,0.99879,0.00000
16.38875,0.49750,0.00000,0.00000,1.00000,0.00000
16.53125,0.49750,0.00003,0.00000,0.99997,0.00000
16.67375,0.49750,0.00023,0.00000,0.99977,0.00000
16.81625,0.49750,0.11097,0.00005,0.88853,0.00046
16.95875,0.49750,0.03032,0.00184,0.96776,0.00008
17.10125,0.49750,0.30984,0.01098,0.67875,0.00043
17.24375,0.49750,0.88862,0.03890,0.07234,0.00014
17.38625,0.49750,0.99103,0.00860,0.00033,0.00004
17.52875,0.49750,0.99941,0.00050,0.00006,0.00003
17.67125,0.49750,0.99826,0.00082,0.00087,0.00004
17.81375,0.49750,0.85382,0.00061,0.14536,0.00020
17.95625,0.49750,0.00013,0.00000,0.99987,0.00000
18.09875,0.49750,0.00001,0.00000,0.99999,0.00000
18.24125,0.49750,0.00007,0.00000,0.99993,0.00000
18.38375,0.49750,0.00155,0.00000,0.99845,0.00001
18.52625,0.49750,0.07523,0.00012,0.92462,0.00003
18.66875,0.49750,0.01165,0.00035,0.98800,0.00001
18.81125,0.49750,0.18746,0.00092,0.81157,0.00005
18.95375,0.49750,0.97337,0.00181,0.02478,0.00004
19.09625,0.49750,0.99940,0.00052,0.00006,0.00002
19.23875,0.49750,0.99978,0.00018,0.00003,0.00001
19.38125,0.49750,0.99963,0.00026,0.00009,0.00002
19.52375,0.49750,0.99354,0.00032,0.00612,0.00003
19.66625,0.49750,0.24292,0.00008,0.75698,0.00002
19.80875,0.49750,0.00002,0.00000,0.99998,0.00000
19.95125,0.49750,0.00001,0.00000,0.99999,0.00000
20.09375,0.49750,0.00002,0.00000,0.99998,0.00000
20.23625,0.49750,0.00033,0.00000,0.99967,0.00000
20.37875,0.49750,0.00130,0.00001,0.99869,0.00000
20.52125,0.49750,0.03198,0.00032,0.96766,0.00004
20.66375,0.49750,0.75405,0.00398,0.24175,0.00022
20.80625,0.49750,0.98938,0.00801,0.00251,0.00011
20.94875,0.49750,0.99773,0.00197,0.00020,0.00009
21.09125,0.49750,0.99845,0.00136,0.00014,0.00005
21.23375,0.49750,0.99830,0.00101,0.00067,0.00002
21.37625,0.49750,0.95803,0.00163,0.04030,0.00004
21.51875,0.49750,0.00023,0.00000,0.99977,0.00000
21.66125,0.49750,0.00001,0.00000,0.99999,0.00000
21.80375,0.49750,0.00001,0.00000,0.99999,0.00000
21.94625,0.49750,0.00005,0.00000,0.99995,0.00000
22.08875,0.49750,0.00393,0.00002,0.99605,0.00000
22.23125,0.49750,0.10088,0.00070,0.89840,0.00002
22.37375,0.49750,0.96731,0.00185,0.03078,0.00006
22.51625,0.49750,0.99845,0.00144,0.00009,0.00001
22.65875,0.49750,0.99983,0.00014,0.00002,0.00001
22.80125,0.49750,0.99951,0.00033,0.00014,0.00002
22.94375,0.49750,0.98625,0.00041,0.01327,0.00006
23.08625,0.49750,0.08205,0.00027,0.91768,0.00000
23.22875,0.49750,0.00002,0.00000,0.99998,0.00000
23.37125,0.49750,0.00002,0.00000,0.99998,0.00000
23.51375,0.49750,0.00003,0.00000,0.99997,0.00000
23.65625,0.49750,0.00403,0.00000,0.99594,0.00003
23.79875,0.49750,0.00153,0.00001,0.99847,0.00000
23.94125,0.49750,0.07340,0.00013,0.92644,0.00004
24.08375,0.49750,0.93091,0.00064,0.06840,0.00006
24.22625,0.49750,0.99923,0.00060,0.00016,0.00001
24.36875,0.49750,0.99979,0.00017,0.00004,0.00001
24.51125,0.49750,0.99864,0.00049,0.00084,0.00003
24.65375,0.49750,0.82649,0.00044,0.17294,0.00012
24.79625,0.49750,0.00040,0.00000,0.99960,0.00000
24.93875,0.49750,0.00001,0.00000,0.99999,0.00000
25.08125,0.49750,0.00003,0.00000,0.99997,0.00000
25.22375,0.49750,0.00057,0.00000,0.99942,0.00000
25.36625,0.49750,0.04905,0.00041,0.95040,0.00014
25.50875,0.49750,0.00963,0.00135,0.98899,0.00002
25.65125,0.49750,0.22137,0.00435,0.77416,0.00012
25.79375,0.49750,0.96614,0.00446,0.02936,0.00004
25.93625,0.49750,0.99878,0.00106,0.00015,0.00001
26.07875,0.49750,0.99944,0.00039,0.00016,0.00001
26.22125,0.49750,0.98012,0.00038,0.01944,0.00006
26.36375,0.49750,0.05036,0.00005,0.94958,0.00000
26.50625,0.49750,0.00001,0.00000,0.99999,0.00000
26.64875,0.49750,0.00000,0.00000,1.00000,0.00000
26.79125,0.49750,0.00009,0.00000,0.99991,0.00000
26.93375,0.49750,0.01696,0.00001,0.98300,0.00003
27.07625,0.49750,0.01134,0.00023,0.98842,0.00000
27.21875,0.49750,0.18018,0.00230,0.81746,0.00005
27.36125,0.49750,0.88587,0.00127,0.11282,0.00004
27.50375,0.49750,0.99847,0.00116,0.00037,0.00001
27.64625,0.49750,0.99987,0.00010,0.00002,0.00001
27.78875,0.49750,0.99936,0.00038,0.00024,0.00002
27.93125,0.49750,0.96799,0.00123,0.03064,0.00014
28.07375,0.49750,0.01257,0.00011,0.98732,0.00000
28.21625,0.49750,0.00002,0.00000,0.99998,0.00000
28.35875,0.49750,0.00004,0.00000,0.99996,0.00000
28.50125,0.49750,0.00013,0.00000,0.99987,0.00000
28.64375,0.49750,0.00915,0.00000,0.99080,0.00005
28.78625,0.49750,0.00363,0.00002,0.99634,0.00000
28.92875,0.49750,0.16168,0.00022,0.83803,0.00006
29.07125,0.49750,0.97453,0.00069,0.02473,0.00004
29.21375,0.49750,0.99950,0.00043,0.00006,0.00001
29.35625,0.49750,0.99980,0.00015,0.00005,0.00001
29.49875,0.49750,0.99733,0.00024,0.00240,0.00003
29.64125,0.49750,0.48770,0.00049,0.51178,0.00002
29.78375,0.49750,0.00003,0.00000,0.99997,0.00000
29.92625,0.49750,0.00001,0.00000,0.99999,0.00000
30.06875,0.49750,0.00002,0.00000,0.99998,0.00000
30.21125,0.49750,0.00088,0.00000,0.99912,0.00001
30.35375,0.49750,0.00452,0.00004,0.99543,0.00001
30.49625,0.49750,0.10337,0.00100,0.89556,0.00007
30.63875,0.49750,0.94932,0.00130,0.04926,0.00013
30.78125,0.49750,0.99891,0.00087,0.00020,0.00001
30.92375,0.49750,0.99929,0.00043,0.00025,0.00002
31.06625,0.49750,0.95536,0.00126,0.04320,0.00019
31.20875,0.49750,0.07084,0.00031,0.92880,0.00005
31.35125,0.49750,0.00003,0.00000,0.99997,0.00000
31.49375,0.49750,0.00003,0.00000,0.99997,0.00000
31.63625,0.49750,0.00006,0.00000,0.99994,0.00000
31.77875,0.49750,0.00097,0.00000,0.99902,0.00000
31.92125,0.49750,0.00238,0.00003,0.99758,0.00001
32.06375,0.49750,0.02763,0.00048,0.97177,0.00011
32.20625,0.49750,0.70598,0.00237,0.29134,0.00030
32.34875,0.49750,0.99546,0.00165,0.00286,0.00002
32.49125,0.49750,0.99832,0.00118,0.00046,0.00003
32.63375,0.49750,0.97898,0.00236,0.01850,0.00016
32.77625,0.49750,0.09559,0.00172,0.90264,0.00005
32.91875,0.49750,0.00005,0.00000,0.99995,0.00000
33.06125,0.49750,0.00002,0.00000,0.99998,0.00000
33.20375,0.49750,0.00018,0.00000,0.99981,0.00000
33.34625,0.49750,0.01351,0.00001,0.98646,0.00002
33.48875,0.49750,0.00568,0.00007,0.99425,0.00001
33.63125,0.49750,0.06828,0.00049,0.93116,0.00007
33.77375,0.49750,0.75111,0.00040,0.24835,0.00015
33.91625,0.49750,0.99782,0.00058,0.00157,0.00004
34.05875,0.49750,0.99970,0.00024,0.00005,0.00001
34.20125,0.49750,0.99800,0.00094,0.00101,0.00005
34.34375,0.49750,0.89023,0.00113,0.10830,0.00034
34.48625,0.49750,0.00231,0.00003,0.99766,0.00000
34.62875,0.49750,0.00006,0.00000,0.99994,0.00000
34.77125,0.49750,0.00013,0.00000,0.99987,0.00000
34.91375,0.49750,0.00015,0.00000,0.99985,0.00000
35.05625,0.49750,0.01330,0.00001,0.98666,0.00003
35.19875,0.49750,0.00205,0.00003,0.99791,0.00002
35.34125,0.49750,0.11485,0.00047,0.88370,0.00098
35.48375,0.49750,0.94597,0.00255,0.05058,0.00090
35.62625,0.49750,0.99691,0.00246,0.00057,0.00006
35.76875,0.49750,0.99825,0.00128,0.00043,0.00005
35.91125,0.49750,0.98366,0.00138,0.01480,0.00016
36.05375,0.49750,0.22554,0.00070,0.77352,0.00024
36.19625,0.49750,0.00005,0.00000,0.99995,0.00000
36.33875,0.49750,0.00016,0.00000,0.99984,0.00000
36.48125,0.49750,0.00110,0.00001,0.99889,0.00000
36.62375,0.49750,0.08770,0.00012,0.91190,0.00028
36.76625,0.49750,0.05270,0.00018,0.94700,0.00011
36.90875,0.49750,0.01901,0.00126,0.97969,0.00004
37.05125,0.49750,0.26427,0.00463,0.73093,0.00016
37.19375,0.49750,0.96633,0.01361,0.02002,0.00004
37.33625,0.49750,0.99858,0.00123,0.00017,0.00002
37.47875,0.49750,0.99936,0.00043,0.00019,0.00002
37.62125,0.49750,0.98916,0.00063,0.01008,0.00014
37.76375,0.49750,0.24755,0.00043,0.75188,0.00015
37.90625,0.49750,0.00003,0.00000,0.99997,0.00000
38.04875,0.49750,0.00001,0.00000,0.99999,0.00000
38.19125,0.49750,0.00005,0.00000,0.99995,0.00000
38.33375,0.49750,0.00166,0.00000,0.99833,0.00001
38.47625,0.49750,0.01176,0.00015,0.98808,0.00002
38.61875,0.49750,0.00936,0.00021,0.99041,0.00003
38.76125,0.49750,0.36953,0.00063,0.62965,0.00019
38.90375,0.49750,0.98459,0.00104,0.01433,0.00004
39.04625,0.49750,0.99885,0.00089,0.00023,0.00003
39.18875,0.49750,0.98836,0.00088,0.01063,0.00013
39.33125,0.49750,0.53553,0.01289,0.45134,0.00025
39.47375,0.49750,0.00012,0.00000,0.99988,0.00000
39.61625,0.49750,0.00010,0.00000,0.99990,0.00000
39.75875,0.49750,0.00012,0.00000,0.99988,0.00000
39.90125,0.49750,0.00392,0.00000,0.99606,0.00001
40.04375,0.49750,0.00927,0.00005,0.99067,0.00001
40.18625,0.49750,0.04293,0.00073,0.95630,0.00003
40.32875,0.49750,0.92310,0.00176,0.07498,0.00016
40.47125,0.49750,0.99873,0.00080,0.00046,0.00002
40.61375,0.49750,0.99983,0.00014,0.00002,0.00001
40.75625,0.49750,0.99984,0.00013,0.00002,0.00001
40.89875,0.49750,0.99981,0.00016,0.00002,0.00001
41.04125,0.49750,0.99983,0.00014,0.00002,0.00001
41.18375,0.49750,0.99982,0.00014,0.00003,0.00001
41.32625,0.49750,0.99984,0.00013,0.00003,0.00001
41.46875,0.49750,0.99972,0.00021,0.00006,0.00001
41.61125,0.49750,0.99804,0.00033,0.00161,0.00003
41.75375,0.49750,0.79124,0.00054,0.20802,0.00020
41.89625,0.49750,0.00027,0.00000,0.99973,0.00000
42.03875,0.49750,0.00002,0.00000,0.99998,0.00000
42.18125,0.49750,0.00005,0.00000,0.99995,0.00000
42.32375,0.49750,0.00008,0.00000,0.99992,0.00000
42.46625,0.49750,0.00460,0.00002,0.99538,0.00000
42.60875,0.49750,0.00333,0.00006,0.99660,0.00000
42.75125,0.49750,0.38949,0.00189,0.60852,0.00010
42.89375,0.49750,0.98922,0.00280,0.00795,0.00003
43.03625,0.49750,0.99954,0.00038,0.00006,0.00002
43.17875,0.49750,0.99977,0.00018,0.00004,0.00001
43.32125,0.49750,0.99958,0.00032,0.00008,0.00001
43.46375,0.49750,0.99782,0.00098,0.00116,0.00004
43.60625,0.49750,0.84862,0.00084,0.15001,0.00053
43.74875,0.49750,0.00092,0.00001,0.99907,0.00000
43.89125,0.49750,0.00001,0.00000,0.99999,0.00000
44.03375,0.49750,0.00002,0.00000,0.99998,0.00000
44.17625,0.49750,0.00006,0.00000,0.99994,0.00000
44.31875,0.49750,0.03056,0.00072,0.96870,0.00002
44.46125,0.49750,0.00393,0.00082,0.99525,0.00000
44.60375,0.49750,0.20210,0.01603,0.78184,0.00003
44.74625,0.49750,0.95879,0.00574,0.03544,0.00004
44.88875,0.49750,0.99918,0.00060,0.00020,0.00001
45.03125,0.49750,0.99987,0.00010,0.00002,0.00001
45.17375,0.49750,0.99970,0.00020,0.00008,0.00001
45.31625,0.49750,0.99513,0.00067,0.00415,0.00005
45.45875,0.49750,0.39792,0.00096,0.60102,0.00009
45.60125,0.49750,0.00004,0.00000,0.99996,0.00000
45.74375,0.49750,0.00001,0.00000,0.99999,0.00000
45.88625,0.49750,0.00004,0.00000,0.99996,0.00000
46.02875,0.49750,0.00041,0.00000,0.99959,0.00000
46.17125,0.49750,0.00393,0.00002,0.99604,0.00000
46.31375,0.49750,0.02300,0.00054,0.97644,0.00002
46.45625,0.49750,0.73171,0.00183,0.26628,0.00017
46.59875,0.49750,0.99625,0.00182,0.00191,0.00003
46.74125,0.49750,0.99968,0.00026,0.00005,0.00002
46.88375,0.49750,0.99970,0.00024,0.00005,0.00001
47.02625,0.49750,0.99827,0.00094,0.00076,0.00004
47.16875,0.49750,0.92544,0.00062,0.07360,0.00034
47.31125,0.49750,0.00221,0.00001,0.99777,0.00000
47.45375,0.49750,0.00001,0.00000,0.99999,0.00000
47.59625,0.49750,0.00001,0.00000,0.99999,0.00000
47.73875,0.49750,0.00008,0.00000,0.99992,0.00000
47.88125,0.49750,0.03399,0.00016,0.96575,0.00009
48.02375,0.49750,0.01534,0.00182,0.98283,0.00001
48.16625,0.49750,0.36623,0.00514,0.62850,0.00013
48.30875,0.49750,0.97211,0.00246,0.02539,0.00005
48.45125,0.49750,0.99898,0.00092,0.00009,0.00001
48.59375,0.49750,0.99981,0.00015,0.00003,0.00001
48.73625,0.49750,0.99944,0.00040,0.00014,0.00002
48.87875,0.49750,0.98972,0.00110,0.00911,0.00008
49.02125,0.49750,0.29970,0.00044,0.69952,0.00035
49.16375,0.49750,0.00016,0.00000,0.99984,0.00000
49.30625,0.49750,0.00002,0.00000,0.99998,0.00000
49.44875,0.49750,0.00011,0.00000,0.99989,0.00000
49.59125,0.49750,0.00125,0.00000,0.99875,0.00000
49.73375,0.49750,0.02295,0.00070,0.97634,0.00001
49.87625,0.49750,0.03195,0.00366,0.96437,0.00002
50.01875,0.49750,0.52880,0.00210,0.46894,0.00016
50.16125,0.49750,0.99026,0.00220,0.00750,0.00003
50.30375,0.49750,0.99961,0.00033,0.00004,0.00002
50.44625,0.49750,0.99947,0.00041,0.00010,0.00002
50.58875,0.49750,0.99591,0.00127,0.00270,0.00011
50.73125,0.49750,0.91771,0.00169,0.07988,0.00072
50.87375,0.49750,0.09509,0.00052,0.90383,0.00055
51.01625,0.49750,0.00003,0.00000,0.99997,0.00000
51.15875,0.49750,0.00008,0.00000,0.99992,0.00000
51.30125,0.49750,0.00018,0.00000,0.99982,0.00000
51.44375,0.49750,0.00609,0.00000,0.99389,0.00002
51.58625,0.49750,0.00681,0.00007,0.99312,0.00000
51.72875,0.49750,0.05208,0.00104,0.94686,0.00002
51.87125,0.49750,0.72123,0.00170,0.27700,0.00007
52.01375,0.49750,0.99602,0.00255,0.00140,0.00003
52.15625,0.49750,0.99964,0.00030,0.00004,0.00002
52.29875,0.49750,0.99940,0.00044,0.00013,0.00003
52.44125,0.49750,0.99309,0.00046,0.00628,0.00018
52.58375,0.49750,0.66114,0.00133,0.33700,0.00054
52.72625,0.49750,0.00011,0.00000,0.99989,0.00000
52.86875,0.49750,0.00023,0.00000,0.99977,0.00000
53.01125,0.49750,0.00260,0.00000,0.99740,0.00000
53.15375,0.49750,0.04853,0.00000,0.95137,0.00010
53.29625,0.49750,0.01651,0.00007,0.98341,0.00000
53.43875,0.49750,0.06218,0.00053,0.93729,0.00000
53.58125,0.49750,0.78416,0.00211,0.21372,0.00001
53.72375,0.49750,0.99580,0.00343,0.00076,0.00001
53.86625,0.49750,0.99977,0.00019,0.00003,0.00001
54.00875,0.49750,0.99931,0.00040,0.00026,0.00002
54.15125,0.49750,0.97789,0.00122,0.02083,0.00006
54.29375,0.49750,0.02368,0.00048,0.97584,0.00000
54.43625,0.49750,0.00002,0.00000,0.99998,0.00000
54.57875,0.49750,0.00001,0.00000,0.99999,0.00000
54.72125,0.49750,0.00004,0.00000,0.99996,0.00000
54.86375,0.49750,0.00841,0.00001,0.99157,0.00000
55.00625,0.49750,0.00610,0.00033,0.99357,0.00000
55.14875,0.49750,0.22072,0.00265,0.77657,0.00005
55.29125,0.49750,0.93292,0.00299,0.06404,0.00005
55.43375,0.49750,0.99785,0.00197,0.00016,0.00002
55.57625,0.49750,0.99976,0.00020,0.00003,0.00001
55.71875,0.49750,0.99949,0.00040,0.00010,0.00001
55.86125,0.49750,0.99508,0.00034,0.00455,0.00004
56.00375,0.49750,0.28616,0.00020,0.71360,0.00003
56.14625,0.49750,0.00001,0.00000,0.99999,0.00000
56.28875,0.49750,0.00000,0.00000,1.00000,0.00000
56.43125,0.49750,0.00005,0.00000,0.99995,0.00000
56.57375,0.49750,0.01288,0.00000,0.98710,0.00001
56.71625,0.49750,0.03856,0.00017,0.96126,0.00001
56.85875,0.49750,0.11678,0.00267,0.88049,0.00006
57.00125,0.49750,0.58033,0.00186,0.41766,0.00015
57.14375,0.49750,0.99078,0.00298,0.00620,0.00004
57.28625,0.49750,0.99945,0.00048,0.00005,0.00002
57.42875,0.49750,0.99879,0.00087,0.00031,0.00003
57.57125,0.49750,0.98600,0.00159,0.01225,0.00016
57.71375,0.49750,0.33221,0.00084,0.66664,0.00031
57.85625,0.49750,0.00005,0.00000,0.99995,0.00000
57.99875,0.49750,0.00127,0.00005,0.99868,0.00000
58.14125,0.49750,0.00944,0.00138,0.98917,0.00001
58.28375,0.49750,0.09238,0.00101,0.90637,0.00023
58.42625,0.49750,0.01939,0.00005,0.98053,0.00003
58.56875,0.49750,0.02212,0.00021,0.97764,0.00003
58.71125,0.49750,0.67854,0.00129,0.32002,0.00014
58.85375,0.49750,0.99278,0.00387,0.00330,0.00005
58.99625,0.49750,0.99934,0.00054,0.00008,0.00004
59.13875,0.49750,0.99866,0.00092,0.00037,0.00005
59.28125,0.49750,0.98400,0.00113,0.01477,0.00010
59.42375,0.49750,0.29383,0.00072,0.70539,0.00006
59.56625,0.49750,0.00009,0.00000,0.99991,0.00000
59.70875,0.49750,0.00007,0.00000,0.99993,0.00000
59.85125,0.49750,0.00021,0.00000,0.99979,0.00000
59.99375,0.49750,0.00383,0.00000,0.99616,0.00001
60.13625,0.49750,0.00919,0.00002,0.99078,0.00001
60.27875,0.49750,0.02687,0.00024,0.97284,0.00005
60.42125,0.49750,0.43753,0.00227,0.55998,0.00021
60.56375,0.49750,0.98332,0.00619,0.01044,0.00005
60.70625,0.49750,0.99809,0.00166,0.00022,0.00003
60.84875,0.49750,0.99863,0.00118,0.00017,0.00002
60.99125,0.49750,0.99904,0.00083,0.00011,0.00002
61.13375,0.49750,0.99932,0.00057,0.00009,0.00002
61.27625,0.49750,0.99947,0.00039,0.00012,0.00003
61.41875,0.49750,0.99966,0.00020,0.00010,0.00004
61.56125,0.49750,0.99966,0.00016,0.00013,0.00004
61.70375,0.49750,0.99970,0.00016,0.00011,0.00003
61.84625,0.49750,0.99959,0.00027,0.00012,0.00002
61.98875,0.49750,0.99972,0.00021,0.00006,0.00001
62.13125,0.49750,0.99971,0.00021,0.00007,0.00001
62.27375,0.49750,0.99976,0.00018,0.00005,0.00001
62.41625,0.49750,0.99975,0.00018,0.00006,0.00001
62.55875,0.49750,0.99969,0.00020,0.00009,0.00002
62.70125,0.49750,0.99929,0.00007,0.00052,0.00012
62.84375,0.49750,0.98318,0.00000,0.00120,0.01561
62.98625,0.49750,0.17417,0.00000,0.00040,0.82543
63.12875,0.49750,0.03778,0.00000,0.00008,0.96214
63.27125,0.49750,0.04162,0.00000,0.00013,0.95825
63.41375,0.49750,0.75079,0.00001,0.01126,0.23794
63.55625,0.49750,0.99882,0.00008,0.00017,0.00092
63.69875,0.49750,0.99974,0.00007,0.00007,0.00012
63.84125,0.49750,0.99987,0.00008,0.00004,0.00002
63.98375,0.49750,0.99977,0.00018,0.00004,0.00001
64.12625,0.49750,0.99976,0.00019,0.00003,0.00001
64.26875,0.49750,0.99937,0.00015,0.00028,0.00020
64.41125,0.49751,0.98104,0.00003,0.00559,0.01334
64.55375,0.49750,0.17070,0.00000,0.00296,0.82635
64.69625,0.49750,0.00557,0.00000,0.00302,0.99141
64.83875,0.49750,0.01920,0.00000,0.00020,0.98061
64.98125,0.49751,0.78761,0.00002,0.00280,0.20957
65.12375,0.49750,0.99892,0.00010,0.00013,0.00086
65.26625,0.49750,0.99980,0.00009,0.00008,0.00003
65.40875,0.49750,0.99988,0.00009,0.00003,0.00001
65.55125,0.49751,0.99987,0.00011,0.00002,0.00001
65.69375,0.49751,0.99987,0.00010,0.00002,0.00001
65.83625,0.49750,0.99993,0.00006,0.00001,0.00001
65.97875,0.49750,0.99988,0.00007,0.00002,0.00003
66.12125,0.49751,0.99931,0.00012,0.00017,0.00040
66.26375,0.49751,0.99031,0.00008,0.00573,0.00388
66.40625,0.49750,0.63816,0.00008,0.02462,0.33714
66.54875,0.49750,0.44556,0.00003,0.00451,0.54989
66.69125,0.49750,0.36540,0.00005,0.00117,0.63338
66.83375,0.49751,0.96573,0.00003,0.00703,0.02721
66.97625,0.49750,0.99970,0.00007,0.00008,0.00015
67.11875,0.49750,0.99988,0.00005,0.00005,0.00002
67.26125,0.49750,0.99994,0.00004,0.00001,0.00001
67.40375,0.49751,0.99994,0.00005,0.00001,0.00001
67.54625,0.49750,0.99991,0.00007,0.00001,0.00001
67.68875,0.49750,0.99987,0.00009,0.00003,0.00001
67.83125,0.49750,0.99898,0.00019,0.00040,0.00044
67.97375,0.49751,0.88646,0.00009,0.00777,0.10568
68.11625,0.49750,0.01107,0.00000,0.00013,0.98880
68.25875,0.49750,0.00034,0.00000,0.00008,0.99958
68.40125,0.49750,0.00678,0.00000,0.00002,0.99320
68.54375,0.49751,0.65799,0.00000,0.00075,0.34126
68.68625,0.49750,0.99789,0.00002,0.00024,0.00185
68.82875,0.49750,0.99986,0.00006,0.00004,0.00003
68.97125,0.49750,0.99983,0.00012,0.00004,0.00001
69.11375,0.49751,0.99988,0.00009,0.00002,0.00001
69.25625,0.49751,0.99989,0.00009,0.00001,0.00001
69.39875,0.49750,0.99989,0.00009,0.00001,0.00001
69.54125,0.49750,0.99982,0.00011,0.00004,0.00004
69.68375,0.49751,0.99793,0.00018,0.00057,0.00133
69.82625,0.49751,0.57179,0.00002,0.00245,0.42574
69.96875,0.49750,0.00797,0.00000,0.00007,0.99197
70.11125,0.49750,0.00216,0.00000,0.00002,0.99782
70.25375,0.49750,0.08111,0.00000,0.00004,0.91884
70.39625,0.49751,0.97078,0.00002,0.00096,0.02824
70.53875,0.49750,0.99977,0.00013,0.00001,0.00009
70.68125,0.49750,0.99987,0.00009,0.00002,0.00002
70.82375,0.49750,0.99991,0.00008,0.00001,0.00001
70.96625,0.49751,0.99986,0.00012,0.00001,0.00001
71.10875,0.49750,0.99986,0.00012,0.00001,0.00001
71.25125,0.49750,0.99977,0.00020,0.00002,0.00001
71.39375,0.49750,0.99971,0.00022,0.00001,0.00006
71.53625,0.49751,0.98586,0.00008,0.00003,0.01404
71.67875,0.49750,0.54744,0.00005,0.00195,0.45057
71.82125,0.49750,0.44511,0.00028,0.01278,0.54184
71.96375,0.49750,0.65688,0.00089,0.21596,0.12627
72.10625,0.49751,0.96051,0.00070,0.03549,0.00329
72.24875,0.49750,0.99480,0.00028,0.00473,0.00018
72.39125,0.49750,0.99950,0.00024,0.00023,0.00003
72.53375,0.49750,0.99974,0.00019,0.00006,0.00001
72.67625,0.49751,0.99982,0.00014,0.00003,0.00001
72.81875,0.49751,0.99980,0.00012,0.00005,0.00002
72.96125,0.49750,0.99948,0.00009,0.00032,0.00011
73.10375,0.49750,0.99561,0.00025,0.00176,0.00237
73.24625,0.49751,0.81267,0.00045,0.05614,0.13074
73.38875,0.49751,0.10342,0.00000,0.00243,0.89415
73.53125,0.49750,0.00703,0.00000,0.00038,0.99259
73.67375,0.49750,0.00741,0.00000,0.00015,0.99244
73.81625,0.49750,0.18742,0.00001,0.00040,0.81217
73.95875,0.49751,0.91635,0.00011,0.00558,0.07797
74.10125,0.49750,0.99809,0.00155,0.00003,0.00033
74.24375,0.49750,0.99939,0.00053,0.00003,0.00005
74.38625,0.49750,0.99986,0.00013,0.00001,0.00001
74.52875,0.49751,0.99989,0.00009,0.00001,0.00001
74.67125,0.49750,0.99984,0.00008,0.00004,0.00005
74.81375,0.49750,0.99901,0.00005,0.00047,0.00046
74.95625,0.49750,0.96633,0.00005,0.01725,0.01637
75.09875,0.49751,0.42601,0.00005,0.13376,0.44019
75.24125,0.49750,0.01589,0.00000,0.00416,0.97995
75.38375,0.49750,0.00220,0.00000,0.00277,0.99502
75.52625,0.49750,0.02717,0.00000,0.00197,0.97086
75.66875,0.49751,0.75907,0.00007,0.01038,0.23048
75.81125,0.49750,0.99574,0.00093,0.00127,0.00207
75.95375,0.49750,0.99915,0.00056,0.00022,0.00007
76.09625,0.49750,0.99942,0.00043,0.00012,0.00004
76.23875,0.49751,0.99971,0.00024,0.00003,0.00002
76.38125,0.49751,0.99979,0.00018,0.00002,0.00001
76.52375,0.49750,0.99983,0.00013,0.00003,0.00002
76.66625,0.49750,0.99961,0.00011,0.00015,0.00012
76.80875,0.49751,0.98315,0.00005,0.00512,0.01168
76.95125,0.49751,0.18697,0.00001,0.00118,0.81184
77.09375,0.49750,0.01099,0.00000,0.00097,0.98804
77.23625,0.49750,0.05788,0.00000,0.00101,0.94111
77.37875,0.49750,0.86810,0.00017,0.01334,0.11838
77.52125,0.49751,0.99815,0.00030,0.00126,0.00029
77.66375,0.49750,0.99939,0.00033,0.00026,0.00003
77.80625,0.49750,0.99987,0.00010,0.00002,0.00001
77.94875,0.49750,0.99988,0.00009,0.00002,0.00001
78.09125,0.49751,0.99981,0.00016,0.00002,0.00001
78.23375,0.49750,0.99983,0.00012,0.00003,0.00002
78.37625,0.49750,0.99853,0.00048,0.00026,0.00073
78.51875,0.49750,0.79234,0.00015,0.00099,0.20653
78.66125,0.49751,0.01739,0.00001,0.00004,0.98256
78.80375,0.49750,0.00387,0.00000,0.00001,0.99612
78.94625,0.49750,0.02973,0.00001,0.00003,0.97024
79.08875,0.49750,0.91981,0.00037,0.00663,0.07319
79.23125,0.49751,0.99890,0.00078,0.00009,0.00023
79.37375,0.49750,0.99947,0.00030,0.00021,0.00003
79.51625,0.49750,0.99988,0.00008,0.00003,0.00001
79.65875,0.49750,0.99988,0.00009,0.00002,0.00001
79.80125,0.49751,0.99989,0.00007,0.00002,0.00002
79.94375,0.49751,0.99892,0.00027,0.00021,0.00060
80.08625,0.49750,0.86667,0.00025,0.00356,0.12952
80.22875,0.49750,0.01161,0.00000,0.00008,0.98831
80.37125,0.49751,0.00063,0.00000,0.00004,0.99933
80.51375,0.49751,0.00610,0.00000,0.00001,0.99390
80.65625,0.49750,0.65907,0.00004,0.00018,0.34071
80.79875,0.49750,0.99725,0.00011,0.00013,0.00251
80.94125,0.49750,0.99972,0.00017,0.00006,0.00005
81.08375,0.49751,0.99983,0.00012,0.00004,0.00001
81.22625,0.49750,0.99993,0.00005,0.00001,0.00001
81.36875,0.49750,0.99995,0.00004,0.00001,0.00001
81.51125,0.49750,0.99997,0.00002,0.00001,0.00001
81.65375,0.49751,0.99979,0.00008,0.00004,0.00010
81.79625,0.49750,0.98969,0.00037,0.00065,0.00929
81.93875,0.49750,0.15079,0.00002,0.00045,0.84875
82.08125,0.49750,0.00378,0.00000,0.00059,0.99563
82.22375,0.49751,0.00623,0.00000,0.00008,0.99369
82.36625,0.49750,0.33976,0.00001,0.00146,0.65876
82.50875,0.49750,0.98392,0.00011,0.00188,0.01409
82.65125,0.49750,0.99946,0.00020,0.00017,0.00017
82.79375,0.49751,0.99962,0.00025,0.00010,0.00002
82.93625,0.49750,0.99988,0.00009,0.00002,0.00001
83.07875,0.49750,0.99989,0.00007,0.00002,0.00003
83.22125,0.49750,0.99804,0.00022,0.00037,0.00137
83.36375,0.49751,0.64263,0.00006,0.00285,0.35446
83.50625,0.49751,0.01251,0.00000,0.00015,0.98733
83.64875,0.49750,0.00079,0.00000,0.00010,0.99910
83.79125,0.49750,0.01579,0.00000,0.00008,0.98412
83.93375,0.49751,0.80500,0.00002,0.00197,0.19301
84.07625,0.49751,0.99575,0.00003,0.00083,0.00338
84.21875,0.49750,0.99977,0.00014,0.00005,0.00004
84.36125,0.49750,0.99976,0.00017,0.00005,0.00002
84.50375,0.49750,0.99991,0.00007,0.00001,0.00001
84.64625,0.49751,0.99991,0.00007,0.00001,0.00001
84.78875,0.49750,0.99963,0.00016,0.00006,0.00015
84.93125,0.49750,0.97828,0.00041,0.00155,0.01976
85.07375,0.49750,0.07312,0.00001,0.00028,0.92659
85.21625,0.49751,0.00239,0.00000,0.00018,0.99742
85.35875,0.49750,0.02673,0.00000,0.00007,0.97319
85.50125,0.49750,0.79380,0.00008,0.00085,0.20528
85.64375,0.49750,0.99878,0.00023,0.00018,0.00081
85.78625,0.49751,0.99968,0.00024,0.00005,0.00003
85.92875,0.49750,0.99985,0.00012,0.00002,0.00001
86.07125,0.49750,0.99993,0.00005,0.00001,0.00001
86.21375,0.49750,0.99992,0.00006,0.00001,0.00001
86.35625,0.49751,0.99962,0.00013,0.00009,0.00017
86.49875,0.49750,0.97484,0.00042,0.00251,0.02223
86.64125,0.49750,0.06374,0.00001,0.00044,0.93582
86.78375,0.49750,0.00184,0.00000,0.00017,0.99799
86.92625,0.49751,0.01716,0.00000,0.00013,0.98271
87.06875,0.49751,0.55538,0.00002,0.00115,0.44345
87.21125,0.49750,0.99585,0.00008,0.00089,0.00319
87.35375,0.49750,0.99966,0.00023,0.00006,0.00005
87.49625,0.49751,0.99970,0.00022,0.00006,0.00002
87.63875,0.49751,0.99989,0.00009,0.00002,0.00001
87.78125,0.49750,0.99991,0.00007,0.00001,0.00001
87.92375,0.49750,0.99995,0.00003,0.00001,0.00001
88.06625,0.49750,0.99973,0.00008,0.00004,0.00015
88.20875,0.49751,0.99205,0.00013,0.00165,0.00617
88.35125,0.49750,0.32984,0.00000,0.00508,0.66508
88.49375,0.49750,0.00675,0.00000,0.00035,0.99291
88.63625,0.49750,0.00635,0.00000,0.00010,0.99355
88.77875,0.49751,0.10409,0.00000,0.00014,0.89577
88.92125,0.49750,0.96608,0.00002,0.00472,0.02917
89.06375,0.49750,0.99959,0.00024,0.00004,0.00012
89.20625,0.49750,0.99976,0.00017,0.00005,0.00002
89.34875,0.49751,0.99989,0.00009,0.00001,0.00001
89.49125,0.49750,0.99992,0.00007,0.00001,0.00001
89.63375,0.49750,0.99983,0.00008,0.00004,0.00005
89.77625,0.49750,0.99610,0.00028,0.00067,0.00295
89.91875,0.49751,0.34173,0.00003,0.00090,0.65734
90.06125,0.49750,0.00366,0.00000,0.00001,0.99633
90.20375,0.49750,0.00062,0.00000,0.00002,0.99936
90.34625,0.49750,0.01725,0.00000,0.00004,0.98271
90.48875,0.49751,0.85671,0.00005,0.00216,0.14107
90.63125,0.49751,0.99938,0.00006,0.00009,0.00047
90.77375,0.49750,0.99986,0.00010,0.00002,0.00001
90.91625,0.49750,0.99995,0.00004,0.00001,0.00000
91.05875,0.49751,0.99995,0.00004,0.00001,0.00000
91.20125,0.49751,0.99995,0.00003,0.00001,0.00001
91.34375,0.49750,0.99991,0.00004,0.00002,0.00003
91.48625,0.49750,0.99910,0.00008,0.00026,0.00056
91.62875,0.49750,0.91839,0.00002,0.00338,0.07821
91.77125,0.49751,0.12347,0.00001,0.00088,0.87564
91.91375,0.49750,0.03570,0.00000,0.00127,0.96302
92.05625,0.49750,0.23501,0.00000,0.00048,0.76450
92.19875,0.49750,0.98670,0.00001,0.00196,0.01134
92.34125,0.49751,0.99988,0.00004,0.00003,0.00005
92.48375,0.49750,0.99994,0.00005,0.00001,0.00001
92.62625,0.49750,0.99996,0.00003,0.00001,0.00001
92.76875,0.49750,0.99995,0.00004,0.00001,0.00001
92.91125,0.49751,0.99993,0.00003,0.00002,0.00002
93.05375,0.49750,0.99890,0.00025,0.00022,0.00064
93.19625,0.49750,0.80923,0.00009,0.00188,0.18880
93.33875,0.49750,0.01106,0.00000,0.00004,0.98891
93.48125,0.49751,0.00088,0.00000,0.00005,0.99907
93.62375,0.49750,0.01001,0.00000,0.00003,0.98996
93.76625,0.49750,0.68102,0.00012,0.00169,0.31718
93.90875,0.49750,0.99774,0.00063,0.00024,0.00139
94.05125,0.49751,0.99946,0.00042,0.00007,0.00004
94.19375,0.49751,0.99983,0.00013,0.00003,0.00001
94.33625,0.49750,0.99989,0.00009,0.00002,0.00001
94.47875,0.49750,0.99987,0.00010,0.00001,0.00001
94.62125,0.49751,0.99983,0.00009,0.00003,0.00005
94.76375,0.49751,0.99641,0.00062,0.00053,0.00243
94.90625,0.49750,0.62965,0.00039,0.00948,0.36048
95.04875,0.49750,0.00350,0.00000,0.00012,0.99638
95.19125,0.49750,0.00036,0.00000,0.00010,0.99954
95.33375,0.49751,0.00420,0.00000,0.00008,0.99573
95.47625,0.49750,0.50216,0.00000,0.00172,0.49612
95.61875,0.49750,0.99719,0.00006,0.00039,0.00236
95.76125,0.49750,0.99984,0.00008,0.00004,0.00004
95.90375,0.49751,0.99986,0.00010,0.00002,0.00001
96.04625,0.49750,0.99991,0.00007,0.00001,0.00001
96.18875,0.49750,0.99991,0.00008,0.00001,0.00001
96.33125,0.49750,0.99987,0.00008,0.00002,0.00002
96.47375,0.49751,0.99793,0.00022,0.00051,0.00133
96.61625,0.49750,0.67514,0.00005,0.00402,0.32079
96.75875,0.49750,0.00412,0.00000,0.00005,0.99583
96.90125,0.49750,0.00042,0.00000,0.00014,0.99944
97.04375,0.49751,0.02534,0.00000,0.00014,0.97452
97.18625,0.49750,0.86901,0.00002,0.00244,0.12853
97.32875,0.49750,0.99893,0.00009,0.00015,0.00083
97.47125,0.49750,0.99987,0.00008,0.00003,0.00002
97.61375,0.49751,0.99979,0.00016,0.00004,0.00002
97.75625,0.49751,0.99987,0.00011,0.00002,0.00001
97.89875,0.49750,0.99987,0.00010,0.00002,0.00001
98.04125,0.49750,0.99990,0.00006,0.00002,0.00002
98.18375,0.49751,0.99934,0.00020,0.00011,0.00034
98.32625,0.49751,0.97115,0.00059,0.00173,0.02653
98.46875,0.49750,0.07904,0.00003,0.00091,0.92002
98.61125,0.49750,0.00110,0.00000,0.00001,0.99890
98.75375,0.49750,0.00024,0.00000,0.00000,0.99975
98.89625,0.49751,0.01404,0.00000,0.00002,0.98593
99.03875,0.49750,0.82513,0.00004,0.00239,0.17244
99.18125,0.49750,0.99854,0.00004,0.00058,0.00084
99.32375,0.49750,0.99986,0.00007,0.00005,0.00003
99.46625,0.49751,0.99994,0.00003,0.00001,0.00001
99.60875,0.49750,0.99990,0.00008,0.00001,0.00001
99.75125,0.49750,0.99988,0.00010,0.00001,0.00001
99.89375,0.49750,0.99990,0.00008,0.00002,0.00001
100.03625,0.49751,0.99948,0.00024,0.00011,0.00017
100.17875,0.49750,0.97715,0.00021,0.00228,0.02036
100.32125,0.49750,0.06043,0.00000,0.00051,0.93905
100.46375,0.49750,0.00179,0.00000,0.00029,0.99791
100.60625,0.49751,0.01169,0.00000,0.00009,0.98822
100.74875,0.49750,0.61808,0.00002,0.00062,0.38128
100.89125,0.49750,0.99775,0.00006,0.00035,0.00184
101.03375,0.49750,0.99988,0.00008,0.00002,0.00002
101.17625,0.49751,0.99978,0.00018,0.00003,0.00001
101.31875,0.49751,0.99984,0.00013,0.00002,0.00001
101.46125,0.49750,0.99983,0.00014,0.00002,0.00001
101.60375,0.49750,0.99983,0.00013,0.00003,0.00002
101.74625,0.49751,0.99938,0.00027,0.00012,0.00023
101.88875,0.49751,0.98524,0.00098,0.00176,0.01202
102.03125,0.49750,0.47506,0.00045,0.01298,0.51151
102.17375,0.49750,0.01443,0.00001,0.00047,0.98510
102.31625,0.49750,0.00847,0.00000,0.00069,0.99084
102.45875,0.49751,0.26825,0.00000,0.00107,0.73067
102.60125,0.49750,0.96804,0.00002,0.00450,0.02744
102.74375,0.49750,0.99972,0.00011,0.00007,0.00010
102.88625,0.49750,0.99977,0.00017,0.00003,0.00002
103.02875,0.49751,0.99989,0.00008,0.00002,0.00001
103.17125,0.49750,0.99992,0.00006,0.00001,0.00001
103.31375,0.49750,0.99992,0.00006,0.00001,0.00001
103.45625,0.49750,0.99984,0.00010,0.00003,0.00002
103.59875,0.49751,0.99719,0.00040,0.00068,0.00174
103.74125,0.49750,0.52520,0.00005,0.00309,0.47166
103.88375,0.49750,0.00291,0.00000,0.00004,0.99705
104.02625,0.49750,0.00045,0.00000,0.00007,0.99948
104.16875,0.49751,0.01225,0.00000,0.00003,0.98772
104.31125,0.49750,0.76128,0.00003,0.00108,0.23761
104.45375,0.49750,0.99843,0.00015,0.00010,0.00131
104.59625,0.49750,0.99978,0.00012,0.00007,0.00004
104.73875,0.49751,0.99974,0.00019,0.00005,0.00002
104.88125,0.49751,0.99987,0.00010,0.00002,0.00001
105.02375,0.49750,0.99988,0.00010,0.00001,0.00001
105.16625,0.49750,0.99991,0.00006,0.00001,0.00002
105.30875,0.49751,0.99919,0.00027,0.00012,0.00043
105.45125,0.49751,0.96852,0.00032,0.00301,0.02816
105.59375,0.49750,0.07321,0.00000,0.00158,0.92521
105.73625,0.49750,0.00271,0.00000,0.00013,0.99716
105.87875,0.49750,0.00338,0.00000,0.00006,0.99656
106.02125,0.49751,0.11074,0.00000,0.00016,0.88909
106.16375,0.49750,0.97220,0.00004,0.00281,0.02495
106.30625,0.49750,0.99974,0.00016,0.00002,0.00007
106.44875,0.49750,0.99980,0.00014,0.00005,0.00002
106.59125,0.49751,0.99989,0.00009,0.00002,0.00001
106.73375,0.49750,0.99985,0.00013,0.00002,0.00001
106.87625,0.49750,0.99987,0.00010,0.00002,0.00001
107.01875,0.49750,0.99969,0.00014,0.00007,0.00010
107.16125,0.49751,0.99112,0.00014,0.00106,0.00769
107.30375,0.49750,0.25047,0.00001,0.00229,0.74724
107.44625,0.49750,0.00371,0.00000,0.00007,0.99622
107.58875,0.49750,0.00228,0.00000,0.00004,0.99767
107.73125,0.49751,0.16306,0.00000,0.00012,0.83682
107.87375,0.49750,0.98446,0.00002,0.00067,0.01485
108.01625,0.49750,0.99973,0.00020,0.00001,0.00006
108.15875,0.49750,0.99989,0.00008,0.00002,0.00001
108.30125,0.49751,0.99984,0.00013,0.00002,0.00001
108.44375,0.49751,0.99990,0.00008,0.00002,0.00001
108.58625,0.49750,0.99995,0.00003,0.00001,0.00000
108.72875,0.49750,0.99993,0.00003,0.00001,0.00002
108.87125,0.49751,0.99878,0.00012,0.00019,0.00091
109.01375,0.49751,0.74003,0.00007,0.00264,0.25727
109.15625,0.49750,0.00642,0.00000,0.00006,0.99352
109.29875,0.49750,0.00054,0.00000,0.00009,0.99937
109.44125,0.49750,0.00487,0.00000,0.00002,0.99511
109.58375,0.49751,0.62729,0.00001,0.00112,0.37158
109.72625,0.49750,0.99786,0.00005,0.00007,0.00202
109.86875,0.49750,0.99985,0.00008,0.00003,0.00005
110.01125,0.49750,0.99992,0.00007,0.00001,0.00001
110.15375,0.49751,0.99992,0.00007,0.00001,0.00001
110.29625,0.49750,0.99992,0.00007,0.00001,0.00001
110.43875,0.49750,0.99988,0.00008,0.00002,0.00002
110.58125,0.49750,0.99870,0.00008,0.00056,0.00066
110.72375,0.49751,0.85866,0.00003,0.00623,0.13508
110.86625,0.49750,0.01527,0.00000,0.00020,0.98453
111.00875,0.49750,0.00089,0.00000,0.00013,0.99898
111.15125,0.49750,0.00582,0.00000,0.00001,0.99416
111.29375,0.49751,0.55530,0.00001,0.00137,0.44332
111.43625,0.49750,0.99465,0.00005,0.00018,0.00512
111.57875,0.49750,0.99979,0.00012,0.00002,0.00007
111.72125,0.49750,0.99981,0.00015,0.00002,0.00001
111.86375,0.49751,0.99985,0.00013,0.00002,0.00001
112.00625,0.49751,0.99982,0.00015,0.00002,0.00001
112.14875,0.49750,0.99984,0.00010,0.00004,0.00002
112.29125,0.49750,0.99930,0.00021,0.00014,0.00036
112.43375,0.49751,0.98344,0.00055,0.00118,0.01483
112.57625,0.49751,0.11438,0.00000,0.00015,0.88547
112.71875,0.49750,0.00730,0.00000,0.00003,0.99267
112.86125,0.49750,0.00724,0.00000,0.00002,0.99275
113.00375,0.49750,0.22692,0.00002,0.00042,0.77264
113.14625,0.49751,0.94866,0.00001,0.00322,0.04811
113.28875,0.49750,0.99965,0.00007,0.00003,0.00025
113.43125,0.49750,0.99994,0.00002,0.00002,0.00003
113.57375,0.49750,0.99996,0.00003,0.00001,0.00001
113.71625,0.49751,0.99994,0.00005,0.00001,0.00001
113.85875,0.49750,0.99991,0.00007,0.00001,0.00001
114.00125,0.49750,0.99975,0.00014,0.00006,0.00005
114.14375,0.49750,0.99457,0.00031,0.00094,0.00418
114.28625,0.49751,0.23614,0.00001,0.00053,0.76332
114.42875,0.49750,0.00219,0.00000,0.00004,0.99778
114.57125,0.49750,0.00201,0.00000,0.00004,0.99794
114.71375,0.49750,0.08103,0.00000,0.00022,0.91875
114.85625,0.49751,0.95755,0.00003,0.00393,0.03850
114.99875,0.49750,0.99966,0.00023,0.00002,0.00009
115.14125,0.49750,0.99976,0.00016,0.00005,0.00003
115.28375,0.49750,0.99980,0.00016,0.00003,0.00001
115.42625,0.49751,0.99979,0.00017,0.00003,0.00001
115.56875,0.49751,0.99983,0.00014,0.00002,0.00001
115.71125,0.49750,0.99991,0.00007,0.00001,0.00001
115.85375,0.49750,0.99987,0.00006,0.00002,0.00005
115.99625,0.49751,0.99739,0.00011,0.00036,0.00214
116.13875,0.49751,0.51414,0.00002,0.00192,0.48392
116.28125,0.49750,0.00553,0.00000,0.00006,0.99441
116.42375,0.49750,0.00184,0.00000,0.00003,0.99813
116.56625,0.49750,0.08318,0.00000,0.00016,0.91666
116.70875,0.49751,0.97879,0.00003,0.00126,0.01991
116.85125,0.49750,0.99982,0.00007,0.00003,0.00008
116.99375,0.49750,0.99989,0.00008,0.00001,0.00002
117.13625,0.49750,0.99989,0.00009,0.00001,0.00001
117.27875,0.49751,0.99986,0.00012,0.00001,0.00001
117.42125,0.49750,0.99988,0.00010,0.00002,0.00001
117.56375,0.49750,0.99972,0.00017,0.00005,0.00005
117.70625,0.49750,0.99581,0.00041,0.00113,0.00265
117.84875,0.49751,0.66912,0.00007,0.01390,0.31691
117.99125,0.49750,0.00668,0.00000,0.00039,0.99293
118.13375,0.49750,0.00199,0.00000,0.00029,0.99772
118.27625,0.49750,0.04603,0.00000,0.00010,0.95387
118.41875,0.49751,0.94909,0.00005,0.00050,0.05036
118.56125,0.49750,0.99965,0.00009,0.00002,0.00024
118.70375,0.49750,0.99988,0.00006,0.00003,0.00003
118.84625,0.49750,0.99984,0.00011,0.00003,0.00003
118.98875,0.49751,0.99973,0.00023,0.00003,0.00001
119.13125,0.49751,0.99970,0.00025,0.00003,0.00002
119.27375,0.49750,0.99980,0.00013,0.00004,0.00003
119.41625,0.49750,0.99844,0.00018,0.00040,0.00098
119.55875,0.49751,0.75024,0.00002,0.00233,0.24741
119.70125,0.49751,0.00431,0.00000,0.00003,0.99566
119.84375,0.49750,0.00024,0.00000,0.00002,0.99973
119.98625,0.49750,0.00634,0.00000,0.00001,0.99365
120.12875,0.49750,0.77206,0.00000,0.00073,0.22721
120.27125,0.49751,0.99786,0.00009,0.00014,0.00192
120.41375,0.49750,0.99910,0.00054,0.00023,0.00012
120.55625,0.49750,0.99324,0.00100,0.00512,0.00063
120.69875,0.49750,0.91780,0.00037,0.07628,0.00555
120.84125,0.49751,0.89572,0.00003,0.09156,0.01269
120.98375,0.49750,0.98274,0.00000,0.01123,0.00603
121.12625,0.49750,0.99837,0.00000,0.00067,0.00096
121.26875,0.49750,0.99977,0.00000,0.00009,0.00014
