Time(Seconds),Length(Seconds),Label(string),Confidence(double),Comment(string)
3.2947097,0.9695878,Sidehook_R,1,
4.5907852,0.9154648999999999,Sidehook_R,1,
6.5649014999999995,0.9700402,Sidehook_R,1,
8.5952857,0.9561132000000001,Sidehook_R,1,
10.755578100000001,1.0908496,Sidehook_R,1,
12.6339716,0.9886642999999999,Sidehook_R,1,
14.4189092,1.0808091000000002,Sidehook_R,1,
16.0028458,1.0623477000000001,Sidehook_R,1,
17.6907792,1.1110924999999998,Sidehook_R,1,
19.4625997,1.0100398,Sidehook_R,1,
21.1664626,1.0218614,Sidehook_R,1,
22.7269468,0.9865876000000003,Sidehook_R,1,
24.186540400000002,0.9446148000000002,Sidehook_R,1,
25.9197482,0.9324227,Sidehook_R,1,
27.6828933,0.9593517,Sidehook_R,1,
29.1985192,1.1133597000000002,Sidehook_R,1,
30.856081200000002,1.1494729000000001,Sidehook_R,1,
32.49104450000001,1.0880964000000002,Sidehook_R,1,
34.1561882,1.1102824999999998,Sidehook_R,1,
35.7488842,1.1193544000000002,Sidehook_R,1,
37.7294491,1.159643,Sidehook_R,1,
39.36917150000001,1.091096,Sidehook_R,1,
41.1378375,0.9496353000000002,Sidehook_R,1,
42.9100399,1.006154,Sidehook_R,1,
44.5812203,1.0297972,Sidehook_R,1,
46.294254900000006,1.0231573000000003,Sidehook_R,1,
47.957852800000005,0.9880163,Sidehook_R,1,
49.645109500000004,1.1460720999999998,Sidehook_R,1,
51.234714000000004,1.1221050000000001,Sidehook_R,1,
52.7550365,1.0995947,Sidehook_R,1,
54.6492856,1.0884203,Sidehook_R,1,
56.2512272,1.0712555,Sidehook_R,1,
58.1348614,1.0822664999999998,Sidehook_R,1,
59.848986000000004,1.1907691,Sidehook_R,1,
61.780967700000005,1.1033194,Sidehook_R,1,
63.4763215,1.0821044,Sidehook_R,1,
65.0973726,1.0343311,Sidehook_R,1,
66.80893520000001,1.1293919,Sidehook_R,1,
