Time(Seconds),Length(Seconds),Label(string),Confidence(double),Comment(string)
5.0091355,0.7119822,Uppercut_R,1,
6.2834548,0.6885838,Uppercut_R,1,
7.5837418,0.6752133000000001,Uppercut_R,1,
8.8838168,0.6952692,Uppercut_R,1,
10.1381859,0.7754925,Uppercut_R,1,
11.8699543,0.6518148,Uppercut_R,1,
13.1702413,0.7387233,Uppercut_R,1,
14.7132034,0.6250736,Uppercut_R,1,
15.988508,0.7320381,Uppercut_R,1,
17.4646172,0.6952692,Uppercut_R,1,
18.8518128,0.6685279,Uppercut_R,1,
20.1743011,0.7019543,Uppercut_R,1,
21.4545322,0.7220101,Uppercut_R,1,
22.6597818,0.7888629,Uppercut_R,1,
24.1238581,0.8323174,Uppercut_R,1,
25.7574818,0.6250737,Uppercut_R,1,
27.1446775,0.6919265,Uppercut_R,1,
28.6255016,0.685241,Uppercut_R,1,
30.0354529,0.5966364,Uppercut_R,1,
31.3476179,0.7125122,Uppercut_R,1,
32.7997621,0.6705996,Uppercut_R,1,
34.3942848,0.7026503,Uppercut_R,1,
35.786873299999996,0.7398659999999999,Uppercut_R,1,
37.7211029,0.5818437000000001,Uppercut_R,1,
38.9834081,0.7322357,Uppercut_R,1,
40.3985707,0.6360834,Uppercut_R,1,
41.7895948,0.6419644,Uppercut_R,1,
43.1089703,0.631759,Uppercut_R,1,
44.482339,0.5804003,Uppercut_R,1,
45.860983,0.6484722,Uppercut_R,1,
47.1473007,0.6284162,Uppercut_R,1,
48.4882264,0.6250736,Uppercut_R,1,
49.6815489,0.7353808,Uppercut_R,1,
51.061587800000005,0.7086396,Uppercut_R,1,
52.32153,0.6785558,Uppercut_R,1,
53.6908152,0.5381649,Uppercut_R,1,
54.9911022,0.5749340000000001,Uppercut_R,1,
56.355919,0.5916472,Uppercut_R,1,
57.7792633,0.5440026,Uppercut_R,1,
59.1838269,0.5649061,Uppercut_R,1,
60.4700388,0.648472,Uppercut_R,1,
61.7201861,0.6484722,Uppercut_R,1,
62.923817299999996,0.5615634,Uppercut_R,1,
64.0837133,0.6351015,Uppercut_R,1,
65.2433976,0.6284163,Uppercut_R,1,
66.530314,0.5682487,Uppercut_R,1,
67.6948187,0.6585001,Uppercut_R,1,
69.0183765,0.5647801,Uppercut_R,1,
70.2227684,0.6986116,Uppercut_R,1,
71.4729157,0.6618428,Uppercut_R,1,
72.7563836,0.6317588,Uppercut_R,1,
73.8998471,0.7286955,Uppercut_R,1,
75.0931697,0.6785558,Uppercut_R,1,
76.4068616,0.668528,Uppercut_R,1,
77.6369531,0.6050179,Uppercut_R,1,
79.0488134,0.4245152,Uppercut_R,1,
80.1933683,0.4779975,Uppercut_R,1,
81.3000629,0.4746549,Uppercut_R,1,
82.580294,0.5649062,Uppercut_R,1,
83.9479607,0.5615635,Uppercut_R,1,
85.2056726,0.5816194,Uppercut_R,1,
86.5115536,0.5615635,Uppercut_R,1,
87.6885494,0.6718706,Uppercut_R,1,
89.0454496,0.5816194,Uppercut_R,1,
90.46789,0.5337015,Uppercut_R,1,
91.6233984,0.538165,Uppercut_R,1,
92.8033504,0.5047386,Uppercut_R,1,
94.0160242,0.5247944,Uppercut_R,1,
