Time (seconds), Duration (seconds),pred_(unlabeled),pred_Jab_R,pred_Sidehook_R,pred_Uppercut_R
0.00125,0.39000,0.99921,0.00024,0.00050,0.00005
0.25125,0.39000,0.99860,0.00072,0.00067,0.00001
0.50125,0.39000,0.99830,0.00080,0.00087,0.00003
0.75125,0.39000,0.05532,0.00028,0.01595,0.92845
1.00125,0.39000,0.00289,0.00056,0.00030,0.99625
1.25125,0.39000,0.11355,0.00783,0.01384,0.86478
1.50125,0.39000,0.97523,0.01598,0.00451,0.00427
1.75125,0.39000,0.99776,0.00026,0.00010,0.00189
2.00125,0.39000,0.99938,0.00023,0.00015,0.00023
2.25125,0.39000,0.99899,0.00025,0.00040,0.00035
2.50125,0.39000,0.02685,0.00008,0.00789,0.96519
2.75125,0.39000,0.00225,0.00003,0.00001,0.99770
3.00125,0.39000,0.13535,0.00096,0.00387,0.85983
3.25125,0.39000,0.99687,0.00142,0.00035,0.00136
3.50125,0.39000,0.99947,0.00036,0.00005,0.00012
3.75125,0.39000,0.99951,0.00036,0.00009,0.00004
4.00125,0.39000,0.99960,0.00029,0.00009,0.00003
4.25125,0.39000,0.97150,0.00106,0.01562,0.01182
4.50125,0.39000,0.00435,0.00007,0.00232,0.99326
4.75125,0.39000,0.00086,0.00003,0.00005,0.99906
5.00125,0.39000,0.67506,0.00200,0.00025,0.32269
5.25125,0.39000,0.99629,0.00309,0.00009,0.00053
5.50125,0.39000,0.99940,0.00050,0.00003,0.00008
5.75125,0.39000,0.99958,0.00029,0.00009,0.00005
6.00125,0.39000,0.99906,0.00027,0.00027,0.00040
6.25125,0.39000,0.07036,0.00006,0.00859,0.92099
6.50125,0.39000,0.00078,0.00002,0.00003,0.99916
6.75125,0.39000,0.03072,0.00326,0.00112,0.96490
7.00125,0.39000,0.98627,0.00127,0.00008,0.01239
7.25125,0.39000,0.99941,0.00033,0.00003,0.00023
7.50125,0.39000,0.99965,0.00027,0.00005,0.00003
7.75125,0.39000,0.99941,0.00028,0.00015,0.00016
8.00125,0.39000,0.30930,0.00042,0.01684,0.67343
8.25125,0.39000,0.00156,0.00001,0.00001,0.99842
8.50125,0.39000,0.00651,0.00062,0.00001,0.99287
8.75125,0.39000,0.94058,0.00303,0.00002,0.05637
9.00125,0.39000,0.99750,0.00057,0.00002,0.00191
9.25125,0.39000,0.99977,0.00014,0.00005,0.00004
9.50125,0.39000,0.99914,0.00022,0.00016,0.00048
9.75125,0.39000,0.54394,0.00044,0.02807,0.42755
10.00125,0.39000,0.00257,0.00001,0.00000,0.99742
10.25125,0.39000,0.00477,0.00025,0.00000,0.99498
10.50125,0.39000,0.78010,0.00263,0.00001,0.21726
10.75125,0.39000,0.99610,0.00065,0.00002,0.00322
11.00125,0.39000,0.99977,0.00017,0.00004,0.00003
11.25125,0.39000,0.99953,0.00030,0.00013,0.00004
11.50125,0.39000,0.97221,0.00075,0.00760,0.01944
11.75125,0.39000,0.00453,0.00001,0.00088,0.99458
12.00125,0.39000,0.00193,0.00006,0.00002,0.99799
12.25125,0.39000,0.17504,0.00093,0.00230,0.82172
12.50125,0.39000,0.99856,0.00035,0.00007,0.00103
12.75125,0.39000,0.99956,0.00035,0.00002,0.00007
13.00125,0.39000,0.99957,0.00033,0.00006,0.00005
13.25125,0.39000,0.99819,0.00061,0.00031,0.00090
13.50125,0.39000,0.02705,0.00002,0.00060,0.97233
13.75125,0.39000,0.00163,0.00001,0.00001,0.99835
14.00125,0.39000,0.02405,0.00123,0.00002,0.97470
14.25125,0.39000,0.98040,0.00140,0.00001,0.01820
14.50125,0.39000,0.99764,0.00059,0.00001,0.00176
14.75125,0.39000,0.99967,0.00020,0.00003,0.00010
15.00125,0.39000,0.95741,0.00087,0.00341,0.03831
15.25125,0.39000,0.00354,0.00003,0.00132,0.99511
15.50125,0.39000,0.00182,0.00020,0.00013,0.99784
15.75125,0.39000,0.10568,0.00016,0.00073,0.89343
16.00125,0.39000,0.99179,0.00154,0.00048,0.00619
16.25125,0.39000,0.99920,0.00066,0.00007,0.00007
16.50125,0.39000,0.99974,0.00014,0.00007,0.00004
16.75125,0.39000,0.95697,0.00048,0.00250,0.04005
17.00125,0.39000,0.00375,0.00001,0.00038,0.99586
17.25125,0.39000,0.00210,0.00012,0.00006,0.99772
17.50125,0.39000,0.16683,0.00047,0.00205,0.83065
17.75125,0.39000,0.98897,0.00075,0.00015,0.01013
18.00125,0.39000,0.99924,0.00028,0.00008,0.00041
18.25125,0.39000,0.99937,0.00008,0.00022,0.00032
18.50125,0.39000,0.99894,0.00015,0.00089,0.00002
18.75125,0.39000,0.99867,0.00015,0.00115,0.00002
19.00125,0.39000,0.99875,0.00017,0.00106,0.00003
19.25125,0.39000,0.86530,0.00012,0.00080,0.13378
19.50125,0.39000,0.00954,0.00002,0.00045,0.98999
19.75125,0.39000,0.01475,0.00738,0.01264,0.96522
20.00125,0.39000,0.87813,0.00600,0.02738,0.08850
20.25125,0.39000,0.99892,0.00075,0.00022,0.00011
20.50125,0.39000,0.99954,0.00019,0.00005,0.00021
20.75125,0.39000,0.99247,0.00043,0.00146,0.00564
21.00125,0.39000,0.00871,0.00004,0.00206,0.98919
21.25125,0.39000,0.00341,0.00106,0.00062,0.99492
21.50125,0.39000,0.20554,0.00110,0.01598,0.77738
21.75125,0.39000,0.99779,0.00084,0.00074,0.00063
22.00125,0.39000,0.99410,0.00282,0.00307,0.00002
22.25125,0.39000,0.99898,0.00015,0.00049,0.00038
22.50125,0.39000,0.31906,0.00016,0.00523,0.67556
22.75125,0.39000,0.00261,0.00001,0.00004,0.99733
23.00125,0.39000,0.00514,0.00008,0.00001,0.99478
23.25125,0.39000,0.59260,0.00037,0.00003,0.40701
23.50125,0.39000,0.99602,0.00004,0.00005,0.00390
23.75125,0.39000,0.99921,0.00010,0.00064,0.00005
24.00125,0.39000,0.99764,0.00023,0.00097,0.00115
24.25125,0.39000,0.04199,0.00001,0.00165,0.95635
24.50125,0.39000,0.00477,0.00002,0.00007,0.99513
24.75125,0.39000,0.00713,0.00004,0.00009,0.99273
25.00125,0.39000,0.93984,0.00031,0.00032,0.05953
25.25125,0.39000,0.99937,0.00044,0.00010,0.00009
25.50125,0.39000,0.99946,0.00014,0.00008,0.00033
25.75125,0.39000,0.98245,0.00034,0.00125,0.01597
26.00125,0.39000,0.00726,0.00001,0.00053,0.99221
26.25125,0.39000,0.00291,0.00013,0.00003,0.99693
26.50125,0.39000,0.11447,0.00071,0.00011,0.88472
26.75125,0.39000,0.99760,0.00019,0.00020,0.00202
27.00125,0.39000,0.99956,0.00013,0.00029,0.00003
27.25125,0.39000,0.99929,0.00015,0.00040,0.00016
27.50125,0.39000,0.16528,0.00004,0.00146,0.83323
27.75125,0.39000,0.00511,0.00000,0.00012,0.99477
28.00125,0.39000,0.00206,0.00004,0.00004,0.99786
28.25125,0.39000,0.47339,0.00208,0.00540,0.51913
28.50125,0.39000,0.99255,0.00010,0.00011,0.00724
28.75125,0.39000,0.99867,0.00039,0.00053,0.00041
29.00125,0.39000,0.99874,0.00022,0.00097,0.00007
29.25125,0.39000,0.40846,0.00010,0.02206,0.56938
29.50125,0.39000,0.00744,0.00000,0.00013,0.99243
29.75125,0.39000,0.00281,0.00008,0.00008,0.99703
30.00125,0.39000,0.34435,0.00448,0.00345,0.64772
30.25125,0.39000,0.99913,0.00061,0.00015,0.00011
30.50125,0.39000,0.99938,0.00012,0.00009,0.00041
30.75125,0.39000,0.99427,0.00012,0.00054,0.00506
31.00125,0.39000,0.02019,0.00001,0.00162,0.97818
31.25125,0.39000,0.00400,0.00001,0.00001,0.99598
31.50125,0.39000,0.01385,0.00063,0.00002,0.98550
31.75125,0.39000,0.99109,0.00239,0.00013,0.00639
32.00125,0.39000,0.99893,0.00064,0.00031,0.00011
32.25125,0.39000,0.99968,0.00007,0.00015,0.00009
32.50125,0.39000,0.94238,0.00027,0.00173,0.05561
32.75125,0.39000,0.00665,0.00001,0.00048,0.99287
33.00125,0.39000,0.00475,0.00008,0.00003,0.99515
33.25125,0.39000,0.03655,0.00005,0.00015,0.96325
33.50125,0.39000,0.99489,0.00029,0.00057,0.00425
33.75125,0.39000,0.99964,0.00011,0.00016,0.00009
34.00125,0.39000,0.99929,0.00008,0.00027,0.00036
34.25125,0.39000,0.94333,0.00015,0.00979,0.04673
34.50125,0.39000,0.00509,0.00000,0.00032,0.99458
34.75125,0.39000,0.00432,0.00005,0.00002,0.99560
35.00125,0.39000,0.17740,0.00160,0.00033,0.82066
35.25125,0.39000,0.99775,0.00123,0.00035,0.00068
35.50125,0.39000,0.99964,0.00028,0.00006,0.00002
35.75125,0.39000,0.99957,0.00014,0.00011,0.00018
36.00125,0.39000,0.88830,0.00032,0.00472,0.10665
36.25125,0.39000,0.00853,0.00000,0.00076,0.99071
36.50125,0.39000,0.00363,0.00013,0.00004,0.99621
36.75125,0.39000,0.14819,0.00085,0.00021,0.85075
37.00125,0.39000,0.98930,0.00032,0.00008,0.01030
37.25125,0.39000,0.99957,0.00025,0.00009,0.00009
37.50125,0.39000,0.99955,0.00013,0.00014,0.00017
37.75125,0.39000,0.97272,0.00030,0.00090,0.02607
38.00125,0.39000,0.01561,0.00000,0.00084,0.98355
38.25125,0.39000,0.00413,0.00001,0.00001,0.99585
38.50125,0.39000,0.04395,0.00072,0.02411,0.93121
38.75125,0.39000,0.99752,0.00041,0.00048,0.00159
39.00125,0.39000,0.99958,0.00014,0.00009,0.00018
39.25125,0.39000,0.99971,0.00014,0.00007,0.00009
39.50125,0.39000,0.94926,0.00054,0.00033,0.04986
39.75125,0.39000,0.00824,0.00000,0.00018,0.99158
40.00125,0.39000,0.01133,0.00150,0.00206,0.98511
40.25125,0.39000,0.05809,0.03771,0.12605,0.77815
40.50125,0.39000,0.99882,0.00057,0.00008,0.00054
40.75125,0.39000,0.99954,0.00020,0.00006,0.00020
41.00125,0.39000,0.99962,0.00021,0.00009,0.00008
41.25125,0.39000,0.99930,0.00013,0.00015,0.00042
41.50125,0.39000,0.46102,0.00034,0.00952,0.52911
41.75125,0.39000,0.00388,0.00000,0.00012,0.99599
42.00125,0.39000,0.00245,0.00008,0.00005,0.99741
42.25125,0.39000,0.76006,0.00377,0.01232,0.22385
42.50125,0.39000,0.99465,0.00036,0.00003,0.00496
42.75125,0.39000,0.99276,0.00012,0.00008,0.00705
43.00125,0.39000,0.99452,0.00010,0.00031,0.00508
43.25125,0.39000,0.96271,0.00029,0.01098,0.02602
43.50125,0.39000,0.00397,0.00001,0.00021,0.99582
43.75125,0.39000,0.00161,0.00001,0.00001,0.99837
44.00125,0.39000,0.30056,0.00027,0.00151,0.69767
44.25125,0.39000,0.99796,0.00078,0.00001,0.00125
44.50125,0.39000,0.99912,0.00079,0.00004,0.00005
44.75125,0.39000,0.99895,0.00082,0.00017,0.00005
45.00125,0.39000,0.70445,0.00234,0.26717,0.02604
45.25125,0.39000,0.00563,0.00004,0.00188,0.99245
45.50125,0.39000,0.00230,0.00003,0.00000,0.99767
45.75125,0.39000,0.42214,0.00535,0.00019,0.57232
46.00125,0.39000,0.99779,0.00094,0.00002,0.00125
46.25125,0.39000,0.99963,0.00025,0.00003,0.00008
46.50125,0.39000,0.99959,0.00025,0.00011,0.00005
46.75125,0.39000,0.99883,0.00046,0.00023,0.00048
47.00125,0.39000,0.06945,0.00008,0.01465,0.91582
47.25125,0.39000,0.00756,0.00004,0.00025,0.99216
47.50125,0.39000,0.01549,0.00052,0.00021,0.98378
47.75125,0.39000,0.95801,0.00511,0.01296,0.02392
48.00125,0.39000,0.99912,0.00050,0.00002,0.00036
48.25125,0.39000,0.99956,0.00026,0.00004,0.00015
48.50125,0.39000,0.99956,0.00024,0.00012,0.00008
48.75125,0.39000,0.99079,0.00152,0.00571,0.00198
49.00125,0.39000,0.01221,0.00003,0.00294,0.98481
49.25125,0.39000,0.00237,0.00016,0.00006,0.99741
49.50125,0.39000,0.01411,0.00088,0.00428,0.98073
49.75125,0.39000,0.99723,0.00097,0.00074,0.00106
50.00125,0.39000,0.99904,0.00077,0.00009,0.00010
50.25125,0.39000,0.99972,0.00020,0.00006,0.00002
50.50125,0.39000,0.99964,0.00020,0.00011,0.00005
50.75125,0.39000,0.99586,0.00046,0.00047,0.00321
51.00125,0.39000,0.17514,0.00042,0.08707,0.73736
51.25125,0.39000,0.01255,0.00003,0.00026,0.98717
51.50125,0.39000,0.00231,0.00001,0.00003,0.99765
51.75125,0.39000,0.74202,0.00076,0.00088,0.25634
52.00125,0.39000,0.99811,0.00174,0.00004,0.00012
52.25125,0.39000,0.99972,0.00020,0.00002,0.00005
52.50125,0.39000,0.99951,0.00038,0.00007,0.00004
52.75125,0.39000,0.98197,0.00110,0.00053,0.01640
53.00125,0.39000,0.00980,0.00002,0.00153,0.98865
53.25125,0.39000,0.00127,0.00019,0.00006,0.99848
53.50125,0.39000,0.04092,0.00698,0.46088,0.49122
53.75125,0.39000,0.99675,0.00177,0.00051,0.00097
54.00125,0.39000,0.99936,0.00050,0.00011,0.00003
54.25125,0.39000,0.99970,0.00026,0.00003,0.00002
54.50125,0.39000,0.99905,0.00075,0.00013,0.00006
54.75125,0.39000,0.11517,0.00023,0.01631,0.86829
55.00125,0.39000,0.00387,0.00001,0.00001,0.99610
55.25125,0.39000,0.00271,0.00003,0.00001,0.99724
55.50125,0.39000,0.54648,0.00129,0.00004,0.45219
55.75125,0.39000,0.99905,0.00091,0.00002,0.00002
56.00125,0.39000,0.99956,0.00041,0.00001,0.00002
56.25125,0.39000,0.99928,0.00048,0.00003,0.00022
56.50125,0.39000,0.32362,0.00152,0.02381,0.65105
56.75125,0.39000,0.00495,0.00002,0.00030,0.99473
57.00125,0.39000,0.00353,0.00001,0.00001,0.99645
57.25125,0.39000,0.40140,0.00162,0.00089,0.59609
57.50125,0.39000,0.99897,0.00086,0.00003,0.00015
57.75125,0.39000,0.99914,0.00079,0.00002,0.00005
58.00125,0.39000,0.99890,0.00038,0.00004,0.00067
58.25125,0.39000,0.46806,0.00090,0.00553,0.52550
58.50125,0.39000,0.00455,0.00004,0.00148,0.99393
58.75125,0.39000,0.00273,0.00016,0.00006,0.99705
59.00125,0.39000,0.32612,0.00192,0.01610,0.65586
59.25125,0.39000,0.98962,0.00010,0.00002,0.01027
59.50125,0.39000,0.98647,0.00031,0.00038,0.01284
59.75125,0.39000,0.96745,0.00050,0.01048,0.02157
60.00125,0.39000,0.97455,0.00004,0.00579,0.01961
60.25125,0.39000,0.99687,0.00000,0.00050,0.00263
