Time (seconds), Duration (seconds),pred_(unlabeled),pred_Jab_R,pred_Sidehook_R,pred_Uppercut_R
0.00125,0.99750,0.99939,0.00061,0.00000,0.00000
0.10125,0.99750,0.99953,0.00047,0.00000,0.00000
0.20125,0.99750,0.99772,0.00228,0.00000,0.00000
0.30125,0.99750,0.99301,0.00699,0.00000,0.00000
0.40125,0.99750,0.99563,0.00437,0.00000,0.00000
0.50125,0.99750,0.99568,0.00432,0.00000,0.00000
0.60125,0.99750,0.99374,0.00626,0.00000,0.00000
0.70125,0.99750,0.99072,0.00928,0.00000,0.00000
0.80125,0.99750,0.98277,0.01723,0.00000,0.00000
0.90125,0.99750,0.97408,0.02592,0.00000,0.00000
1.00125,0.99750,0.98102,0.01898,0.00000,0.00000
1.10125,0.99750,0.99591,0.00409,0.00000,0.00000
1.20125,0.99750,0.99553,0.00447,0.00000,0.00000
1.30125,0.99750,0.99765,0.00235,0.00000,0.00000
1.40125,0.99750,0.99894,0.00106,0.00000,0.00000
1.50125,0.99750,0.99875,0.00125,0.00000,0.00000
1.60125,0.99750,0.99957,0.00042,0.00000,0.00001
1.70125,0.99750,0.99976,0.00019,0.00000,0.00005
1.80125,0.99750,0.99959,0.00016,0.00000,0.00025
1.90125,0.99750,0.99960,0.00017,0.00000,0.00024
2.00125,0.99750,0.99954,0.00035,0.00000,0.00012
2.10125,0.99750,0.99905,0.00089,0.00000,0.00006
2.20125,0.99750,0.99865,0.00130,0.00000,0.00005
2.30125,0.99750,0.99923,0.00074,0.00000,0.00003
2.40125,0.99750,0.99932,0.00067,0.00000,0.00001
2.50125,0.99750,0.99840,0.00159,0.00000,0.00000
2.60125,0.99750,0.99825,0.00175,0.00000,0.00000
2.70125,0.99750,0.99770,0.00230,0.00000,0.00000
2.80125,0.99750,0.99642,0.00358,0.00000,0.00000
2.90125,0.99750,0.99595,0.00405,0.00000,0.00000
3.00125,0.99750,0.99067,0.00933,0.00000,0.00000
3.10125,0.99750,0.95537,0.04463,0.00000,0.00000
3.20125,0.99750,0.93823,0.06177,0.00000,0.00000
3.30125,0.99750,0.97285,0.02715,0.00000,0.00000
3.40125,0.99750,0.99335,0.00665,0.00000,0.00000
3.50125,0.99750,0.99789,0.00211,0.00000,0.00000
3.60125,0.99750,0.99934,0.00066,0.00000,0.00000
3.70125,0.99750,0.99986,0.00013,0.00000,0.00000
3.80125,0.99750,0.99994,0.00005,0.00000,0.00001
3.90125,0.99750,0.99995,0.00003,0.00000,0.00002
4.00125,0.99750,0.99992,0.00002,0.00000,0.00006
4.10125,0.99750,0.99987,0.00003,0.00000,0.00010
4.20125,0.99750,0.99983,0.00005,0.00000,0.00012
4.30125,0.99750,0.99979,0.00006,0.00000,0.00014
4.40125,0.99750,0.99975,0.00009,0.00000,0.00016
4.50125,0.99750,0.99972,0.00010,0.00000,0.00017
4.60125,0.99750,0.99964,0.00015,0.00000,0.00021
4.70125,0.99750,0.99959,0.00019,0.00000,0.00022
4.80125,0.99750,0.99954,0.00022,0.00000,0.00024
4.90125,0.99750,0.99952,0.00022,0.00000,0.00026
5.00125,0.99750,0.99950,0.00020,0.00000,0.00030
5.10125,0.99750,0.99952,0.00018,0.00000,0.00030
5.20125,0.99750,0.99951,0.00019,0.00000,0.00030
5.30125,0.99750,0.99956,0.00012,0.00000,0.00032
5.40125,0.99750,0.99959,0.00013,0.00000,0.00028
5.50125,0.99750,0.99967,0.00012,0.00000,0.00021
5.60125,0.99750,0.99975,0.00006,0.00000,0.00019
5.70125,0.99750,0.99980,0.00004,0.00000,0.00016
5.80125,0.99750,0.99985,0.00003,0.00000,0.00013
5.90125,0.99750,0.99988,0.00001,0.00000,0.00011
6.00125,0.99750,0.99991,0.00001,0.00000,0.00009
6.10125,0.99750,0.99993,0.00001,0.00000,0.00007
6.20125,0.99750,0.99993,0.00000,0.00000,0.00006
6.30125,0.99750,0.99994,0.00001,0.00000,0.00005
6.40125,0.99750,0.99993,0.00001,0.00000,0.00006
6.50125,0.99750,0.99991,0.00001,0.00000,0.00008
6.60125,0.99750,0.99990,0.00001,0.00000,0.00009
6.70125,0.99750,0.99985,0.00003,0.00000,0.00012
6.80125,0.99750,0.99978,0.00006,0.00000,0.00015
6.90125,0.99750,0.99969,0.00011,0.00000,0.00020
7.00125,0.99750,0.99954,0.00020,0.00000,0.00026
7.10125,0.99750,0.99944,0.00022,0.00000,0.00034
7.20125,0.99750,0.99946,0.00016,0.00000,0.00038
7.30125,0.99750,0.99913,0.00054,0.00000,0.00033
7.40125,0.99750,0.99870,0.00099,0.00000,0.00032
7.50125,0.99750,0.99857,0.00114,0.00000,0.00029
7.60125,0.99750,0.99893,0.00082,0.00000,0.00024
7.70125,0.99750,0.99937,0.00035,0.00000,0.00029
7.80125,0.99750,0.99956,0.00009,0.00000,0.00035
7.90125,0.99750,0.99852,0.00010,0.00000,0.00139
8.00125,0.99750,0.99698,0.00035,0.00000,0.00267
8.10125,0.99750,0.99196,0.00138,0.00000,0.00666
8.20125,0.99750,0.99443,0.00188,0.00000,0.00368
8.30125,0.99750,0.99114,0.00513,0.00000,0.00374
8.40125,0.99750,0.98082,0.01805,0.00000,0.00112
8.50125,0.99750,0.93824,0.06154,0.00003,0.00019
8.60125,0.99750,0.19611,0.80381,0.00008,0.00000
8.70125,0.99750,0.04221,0.95775,0.00004,0.00000
8.80125,0.99750,0.50681,0.49317,0.00002,0.00000
8.90125,0.99750,0.96101,0.03899,0.00000,0.00000
9.00125,0.99750,0.99488,0.00512,0.00000,0.00000
9.10125,0.99750,0.99686,0.00314,0.00000,0.00000
9.20125,0.99750,0.99820,0.00180,0.00000,0.00000
9.30125,0.99750,0.99920,0.00080,0.00000,0.00000
9.40125,0.99750,0.99974,0.00026,0.00000,0.00000
9.50125,0.99750,0.99989,0.00010,0.00000,0.00001
9.60125,0.99750,0.99971,0.00016,0.00000,0.00012
9.70125,0.99750,0.99954,0.00029,0.00000,0.00017
9.80125,0.99750,0.99965,0.00004,0.00000,0.00031
9.90125,0.99750,0.99960,0.00010,0.00000,0.00030
10.00125,0.99750,0.99846,0.00006,0.00000,0.00148
10.10125,0.99750,0.99551,0.00018,0.00000,0.00432
10.20125,0.99750,0.99075,0.00089,0.00000,0.00836
10.30125,0.99750,0.97718,0.00676,0.00000,0.01607
10.40125,0.99750,0.99713,0.00176,0.00000,0.00111
10.50125,0.99750,0.99674,0.00297,0.00008,0.00021
10.60125,0.99750,0.99430,0.00286,0.00278,0.00006
10.70125,0.99750,0.90922,0.00800,0.08277,0.00001
10.80125,0.99750,0.52218,0.00097,0.47685,0.00000
10.90125,0.99750,0.23855,0.00014,0.76131,0.00000
11.00125,0.99750,0.24300,0.00001,0.75698,0.00000
11.10125,0.99750,0.14262,0.00000,0.85738,0.00000
11.20125,0.99750,0.12258,0.00000,0.87742,0.00000
11.30125,0.99750,0.07242,0.00002,0.92756,0.00000
11.40125,0.99750,0.18521,0.00008,0.81472,0.00000
11.50125,0.99750,0.75562,0.00173,0.24265,0.00000
11.60125,0.99750,0.98914,0.00086,0.00999,0.00001
11.70125,0.99750,0.99870,0.00086,0.00042,0.00002
11.80125,0.99750,0.99947,0.00049,0.00001,0.00003
11.90125,0.99750,0.99974,0.00024,0.00000,0.00001
12.00125,0.99750,0.99980,0.00020,0.00000,0.00001
12.10125,0.99750,0.99960,0.00039,0.00000,0.00001
12.20125,0.99750,0.99994,0.00002,0.00000,0.00004
12.30125,0.99750,0.99966,0.00011,0.00000,0.00023
12.40125,0.99750,0.99679,0.00108,0.00000,0.00213
12.50125,0.99750,0.98913,0.00656,0.00000,0.00431
12.60125,0.99750,0.96762,0.01982,0.00000,0.01256
12.70125,0.99750,0.87342,0.00526,0.00000,0.12132
12.80125,0.99750,0.77404,0.00316,0.00000,0.22280
12.90125,0.99750,0.54440,0.01142,0.00000,0.44418
13.00125,0.99750,0.42848,0.05471,0.00001,0.51681
13.10125,0.99750,0.34557,0.01445,0.00000,0.63998
13.20125,0.99750,0.35034,0.00009,0.00000,0.64957
13.30125,0.99750,0.39633,0.00004,0.00000,0.60363
13.40125,0.99750,0.54470,0.00007,0.00000,0.45523
13.50125,0.99750,0.88463,0.00056,0.00000,0.11481
13.60125,0.99750,0.97990,0.00315,0.00002,0.01693
13.70125,0.99750,0.99707,0.00075,0.00002,0.00216
13.80125,0.99750,0.99480,0.00473,0.00000,0.00047
13.90125,0.99750,0.97570,0.02419,0.00000,0.00011
14.00125,0.99750,0.97077,0.02919,0.00000,0.00004
14.10125,0.99750,0.98948,0.01051,0.00000,0.00001
14.20125,0.99750,0.99896,0.00104,0.00000,0.00000
14.30125,0.99750,0.99876,0.00124,0.00000,0.00000
14.40125,0.99750,0.99871,0.00129,0.00000,0.00000
14.50125,0.99750,0.99336,0.00663,0.00000,0.00001
14.60125,0.99750,0.99843,0.00156,0.00000,0.00001
14.70125,0.99750,0.99964,0.00035,0.00000,0.00002
14.80125,0.99750,0.99950,0.00047,0.00000,0.00003
14.90125,0.99750,0.99823,0.00167,0.00000,0.00010
15.00125,0.99750,0.99639,0.00342,0.00000,0.00019
15.10125,0.99750,0.98924,0.01033,0.00000,0.00042
15.20125,0.99750,0.97700,0.02272,0.00000,0.00028
15.30125,0.99750,0.94421,0.05570,0.00000,0.00009
15.40125,0.99750,0.77902,0.22096,0.00001,0.00001
15.50125,0.99750,0.46140,0.53856,0.00004,0.00000
15.60125,0.99750,0.17863,0.82135,0.00002,0.00000
15.70125,0.99750,0.70788,0.29211,0.00001,0.00000
15.80125,0.99750,0.88362,0.11638,0.00000,0.00000
15.90125,0.99750,0.98202,0.01798,0.00000,0.00000
16.00125,0.99750,0.98136,0.01864,0.00000,0.00000
16.10125,0.99750,0.99223,0.00777,0.00000,0.00000
16.20125,0.99750,0.99746,0.00254,0.00000,0.00000
16.30125,0.99750,0.99883,0.00116,0.00000,0.00000
16.40125,0.99750,0.99863,0.00137,0.00000,0.00000
16.50125,0.99750,0.99778,0.00219,0.00000,0.00003
16.60125,0.99750,0.99709,0.00288,0.00000,0.00003
16.70125,0.99750,0.99661,0.00336,0.00000,0.00003
16.80125,0.99750,0.99765,0.00231,0.00000,0.00004
16.90125,0.99750,0.99970,0.00023,0.00000,0.00007
17.00125,0.99750,0.99883,0.00068,0.00000,0.00049
17.10125,0.99750,0.99642,0.00196,0.00000,0.00161
17.20125,0.99750,0.98994,0.00702,0.00000,0.00303
17.30125,0.99750,0.99300,0.00554,0.00000,0.00146
17.40125,0.99750,0.99690,0.00221,0.00001,0.00088
17.50125,0.99750,0.98371,0.01474,0.00065,0.00089
17.60125,0.99750,0.98120,0.00253,0.01543,0.00084
17.70125,0.99750,0.56008,0.00079,0.43879,0.00034
17.80125,0.99750,0.03950,0.00009,0.96039,0.00003
17.90125,0.99750,0.04690,0.00001,0.95308,0.00001
18.00125,0.99750,0.05769,0.00000,0.94230,0.00001
18.10125,0.99750,0.08310,0.00000,0.91689,0.00001
18.20125,0.99750,0.12297,0.00003,0.87698,0.00001
18.30125,0.99750,0.68298,0.00406,0.31288,0.00008
18.40125,0.99750,0.98851,0.00105,0.01031,0.00014
18.50125,0.99750,0.99552,0.00380,0.00053,0.00015
18.60125,0.99750,0.99804,0.00179,0.00001,0.00016
18.70125,0.99750,0.99809,0.00181,0.00000,0.00010
18.80125,0.99750,0.99818,0.00179,0.00000,0.00004
18.90125,0.99750,0.99820,0.00179,0.00000,0.00002
19.00125,0.99750,0.99963,0.00035,0.00000,0.00002
19.10125,0.99750,0.99954,0.00039,0.00000,0.00007
19.20125,0.99750,0.99881,0.00092,0.00000,0.00027
19.30125,0.99750,0.99598,0.00376,0.00000,0.00026
19.40125,0.99750,0.98868,0.00099,0.00000,0.01033
19.50125,0.99750,0.96552,0.00032,0.00000,0.03416
19.60125,0.99750,0.95917,0.00232,0.00000,0.03851
19.70125,0.99750,0.92993,0.00298,0.00000,0.06708
19.80125,0.99750,0.67601,0.00029,0.00000,0.32369
19.90125,0.99750,0.48859,0.00008,0.00000,0.51133
20.00125,0.99750,0.80830,0.00000,0.00000,0.19170
20.10125,0.99750,0.87239,0.00000,0.00000,0.12761
20.20125,0.99750,0.91759,0.00001,0.00000,0.08240
20.30125,0.99750,0.97012,0.00023,0.00000,0.02966
20.40125,0.99750,0.99797,0.00040,0.00000,0.00163
20.50125,0.99750,0.99854,0.00127,0.00000,0.00019
20.60125,0.99750,0.99450,0.00539,0.00001,0.00010
20.70125,0.99750,0.99076,0.00922,0.00000,0.00002
20.80125,0.99750,0.99775,0.00225,0.00000,0.00000
20.90125,0.99750,0.99912,0.00088,0.00000,0.00000
21.00125,0.99750,0.99752,0.00248,0.00000,0.00000
21.10125,0.99750,0.99876,0.00124,0.00000,0.00000
21.20125,0.99750,0.99611,0.00389,0.00000,0.00000
21.30125,0.99750,0.99689,0.00311,0.00000,0.00000
21.40125,0.99750,0.99706,0.00294,0.00000,0.00000
21.50125,0.99750,0.99545,0.00455,0.00000,0.00000
21.60125,0.99750,0.99628,0.00372,0.00000,0.00000
21.70125,0.99750,0.99625,0.00375,0.00000,0.00000
21.80125,0.99750,0.99690,0.00309,0.00000,0.00000
21.90125,0.99750,0.99612,0.00387,0.00000,0.00000
22.00125,0.99750,0.99835,0.00165,0.00000,0.00000
22.10125,0.99750,0.99974,0.00026,0.00000,0.00000
22.20125,0.99750,0.99975,0.00025,0.00000,0.00000
22.30125,0.99750,0.99929,0.00071,0.00000,0.00000
22.40125,0.99750,0.99856,0.00144,0.00000,0.00000
22.50125,0.99750,0.99920,0.00080,0.00000,0.00000
22.60125,0.99750,0.99975,0.00025,0.00000,0.00000
22.70125,0.99750,0.99977,0.00023,0.00000,0.00000
22.80125,0.99750,0.99978,0.00022,0.00000,0.00000
22.90125,0.99750,0.99875,0.00125,0.00000,0.00000
23.00125,0.99750,0.99813,0.00186,0.00000,0.00001
23.10125,0.99750,0.99498,0.00500,0.00000,0.00001
23.20125,0.99750,0.99022,0.00975,0.00001,0.00002
23.30125,0.99750,0.96897,0.03085,0.00016,0.00001
23.40125,0.99750,0.94010,0.05732,0.00258,0.00000
23.50125,0.99750,0.91868,0.06558,0.01574,0.00000
23.60125,0.99750,0.96737,0.02687,0.00576,0.00000
23.70125,0.99750,0.90649,0.09319,0.00032,0.00000
23.80125,0.99750,0.99387,0.00612,0.00001,0.00000
23.90125,0.99750,0.99170,0.00829,0.00000,0.00000
24.00125,0.99750,0.99711,0.00289,0.00000,0.00000
24.10125,0.99750,0.99872,0.00128,0.00000,0.00000
24.20125,0.99750,0.99897,0.00103,0.00000,0.00000
24.30125,0.99750,0.99970,0.00030,0.00000,0.00000
24.40125,0.99750,0.99990,0.00009,0.00000,0.00001
24.50125,0.99750,0.99912,0.00064,0.00000,0.00024
24.60125,0.99750,0.99799,0.00151,0.00000,0.00050
24.70125,0.99750,0.99807,0.00168,0.00000,0.00025
24.80125,0.99750,0.99950,0.00044,0.00000,0.00006
24.90125,0.99750,0.99836,0.00149,0.00006,0.00009
25.00125,0.99750,0.99672,0.00210,0.00095,0.00023
25.10125,0.99750,0.96157,0.00207,0.03565,0.00071
25.20125,0.99750,0.43762,0.00230,0.55913,0.00094
25.30125,0.99750,0.06131,0.00007,0.93848,0.00014
25.40125,0.99750,0.05481,0.00001,0.94515,0.00003
25.50125,0.99750,0.23730,0.00023,0.76245,0.00002
25.60125,0.99750,0.53255,0.00021,0.46723,0.00001
25.70125,0.99750,0.95845,0.00546,0.03603,0.00007
25.80125,0.99750,0.99553,0.00370,0.00055,0.00022
25.90125,0.99750,0.99570,0.00419,0.00001,0.00010
26.00125,0.99750,0.99668,0.00328,0.00000,0.00003
26.10125,0.99750,0.99908,0.00090,0.00000,0.00001
26.20125,0.99750,0.99980,0.00017,0.00000,0.00003
26.30125,0.99750,0.99977,0.00020,0.00000,0.00003
26.40125,0.99750,0.99649,0.00345,0.00000,0.00005
26.50125,0.99750,0.99665,0.00069,0.00000,0.00265
26.60125,0.99750,0.98793,0.00005,0.00000,0.01203
26.70125,0.99750,0.98399,0.00653,0.00000,0.00948
26.80125,0.99750,0.88194,0.00024,0.00000,0.11782
26.90125,0.99750,0.53686,0.00016,0.00000,0.46298
27.00125,0.99750,0.50767,0.00005,0.00000,0.49228
27.10125,0.99750,0.93240,0.00002,0.00000,0.06759
27.20125,0.99750,0.99195,0.00003,0.00000,0.00803
27.30125,0.99750,0.99731,0.00001,0.00000,0.00267
27.40125,0.99750,0.99962,0.00003,0.00000,0.00036
27.50125,0.99750,0.99971,0.00010,0.00000,0.00019
27.60125,0.99750,0.99974,0.00022,0.00000,0.00004
27.70125,0.99750,0.99899,0.00098,0.00000,0.00003
27.80125,0.99750,0.99998,0.00002,0.00000,0.00000
27.90125,0.99750,0.99998,0.00002,0.00000,0.00000
28.00125,0.99750,0.99994,0.00006,0.00000,0.00000
28.10125,0.99750,0.99854,0.00145,0.00000,0.00001
28.20125,0.99750,0.99897,0.00102,0.00000,0.00001
28.30125,0.99750,0.99719,0.00280,0.00000,0.00001
28.40125,0.99750,0.99613,0.00386,0.00000,0.00001
28.50125,0.99750,0.99752,0.00247,0.00000,0.00001
28.60125,0.99750,0.99982,0.00017,0.00000,0.00001
28.70125,0.99750,0.99967,0.00032,0.00000,0.00001
28.80125,0.99750,0.99950,0.00050,0.00000,0.00000
28.90125,0.99750,0.99894,0.00105,0.00000,0.00001
29.00125,0.99750,0.99713,0.00283,0.00000,0.00004
29.10125,0.99750,0.99274,0.00716,0.00000,0.00010
29.20125,0.99750,0.98187,0.01799,0.00000,0.00014
29.30125,0.99750,0.89598,0.10389,0.00008,0.00005
29.40125,0.99750,0.76215,0.23737,0.00046,0.00001
29.50125,0.99750,0.24830,0.75088,0.00082,0.00000
29.60125,0.99750,0.88249,0.11701,0.00049,0.00001
29.70125,0.99750,0.95508,0.04486,0.00005,0.00001
29.80125,0.99750,0.99369,0.00630,0.00000,0.00001
29.90125,0.99750,0.98637,0.01362,0.00000,0.00000
30.00125,0.99750,0.99517,0.00483,0.00000,0.00000
30.10125,0.99750,0.99740,0.00260,0.00000,0.00000
30.20125,0.99750,0.99792,0.00208,0.00000,0.00000
30.30125,0.99750,0.99958,0.00041,0.00000,0.00000
30.40125,0.99750,0.99966,0.00028,0.00000,0.00006
30.50125,0.99750,0.99826,0.00156,0.00000,0.00018
30.60125,0.99750,0.99703,0.00275,0.00000,0.00023
30.70125,0.99750,0.99879,0.00119,0.00000,0.00002
30.80125,0.99750,0.99799,0.00195,0.00000,0.00006
30.90125,0.99750,0.99648,0.00324,0.00005,0.00023
31.00125,0.99750,0.99258,0.00450,0.00218,0.00074
31.10125,0.99750,0.89045,0.01149,0.09656,0.00150
31.20125,0.99750,0.32271,0.00320,0.67396,0.00013
31.30125,0.99750,0.41110,0.00342,0.58546,0.00002
31.40125,0.99750,0.95604,0.00116,0.04278,0.00002
31.50125,0.99750,0.99822,0.00033,0.00145,0.00000
31.60125,0.99750,0.99494,0.00492,0.00013,0.00001
31.70125,0.99750,0.99811,0.00183,0.00000,0.00006
31.80125,0.99750,0.99852,0.00145,0.00000,0.00003
31.90125,0.99750,0.99950,0.00049,0.00000,0.00001
32.00125,0.99750,0.99993,0.00005,0.00000,0.00002
32.10125,0.99750,0.99988,0.00009,0.00000,0.00003
32.20125,0.99750,0.99702,0.00267,0.00000,0.00032
32.30125,0.99750,0.99470,0.00201,0.00000,0.00329
32.40125,0.99750,0.98015,0.00007,0.00000,0.01978
32.50125,0.99750,0.96590,0.00174,0.00000,0.03236
32.60125,0.99750,0.81110,0.00131,0.00000,0.18759
32.70125,0.99750,0.37778,0.00031,0.00000,0.62191
32.80125,0.99750,0.28776,0.00030,0.00000,0.71194
32.90125,0.99750,0.61386,0.00003,0.00000,0.38611
33.00125,0.99750,0.93387,0.00013,0.00000,0.06600
33.10125,0.99750,0.98393,0.00007,0.00001,0.01599
33.20125,0.99750,0.99712,0.00027,0.00000,0.00261
33.30125,0.99750,0.99885,0.00059,0.00000,0.00055
33.40125,0.99750,0.99695,0.00299,0.00000,0.00006
33.50125,0.99750,0.99780,0.00217,0.00000,0.00003
33.60125,0.99750,0.99971,0.00028,0.00000,0.00000
33.70125,0.99750,0.99984,0.00016,0.00000,0.00000
33.80125,0.99750,0.99982,0.00018,0.00000,0.00000
33.90125,0.99750,0.99953,0.00047,0.00000,0.00000
34.00125,0.99750,0.99436,0.00564,0.00000,0.00000
34.10125,0.99750,0.99727,0.00273,0.00000,0.00000
34.20125,0.99750,0.99481,0.00519,0.00000,0.00000
34.30125,0.99750,0.99549,0.00451,0.00000,0.00001
34.40125,0.99750,0.99647,0.00353,0.00000,0.00001
34.50125,0.99750,0.99790,0.00209,0.00000,0.00000
34.60125,0.99750,0.99969,0.00030,0.00000,0.00000
34.70125,0.99750,0.99955,0.00045,0.00000,0.00000
34.80125,0.99750,0.99909,0.00090,0.00000,0.00000
34.90125,0.99750,0.99829,0.00169,0.00000,0.00001
35.00125,0.99750,0.99545,0.00452,0.00000,0.00003
35.10125,0.99750,0.99137,0.00859,0.00000,0.00004
35.20125,0.99750,0.98086,0.01913,0.00000,0.00001
35.30125,0.99750,0.94439,0.05559,0.00002,0.00000
35.40125,0.99750,0.31396,0.68601,0.00004,0.00000
35.50125,0.99750,0.70267,0.29731,0.00002,0.00000
35.60125,0.99750,0.95305,0.04694,0.00000,0.00000
35.70125,0.99750,0.99263,0.00737,0.00000,0.00000
35.80125,0.99750,0.98211,0.01788,0.00000,0.00000
35.90125,0.99750,0.99327,0.00673,0.00000,0.00000
36.00125,0.99750,0.99772,0.00228,0.00000,0.00000
36.10125,0.99750,0.99995,0.00005,0.00000,0.00000
36.20125,0.99750,0.99992,0.00007,0.00000,0.00001
36.30125,0.99750,0.97948,0.02042,0.00000,0.00010
36.40125,0.99750,0.99580,0.00155,0.00000,0.00265
36.50125,0.99750,0.99842,0.00065,0.00000,0.00093
36.60125,0.99750,0.92840,0.07136,0.00000,0.00023
36.70125,0.99750,0.99102,0.00864,0.00000,0.00033
36.80125,0.99750,0.99178,0.00762,0.00003,0.00057
36.90125,0.99750,0.98825,0.00950,0.00128,0.00097
37.00125,0.99750,0.93408,0.02189,0.04361,0.00042
37.10125,0.99750,0.97454,0.00204,0.02336,0.00006
37.20125,0.99750,0.99637,0.00088,0.00274,0.00001
37.30125,0.99750,0.99710,0.00205,0.00084,0.00000
37.40125,0.99750,0.99767,0.00228,0.00005,0.00000
37.50125,0.99750,0.99422,0.00577,0.00000,0.00001
37.60125,0.99750,0.99827,0.00164,0.00000,0.00009
37.70125,0.99750,0.99970,0.00013,0.00000,0.00017
37.80125,0.99750,0.99985,0.00003,0.00000,0.00012
37.90125,0.99750,0.99652,0.00019,0.00000,0.00329
38.00125,0.99750,0.99019,0.00022,0.00000,0.00959
38.10125,0.99750,0.89381,0.00115,0.00000,0.10504
38.20125,0.99750,0.73997,0.10570,0.00000,0.15434
38.30125,0.99750,0.12540,0.00072,0.00000,0.87388
38.40125,0.99750,0.08790,0.00051,0.00000,0.91159
38.50125,0.99750,0.53942,0.00020,0.00000,0.46037
38.60125,0.99750,0.97245,0.00036,0.00000,0.02718
38.70125,0.99750,0.98771,0.00356,0.00000,0.00873
38.80125,0.99750,0.99582,0.00214,0.00000,0.00205
38.90125,0.99750,0.99925,0.00069,0.00000,0.00007
39.00125,0.99750,0.99833,0.00165,0.00000,0.00002
39.10125,0.99750,0.99649,0.00351,0.00000,0.00001
39.20125,0.99750,0.99548,0.00452,0.00000,0.00000
39.30125,0.99750,0.99986,0.00014,0.00000,0.00000
39.40125,0.99750,0.99972,0.00028,0.00000,0.00000
39.50125,0.99750,0.99855,0.00145,0.00000,0.00000
39.60125,0.99750,0.99503,0.00496,0.00000,0.00001
39.70125,0.99750,0.99060,0.00940,0.00000,0.00001
39.80125,0.99750,0.99932,0.00066,0.00000,0.00002
39.90125,0.99750,0.99942,0.00057,0.00000,0.00002
40.00125,0.99750,0.99854,0.00139,0.00000,0.00008
40.10125,0.99750,0.99651,0.00318,0.00000,0.00031
40.20125,0.99750,0.99176,0.00769,0.00000,0.00055
40.30125,0.99750,0.98165,0.01797,0.00000,0.00038
40.40125,0.99750,0.96356,0.03626,0.00000,0.00018
40.50125,0.99750,0.95599,0.04399,0.00000,0.00002
40.60125,0.99750,0.19361,0.80638,0.00001,0.00000
40.70125,0.99750,0.44292,0.55706,0.00002,0.00000
40.80125,0.99750,0.82980,0.17020,0.00001,0.00000
40.90125,0.99750,0.97973,0.02027,0.00000,0.00000
41.00125,0.99750,0.99122,0.00878,0.00000,0.00000
41.10125,0.99750,0.99331,0.00669,0.00000,0.00000
41.20125,0.99750,0.99703,0.00297,0.00000,0.00000
41.30125,0.99750,0.99975,0.00025,0.00000,0.00000
41.40125,0.99750,0.99993,0.00007,0.00000,0.00000
41.50125,0.99750,0.99969,0.00020,0.00000,0.00011
41.60125,0.99750,0.98076,0.01773,0.00000,0.00151
41.70125,0.99750,0.99371,0.00585,0.00000,0.00043
41.80125,0.99750,0.98835,0.01132,0.00000,0.00033
41.90125,0.99750,0.98661,0.01323,0.00006,0.00009
42.00125,0.99750,0.98724,0.01075,0.00196,0.00005
42.10125,0.99750,0.90409,0.01129,0.08453,0.00009
42.20125,0.99750,0.18174,0.00309,0.81511,0.00006
42.30125,0.99750,0.03414,0.00018,0.96568,0.00000
42.40125,0.99750,0.08018,0.00009,0.91973,0.00000
42.50125,0.99750,0.37328,0.00036,0.62637,0.00000
42.60125,0.99750,0.83385,0.00053,0.16562,0.00000
42.70125,0.99750,0.99561,0.00192,0.00247,0.00001
42.80125,0.99750,0.99673,0.00320,0.00006,0.00001
42.90125,0.99750,0.99793,0.00205,0.00000,0.00002
43.00125,0.99750,0.99967,0.00023,0.00000,0.00010
43.10125,0.99750,0.99967,0.00018,0.00000,0.00015
43.20125,0.99750,0.99961,0.00024,0.00000,0.00015
43.30125,0.99750,0.99641,0.00119,0.00000,0.00240
43.40125,0.99750,0.99451,0.00060,0.00000,0.00488
43.50125,0.99750,0.95593,0.00480,0.00000,0.03926
43.60125,0.99750,0.83266,0.01165,0.00000,0.15569
43.70125,0.99750,0.31954,0.00089,0.00000,0.67957
43.80125,0.99750,0.35588,0.00068,0.00000,0.64344
43.90125,0.99750,0.79287,0.00138,0.00000,0.20575
44.00125,0.99750,0.96409,0.00024,0.00000,0.03567
44.10125,0.99750,0.98091,0.00142,0.00001,0.01767
44.20125,0.99750,0.99663,0.00073,0.00001,0.00264
44.30125,0.99750,0.99744,0.00231,0.00000,0.00024
44.40125,0.99750,0.99335,0.00655,0.00000,0.00011
44.50125,0.99750,0.99084,0.00914,0.00000,0.00002
44.60125,0.99750,0.99777,0.00222,0.00000,0.00000
44.70125,0.99750,0.99963,0.00037,0.00000,0.00000
44.80125,0.99750,0.99853,0.00146,0.00000,0.00000
44.90125,0.99750,0.99899,0.00100,0.00000,0.00000
45.00125,0.99750,0.99992,0.00008,0.00000,0.00000
45.10125,0.99750,0.99964,0.00036,0.00000,0.00000
45.20125,0.99750,0.99894,0.00103,0.00000,0.00003
45.30125,0.99750,0.99548,0.00444,0.00000,0.00008
45.40125,0.99750,0.99212,0.00776,0.00000,0.00012
45.50125,0.99750,0.97857,0.02126,0.00000,0.00016
45.60125,0.99750,0.95834,0.04159,0.00000,0.00007
45.70125,0.99750,0.90502,0.09496,0.00001,0.00001
45.80125,0.99750,0.09357,0.90643,0.00001,0.00000
45.90125,0.99750,0.42533,0.57465,0.00001,0.00000
46.00125,0.99750,0.69880,0.30119,0.00000,0.00000
46.10125,0.99750,0.92803,0.07197,0.00000,0.00001
46.20125,0.99750,0.95653,0.04347,0.00000,0.00000
46.30125,0.99750,0.98403,0.01597,0.00000,0.00000
46.40125,0.99750,0.99664,0.00336,0.00000,0.00000
46.50125,0.99750,0.99969,0.00031,0.00000,0.00000
46.60125,0.99750,0.99959,0.00040,0.00000,0.00001
46.70125,0.99750,0.98785,0.01156,0.00000,0.00059
46.80125,0.99750,0.99387,0.00575,0.00000,0.00038
46.90125,0.99750,0.99869,0.00129,0.00000,0.00002
47.00125,0.99750,0.99605,0.00393,0.00000,0.00001
47.10125,0.99750,0.99915,0.00069,0.00015,0.00001
47.20125,0.99750,0.99258,0.00065,0.00676,0.00001
47.30125,0.99750,0.75665,0.00046,0.24286,0.00003
47.40125,0.99750,0.08657,0.00004,0.91339,0.00000
47.50125,0.99750,0.11310,0.00001,0.88689,0.00000
47.60125,0.99750,0.54550,0.00005,0.45444,0.00000
47.70125,0.99750,0.85493,0.00004,0.14503,0.00000
47.80125,0.99750,0.99703,0.00068,0.00229,0.00000
47.90125,0.99750,0.99672,0.00318,0.00007,0.00003
48.00125,0.99750,0.99819,0.00175,0.00000,0.00006
48.10125,0.99750,0.99917,0.00042,0.00000,0.00041
48.20125,0.99750,0.99873,0.00049,0.00000,0.00079
48.30125,0.99750,0.99461,0.00515,0.00000,0.00024
48.40125,0.99750,0.99811,0.00037,0.00000,0.00152
48.50125,0.99750,0.97912,0.00012,0.00000,0.02076
48.60125,0.99750,0.96706,0.00235,0.00000,0.03059
48.70125,0.99750,0.83693,0.00524,0.00000,0.15784
48.80125,0.99750,0.27456,0.00071,0.00000,0.72473
48.90125,0.99750,0.29531,0.00072,0.00000,0.70397
49.00125,0.99750,0.83842,0.00024,0.00000,0.16134
49.10125,0.99750,0.97684,0.00194,0.00000,0.02122
49.20125,0.99750,0.98819,0.00151,0.00000,0.01030
49.30125,0.99750,0.99075,0.00487,0.00000,0.00438
49.40125,0.99750,0.99868,0.00096,0.00000,0.00036
49.50125,0.99750,0.99871,0.00124,0.00000,0.00005
49.60125,0.99750,0.99737,0.00261,0.00000,0.00002
49.70125,0.99750,0.99919,0.00080,0.00000,0.00000
49.80125,0.99750,0.99970,0.00030,0.00000,0.00000
49.90125,0.99750,0.99976,0.00024,0.00000,0.00000
50.00125,0.99750,0.99994,0.00005,0.00000,0.00000
50.10125,0.99750,0.99949,0.00049,0.00000,0.00002
50.20125,0.99750,0.99835,0.00158,0.00000,0.00007
50.30125,0.99750,0.99654,0.00332,0.00000,0.00014
50.40125,0.99750,0.99233,0.00759,0.00000,0.00008
50.50125,0.99750,0.98037,0.01961,0.00000,0.00002
50.60125,0.99750,0.92476,0.07524,0.00000,0.00000
50.70125,0.99750,0.13733,0.86266,0.00000,0.00000
50.80125,0.99750,0.25098,0.74902,0.00000,0.00000
50.90125,0.99750,0.72180,0.27819,0.00000,0.00000
51.00125,0.99750,0.97445,0.02555,0.00000,0.00000
51.10125,0.99750,0.99086,0.00914,0.00000,0.00000
51.20125,0.99750,0.99938,0.00062,0.00000,0.00000
51.30125,0.99750,0.99961,0.00039,0.00000,0.00000
51.40125,0.99750,0.99962,0.00038,0.00000,0.00000
51.50125,0.99750,0.99187,0.00812,0.00000,0.00001
51.60125,0.99750,0.99152,0.00837,0.00000,0.00011
51.70125,0.99750,0.96796,0.03189,0.00000,0.00014
51.80125,0.99750,0.92174,0.07810,0.00002,0.00015
51.90125,0.99750,0.94990,0.04897,0.00054,0.00059
52.00125,0.99750,0.88429,0.09298,0.02071,0.00201
52.10125,0.99750,0.41799,0.03321,0.54775,0.00104
52.20125,0.99750,0.22081,0.00547,0.77364,0.00008
52.30125,0.99750,0.62825,0.02367,0.34801,0.00006
52.40125,0.99750,0.96771,0.00337,0.02889,0.00003
52.50125,0.99750,0.98543,0.00701,0.00746,0.00010
52.60125,0.99750,0.99818,0.00155,0.00012,0.00015
52.70125,0.99750,0.99784,0.00190,0.00000,0.00025
52.80125,0.99750,0.99931,0.00060,0.00000,0.00009
52.90125,0.99750,0.99917,0.00080,0.00000,0.00002
53.00125,0.99750,0.99987,0.00007,0.00000,0.00006
53.10125,0.99750,0.99953,0.00015,0.00000,0.00032
53.20125,0.99750,0.99440,0.00496,0.00000,0.00064
53.30125,0.99750,0.99197,0.00177,0.00000,0.00626
53.40125,0.99750,0.94360,0.00022,0.00000,0.05618
53.50125,0.99750,0.89271,0.00749,0.00000,0.09980
53.60125,0.99750,0.45237,0.00063,0.00000,0.54700
53.70125,0.99750,0.33434,0.00028,0.00000,0.66538
53.80125,0.99750,0.52701,0.00029,0.00000,0.47270
53.90125,0.99750,0.96204,0.01089,0.00000,0.02707
54.00125,0.99750,0.99554,0.00095,0.00000,0.00351
54.10125,0.99750,0.99727,0.00045,0.00000,0.00228
54.20125,0.99750,0.99919,0.00073,0.00000,0.00008
54.30125,0.99750,0.99564,0.00433,0.00000,0.00003
54.40125,0.99750,0.98957,0.01042,0.00000,0.00001
54.50125,0.99750,0.99770,0.00230,0.00000,0.00000
54.60125,0.99750,0.99969,0.00031,0.00000,0.00000
54.70125,0.99750,0.99945,0.00055,0.00000,0.00000
54.80125,0.99750,0.99633,0.00367,0.00000,0.00000
54.90125,0.99750,0.99823,0.00177,0.00000,0.00000
55.00125,0.99750,0.99345,0.00654,0.00000,0.00000
55.10125,0.99750,0.99705,0.00295,0.00000,0.00000
55.20125,0.99750,0.99603,0.00397,0.00000,0.00000
55.30125,0.99750,0.99846,0.00153,0.00000,0.00001
55.40125,0.99750,0.99950,0.00049,0.00000,0.00001
55.50125,0.99750,0.99937,0.00060,0.00000,0.00003
55.60125,0.99750,0.99835,0.00156,0.00000,0.00009
55.70125,0.99750,0.99491,0.00480,0.00000,0.00029
55.80125,0.99750,0.99189,0.00735,0.00000,0.00076
55.90125,0.99750,0.97790,0.02048,0.00000,0.00162
56.00125,0.99750,0.95948,0.03884,0.00002,0.00165
56.10125,0.99750,0.86377,0.13588,0.00017,0.00018
56.20125,0.99750,0.22873,0.77074,0.00051,0.00002
56.30125,0.99750,0.48288,0.51666,0.00046,0.00001
56.40125,0.99750,0.74590,0.25397,0.00011,0.00002
56.50125,0.99750,0.96661,0.03336,0.00001,0.00002
56.60125,0.99750,0.99935,0.00062,0.00000,0.00003
56.70125,0.99750,0.99912,0.00084,0.00000,0.00003
56.80125,0.99750,0.99830,0.00166,0.00000,0.00004
56.90125,0.99750,0.07442,0.92558,0.00000,0.00000
57.00125,0.99750,0.97793,0.02117,0.00000,0.00090
57.10125,0.99750,0.98358,0.01224,0.00001,0.00417
57.20125,0.99750,0.73424,0.26272,0.00011,0.00293
57.30125,0.99750,0.94028,0.05783,0.00042,0.00147
57.40125,0.99750,0.96929,0.02536,0.00350,0.00186
57.50125,0.99750,0.95042,0.00824,0.03922,0.00212
57.60125,0.99750,0.91168,0.00051,0.08763,0.00019
57.70125,0.99750,0.91878,0.00170,0.07949,0.00003
57.80125,0.99750,0.97885,0.00603,0.01511,0.00000
57.90125,0.99750,0.99425,0.00006,0.00569,0.00000
58.00125,0.99750,0.99973,0.00015,0.00012,0.00000
58.10125,0.99750,0.99908,0.00092,0.00000,0.00000
58.20125,0.99750,0.99480,0.00520,0.00000,0.00000
58.30125,0.99750,0.99838,0.00162,0.00000,0.00000
58.40125,0.99750,0.99947,0.00053,0.00000,0.00000
58.50125,0.99750,0.99990,0.00010,0.00000,0.00000
58.60125,0.99750,0.99955,0.00043,0.00000,0.00001
58.70125,0.99750,0.99956,0.00033,0.00000,0.00011
58.80125,0.99750,0.99834,0.00143,0.00000,0.00023
58.90125,0.99750,0.99764,0.00059,0.00000,0.00177
59.00125,0.99750,0.97944,0.00003,0.00000,0.02052
59.10125,0.99750,0.97113,0.00030,0.00000,0.02857
59.20125,0.99750,0.76132,0.00014,0.00000,0.23854
59.30125,0.99750,0.25045,0.00008,0.00000,0.74946
59.40125,0.99750,0.37424,0.00009,0.00000,0.62567
59.50125,0.99750,0.91647,0.00002,0.00000,0.08350
59.60125,0.99750,0.99434,0.00001,0.00000,0.00565
59.70125,0.99750,0.99922,0.00017,0.00001,0.00060
59.80125,0.99750,0.99883,0.00095,0.00000,0.00022
59.90125,0.99750,0.99902,0.00096,0.00000,0.00002
60.00125,0.99750,0.99624,0.00375,0.00000,0.00000
60.10125,0.99750,0.98656,0.01344,0.00000,0.00000
60.20125,0.99750,0.99864,0.00136,0.00000,0.00000
60.30125,0.99750,0.99926,0.00074,0.00000,0.00000
60.40125,0.99750,0.99847,0.00153,0.00000,0.00000
60.50125,0.99750,0.99536,0.00464,0.00000,0.00000
60.60125,0.99750,0.99515,0.00485,0.00000,0.00000
60.70125,0.99750,0.98592,0.01408,0.00000,0.00000
60.80125,0.99750,0.98882,0.01118,0.00000,0.00000
60.90125,0.99750,0.99139,0.00861,0.00000,0.00000
61.00125,0.99750,0.99449,0.00551,0.00000,0.00000
61.10125,0.99750,0.99614,0.00386,0.00000,0.00000
61.20125,0.99750,0.99664,0.00336,0.00000,0.00000
61.30125,0.99750,0.99875,0.00124,0.00000,0.00001
61.40125,0.99750,0.99975,0.00023,0.00000,0.00002
61.50125,0.99750,0.99925,0.00069,0.00000,0.00007
61.60125,0.99750,0.99829,0.00153,0.00000,0.00018
61.70125,0.99750,0.99695,0.00263,0.00000,0.00042
61.80125,0.99750,0.99312,0.00669,0.00000,0.00019
61.90125,0.99750,0.97166,0.02831,0.00000,0.00004
62.00125,0.99750,0.94705,0.05295,0.00000,0.00000
62.10125,0.99750,0.34189,0.65811,0.00000,0.00000
62.20125,0.99750,0.36593,0.63407,0.00000,0.00000
62.30125,0.99750,0.79545,0.20455,0.00000,0.00000
62.40125,0.99750,0.97220,0.02780,0.00000,0.00000
62.50125,0.99750,0.99683,0.00316,0.00000,0.00000
62.60125,0.99750,0.99698,0.00302,0.00000,0.00000
62.70125,0.99750,0.99850,0.00150,0.00000,0.00000
62.80125,0.99750,0.99938,0.00062,0.00000,0.00000
62.90125,0.99750,0.99925,0.00074,0.00000,0.00000
63.00125,0.99750,0.99909,0.00086,0.00000,0.00005
63.10125,0.99750,0.99844,0.00149,0.00000,0.00007
63.20125,0.99751,0.99623,0.00369,0.00000,0.00008
63.30125,0.99750,0.99970,0.00014,0.00000,0.00016
63.40125,0.99750,0.99909,0.00034,0.00000,0.00057
63.50125,0.99750,0.99861,0.00060,0.00000,0.00079
63.60125,0.99750,0.99062,0.00636,0.00000,0.00302
63.70125,0.99751,0.99801,0.00173,0.00000,0.00026
63.80125,0.99750,0.99901,0.00091,0.00001,0.00007
63.90125,0.99750,0.99842,0.00149,0.00007,0.00002
64.00125,0.99750,0.99514,0.00260,0.00224,0.00002
64.10125,0.99750,0.88317,0.00399,0.11280,0.00005
64.20125,0.99751,0.15800,0.00114,0.84085,0.00001
64.30125,0.99751,0.07888,0.00007,0.92105,0.00000
64.40125,0.99750,0.23509,0.00009,0.76482,0.00000
64.50125,0.99750,0.77931,0.00018,0.22051,0.00000
64.60125,0.99750,0.98177,0.00033,0.01790,0.00000
64.70125,0.99751,0.99894,0.00068,0.00037,0.00000
64.80125,0.99751,0.99845,0.00154,0.00001,0.00000
64.90125,0.99750,0.99869,0.00130,0.00000,0.00000
65.00125,0.99750,0.99996,0.00004,0.00000,0.00000
65.10125,0.99750,0.99996,0.00004,0.00000,0.00000
65.20125,0.99751,0.99992,0.00007,0.00000,0.00001
65.30125,0.99751,0.99688,0.00311,0.00000,0.00001
65.40125,0.99750,0.99901,0.00005,0.00000,0.00094
65.50125,0.99750,0.99441,0.00000,0.00000,0.00559
65.60125,0.99750,0.99461,0.00002,0.00000,0.00537
65.70125,0.99751,0.87156,0.00000,0.00000,0.12843
65.80125,0.99751,0.63824,0.00000,0.00000,0.36175
65.90125,0.99750,0.83918,0.00000,0.00000,0.16082
66.00125,0.99750,0.99611,0.00000,0.00000,0.00389
66.10125,0.99750,0.99945,0.00000,0.00000,0.00055
66.20125,0.99751,0.99989,0.00000,0.00000,0.00011
66.30125,0.99751,0.99992,0.00005,0.00000,0.00003
66.40125,0.99750,0.99992,0.00007,0.00000,0.00001
66.50125,0.99750,0.99981,0.00019,0.00000,0.00000
66.60125,0.99750,0.99778,0.00222,0.00000,0.00000
66.70125,0.99751,0.99994,0.00006,0.00000,0.00000
66.80125,0.99751,0.99997,0.00003,0.00000,0.00000
66.90125,0.99750,0.99995,0.00005,0.00000,0.00000
67.00125,0.99750,0.99978,0.00021,0.00000,0.00001
67.10125,0.99750,0.99871,0.00126,0.00000,0.00002
67.20125,0.99751,0.99449,0.00533,0.00000,0.00018
67.30125,0.99751,0.98473,0.01490,0.00000,0.00037
67.40125,0.99750,0.96948,0.03010,0.00000,0.00042
67.50125,0.99750,0.92385,0.07601,0.00001,0.00013
67.60125,0.99750,0.26036,0.73961,0.00002,0.00001
67.70125,0.99751,0.20637,0.79358,0.00004,0.00001
67.80125,0.99751,0.54021,0.45974,0.00004,0.00002
67.90125,0.99750,0.93483,0.06513,0.00000,0.00003
68.00125,0.99750,0.99307,0.00691,0.00000,0.00002
68.10125,0.99750,0.99045,0.00954,0.00000,0.00001
68.20125,0.99751,0.99978,0.00021,0.00000,0.00000
68.30125,0.99751,0.99977,0.00021,0.00000,0.00002
68.40125,0.99750,0.99978,0.00017,0.00000,0.00004
68.50125,0.99750,0.99909,0.00025,0.00000,0.00066
68.60125,0.99750,0.99641,0.00202,0.00000,0.00157
68.70125,0.99751,0.97591,0.02356,0.00000,0.00053
68.80125,0.99751,0.98652,0.01159,0.00001,0.00189
68.90125,0.99750,0.98486,0.00958,0.00024,0.00532
69.00125,0.99750,0.95890,0.01568,0.01044,0.01498
69.10125,0.99750,0.52975,0.00791,0.44448,0.01786
69.20125,0.99751,0.37196,0.00196,0.62557,0.00052
69.30125,0.99751,0.88887,0.00113,0.10950,0.00050
69.40125,0.99750,0.99369,0.00061,0.00556,0.00013
69.50125,0.99750,0.99415,0.00477,0.00098,0.00010
69.60125,0.99750,0.99705,0.00284,0.00007,0.00003
69.70125,0.99751,0.99587,0.00409,0.00000,0.00004
69.80125,0.99751,0.99938,0.00060,0.00000,0.00002
69.90125,0.99750,0.99986,0.00011,0.00000,0.00003
70.00125,0.99750,0.99964,0.00033,0.00000,0.00003
70.10125,0.99750,0.99844,0.00151,0.00000,0.00005
70.20125,0.99751,0.99437,0.00460,0.00000,0.00103
70.30125,0.99751,0.99238,0.00012,0.00000,0.00750
70.40125,0.99750,0.97533,0.00111,0.00000,0.02356
70.50125,0.99750,0.78634,0.00168,0.00000,0.21198
70.60125,0.99750,0.17107,0.00037,0.00000,0.82856
70.70125,0.99751,0.33485,0.00008,0.00000,0.66506
70.80125,0.99751,0.89024,0.00001,0.00000,0.10976
70.90125,0.99750,0.98835,0.00014,0.00000,0.01151
71.00125,0.99750,0.99362,0.00010,0.00000,0.00627
71.10125,0.99750,0.99344,0.00165,0.00000,0.00491
71.20125,0.99751,0.99958,0.00014,0.00000,0.00028
71.30125,0.99751,0.99931,0.00065,0.00000,0.00003
71.40125,0.99750,0.99782,0.00217,0.00000,0.00001
71.50125,0.99750,0.99986,0.00014,0.00000,0.00000
71.60125,0.99750,0.99993,0.00007,0.00000,0.00000
71.70125,0.99751,0.99970,0.00030,0.00000,0.00000
71.80125,0.99751,0.99646,0.00353,0.00000,0.00000
71.90125,0.99750,0.99970,0.00030,0.00000,0.00000
72.00125,0.99750,0.99923,0.00077,0.00000,0.00000
72.10125,0.99750,0.99813,0.00186,0.00000,0.00000
72.20125,0.99751,0.99538,0.00461,0.00000,0.00001
72.30125,0.99751,0.98605,0.01393,0.00000,0.00003
72.40125,0.99750,0.98096,0.01903,0.00000,0.00001
72.50125,0.99750,0.91663,0.08336,0.00001,0.00000
72.60125,0.99750,0.63234,0.36761,0.00005,0.00000
72.70125,0.99751,0.55577,0.44418,0.00004,0.00000
72.80125,0.99751,0.46803,0.53194,0.00002,0.00000
72.90125,0.99750,0.88035,0.11964,0.00001,0.00001
73.00125,0.99750,0.98841,0.01159,0.00000,0.00000
73.10125,0.99750,0.99940,0.00060,0.00000,0.00000
73.20125,0.99751,0.99969,0.00030,0.00000,0.00000
73.30125,0.99751,0.99970,0.00029,0.00000,0.00001
73.40125,0.99750,0.99178,0.00820,0.00000,0.00002
73.50125,0.99750,0.99544,0.00093,0.00000,0.00363
73.60125,0.99750,0.99422,0.00171,0.00000,0.00408
73.70125,0.99751,0.97268,0.02629,0.00000,0.00103
73.80125,0.99751,0.98162,0.01771,0.00000,0.00066
73.90125,0.99750,0.98936,0.00879,0.00000,0.00186
74.00125,0.99750,0.97158,0.02624,0.00001,0.00217
74.10125,0.99750,0.98735,0.01220,0.00007,0.00039
74.20125,0.99751,0.96250,0.03670,0.00011,0.00070
74.30125,0.99751,0.99307,0.00679,0.00001,0.00014
74.40125,0.99750,0.99613,0.00383,0.00000,0.00003
74.50125,0.99750,0.99714,0.00285,0.00000,0.00001
74.60125,0.99750,0.99511,0.00488,0.00000,0.00002
74.70125,0.99751,0.99784,0.00204,0.00000,0.00012
74.80125,0.99751,0.99906,0.00004,0.00000,0.00090
74.90125,0.99750,0.99929,0.00002,0.00000,0.00069
75.00125,0.99750,0.99834,0.00087,0.00000,0.00079
75.10125,0.99750,0.98371,0.00003,0.00000,0.01626
75.20125,0.99751,0.89110,0.00004,0.00000,0.10886
75.30125,0.99751,0.89862,0.00090,0.00000,0.10048
75.40125,0.99750,0.16682,0.00002,0.00000,0.83316
75.50125,0.99750,0.12819,0.00003,0.00000,0.87178
75.60125,0.99750,0.54356,0.00004,0.00000,0.45640
75.70125,0.99751,0.98878,0.00001,0.00000,0.01122
75.80125,0.99751,0.99825,0.00003,0.00001,0.00171
75.90125,0.99750,0.99954,0.00011,0.00000,0.00036
76.00125,0.99750,0.99967,0.00031,0.00000,0.00002
76.10125,0.99750,0.99794,0.00205,0.00000,0.00001
76.20125,0.99751,0.99701,0.00299,0.00000,0.00000
76.30125,0.99751,0.98374,0.01626,0.00000,0.00000
76.40125,0.99750,0.99962,0.00038,0.00000,0.00000
76.50125,0.99750,0.99931,0.00069,0.00000,0.00000
76.60125,0.99750,0.99850,0.00150,0.00000,0.00000
76.70125,0.99751,0.99971,0.00029,0.00000,0.00000
76.80125,0.99751,0.99955,0.00045,0.00000,0.00001
76.90125,0.99750,0.99826,0.00170,0.00000,0.00004
77.00125,0.99750,0.99696,0.00287,0.00000,0.00017
77.10125,0.99750,0.99412,0.00566,0.00000,0.00022
77.20125,0.99751,0.98247,0.01736,0.00000,0.00017
77.30125,0.99751,0.95091,0.04902,0.00000,0.00007
77.40125,0.99750,0.47199,0.52799,0.00001,0.00001
77.50125,0.99750,0.20103,0.79896,0.00001,0.00001
77.60125,0.99750,0.51032,0.48967,0.00001,0.00001
77.70125,0.99751,0.95382,0.04616,0.00000,0.00002
77.80125,0.99751,0.98884,0.01114,0.00000,0.00002
77.90125,0.99750,0.99592,0.00407,0.00000,0.00001
78.00125,0.99750,0.99966,0.00032,0.00000,0.00002
78.10125,0.99750,0.99955,0.00039,0.00000,0.00006
78.20125,0.99751,0.99876,0.00110,0.00000,0.00014
78.30125,0.99751,0.99843,0.00029,0.00000,0.00127
78.40125,0.99750,0.99818,0.00109,0.00000,0.00073
78.50125,0.99750,0.99457,0.00509,0.00001,0.00033
78.60125,0.99750,0.99440,0.00505,0.00032,0.00023
78.70125,0.99751,0.98043,0.00780,0.01140,0.00037
78.80125,0.99751,0.57196,0.00866,0.41884,0.00054
78.90125,0.99750,0.09884,0.00062,0.90053,0.00002
79.00125,0.99750,0.49036,0.00081,0.50882,0.00001
79.10125,0.99750,0.94822,0.00041,0.05136,0.00000
79.20125,0.99751,0.99452,0.00029,0.00519,0.00000
79.30125,0.99751,0.99902,0.00089,0.00009,0.00000
79.40125,0.99750,0.99920,0.00079,0.00000,0.00001
79.50125,0.99750,0.99972,0.00016,0.00000,0.00012
79.60125,0.99750,0.99943,0.00011,0.00000,0.00045
79.70125,0.99751,0.99960,0.00010,0.00000,0.00030
79.80125,0.99751,0.99944,0.00003,0.00000,0.00053
79.90125,0.99750,0.99270,0.00002,0.00000,0.00728
80.00125,0.99750,0.97635,0.00014,0.00000,0.02351
80.10125,0.99750,0.90650,0.00167,0.00000,0.09182
80.20125,0.99751,0.58949,0.00025,0.00000,0.41027
80.30125,0.99751,0.14480,0.00001,0.00000,0.85520
80.40125,0.99750,0.53895,0.00000,0.00000,0.46104
80.50125,0.99750,0.93239,0.00000,0.00000,0.06761
80.60125,0.99750,0.98792,0.00000,0.00000,0.01208
80.70125,0.99751,0.99767,0.00000,0.00000,0.00233
80.80125,0.99751,0.99960,0.00000,0.00000,0.00040
80.90125,0.99750,0.99997,0.00001,0.00000,0.00002
81.00125,0.99750,0.99998,0.00002,0.00000,0.00000
81.10125,0.99750,0.99675,0.00325,0.00000,0.00000
81.20125,0.99751,0.99880,0.00120,0.00000,0.00000
81.30125,0.99751,0.99985,0.00015,0.00000,0.00000
81.40125,0.99750,0.99875,0.00125,0.00000,0.00000
81.50125,0.99750,0.97672,0.02328,0.00000,0.00000
81.60125,0.99750,0.84490,0.15510,0.00000,0.00000
81.70125,0.99751,0.72470,0.27530,0.00000,0.00000
81.80125,0.99751,0.52355,0.47645,0.00000,0.00000
81.90125,0.99750,0.52891,0.47109,0.00000,0.00001
82.00125,0.99750,0.70386,0.29604,0.00000,0.00009
82.10125,0.99750,0.86884,0.13099,0.00000,0.00017
82.20125,0.99751,0.96446,0.03543,0.00000,0.00011
82.30125,0.99751,0.99487,0.00512,0.00000,0.00001
82.40125,0.99750,0.86990,0.13010,0.00000,0.00000
82.50125,0.99750,0.95828,0.04171,0.00000,0.00001
82.60125,0.99750,0.99767,0.00232,0.00000,0.00001
82.70125,0.99751,0.99790,0.00210,0.00000,0.00001
82.80125,0.99751,0.99485,0.00514,0.00000,0.00001
82.90125,0.99750,0.98642,0.01358,0.00000,0.00000
83.00125,0.99750,0.91031,0.08969,0.00000,0.00000
83.10125,0.99750,0.89398,0.10602,0.00000,0.00000
83.20125,0.99751,0.93835,0.06165,0.00000,0.00000
83.30125,0.99751,0.97663,0.02337,0.00000,0.00000
83.40125,0.99750,0.98448,0.01552,0.00000,0.00000
83.50125,0.99750,0.99455,0.00545,0.00000,0.00000
83.60125,0.99750,0.99928,0.00072,0.00000,0.00000
83.70125,0.99751,0.99984,0.00015,0.00000,0.00001
