Time (seconds), Duration (seconds),pred_(unlabeled),pred_Jab_R,pred_Sidehook_R,pred_Uppercut_R
0.00125,0.99750,1.00000,0.00000,0.00000,0.00000
0.10125,0.99750,1.00000,0.00000,0.00000,0.00000
0.20125,0.99750,1.00000,0.00000,0.00000,0.00000
0.30125,0.99750,1.00000,0.00000,0.00000,0.00000
0.40125,0.99750,1.00000,0.00000,0.00000,0.00000
0.50125,0.99750,1.00000,0.00000,0.00000,0.00000
0.60125,0.99750,0.99999,0.00000,0.00000,0.00001
0.70125,0.99750,0.99999,0.00000,0.00000,0.00001
0.80125,0.99750,0.99999,0.00000,0.00000,0.00001
0.90125,0.99750,0.99999,0.00000,0.00000,0.00001
1.00125,0.99750,0.99999,0.00000,0.00000,0.00001
1.10125,0.99750,1.00000,0.00000,0.00000,0.00000
1.20125,0.99750,1.00000,0.00000,0.00000,0.00000
1.30125,0.99750,1.00000,0.00000,0.00000,0.00000
1.40125,0.99750,0.99998,0.00000,0.00000,0.00002
1.50125,0.99750,0.99993,0.00000,0.00000,0.00007
1.60125,0.99750,0.99959,0.00000,0.00000,0.00041
1.70125,0.99750,0.99766,0.00000,0.00000,0.00234
1.80125,0.99750,0.97375,0.00000,0.00000,0.02625
1.90125,0.99750,0.91646,0.00000,0.00000,0.08354
2.00125,0.99750,0.88710,0.00000,0.00001,0.11290
2.10125,0.99750,0.90988,0.00000,0.00001,0.09011
2.20125,0.99750,0.94489,0.00000,0.00001,0.05511
2.30125,0.99750,0.99226,0.00000,0.00000,0.00774
2.40125,0.99750,0.99826,0.00000,0.00000,0.00174
2.50125,0.99750,0.99956,0.00000,0.00000,0.00044
2.60125,0.99750,0.99994,0.00000,0.00000,0.00006
2.70125,0.99750,0.99998,0.00000,0.00000,0.00002
2.80125,0.99750,0.99999,0.00000,0.00000,0.00001
2.90125,0.99750,1.00000,0.00000,0.00000,0.00000
3.00125,0.99750,0.99999,0.00000,0.00000,0.00000
3.10125,0.99750,1.00000,0.00000,0.00000,0.00000
3.20125,0.99750,0.99999,0.00000,0.00000,0.00001
3.30125,0.99750,1.00000,0.00000,0.00000,0.00000
3.40125,0.99750,1.00000,0.00000,0.00000,0.00000
3.50125,0.99750,1.00000,0.00000,0.00000,0.00000
3.60125,0.99750,1.00000,0.00000,0.00000,0.00000
3.70125,0.99750,0.99999,0.00000,0.00000,0.00001
3.80125,0.99750,0.99996,0.00000,0.00000,0.00004
3.90125,0.99750,0.99975,0.00000,0.00000,0.00025
4.00125,0.99750,0.99824,0.00000,0.00000,0.00176
4.10125,0.99750,0.98531,0.00000,0.00000,0.01469
4.20125,0.99750,0.81140,0.00000,0.00001,0.18858
4.30125,0.99750,0.59638,0.00000,0.00011,0.40351
4.40125,0.99750,0.55095,0.00000,0.00044,0.44862
4.50125,0.99750,0.79300,0.00000,0.00015,0.20685
4.60125,0.99750,0.95522,0.00000,0.00001,0.04477
4.70125,0.99750,0.99125,0.00000,0.00000,0.00875
4.80125,0.99750,0.99799,0.00000,0.00000,0.00201
4.90125,0.99750,0.99976,0.00000,0.00000,0.00024
5.00125,0.99750,0.99996,0.00000,0.00000,0.00004
5.10125,0.99750,0.99999,0.00000,0.00000,0.00001
5.20125,0.99750,1.00000,0.00000,0.00000,0.00000
5.30125,0.99750,1.00000,0.00000,0.00000,0.00000
5.40125,0.99750,1.00000,0.00000,0.00000,0.00000
5.50125,0.99750,1.00000,0.00000,0.00000,0.00000
5.60125,0.99750,1.00000,0.00000,0.00000,0.00000
5.70125,0.99750,1.00000,0.00000,0.00000,0.00000
5.80125,0.99750,1.00000,0.00000,0.00000,0.00000
5.90125,0.99750,1.00000,0.00000,0.00000,0.00000
6.00125,0.99750,0.99999,0.00000,0.00000,0.00001
6.10125,0.99750,0.99995,0.00000,0.00000,0.00005
6.20125,0.99750,0.99963,0.00000,0.00000,0.00037
6.30125,0.99750,0.99760,0.00000,0.00000,0.00240
6.40125,0.99750,0.98801,0.00000,0.00000,0.01199
6.50125,0.99750,0.80899,0.00000,0.00001,0.19100
6.60125,0.99750,0.64128,0.00000,0.00008,0.35865
6.70125,0.99750,0.60404,0.00000,0.00016,0.39579
6.80125,0.99750,0.85848,0.00000,0.00003,0.14148
6.90125,0.99750,0.96792,0.00000,0.00000,0.03208
7.00125,0.99750,0.99156,0.00000,0.00000,0.00844
7.10125,0.99750,0.99786,0.00000,0.00000,0.00214
7.20125,0.99750,0.99975,0.00000,0.00000,0.00025
7.30125,0.99750,0.99995,0.00000,0.00000,0.00005
7.40125,0.99750,0.99999,0.00000,0.00000,0.00001
7.50125,0.99750,0.99999,0.00000,0.00000,0.00001
7.60125,0.99750,1.00000,0.00000,0.00000,0.00000
7.70125,0.99750,1.00000,0.00000,0.00000,0.00000
7.80125,0.99750,1.00000,0.00000,0.00000,0.00000
7.90125,0.99750,1.00000,0.00000,0.00000,0.00000
8.00125,0.99750,1.00000,0.00000,0.00000,0.00000
8.10125,0.99750,1.00000,0.00000,0.00000,0.00000
8.20125,0.99750,1.00000,0.00000,0.00000,0.00000
8.30125,0.99750,1.00000,0.00000,0.00000,0.00000
8.40125,0.99750,0.99999,0.00000,0.00000,0.00001
8.50125,0.99750,0.99995,0.00000,0.00000,0.00005
8.60125,0.99750,0.99966,0.00000,0.00000,0.00034
8.70125,0.99750,0.99771,0.00000,0.00000,0.00229
8.80125,0.99750,0.97161,0.00000,0.00000,0.02839
8.90125,0.99750,0.58968,0.00000,0.00001,0.41031
9.00125,0.99750,0.42697,0.00000,0.00005,0.57298
9.10125,0.99750,0.25619,0.00000,0.00009,0.74372
9.20125,0.99750,0.48642,0.00000,0.00004,0.51354
9.30125,0.99750,0.82539,0.00000,0.00000,0.17460
9.40125,0.99750,0.93263,0.00000,0.00000,0.06737
9.50125,0.99750,0.97708,0.00000,0.00000,0.02292
9.60125,0.99750,0.99792,0.00000,0.00000,0.00208
9.70125,0.99750,0.99961,0.00000,0.00000,0.00039
9.80125,0.99750,0.99993,0.00000,0.00000,0.00007
9.90125,0.99750,0.99995,0.00000,0.00000,0.00005
10.00125,0.99750,0.99999,0.00000,0.00000,0.00001
10.10125,0.99750,0.99999,0.00000,0.00000,0.00001
10.20125,0.99750,0.99999,0.00000,0.00000,0.00001
10.30125,0.99750,0.99998,0.00000,0.00000,0.00002
10.40125,0.99750,0.99991,0.00000,0.00000,0.00009
10.50125,0.99750,0.99932,0.00000,0.00000,0.00068
10.60125,0.99750,0.99517,0.00000,0.00000,0.00483
10.70125,0.99750,0.98901,0.00000,0.00000,0.01099
10.80125,0.99750,0.79988,0.00000,0.00000,0.20012
10.90125,0.99750,0.68250,0.00000,0.00001,0.31749
11.00125,0.99750,0.61215,0.00000,0.00001,0.38784
11.10125,0.99750,0.80294,0.00000,0.00001,0.19706
11.20125,0.99750,0.90525,0.00000,0.00000,0.09475
11.30125,0.99750,0.96234,0.00000,0.00000,0.03765
11.40125,0.99750,0.99101,0.00000,0.00000,0.00899
11.50125,0.99750,0.99897,0.00000,0.00000,0.00103
11.60125,0.99750,0.99984,0.00000,0.00000,0.00016
11.70125,0.99750,0.99996,0.00000,0.00000,0.00004
11.80125,0.99750,0.99998,0.00000,0.00000,0.00002
11.90125,0.99750,0.99999,0.00000,0.00000,0.00001
12.00125,0.99750,0.99999,0.00000,0.00000,0.00001
12.10125,0.99750,1.00000,0.00000,0.00000,0.00000
12.20125,0.99750,0.99999,0.00000,0.00000,0.00001
12.30125,0.99750,0.99997,0.00000,0.00000,0.00003
12.40125,0.99750,0.99981,0.00000,0.00000,0.00019
12.50125,0.99750,0.99866,0.00000,0.00000,0.00134
12.60125,0.99750,0.99271,0.00000,0.00000,0.00729
12.70125,0.99750,0.96793,0.00000,0.00000,0.03206
12.80125,0.99750,0.79647,0.00000,0.00001,0.20352
12.90125,0.99750,0.47182,0.00000,0.00009,0.52809
13.00125,0.99750,0.58615,0.00000,0.00008,0.41377
13.10125,0.99750,0.89095,0.00000,0.00001,0.10905
13.20125,0.99750,0.97849,0.00000,0.00000,0.02151
13.30125,0.99750,0.99514,0.00000,0.00000,0.00486
13.40125,0.99750,0.99886,0.00000,0.00000,0.00114
13.50125,0.99750,0.99989,0.00000,0.00000,0.00011
13.60125,0.99750,0.99998,0.00000,0.00000,0.00002
13.70125,0.99750,0.99999,0.00000,0.00000,0.00001
13.80125,0.99750,1.00000,0.00000,0.00000,0.00000
13.90125,0.99750,1.00000,0.00000,0.00000,0.00000
14.00125,0.99750,1.00000,0.00000,0.00000,0.00000
14.10125,0.99750,1.00000,0.00000,0.00000,0.00000
14.20125,0.99750,1.00000,0.00000,0.00000,0.00000
14.30125,0.99750,0.99999,0.00000,0.00000,0.00001
14.40125,0.99750,0.99996,0.00000,0.00000,0.00004
14.50125,0.99750,0.99977,0.00000,0.00000,0.00023
14.60125,0.99750,0.99823,0.00000,0.00000,0.00177
14.70125,0.99750,0.98939,0.00000,0.00000,0.01061
14.80125,0.99750,0.95404,0.00000,0.00000,0.04596
14.90125,0.99750,0.79109,0.00000,0.00003,0.20887
15.00125,0.99750,0.28839,0.00000,0.00102,0.71058
15.10125,0.99750,0.40943,0.00000,0.00104,0.58954
15.20125,0.99750,0.70943,0.00000,0.00009,0.29047
15.30125,0.99750,0.86995,0.00000,0.00001,0.13004
15.40125,0.99750,0.97115,0.00000,0.00000,0.02885
15.50125,0.99750,0.99346,0.00000,0.00000,0.00654
15.60125,0.99750,0.99933,0.00000,0.00000,0.00067
15.70125,0.99750,0.99990,0.00000,0.00000,0.00010
15.80125,0.99750,0.99998,0.00000,0.00000,0.00002
15.90125,0.99750,0.99999,0.00000,0.00000,0.00001
16.00125,0.99750,1.00000,0.00000,0.00000,0.00000
16.10125,0.99750,1.00000,0.00000,0.00000,0.00000
16.20125,0.99750,1.00000,0.00000,0.00000,0.00000
16.30125,0.99750,1.00000,0.00000,0.00000,0.00000
16.40125,0.99750,0.99999,0.00000,0.00000,0.00001
16.50125,0.99750,0.99996,0.00000,0.00000,0.00004
16.60125,0.99750,0.99974,0.00000,0.00000,0.00026
16.70125,0.99750,0.99830,0.00000,0.00000,0.00170
16.80125,0.99750,0.99029,0.00000,0.00000,0.00971
16.90125,0.99750,0.92052,0.00000,0.00000,0.07948
17.00125,0.99750,0.65153,0.00000,0.00002,0.34845
17.10125,0.99750,0.55205,0.00000,0.00004,0.44790
17.20125,0.99750,0.79335,0.00000,0.00002,0.20664
17.30125,0.99750,0.92862,0.00000,0.00000,0.07138
17.40125,0.99750,0.98342,0.00000,0.00000,0.01658
17.50125,0.99750,0.99691,0.00000,0.00000,0.00309
17.60125,0.99750,0.99944,0.00000,0.00000,0.00056
17.70125,0.99750,0.99993,0.00000,0.00000,0.00007
17.80125,0.99750,0.99998,0.00000,0.00000,0.00002
17.90125,0.99750,0.99999,0.00000,0.00000,0.00001
18.00125,0.99750,1.00000,0.00000,0.00000,0.00000
18.10125,0.99750,1.00000,0.00000,0.00000,0.00000
18.20125,0.99750,1.00000,0.00000,0.00000,0.00000
18.30125,0.99750,1.00000,0.00000,0.00000,0.00000
18.40125,0.99750,1.00000,0.00000,0.00000,0.00000
18.50125,0.99750,1.00000,0.00000,0.00000,0.00000
18.60125,0.99750,0.99998,0.00000,0.00000,0.00002
18.70125,0.99750,0.99989,0.00000,0.00000,0.00011
18.80125,0.99750,0.99928,0.00000,0.00000,0.00072
18.90125,0.99750,0.99568,0.00000,0.00000,0.00432
19.00125,0.99750,0.97831,0.00000,0.00000,0.02169
19.10125,0.99750,0.76998,0.00000,0.00003,0.22999
19.20125,0.99750,0.47458,0.00000,0.00020,0.52521
19.30125,0.99750,0.57310,0.00000,0.00028,0.42661
19.40125,0.99750,0.86731,0.00000,0.00006,0.13263
19.50125,0.99750,0.96762,0.00000,0.00000,0.03237
19.60125,0.99750,0.99371,0.00000,0.00000,0.00629
19.70125,0.99750,0.99814,0.00000,0.00000,0.00186
19.80125,0.99750,0.99977,0.00000,0.00000,0.00023
19.90125,0.99750,0.99994,0.00000,0.00000,0.00006
20.00125,0.99750,0.99999,0.00000,0.00000,0.00001
20.10125,0.99750,1.00000,0.00000,0.00000,0.00000
20.20125,0.99750,1.00000,0.00000,0.00000,0.00000
20.30125,0.99750,1.00000,0.00000,0.00000,0.00000
20.40125,0.99750,1.00000,0.00000,0.00000,0.00000
20.50125,0.99750,1.00000,0.00000,0.00000,0.00000
20.60125,0.99750,0.99998,0.00000,0.00000,0.00002
20.70125,0.99750,0.99993,0.00000,0.00000,0.00007
20.80125,0.99750,0.99962,0.00000,0.00000,0.00038
20.90125,0.99750,0.99741,0.00000,0.00000,0.00259
21.00125,0.99750,0.98538,0.00000,0.00000,0.01462
21.10125,0.99750,0.89839,0.00000,0.00000,0.10161
21.20125,0.99750,0.55209,0.00000,0.00005,0.44786
21.30125,0.99750,0.49823,0.00000,0.00006,0.50171
21.40125,0.99750,0.82436,0.00000,0.00001,0.17563
21.50125,0.99750,0.94470,0.00000,0.00000,0.05530
21.60125,0.99750,0.96228,0.00000,0.00000,0.03772
21.70125,0.99750,0.98226,0.00000,0.00000,0.01774
21.80125,0.99750,0.99739,0.00000,0.00000,0.00261
21.90125,0.99750,0.99926,0.00000,0.00000,0.00074
22.00125,0.99750,0.99976,0.00000,0.00000,0.00024
22.10125,0.99750,0.99992,0.00000,0.00000,0.00008
22.20125,0.99750,0.99996,0.00000,0.00000,0.00004
22.30125,0.99750,0.99998,0.00000,0.00000,0.00002
22.40125,0.99750,0.99999,0.00000,0.00000,0.00001
22.50125,0.99750,0.99999,0.00000,0.00000,0.00001
22.60125,0.99750,0.99995,0.00000,0.00000,0.00005
22.70125,0.99750,0.99976,0.00000,0.00000,0.00024
22.80125,0.99750,0.99914,0.00000,0.00000,0.00086
22.90125,0.99750,0.99690,0.00000,0.00000,0.00310
23.00125,0.99750,0.98712,0.00000,0.00000,0.01288
23.10125,0.99750,0.87395,0.00000,0.00001,0.12604
23.20125,0.99750,0.73402,0.00000,0.00003,0.26595
23.30125,0.99750,0.71410,0.00000,0.00004,0.28587
23.40125,0.99750,0.88226,0.00000,0.00001,0.11773
23.50125,0.99750,0.96507,0.00000,0.00000,0.03493
23.60125,0.99750,0.98823,0.00000,0.00000,0.01176
23.70125,0.99750,0.99639,0.00000,0.00000,0.00361
23.80125,0.99750,0.99949,0.00000,0.00000,0.00051
23.90125,0.99750,0.99981,0.00000,0.00000,0.00019
24.00125,0.99750,0.99996,0.00000,0.00000,0.00004
24.10125,0.99750,0.99997,0.00000,0.00000,0.00003
24.20125,0.99750,0.99999,0.00000,0.00000,0.00001
24.30125,0.99750,0.99999,0.00000,0.00000,0.00001
24.40125,0.99750,0.99998,0.00000,0.00000,0.00002
24.50125,0.99750,0.99994,0.00000,0.00000,0.00006
24.60125,0.99750,0.99971,0.00000,0.00000,0.00029
24.70125,0.99750,0.99850,0.00000,0.00000,0.00150
24.80125,0.99750,0.99128,0.00000,0.00000,0.00872
24.90125,0.99750,0.95385,0.00000,0.00000,0.04615
25.00125,0.99750,0.73251,0.00000,0.00003,0.26746
25.10125,0.99750,0.28524,0.00000,0.00043,0.71432
25.20125,0.99750,0.45304,0.00000,0.00030,0.54666
25.30125,0.99750,0.84362,0.00000,0.00002,0.15636
25.40125,0.99750,0.94620,0.00000,0.00001,0.05379
25.50125,0.99750,0.94385,0.00000,0.00002,0.05614
25.60125,0.99750,0.98126,0.00000,0.00000,0.01873
25.70125,0.99750,0.99755,0.00000,0.00000,0.00245
25.80125,0.99750,0.99958,0.00000,0.00000,0.00042
25.90125,0.99750,0.99991,0.00000,0.00000,0.00009
26.00125,0.99750,0.99998,0.00000,0.00000,0.00002
26.10125,0.99750,0.99999,0.00000,0.00000,0.00001
26.20125,0.99750,0.99999,0.00000,0.00000,0.00001
26.30125,0.99750,0.99999,0.00000,0.00000,0.00001
26.40125,0.99750,0.99999,0.00000,0.00000,0.00001
26.50125,0.99750,0.99997,0.00000,0.00000,0.00003
26.60125,0.99750,0.99986,0.00000,0.00000,0.00014
26.70125,0.99750,0.99894,0.00000,0.00000,0.00106
26.80125,0.99750,0.99275,0.00000,0.00000,0.00725
26.90125,0.99750,0.92847,0.00000,0.00000,0.07153
27.00125,0.99750,0.80931,0.00000,0.00001,0.19069
27.10125,0.99750,0.46701,0.00000,0.00009,0.53290
27.20125,0.99750,0.67457,0.00000,0.00008,0.32536
27.30125,0.99750,0.87034,0.00000,0.00001,0.12964
27.40125,0.99750,0.96124,0.00000,0.00000,0.03876
27.50125,0.99750,0.99162,0.00000,0.00000,0.00838
27.60125,0.99750,0.99634,0.00000,0.00000,0.00366
27.70125,0.99750,0.99960,0.00000,0.00000,0.00040
27.80125,0.99750,0.99992,0.00000,0.00000,0.00008
27.90125,0.99750,0.99996,0.00000,0.00000,0.00004
28.00125,0.99750,0.99999,0.00000,0.00000,0.00001
28.10125,0.99750,1.00000,0.00000,0.00000,0.00000
28.20125,0.99750,0.99999,0.00000,0.00000,0.00001
28.30125,0.99750,0.99996,0.00000,0.00000,0.00004
28.40125,0.99750,0.99978,0.00000,0.00000,0.00022
28.50125,0.99750,0.99928,0.00000,0.00000,0.00072
28.60125,0.99750,0.99584,0.00000,0.00000,0.00416
28.70125,0.99750,0.96812,0.00000,0.00000,0.03188
28.80125,0.99750,0.74171,0.00000,0.00002,0.25828
28.90125,0.99750,0.36603,0.00000,0.00014,0.63383
29.00125,0.99750,0.41667,0.00000,0.00017,0.58316
29.10125,0.99750,0.85339,0.00000,0.00001,0.14660
29.20125,0.99750,0.97415,0.00000,0.00000,0.02585
29.30125,0.99750,0.99538,0.00000,0.00000,0.00462
29.40125,0.99750,0.99858,0.00000,0.00000,0.00142
29.50125,0.99750,0.99933,0.00000,0.00000,0.00067
29.60125,0.99750,0.99958,0.00000,0.00000,0.00042
29.70125,0.99750,0.99993,0.00000,0.00000,0.00007
29.80125,0.99750,0.99998,0.00000,0.00000,0.00002
29.90125,0.99750,0.99998,0.00000,0.00000,0.00002
30.00125,0.99750,0.99997,0.00000,0.00000,0.00003
30.10125,0.99750,0.99996,0.00000,0.00000,0.00004
30.20125,0.99750,0.99995,0.00000,0.00000,0.00005
30.30125,0.99750,0.99995,0.00000,0.00000,0.00005
30.40125,0.99750,0.99998,0.00000,0.00000,0.00002
30.50125,0.99750,0.99998,0.00000,0.00000,0.00002
30.60125,0.99750,0.99998,0.00000,0.00000,0.00002
30.70125,0.99750,0.99998,0.00000,0.00000,0.00002
30.80125,0.99750,0.99998,0.00000,0.00000,0.00002
30.90125,0.99750,0.99998,0.00000,0.00000,0.00002
31.00125,0.99750,0.99998,0.00000,0.00000,0.00002
31.10125,0.99750,0.99999,0.00000,0.00000,0.00001
31.20125,0.99750,0.99999,0.00000,0.00000,0.00001
31.30125,0.99750,1.00000,0.00000,0.00000,0.00000
31.40125,0.99750,1.00000,0.00000,0.00000,0.00000
31.50125,0.99750,1.00000,0.00000,0.00000,0.00000
31.60125,0.99750,1.00000,0.00000,0.00000,0.00000
31.70125,0.99750,1.00000,0.00000,0.00000,0.00000
31.80125,0.99750,1.00000,0.00000,0.00000,0.00000
31.90125,0.99750,1.00000,0.00000,0.00000,0.00000
32.00125,0.99750,1.00000,0.00000,0.00000,0.00000
32.10125,0.99750,1.00000,0.00000,0.00000,0.00000
32.20125,0.99750,1.00000,0.00000,0.00000,0.00000
32.30125,0.99750,1.00000,0.00000,0.00000,0.00000
32.40125,0.99750,1.00000,0.00000,0.00000,0.00000
32.50125,0.99750,1.00000,0.00000,0.00000,0.00000
32.60125,0.99750,1.00000,0.00000,0.00000,0.00000
32.70125,0.99750,1.00000,0.00000,0.00000,0.00000
32.80125,0.99750,1.00000,0.00000,0.00000,0.00000
32.90125,0.99750,1.00000,0.00000,0.00000,0.00000
33.00125,0.99750,1.00000,0.00000,0.00000,0.00000
33.10125,0.99750,1.00000,0.00000,0.00000,0.00000
33.20125,0.99750,1.00000,0.00000,0.00000,0.00000
33.30125,0.99750,1.00000,0.00000,0.00000,0.00000
33.40125,0.99750,1.00000,0.00000,0.00000,0.00000
33.50125,0.99750,1.00000,0.00000,0.00000,0.00000
33.60125,0.99750,1.00000,0.00000,0.00000,0.00000
33.70125,0.99750,1.00000,0.00000,0.00000,0.00000
33.80125,0.99750,1.00000,0.00000,0.00000,0.00000
33.90125,0.99750,1.00000,0.00000,0.00000,0.00000
34.00125,0.99750,1.00000,0.00000,0.00000,0.00000
34.10125,0.99750,1.00000,0.00000,0.00000,0.00000
34.20125,0.99750,1.00000,0.00000,0.00000,0.00000
34.30125,0.99750,1.00000,0.00000,0.00000,0.00000
34.40125,0.99750,1.00000,0.00000,0.00000,0.00000
34.50125,0.99750,1.00000,0.00000,0.00000,0.00000
34.60125,0.99750,1.00000,0.00000,0.00000,0.00000
34.70125,0.99750,1.00000,0.00000,0.00000,0.00000
34.80125,0.99750,1.00000,0.00000,0.00000,0.00000
34.90125,0.99750,1.00000,0.00000,0.00000,0.00000
35.00125,0.99750,1.00000,0.00000,0.00000,0.00000
35.10125,0.99750,1.00000,0.00000,0.00000,0.00000
35.20125,0.99750,1.00000,0.00000,0.00000,0.00000
35.30125,0.99750,1.00000,0.00000,0.00000,0.00000
35.40125,0.99750,1.00000,0.00000,0.00000,0.00000
35.50125,0.99750,1.00000,0.00000,0.00000,0.00000
35.60125,0.99750,1.00000,0.00000,0.00000,0.00000
35.70125,0.99750,1.00000,0.00000,0.00000,0.00000
35.80125,0.99750,1.00000,0.00000,0.00000,0.00000
35.90125,0.99750,1.00000,0.00000,0.00000,0.00000
36.00125,0.99750,1.00000,0.00000,0.00000,0.00000
36.10125,0.99750,1.00000,0.00000,0.00000,0.00000
36.20125,0.99750,1.00000,0.00000,0.00000,0.00000
36.30125,0.99750,1.00000,0.00000,0.00000,0.00000
36.40125,0.99750,1.00000,0.00000,0.00000,0.00000
36.50125,0.99750,1.00000,0.00000,0.00000,0.00000
36.60125,0.99750,1.00000,0.00000,0.00000,0.00000
36.70125,0.99750,1.00000,0.00000,0.00000,0.00000
36.80125,0.99750,1.00000,0.00000,0.00000,0.00000
36.90125,0.99750,1.00000,0.00000,0.00000,0.00000
37.00125,0.99750,1.00000,0.00000,0.00000,0.00000
37.10125,0.99750,1.00000,0.00000,0.00000,0.00000
37.20125,0.99750,1.00000,0.00000,0.00000,0.00000
37.30125,0.99750,1.00000,0.00000,0.00000,0.00000
37.40125,0.99750,1.00000,0.00000,0.00000,0.00000
37.50125,0.99750,1.00000,0.00000,0.00000,0.00000
37.60125,0.99750,1.00000,0.00000,0.00000,0.00000
37.70125,0.99750,1.00000,0.00000,0.00000,0.00000
37.80125,0.99750,1.00000,0.00000,0.00000,0.00000
37.90125,0.99750,1.00000,0.00000,0.00000,0.00000
38.00125,0.99750,1.00000,0.00000,0.00000,0.00000
38.10125,0.99750,1.00000,0.00000,0.00000,0.00000
38.20125,0.99750,1.00000,0.00000,0.00000,0.00000
38.30125,0.99750,1.00000,0.00000,0.00000,0.00000
38.40125,0.99750,1.00000,0.00000,0.00000,0.00000
38.50125,0.99750,1.00000,0.00000,0.00000,0.00000
38.60125,0.99750,1.00000,0.00000,0.00000,0.00000
38.70125,0.99750,1.00000,0.00000,0.00000,0.00000
38.80125,0.99750,1.00000,0.00000,0.00000,0.00000
38.90125,0.99750,1.00000,0.00000,0.00000,0.00000
39.00125,0.99750,1.00000,0.00000,0.00000,0.00000
39.10125,0.99750,0.99998,0.00000,0.00000,0.00002
39.20125,0.99750,0.99992,0.00000,0.00000,0.00008
39.30125,0.99750,0.99951,0.00000,0.00000,0.00049
39.40125,0.99750,0.99613,0.00000,0.00000,0.00387
39.50125,0.99750,0.97875,0.00000,0.00000,0.02125
39.60125,0.99750,0.89259,0.00000,0.00002,0.10739
39.70125,0.99750,0.39911,0.00000,0.00030,0.60059
39.80125,0.99750,0.41949,0.00000,0.00026,0.58025
39.90125,0.99750,0.58406,0.00000,0.00019,0.41575
40.00125,0.99750,0.90081,0.00000,0.00002,0.09917
40.10125,0.99750,0.98314,0.00000,0.00000,0.01686
40.20125,0.99750,0.99589,0.00000,0.00000,0.00411
40.30125,0.99750,0.99883,0.00000,0.00000,0.00117
40.40125,0.99750,0.99988,0.00000,0.00000,0.00012
40.50125,0.99750,0.99999,0.00000,0.00000,0.00001
40.60125,0.99750,1.00000,0.00000,0.00000,0.00000
40.70125,0.99750,1.00000,0.00000,0.00000,0.00000
40.80125,0.99750,0.99999,0.00000,0.00000,0.00001
40.90125,0.99750,0.99997,0.00000,0.00000,0.00003
41.00125,0.99750,0.99971,0.00000,0.00000,0.00029
41.10125,0.99750,0.99705,0.00000,0.00000,0.00295
41.20125,0.99750,0.98920,0.00000,0.00000,0.01080
41.30125,0.99750,0.88621,0.00000,0.00001,0.11378
41.40125,0.99750,0.70084,0.00000,0.00004,0.29912
41.50125,0.99750,0.72445,0.00000,0.00008,0.27547
41.60125,0.99750,0.92053,0.00000,0.00002,0.07946
41.70125,0.99750,0.98330,0.00000,0.00000,0.01670
41.80125,0.99750,0.99735,0.00000,0.00000,0.00265
41.90125,0.99750,0.99948,0.00000,0.00000,0.00052
42.00125,0.99750,0.99993,0.00000,0.00000,0.00007
42.10125,0.99750,0.99999,0.00000,0.00000,0.00001
42.20125,0.99750,1.00000,0.00000,0.00000,0.00000
42.30125,0.99750,1.00000,0.00000,0.00000,0.00000
42.40125,0.99750,0.99998,0.00000,0.00000,0.00002
42.50125,0.99750,0.99984,0.00000,0.00000,0.00016
42.60125,0.99750,0.99899,0.00000,0.00000,0.00101
42.70125,0.99750,0.99122,0.00000,0.00000,0.00878
42.80125,0.99750,0.89789,0.00000,0.00000,0.10211
42.90125,0.99750,0.83899,0.00000,0.00000,0.16101
43.00125,0.99750,0.88307,0.00000,0.00001,0.11692
43.10125,0.99750,0.94766,0.00000,0.00000,0.05234
43.20125,0.99750,0.99451,0.00000,0.00000,0.00549
43.30125,0.99750,0.99892,0.00000,0.00000,0.00108
43.40125,0.99750,0.99978,0.00000,0.00000,0.00022
43.50125,0.99750,0.99997,0.00000,0.00000,0.00003
43.60125,0.99750,0.99999,0.00000,0.00000,0.00001
43.70125,0.99750,1.00000,0.00000,0.00000,0.00000
43.80125,0.99750,1.00000,0.00000,0.00000,0.00000
43.90125,0.99750,1.00000,0.00000,0.00000,0.00000
44.00125,0.99750,1.00000,0.00000,0.00000,0.00000
44.10125,0.99750,1.00000,0.00000,0.00000,0.00000
44.20125,0.99750,1.00000,0.00000,0.00000,0.00000
44.30125,0.99750,1.00000,0.00000,0.00000,0.00000
44.40125,0.99750,1.00000,0.00000,0.00000,0.00000
44.50125,0.99750,1.00000,0.00000,0.00000,0.00000
44.60125,0.99750,1.00000,0.00000,0.00000,0.00000
44.70125,0.99750,1.00000,0.00000,0.00000,0.00000
44.80125,0.99750,0.99997,0.00000,0.00000,0.00003
44.90125,0.99750,0.99987,0.00000,0.00000,0.00013
45.00125,0.99750,0.99905,0.00000,0.00000,0.00095
45.10125,0.99750,0.99580,0.00000,0.00000,0.00420
45.20125,0.99750,0.97639,0.00000,0.00000,0.02361
45.30125,0.99750,0.74677,0.00000,0.00002,0.25321
45.40125,0.99750,0.39622,0.00000,0.00023,0.60355
45.50125,0.99750,0.41769,0.00000,0.00045,0.58186
45.60125,0.99750,0.83108,0.00000,0.00019,0.16872
45.70125,0.99750,0.96908,0.00000,0.00001,0.03091
45.80125,0.99750,0.99514,0.00000,0.00000,0.00486
45.90125,0.99750,0.99848,0.00000,0.00000,0.00152
46.00125,0.99750,0.99985,0.00000,0.00000,0.00015
46.10125,0.99750,0.99998,0.00000,0.00000,0.00002
46.20125,0.99750,1.00000,0.00000,0.00000,0.00000
46.30125,0.99750,1.00000,0.00000,0.00000,0.00000
46.40125,0.99750,1.00000,0.00000,0.00000,0.00000
46.50125,0.99750,1.00000,0.00000,0.00000,0.00000
46.60125,0.99750,0.99998,0.00000,0.00000,0.00002
46.70125,0.99750,0.99987,0.00000,0.00000,0.00013
46.80125,0.99750,0.99892,0.00000,0.00000,0.00108
46.90125,0.99750,0.99221,0.00000,0.00000,0.00779
47.00125,0.99750,0.95071,0.00000,0.00000,0.04929
47.10125,0.99750,0.71880,0.00000,0.00008,0.28113
47.20125,0.99750,0.36754,0.00000,0.00078,0.63168
47.30125,0.99750,0.69602,0.00000,0.00142,0.30256
47.40125,0.99750,0.95786,0.00000,0.00013,0.04201
47.50125,0.99750,0.99298,0.00000,0.00001,0.00701
47.60125,0.99750,0.99837,0.00000,0.00000,0.00163
47.70125,0.99750,0.99961,0.00000,0.00000,0.00039
47.80125,0.99750,0.99995,0.00000,0.00000,0.00005
47.90125,0.99750,0.99999,0.00000,0.00000,0.00001
48.00125,0.99750,1.00000,0.00000,0.00000,0.00000
48.10125,0.99750,1.00000,0.00000,0.00000,0.00000
48.20125,0.99750,0.99999,0.00000,0.00000,0.00001
48.30125,0.99750,0.99996,0.00000,0.00000,0.00004
48.40125,0.99750,0.99956,0.00000,0.00000,0.00044
48.50125,0.99750,0.99648,0.00000,0.00000,0.00351
48.60125,0.99750,0.97608,0.00000,0.00000,0.02392
48.70125,0.99750,0.75747,0.00000,0.00002,0.24251
48.80125,0.99750,0.51875,0.00000,0.00008,0.48117
48.90125,0.99750,0.52197,0.00000,0.00012,0.47792
49.00125,0.99750,0.72731,0.00000,0.00005,0.27264
49.10125,0.99750,0.93828,0.00000,0.00000,0.06172
49.20125,0.99750,0.98794,0.00000,0.00000,0.01206
49.30125,0.99750,0.99738,0.00000,0.00000,0.00262
49.40125,0.99750,0.99970,0.00000,0.00000,0.00030
49.50125,0.99750,0.99995,0.00000,0.00000,0.00005
49.60125,0.99750,0.99999,0.00000,0.00000,0.00001
49.70125,0.99750,1.00000,0.00000,0.00000,0.00000
49.80125,0.99750,1.00000,0.00000,0.00000,0.00000
49.90125,0.99750,0.99999,0.00000,0.00000,0.00001
50.00125,0.99750,0.99995,0.00000,0.00000,0.00005
50.10125,0.99750,0.99972,0.00000,0.00000,0.00028
50.20125,0.99750,0.99611,0.00000,0.00000,0.00389
50.30125,0.99750,0.97752,0.00000,0.00000,0.02248
50.40125,0.99750,0.74814,0.00000,0.00003,0.25184
50.50125,0.99750,0.50371,0.00000,0.00017,0.49613
50.60125,0.99750,0.58702,0.00000,0.00026,0.41272
50.70125,0.99750,0.92119,0.00000,0.00008,0.07873
50.80125,0.99750,0.98804,0.00000,0.00000,0.01196
50.90125,0.99750,0.99783,0.00000,0.00000,0.00217
51.00125,0.99750,0.99925,0.00000,0.00000,0.00075
51.10125,0.99750,0.99990,0.00000,0.00000,0.00010
51.20125,0.99750,0.99998,0.00000,0.00000,0.00002
51.30125,0.99750,1.00000,0.00000,0.00000,0.00000
51.40125,0.99750,1.00000,0.00000,0.00000,0.00000
51.50125,0.99750,1.00000,0.00000,0.00000,0.00000
51.60125,0.99750,1.00000,0.00000,0.00000,0.00000
51.70125,0.99750,0.99998,0.00000,0.00000,0.00002
51.80125,0.99750,0.99991,0.00000,0.00000,0.00009
51.90125,0.99750,0.99947,0.00000,0.00000,0.00053
52.00125,0.99750,0.99640,0.00000,0.00000,0.00360
52.10125,0.99750,0.96342,0.00000,0.00000,0.03658
52.20125,0.99750,0.67874,0.00000,0.00003,0.32123
52.30125,0.99750,0.31909,0.00000,0.00021,0.68070
52.40125,0.99750,0.18422,0.00000,0.00071,0.81507
52.50125,0.99750,0.59242,0.00000,0.00057,0.40701
52.60125,0.99750,0.91758,0.00000,0.00003,0.08240
52.70125,0.99750,0.98726,0.00000,0.00000,0.01274
52.80125,0.99750,0.99704,0.00000,0.00000,0.00296
52.90125,0.99750,0.99964,0.00000,0.00000,0.00036
53.00125,0.99750,0.99995,0.00000,0.00000,0.00005
53.10125,0.99750,0.99999,0.00000,0.00000,0.00001
53.20125,0.99750,1.00000,0.00000,0.00000,0.00000
53.30125,0.99750,1.00000,0.00000,0.00000,0.00000
53.40125,0.99750,1.00000,0.00000,0.00000,0.00000
53.50125,0.99750,0.99999,0.00000,0.00000,0.00001
53.60125,0.99750,0.99996,0.00000,0.00000,0.00004
53.70125,0.99750,0.99969,0.00000,0.00000,0.00031
53.80125,0.99750,0.99817,0.00000,0.00000,0.00183
53.90125,0.99750,0.96848,0.00000,0.00000,0.03152
54.00125,0.99750,0.65690,0.00000,0.00003,0.34306
54.10125,0.99750,0.37066,0.00000,0.00018,0.62917
54.20125,0.99750,0.50391,0.00000,0.00057,0.49552
54.30125,0.99750,0.89320,0.00000,0.00025,0.10655
54.40125,0.99750,0.98497,0.00000,0.00001,0.01501
54.50125,0.99750,0.99743,0.00000,0.00000,0.00257
54.60125,0.99750,0.99929,0.00000,0.00000,0.00071
54.70125,0.99750,0.99989,0.00000,0.00000,0.00011
54.80125,0.99750,0.99998,0.00000,0.00000,0.00002
54.90125,0.99750,1.00000,0.00000,0.00000,0.00000
55.00125,0.99750,1.00000,0.00000,0.00000,0.00000
55.10125,0.99750,1.00000,0.00000,0.00000,0.00000
55.20125,0.99750,1.00000,0.00000,0.00000,0.00000
55.30125,0.99750,0.99997,0.00000,0.00000,0.00003
55.40125,0.99750,0.99980,0.00000,0.00000,0.00020
55.50125,0.99750,0.99870,0.00000,0.00000,0.00130
55.60125,0.99750,0.99184,0.00000,0.00000,0.00816
55.70125,0.99750,0.95605,0.00000,0.00000,0.04395
55.80125,0.99750,0.63696,0.00000,0.00003,0.36301
55.90125,0.99750,0.39135,0.00000,0.00031,0.60833
56.00125,0.99750,0.67174,0.00000,0.00028,0.32798
56.10125,0.99750,0.94431,0.00000,0.00005,0.05563
56.20125,0.99750,0.99379,0.00000,0.00000,0.00621
56.30125,0.99750,0.99888,0.00000,0.00000,0.00112
56.40125,0.99750,0.99962,0.00000,0.00000,0.00037
56.50125,0.99750,0.99997,0.00000,0.00000,0.00003
56.60125,0.99750,0.99999,0.00000,0.00000,0.00001
56.70125,0.99750,1.00000,0.00000,0.00000,0.00000
56.80125,0.99750,1.00000,0.00000,0.00000,0.00000
56.90125,0.99750,1.00000,0.00000,0.00000,0.00000
57.00125,0.99750,0.99999,0.00000,0.00000,0.00001
57.10125,0.99750,0.99977,0.00000,0.00000,0.00023
57.20125,0.99750,0.99747,0.00000,0.00000,0.00253
57.30125,0.99750,0.98580,0.00000,0.00000,0.01420
57.40125,0.99750,0.89759,0.00000,0.00001,0.10240
57.50125,0.99750,0.57534,0.00000,0.00007,0.42458
57.60125,0.99750,0.54840,0.00000,0.00019,0.45142
57.70125,0.99750,0.80647,0.00000,0.00007,0.19346
57.80125,0.99750,0.96823,0.00000,0.00000,0.03177
57.90125,0.99750,0.99360,0.00000,0.00000,0.00640
58.00125,0.99750,0.99839,0.00000,0.00000,0.00161
58.10125,0.99750,0.99966,0.00000,0.00000,0.00034
58.20125,0.99750,0.99996,0.00000,0.00000,0.00004
58.30125,0.99750,0.99999,0.00000,0.00000,0.00001
58.40125,0.99750,1.00000,0.00000,0.00000,0.00000
58.50125,0.99750,1.00000,0.00000,0.00000,0.00000
58.60125,0.99750,1.00000,0.00000,0.00000,0.00000
58.70125,0.99750,0.99998,0.00000,0.00000,0.00002
58.80125,0.99750,0.99991,0.00000,0.00000,0.00009
58.90125,0.99750,0.99942,0.00000,0.00000,0.00058
59.00125,0.99750,0.99643,0.00000,0.00000,0.00357
59.10125,0.99750,0.97644,0.00000,0.00000,0.02356
59.20125,0.99750,0.73210,0.00000,0.00003,0.26787
59.30125,0.99750,0.50618,0.00000,0.00011,0.49371
59.40125,0.99750,0.42147,0.00000,0.00044,0.57809
59.50125,0.99750,0.91140,0.00000,0.00018,0.08842
59.60125,0.99750,0.98313,0.00000,0.00002,0.01685
59.70125,0.99750,0.99703,0.00000,0.00000,0.00296
59.80125,0.99750,0.99869,0.00000,0.00000,0.00131
59.90125,0.99750,0.99979,0.00000,0.00000,0.00021
60.00125,0.99750,0.99997,0.00000,0.00000,0.00003
60.10125,0.99750,0.99999,0.00000,0.00000,0.00001
60.20125,0.99750,1.00000,0.00000,0.00000,0.00000
60.30125,0.99750,1.00000,0.00000,0.00000,0.00000
60.40125,0.99750,1.00000,0.00000,0.00000,0.00000
60.50125,0.99750,0.99997,0.00000,0.00000,0.00003
60.60125,0.99750,0.99976,0.00000,0.00000,0.00024
60.70125,0.99750,0.99912,0.00000,0.00000,0.00088
60.80125,0.99750,0.99410,0.00000,0.00000,0.00590
60.90125,0.99750,0.97023,0.00000,0.00000,0.02977
61.00125,0.99750,0.73433,0.00000,0.00001,0.26565
61.10125,0.99750,0.47343,0.00000,0.00012,0.52645
61.20125,0.99750,0.63810,0.00000,0.00026,0.36164
61.30125,0.99750,0.92491,0.00000,0.00003,0.07506
61.40125,0.99750,0.98715,0.00000,0.00000,0.01285
61.50125,0.99750,0.99706,0.00000,0.00000,0.00294
61.60125,0.99750,0.99908,0.00000,0.00000,0.00092
61.70125,0.99750,0.99991,0.00000,0.00000,0.00009
61.80125,0.99750,0.99998,0.00000,0.00000,0.00002
61.90125,0.99750,1.00000,0.00000,0.00000,0.00000
62.00125,0.99750,1.00000,0.00000,0.00000,0.00000
62.10125,0.99750,0.99999,0.00000,0.00000,0.00001
62.20125,0.99750,0.99994,0.00000,0.00000,0.00006
62.30125,0.99750,0.99962,0.00000,0.00000,0.00038
62.40125,0.99750,0.99612,0.00000,0.00000,0.00388
62.50125,0.99750,0.97587,0.00000,0.00000,0.02413
62.60125,0.99750,0.69851,0.00000,0.00001,0.30148
62.70125,0.99750,0.48409,0.00000,0.00005,0.51586
62.80125,0.99750,0.61987,0.00000,0.00015,0.37998
62.90125,0.99750,0.91925,0.00000,0.00006,0.08069
63.00125,0.99750,0.98886,0.00000,0.00001,0.01113
63.10125,0.99750,0.99804,0.00000,0.00000,0.00196
63.20125,0.99751,0.99943,0.00000,0.00000,0.00057
63.30125,0.99750,0.99995,0.00000,0.00000,0.00005
63.40125,0.99750,0.99999,0.00000,0.00000,0.00001
63.50125,0.99750,1.00000,0.00000,0.00000,0.00000
63.60125,0.99750,1.00000,0.00000,0.00000,0.00000
63.70125,0.99751,1.00000,0.00000,0.00000,0.00000
63.80125,0.99750,1.00000,0.00000,0.00000,0.00000
63.90125,0.99750,0.99999,0.00000,0.00000,0.00000
64.00125,0.99750,0.99996,0.00000,0.00000,0.00004
64.10125,0.99750,0.99977,0.00000,0.00000,0.00023
64.20125,0.99751,0.99852,0.00000,0.00000,0.00148
64.30125,0.99751,0.99125,0.00000,0.00000,0.00875
64.40125,0.99750,0.94242,0.00000,0.00000,0.05758
64.50125,0.99750,0.75589,0.00000,0.00002,0.24409
64.60125,0.99750,0.58673,0.00000,0.00004,0.41324
64.70125,0.99751,0.82359,0.00000,0.00004,0.17638
64.80125,0.99751,0.97356,0.00000,0.00001,0.02643
64.90125,0.99750,0.99651,0.00000,0.00000,0.00348
65.00125,0.99750,0.99929,0.00000,0.00000,0.00071
65.10125,0.99750,0.99978,0.00000,0.00000,0.00022
65.20125,0.99751,0.99998,0.00000,0.00000,0.00002
65.30125,0.99751,1.00000,0.00000,0.00000,0.00000
65.40125,0.99750,1.00000,0.00000,0.00000,0.00000
65.50125,0.99750,1.00000,0.00000,0.00000,0.00000
65.60125,0.99750,1.00000,0.00000,0.00000,0.00000
65.70125,0.99751,1.00000,0.00000,0.00000,0.00000
65.80125,0.99751,0.99997,0.00000,0.00000,0.00003
65.90125,0.99750,0.99976,0.00000,0.00000,0.00024
66.00125,0.99750,0.99852,0.00000,0.00000,0.00148
66.10125,0.99750,0.99136,0.00000,0.00000,0.00864
66.20125,0.99751,0.89204,0.00000,0.00001,0.10796
66.30125,0.99751,0.23995,0.00000,0.00007,0.75998
66.40125,0.99750,0.22307,0.00000,0.00010,0.77683
66.50125,0.99750,0.36009,0.00000,0.00013,0.63978
66.60125,0.99750,0.85473,0.00000,0.00003,0.14524
66.70125,0.99751,0.97431,0.00000,0.00000,0.02569
66.80125,0.99751,0.99577,0.00000,0.00000,0.00423
66.90125,0.99750,0.99890,0.00000,0.00000,0.00110
67.00125,0.99750,0.99988,0.00000,0.00000,0.00012
67.10125,0.99750,0.99998,0.00000,0.00000,0.00002
67.20125,0.99751,1.00000,0.00000,0.00000,0.00000
67.30125,0.99751,1.00000,0.00000,0.00000,0.00000
67.40125,0.99750,1.00000,0.00000,0.00000,0.00000
67.50125,0.99750,1.00000,0.00000,0.00000,0.00000
67.60125,0.99750,0.99999,0.00000,0.00000,0.00001
67.70125,0.99751,0.99996,0.00000,0.00000,0.00004
67.80125,0.99751,0.99969,0.00000,0.00000,0.00031
67.90125,0.99750,0.99870,0.00000,0.00000,0.00130
68.00125,0.99750,0.99112,0.00000,0.00000,0.00888
68.10125,0.99750,0.90415,0.00000,0.00000,0.09585
68.20125,0.99751,0.43843,0.00000,0.00004,0.56152
68.30125,0.99751,0.21776,0.00000,0.00021,0.78203
68.40125,0.99750,0.52223,0.00000,0.00023,0.47754
68.50125,0.99750,0.91031,0.00000,0.00004,0.08965
68.60125,0.99750,0.98952,0.00000,0.00000,0.01048
68.70125,0.99751,0.99824,0.00000,0.00000,0.00176
68.80125,0.99751,0.99914,0.00000,0.00000,0.00086
68.90125,0.99750,0.99973,0.00000,0.00000,0.00027
69.00125,0.99750,0.99992,0.00000,0.00000,0.00008
69.10125,0.99750,0.99999,0.00000,0.00000,0.00001
69.20125,0.99751,0.99999,0.00000,0.00000,0.00001
69.30125,0.99751,0.99999,0.00000,0.00000,0.00001
69.40125,0.99750,0.99999,0.00000,0.00000,0.00001
69.50125,0.99750,0.99997,0.00000,0.00000,0.00003
69.60125,0.99750,0.99995,0.00000,0.00000,0.00005
69.70125,0.99751,0.99997,0.00000,0.00000,0.00003
69.80125,0.99751,0.99999,0.00000,0.00000,0.00001
69.90125,0.99750,0.99999,0.00000,0.00000,0.00001
70.00125,0.99750,1.00000,0.00000,0.00000,0.00000
70.10125,0.99750,1.00000,0.00000,0.00000,0.00000
70.20125,0.99751,1.00000,0.00000,0.00000,0.00000
70.30125,0.99751,1.00000,0.00000,0.00000,0.00000
70.40125,0.99750,1.00000,0.00000,0.00000,0.00000
70.50125,0.99750,1.00000,0.00000,0.00000,0.00000
70.60125,0.99750,1.00000,0.00000,0.00000,0.00000
70.70125,0.99751,1.00000,0.00000,0.00000,0.00000
70.80125,0.99751,1.00000,0.00000,0.00000,0.00000
70.90125,0.99750,0.99999,0.00000,0.00000,0.00001
71.00125,0.99750,0.99999,0.00000,0.00000,0.00001
71.10125,0.99750,0.99999,0.00000,0.00000,0.00001
71.20125,0.99751,0.99999,0.00000,0.00000,0.00001
71.30125,0.99751,0.99999,0.00000,0.00000,0.00001
71.40125,0.99750,0.99999,0.00000,0.00000,0.00001
71.50125,0.99750,0.99999,0.00000,0.00000,0.00001
71.60125,0.99750,0.99999,0.00000,0.00000,0.00001
71.70125,0.99751,0.99999,0.00000,0.00000,0.00001
71.80125,0.99751,0.99999,0.00000,0.00000,0.00001
71.90125,0.99750,1.00000,0.00000,0.00000,0.00000
72.00125,0.99750,1.00000,0.00000,0.00000,0.00000
72.10125,0.99750,1.00000,0.00000,0.00000,0.00000
72.20125,0.99751,1.00000,0.00000,0.00000,0.00000
72.30125,0.99751,1.00000,0.00000,0.00000,0.00000
72.40125,0.99750,1.00000,0.00000,0.00000,0.00000
72.50125,0.99750,1.00000,0.00000,0.00000,0.00000
72.60125,0.99750,1.00000,0.00000,0.00000,0.00000
72.70125,0.99751,1.00000,0.00000,0.00000,0.00000
72.80125,0.99751,1.00000,0.00000,0.00000,0.00000
72.90125,0.99750,1.00000,0.00000,0.00000,0.00000
73.00125,0.99750,1.00000,0.00000,0.00000,0.00000
73.10125,0.99750,1.00000,0.00000,0.00000,0.00000
73.20125,0.99751,1.00000,0.00000,0.00000,0.00000
73.30125,0.99751,1.00000,0.00000,0.00000,0.00000
73.40125,0.99750,1.00000,0.00000,0.00000,0.00000
73.50125,0.99750,1.00000,0.00000,0.00000,0.00000
73.60125,0.99750,1.00000,0.00000,0.00000,0.00000
73.70125,0.99751,1.00000,0.00000,0.00000,0.00000
73.80125,0.99751,1.00000,0.00000,0.00000,0.00000
73.90125,0.99750,1.00000,0.00000,0.00000,0.00000
74.00125,0.99750,1.00000,0.00000,0.00000,0.00000
74.10125,0.99750,1.00000,0.00000,0.00000,0.00000
74.20125,0.99751,1.00000,0.00000,0.00000,0.00000
74.30125,0.99751,1.00000,0.00000,0.00000,0.00000
74.40125,0.99750,1.00000,0.00000,0.00000,0.00000
74.50125,0.99750,1.00000,0.00000,0.00000,0.00000
74.60125,0.99750,1.00000,0.00000,0.00000,0.00000
74.70125,0.99751,1.00000,0.00000,0.00000,0.00000
74.80125,0.99751,1.00000,0.00000,0.00000,0.00000
74.90125,0.99750,1.00000,0.00000,0.00000,0.00000
75.00125,0.99750,1.00000,0.00000,0.00000,0.00000
75.10125,0.99750,1.00000,0.00000,0.00000,0.00000
75.20125,0.99751,1.00000,0.00000,0.00000,0.00000
75.30125,0.99751,1.00000,0.00000,0.00000,0.00000
75.40125,0.99750,1.00000,0.00000,0.00000,0.00000
75.50125,0.99750,1.00000,0.00000,0.00000,0.00000
75.60125,0.99750,1.00000,0.00000,0.00000,0.00000
75.70125,0.99751,1.00000,0.00000,0.00000,0.00000
75.80125,0.99751,1.00000,0.00000,0.00000,0.00000
75.90125,0.99750,1.00000,0.00000,0.00000,0.00000
76.00125,0.99750,1.00000,0.00000,0.00000,0.00000
76.10125,0.99750,1.00000,0.00000,0.00000,0.00000
76.20125,0.99751,1.00000,0.00000,0.00000,0.00000
76.30125,0.99751,1.00000,0.00000,0.00000,0.00000
76.40125,0.99750,1.00000,0.00000,0.00000,0.00000
76.50125,0.99750,1.00000,0.00000,0.00000,0.00000
76.60125,0.99750,1.00000,0.00000,0.00000,0.00000
76.70125,0.99751,1.00000,0.00000,0.00000,0.00000
76.80125,0.99751,1.00000,0.00000,0.00000,0.00000
76.90125,0.99750,1.00000,0.00000,0.00000,0.00000
77.00125,0.99750,1.00000,0.00000,0.00000,0.00000
77.10125,0.99750,1.00000,0.00000,0.00000,0.00000
77.20125,0.99751,1.00000,0.00000,0.00000,0.00000
77.30125,0.99751,1.00000,0.00000,0.00000,0.00000
77.40125,0.99750,1.00000,0.00000,0.00000,0.00000
77.50125,0.99750,1.00000,0.00000,0.00000,0.00000
77.60125,0.99750,1.00000,0.00000,0.00000,0.00000
77.70125,0.99751,1.00000,0.00000,0.00000,0.00000
77.80125,0.99751,1.00000,0.00000,0.00000,0.00000
77.90125,0.99750,1.00000,0.00000,0.00000,0.00000
78.00125,0.99750,1.00000,0.00000,0.00000,0.00000
78.10125,0.99750,1.00000,0.00000,0.00000,0.00000
78.20125,0.99751,1.00000,0.00000,0.00000,0.00000
78.30125,0.99751,1.00000,0.00000,0.00000,0.00000
78.40125,0.99750,0.99999,0.00000,0.00000,0.00001
78.50125,0.99750,0.99999,0.00000,0.00000,0.00001
78.60125,0.99750,0.99995,0.00000,0.00000,0.00005
78.70125,0.99751,0.99990,0.00000,0.00000,0.00010
78.80125,0.99751,0.99982,0.00000,0.00000,0.00018
78.90125,0.99750,0.99947,0.00000,0.00000,0.00053
79.00125,0.99750,0.99814,0.00000,0.00000,0.00186
79.10125,0.99750,0.99079,0.00000,0.00000,0.00921
79.20125,0.99751,0.92655,0.00000,0.00003,0.07342
79.30125,0.99751,0.89052,0.00000,0.00029,0.10920
79.40125,0.99750,0.53948,0.00000,0.00074,0.45978
79.50125,0.99750,0.63240,0.00000,0.00037,0.36723
79.60125,0.99750,0.85120,0.00000,0.00029,0.14852
79.70125,0.99751,0.95266,0.00000,0.00009,0.04725
79.80125,0.99751,0.99135,0.00000,0.00001,0.00864
79.90125,0.99750,0.99500,0.00000,0.00001,0.00499
80.00125,0.99750,0.99773,0.00000,0.00001,0.00226
80.10125,0.99750,0.99963,0.00000,0.00000,0.00037
80.20125,0.99751,0.99995,0.00000,0.00000,0.00005
80.30125,0.99751,0.99999,0.00000,0.00000,0.00001
80.40125,0.99750,1.00000,0.00000,0.00000,0.00000
80.50125,0.99750,1.00000,0.00000,0.00000,0.00000
80.60125,0.99750,0.99999,0.00000,0.00000,0.00001
80.70125,0.99751,0.99994,0.00000,0.00000,0.00006
80.80125,0.99751,0.99990,0.00000,0.00000,0.00010
80.90125,0.99750,0.99971,0.00000,0.00000,0.00029
81.00125,0.99750,0.99705,0.00000,0.00000,0.00295
81.10125,0.99750,0.98093,0.00000,0.00000,0.01907
81.20125,0.99751,0.81765,0.00000,0.00001,0.18234
81.30125,0.99751,0.75092,0.00000,0.00002,0.24906
81.40125,0.99750,0.78229,0.00000,0.00002,0.21769
81.50125,0.99750,0.90838,0.00000,0.00000,0.09162
81.60125,0.99750,0.98206,0.00000,0.00000,0.01794
81.70125,0.99751,0.99663,0.00000,0.00000,0.00337
81.80125,0.99751,0.99879,0.00000,0.00000,0.00121
81.90125,0.99750,0.99958,0.00000,0.00000,0.00042
82.00125,0.99750,0.99992,0.00000,0.00000,0.00008
82.10125,0.99750,0.99995,0.00000,0.00000,0.00005
82.20125,0.99751,0.99996,0.00000,0.00000,0.00004
82.30125,0.99751,0.99998,0.00000,0.00000,0.00002
82.40125,0.99750,0.99999,0.00000,0.00000,0.00001
82.50125,0.99750,0.99999,0.00000,0.00000,0.00001
82.60125,0.99750,0.99998,0.00000,0.00000,0.00002
82.70125,0.99751,0.99997,0.00000,0.00000,0.00003
82.80125,0.99751,0.99995,0.00000,0.00000,0.00005
82.90125,0.99750,0.99976,0.00000,0.00000,0.00024
83.00125,0.99750,0.99913,0.00000,0.00000,0.00087
83.10125,0.99750,0.99591,0.00000,0.00000,0.00409
83.20125,0.99751,0.97565,0.00000,0.00000,0.02435
83.30125,0.99751,0.70498,0.00000,0.00003,0.29499
83.40125,0.99750,0.49851,0.00000,0.00014,0.50136
83.50125,0.99750,0.63714,0.00000,0.00033,0.36254
83.60125,0.99750,0.90593,0.00000,0.00007,0.09400
83.70125,0.99751,0.98712,0.00000,0.00000,0.01287
83.80125,0.99751,0.99779,0.00000,0.00000,0.00221
83.90125,0.99750,0.99930,0.00000,0.00000,0.00070
84.00125,0.99750,0.99994,0.00000,0.00000,0.00006
84.10125,0.99750,0.99998,0.00000,0.00000,0.00002
84.20125,0.99751,1.00000,0.00000,0.00000,0.00000
84.30125,0.99751,1.00000,0.00000,0.00000,0.00000
84.40125,0.99750,1.00000,0.00000,0.00000,0.00000
84.50125,0.99750,1.00000,0.00000,0.00000,0.00000
84.60125,0.99750,0.99999,0.00000,0.00000,0.00001
84.70125,0.99751,0.99997,0.00000,0.00000,0.00003
84.80125,0.99751,0.99989,0.00000,0.00000,0.00011
84.90125,0.99750,0.99948,0.00000,0.00000,0.00052
85.00125,0.99750,0.99789,0.00000,0.00000,0.00211
85.10125,0.99750,0.98837,0.00000,0.00001,0.01162
85.20125,0.99751,0.91466,0.00000,0.00026,0.08508
85.30125,0.99751,0.76184,0.00000,0.00062,0.23754
85.40125,0.99750,0.48078,0.00000,0.00331,0.51591
85.50125,0.99750,0.40123,0.00000,0.00276,0.59601
85.60125,0.99750,0.57248,0.00000,0.00086,0.42666
85.70125,0.99751,0.83947,0.00000,0.00016,0.16037
85.80125,0.99751,0.96846,0.00000,0.00001,0.03153
85.90125,0.99750,0.99397,0.00000,0.00000,0.00602
86.00125,0.99750,0.99836,0.00000,0.00000,0.00164
86.10125,0.99750,0.99984,0.00000,0.00000,0.00016
86.20125,0.99751,0.99998,0.00000,0.00000,0.00002
86.30125,0.99751,1.00000,0.00000,0.00000,0.00000
86.40125,0.99750,1.00000,0.00000,0.00000,0.00000
86.50125,0.99750,1.00000,0.00000,0.00000,0.00000
86.60125,0.99750,1.00000,0.00000,0.00000,0.00000
86.70125,0.99751,1.00000,0.00000,0.00000,0.00000
86.80125,0.99751,1.00000,0.00000,0.00000,0.00000
86.90125,0.99750,0.99999,0.00000,0.00000,0.00001
87.00125,0.99750,0.99995,0.00000,0.00000,0.00005
87.10125,0.99750,0.99961,0.00000,0.00000,0.00039
87.20125,0.99751,0.99710,0.00000,0.00000,0.00290
87.30125,0.99751,0.98100,0.00000,0.00000,0.01900
87.40125,0.99750,0.69278,0.00000,0.00003,0.30719
87.50125,0.99750,0.43880,0.00000,0.00024,0.56096
87.60125,0.99750,0.38185,0.00000,0.00076,0.61740
87.70125,0.99751,0.62307,0.00000,0.00032,0.37661
87.80125,0.99751,0.93154,0.00000,0.00002,0.06845
87.90125,0.99750,0.98973,0.00000,0.00000,0.01026
88.00125,0.99750,0.99812,0.00000,0.00000,0.00188
88.10125,0.99750,0.99965,0.00000,0.00000,0.00035
88.20125,0.99751,0.99993,0.00000,0.00000,0.00007
88.30125,0.99751,0.99999,0.00000,0.00000,0.00001
88.40125,0.99750,1.00000,0.00000,0.00000,0.00000
88.50125,0.99750,1.00000,0.00000,0.00000,0.00000
88.60125,0.99750,1.00000,0.00000,0.00000,0.00000
88.70125,0.99751,1.00000,0.00000,0.00000,0.00000
88.80125,0.99751,0.99999,0.00000,0.00000,0.00001
88.90125,0.99750,0.99993,0.00000,0.00000,0.00007
89.00125,0.99750,0.99977,0.00000,0.00000,0.00023
89.10125,0.99750,0.99879,0.00000,0.00000,0.00121
89.20125,0.99751,0.99065,0.00000,0.00000,0.00935
89.30125,0.99751,0.93649,0.00000,0.00001,0.06350
89.40125,0.99750,0.68281,0.00000,0.00006,0.31713
89.50125,0.99750,0.32344,0.00000,0.00062,0.67594
89.60125,0.99750,0.62056,0.00000,0.00080,0.37864
89.70125,0.99751,0.90826,0.00000,0.00005,0.09168
89.80125,0.99751,0.98813,0.00000,0.00000,0.01186
89.90125,0.99750,0.99835,0.00000,0.00000,0.00165
90.00125,0.99750,0.99940,0.00000,0.00000,0.00060
90.10125,0.99750,0.99987,0.00000,0.00000,0.00013
90.20125,0.99751,0.99995,0.00000,0.00000,0.00005
90.30125,0.99751,0.99998,0.00000,0.00000,0.00002
90.40125,0.99750,0.99999,0.00000,0.00000,0.00001
90.50125,0.99750,1.00000,0.00000,0.00000,0.00000
90.60125,0.99750,1.00000,0.00000,0.00000,0.00000
90.70125,0.99751,0.99999,0.00000,0.00000,0.00001
90.80125,0.99751,0.99999,0.00000,0.00000,0.00001
90.90125,0.99750,0.99995,0.00000,0.00000,0.00005
91.00125,0.99750,0.99991,0.00000,0.00000,0.00009
91.10125,0.99750,0.99954,0.00000,0.00000,0.00046
91.20125,0.99751,0.99748,0.00000,0.00000,0.00252
91.30125,0.99751,0.99005,0.00000,0.00000,0.00995
91.40125,0.99750,0.85143,0.00000,0.00001,0.14856
91.50125,0.99750,0.51766,0.00000,0.00007,0.48227
91.60125,0.99750,0.33595,0.00000,0.00034,0.66371
91.70125,0.99751,0.73375,0.00000,0.00007,0.26618
91.80125,0.99751,0.86488,0.00000,0.00003,0.13508
91.90125,0.99750,0.94785,0.00000,0.00001,0.05214
92.00125,0.99750,0.97737,0.00000,0.00000,0.02263
92.10125,0.99750,0.99261,0.00000,0.00000,0.00739
92.20125,0.99751,0.99908,0.00000,0.00000,0.00091
92.30125,0.99751,0.99976,0.00000,0.00000,0.00024
92.40125,0.99750,0.99995,0.00000,0.00000,0.00005
92.50125,0.99750,0.99999,0.00000,0.00000,0.00001
92.60125,0.99750,0.99999,0.00000,0.00000,0.00001
92.70125,0.99751,0.99999,0.00000,0.00000,0.00001
92.80125,0.99751,0.99998,0.00000,0.00000,0.00002
92.90125,0.99750,0.99994,0.00000,0.00000,0.00006
93.00125,0.99750,0.99976,0.00000,0.00000,0.00024
93.10125,0.99750,0.99827,0.00000,0.00000,0.00173
93.20125,0.99751,0.98962,0.00000,0.00000,0.01038
93.30125,0.99751,0.94563,0.00000,0.00001,0.05436
93.40125,0.99750,0.61490,0.00000,0.00013,0.38496
93.50125,0.99750,0.36257,0.00000,0.00102,0.63641
93.60125,0.99750,0.68536,0.00001,0.00136,0.31327
93.70125,0.99751,0.89697,0.00001,0.00017,0.10285
93.80125,0.99751,0.97425,0.00001,0.00001,0.02574
93.90125,0.99750,0.99124,0.00000,0.00000,0.00876
94.00125,0.99750,0.99782,0.00000,0.00000,0.00217
94.10125,0.99750,0.99979,0.00000,0.00000,0.00021
94.20125,0.99751,0.99995,0.00000,0.00000,0.00005
94.30125,0.99751,0.99999,0.00000,0.00000,0.00001
94.40125,0.99750,1.00000,0.00000,0.00000,0.00000
94.50125,0.99750,1.00000,0.00000,0.00000,0.00000
94.60125,0.99750,0.99999,0.00000,0.00000,0.00001
94.70125,0.99751,0.99994,0.00000,0.00000,0.00006
94.80125,0.99751,0.99984,0.00000,0.00000,0.00016
94.90125,0.99750,0.99893,0.00000,0.00000,0.00107
95.00125,0.99750,0.99369,0.00000,0.00000,0.00631
95.10125,0.99750,0.95924,0.00000,0.00000,0.04076
95.20125,0.99751,0.65815,0.00000,0.00001,0.34184
95.30125,0.99751,0.40745,0.00000,0.00003,0.59252
95.40125,0.99750,0.44183,0.00000,0.00007,0.55810
95.50125,0.99750,0.76144,0.00000,0.00001,0.23855
95.60125,0.99750,0.91786,0.00000,0.00000,0.08214
95.70125,0.99751,0.97921,0.00000,0.00000,0.02079
95.80125,0.99751,0.99420,0.00000,0.00000,0.00580
95.90125,0.99750,0.99938,0.00000,0.00000,0.00062
96.00125,0.99750,0.99990,0.00000,0.00000,0.00010
96.10125,0.99750,0.99998,0.00000,0.00000,0.00002
96.20125,0.99751,0.99999,0.00000,0.00000,0.00001
96.30125,0.99751,1.00000,0.00000,0.00000,0.00000
96.40125,0.99750,1.00000,0.00000,0.00000,0.00000
96.50125,0.99750,1.00000,0.00000,0.00000,0.00000
96.60125,0.99750,0.99999,0.00000,0.00000,0.00001
96.70125,0.99751,0.99993,0.00000,0.00000,0.00007
96.80125,0.99751,0.99955,0.00000,0.00000,0.00045
96.90125,0.99750,0.99723,0.00000,0.00000,0.00277
97.00125,0.99750,0.98465,0.00000,0.00000,0.01535
97.10125,0.99750,0.87699,0.00000,0.00001,0.12300
97.20125,0.99751,0.31582,0.00000,0.00013,0.68405
97.30125,0.99751,0.19749,0.00000,0.00041,0.80210
97.40125,0.99750,0.59368,0.00000,0.00023,0.40609
97.50125,0.99750,0.84142,0.00000,0.00002,0.15856
97.60125,0.99750,0.90270,0.00000,0.00002,0.09727
97.70125,0.99751,0.93606,0.00001,0.00002,0.06391
97.80125,0.99751,0.98389,0.00001,0.00001,0.01610
97.90125,0.99750,0.99842,0.00000,0.00000,0.00158
98.00125,0.99750,0.99949,0.00000,0.00000,0.00051
98.10125,0.99750,0.99994,0.00000,0.00000,0.00006
98.20125,0.99751,0.99998,0.00000,0.00000,0.00002
98.30125,0.99751,0.99999,0.00000,0.00000,0.00001
98.40125,0.99750,0.99999,0.00000,0.00000,0.00001
98.50125,0.99750,0.99998,0.00000,0.00000,0.00002
98.60125,0.99750,0.99995,0.00000,0.00000,0.00005
98.70125,0.99751,0.99962,0.00000,0.00000,0.00038
98.80125,0.99751,0.99753,0.00000,0.00000,0.00247
98.90125,0.99750,0.98985,0.00000,0.00000,0.01015
99.00125,0.99750,0.84690,0.00000,0.00000,0.15309
99.10125,0.99750,0.63635,0.00000,0.00002,0.36363
99.20125,0.99751,0.63386,0.00000,0.00008,0.36606
99.30125,0.99751,0.85041,0.00000,0.00002,0.14956
99.40125,0.99750,0.94687,0.00000,0.00000,0.05313
99.50125,0.99750,0.96383,0.00000,0.00000,0.03616
99.60125,0.99750,0.98417,0.00000,0.00000,0.01583
99.70125,0.99751,0.99788,0.00000,0.00000,0.00212
99.80125,0.99751,0.99967,0.00000,0.00000,0.00033
99.90125,0.99750,0.99988,0.00000,0.00000,0.00012
100.00125,0.99750,0.99997,0.00000,0.00000,0.00003
100.10125,0.99750,0.99998,0.00000,0.00000,0.00002
100.20125,0.99751,0.99998,0.00000,0.00000,0.00002
100.30125,0.99751,0.99998,0.00000,0.00000,0.00002
100.40125,0.99750,0.99997,0.00000,0.00000,0.00003
100.50125,0.99750,0.99988,0.00000,0.00000,0.00012
100.60125,0.99750,0.99938,0.00000,0.00000,0.00062
100.70125,0.99751,0.99578,0.00000,0.00000,0.00422
100.80125,0.99751,0.98162,0.00000,0.00000,0.01838
100.90125,0.99750,0.83853,0.00000,0.00001,0.16146
101.00125,0.99750,0.46414,0.00000,0.00007,0.53579
101.10125,0.99750,0.38425,0.00000,0.00026,0.61548
101.20125,0.99751,0.73958,0.00000,0.00007,0.26035
101.30125,0.99751,0.93222,0.00000,0.00000,0.06777
101.40125,0.99750,0.98245,0.00000,0.00000,0.01755
101.50125,0.99750,0.99409,0.00000,0.00000,0.00591
101.60125,0.99750,0.99924,0.00000,0.00000,0.00076
101.70125,0.99751,0.99990,0.00000,0.00000,0.00010
101.80125,0.99751,0.99997,0.00000,0.00000,0.00003
101.90125,0.99750,0.99999,0.00000,0.00000,0.00001
102.00125,0.99750,1.00000,0.00000,0.00000,0.00000
102.10125,0.99750,1.00000,0.00000,0.00000,0.00000
102.20125,0.99751,0.99997,0.00000,0.00000,0.00003
102.30125,0.99751,0.99979,0.00000,0.00000,0.00021
102.40125,0.99750,0.99892,0.00000,0.00000,0.00108
102.50125,0.99750,0.99335,0.00000,0.00000,0.00665
102.60125,0.99750,0.95502,0.00000,0.00000,0.04498
102.70125,0.99751,0.57875,0.00000,0.00004,0.42121
102.80125,0.99751,0.27371,0.00000,0.00028,0.72601
102.90125,0.99750,0.46635,0.00000,0.00019,0.53346
103.00125,0.99750,0.76381,0.00000,0.00002,0.23617
103.10125,0.99750,0.83373,0.00000,0.00001,0.16625
103.20125,0.99751,0.91991,0.00000,0.00000,0.08008
103.30125,0.99751,0.97666,0.00000,0.00000,0.02333
103.40125,0.99750,0.99793,0.00000,0.00000,0.00207
103.50125,0.99750,0.99951,0.00000,0.00000,0.00049
103.60125,0.99750,0.99991,0.00000,0.00000,0.00009
103.70125,0.99751,0.99998,0.00000,0.00000,0.00002
103.80125,0.99751,0.99999,0.00000,0.00000,0.00001
103.90125,0.99750,0.99995,0.00000,0.00000,0.00005
104.00125,0.99750,0.99991,0.00000,0.00000,0.00009
104.10125,0.99750,0.99979,0.00000,0.00000,0.00021
104.20125,0.99751,0.99856,0.00000,0.00000,0.00144
104.30125,0.99751,0.98664,0.00000,0.00000,0.01336
104.40125,0.99750,0.85459,0.00000,0.00000,0.14541
104.50125,0.99750,0.71762,0.00000,0.00001,0.28237
104.60125,0.99750,0.43318,0.00000,0.00007,0.56674
104.70125,0.99751,0.62006,0.00000,0.00004,0.37990
104.80125,0.99751,0.91667,0.00000,0.00000,0.08333
104.90125,0.99750,0.97224,0.00000,0.00000,0.02776
105.00125,0.99750,0.99099,0.00000,0.00000,0.00901
105.10125,0.99750,0.99865,0.00000,0.00000,0.00135
105.20125,0.99751,0.99982,0.00000,0.00000,0.00018
105.30125,0.99751,0.99997,0.00000,0.00000,0.00003
105.40125,0.99750,0.99999,0.00000,0.00000,0.00001
105.50125,0.99750,1.00000,0.00000,0.00000,0.00000
105.60125,0.99750,0.99999,0.00000,0.00000,0.00001
105.70125,0.99751,0.99995,0.00000,0.00000,0.00005
105.80125,0.99751,0.99980,0.00000,0.00000,0.00020
105.90125,0.99750,0.99916,0.00000,0.00000,0.00084
106.00125,0.99750,0.99499,0.00000,0.00000,0.00501
106.10125,0.99750,0.96725,0.00000,0.00000,0.03275
106.20125,0.99751,0.74747,0.00000,0.00001,0.25252
106.30125,0.99751,0.52864,0.00000,0.00005,0.47131
106.40125,0.99750,0.66805,0.00000,0.00003,0.33192
106.50125,0.99750,0.85523,0.00000,0.00000,0.14477
106.60125,0.99750,0.96856,0.00000,0.00000,0.03144
106.70125,0.99751,0.99148,0.00000,0.00000,0.00852
106.80125,0.99751,0.99736,0.00000,0.00000,0.00264
106.90125,0.99750,0.99975,0.00000,0.00000,0.00025
107.00125,0.99750,0.99995,0.00000,0.00000,0.00005
107.10125,0.99750,0.99999,0.00000,0.00000,0.00001
107.20125,0.99751,1.00000,0.00000,0.00000,0.00000
107.30125,0.99751,0.99999,0.00000,0.00000,0.00001
107.40125,0.99750,0.99998,0.00000,0.00000,0.00002
107.50125,0.99750,0.99989,0.00000,0.00000,0.00011
107.60125,0.99750,0.99949,0.00000,0.00000,0.00051
107.70125,0.99751,0.99699,0.00000,0.00000,0.00301
107.80125,0.99751,0.98143,0.00000,0.00000,0.01857
107.90125,0.99750,0.80397,0.00000,0.00001,0.19602
108.00125,0.99750,0.47611,0.00000,0.00017,0.52373
108.10125,0.99750,0.56284,0.00000,0.00028,0.43688
108.20125,0.99751,0.76316,0.00000,0.00008,0.23676
108.30125,0.99751,0.87725,0.00000,0.00002,0.12273
108.40125,0.99750,0.96736,0.00000,0.00000,0.03263
108.50125,0.99750,0.99017,0.00000,0.00000,0.00982
108.60125,0.99750,0.99895,0.00000,0.00000,0.00105
108.70125,0.99751,0.99979,0.00000,0.00000,0.00021
108.80125,0.99751,0.99997,0.00000,0.00000,0.00003
108.90125,0.99750,0.99998,0.00000,0.00000,0.00002
109.00125,0.99750,0.99994,0.00000,0.00000,0.00006
109.10125,0.99750,0.99972,0.00000,0.00000,0.00028
109.20125,0.99751,0.99874,0.00000,0.00000,0.00126
109.30125,0.99751,0.99558,0.00000,0.00000,0.00442
109.40125,0.99750,0.97093,0.00000,0.00000,0.02907
109.50125,0.99750,0.73663,0.00000,0.00001,0.26336
109.60125,0.99750,0.48260,0.00000,0.00007,0.51733
109.70125,0.99751,0.69382,0.00000,0.00004,0.30614
109.80125,0.99751,0.85923,0.00000,0.00001,0.14076
109.90125,0.99750,0.90223,0.00000,0.00000,0.09776
110.00125,0.99750,0.93138,0.00002,0.00000,0.06859
110.10125,0.99750,0.98179,0.00001,0.00000,0.01820
110.20125,0.99751,0.99814,0.00000,0.00000,0.00186
110.30125,0.99751,0.99956,0.00000,0.00000,0.00044
110.40125,0.99750,0.99995,0.00000,0.00000,0.00005
110.50125,0.99750,0.99997,0.00000,0.00000,0.00003
110.60125,0.99750,0.99991,0.00000,0.00000,0.00009
110.70125,0.99751,0.99967,0.00000,0.00000,0.00033
110.80125,0.99751,0.99928,0.00000,0.00000,0.00072
110.90125,0.99750,0.99839,0.00000,0.00000,0.00161
111.00125,0.99750,0.99322,0.00000,0.00000,0.00678
111.10125,0.99750,0.92657,0.00000,0.00000,0.07343
111.20125,0.99751,0.65065,0.00000,0.00001,0.34934
111.30125,0.99751,0.65246,0.00000,0.00001,0.34754
111.40125,0.99750,0.85455,0.00000,0.00000,0.14544
111.50125,0.99750,0.89778,0.00000,0.00000,0.10222
111.60125,0.99750,0.96857,0.00000,0.00000,0.03143
111.70125,0.99751,0.98820,0.00000,0.00000,0.01180
111.80125,0.99751,0.99793,0.00000,0.00000,0.00207
111.90125,0.99750,0.99956,0.00000,0.00000,0.00044
112.00125,0.99750,0.99991,0.00000,0.00000,0.00009
112.10125,0.99750,0.99996,0.00000,0.00000,0.00004
112.20125,0.99751,0.99989,0.00000,0.00000,0.00011
112.30125,0.99751,0.99943,0.00000,0.00000,0.00057
112.40125,0.99750,0.99865,0.00000,0.00000,0.00135
112.50125,0.99750,0.99325,0.00000,0.00000,0.00675
112.60125,0.99750,0.97629,0.00000,0.00000,0.02371
112.70125,0.99751,0.64073,0.00000,0.00001,0.35926
112.80125,0.99751,0.64420,0.00000,0.00001,0.35579
112.90125,0.99750,0.63853,0.00000,0.00001,0.36146
113.00125,0.99750,0.84672,0.00000,0.00000,0.15328
113.10125,0.99750,0.93451,0.00000,0.00000,0.06549
113.20125,0.99751,0.97292,0.00000,0.00000,0.02708
113.30125,0.99751,0.98749,0.00000,0.00000,0.01251
113.40125,0.99750,0.99710,0.00000,0.00000,0.00290
113.50125,0.99750,0.99917,0.00000,0.00000,0.00083
113.60125,0.99750,0.99970,0.00000,0.00000,0.00030
113.70125,0.99751,0.99989,0.00000,0.00000,0.00011
113.80125,0.99751,0.99993,0.00000,0.00000,0.00007
113.90125,0.99750,0.99991,0.00000,0.00000,0.00009
114.00125,0.99750,0.99985,0.00000,0.00000,0.00015
114.10125,0.99750,0.99989,0.00000,0.00000,0.00011
114.20125,0.99751,0.99991,0.00000,0.00000,0.00009
114.30125,0.99751,0.99989,0.00000,0.00000,0.00011
114.40125,0.99750,0.99993,0.00000,0.00000,0.00007
114.50125,0.99750,0.99995,0.00000,0.00000,0.00005
