Time (seconds), Duration (seconds),pred_(unlabeled),pred_Jab_R,pred_Sidehook_R,pred_Uppercut_R
0.00125,0.99750,0.99977,0.00000,0.00000,0.00023
0.10125,0.99750,0.99981,0.00000,0.00000,0.00019
0.20125,0.99750,0.99987,0.00000,0.00000,0.00013
0.30125,0.99750,0.99986,0.00000,0.00000,0.00014
0.40125,0.99750,0.99986,0.00000,0.00000,0.00014
0.50125,0.99750,0.99987,0.00000,0.00000,0.00013
0.60125,0.99750,0.99989,0.00000,0.00000,0.00011
0.70125,0.99750,0.99992,0.00000,0.00000,0.00008
0.80125,0.99750,0.99993,0.00000,0.00000,0.00007
0.90125,0.99750,0.99994,0.00000,0.00000,0.00006
1.00125,0.99750,0.99995,0.00000,0.00000,0.00005
1.10125,0.99750,0.99996,0.00000,0.00000,0.00004
1.20125,0.99750,0.99997,0.00000,0.00000,0.00003
1.30125,0.99750,0.99999,0.00000,0.00000,0.00001
1.40125,0.99750,0.99998,0.00001,0.00000,0.00001
1.50125,0.99750,0.99997,0.00002,0.00000,0.00001
1.60125,0.99750,0.99998,0.00002,0.00000,0.00001
1.70125,0.99750,0.99998,0.00001,0.00000,0.00001
1.80125,0.99750,0.99999,0.00001,0.00000,0.00000
1.90125,0.99750,0.99999,0.00000,0.00000,0.00000
2.00125,0.99750,1.00000,0.00000,0.00000,0.00000
2.10125,0.99750,1.00000,0.00000,0.00000,0.00000
2.20125,0.99750,1.00000,0.00000,0.00000,0.00000
2.30125,0.99750,0.99999,0.00000,0.00000,0.00001
2.40125,0.99750,0.99999,0.00000,0.00000,0.00001
2.50125,0.99750,0.99999,0.00000,0.00000,0.00001
2.60125,0.99750,0.99999,0.00000,0.00000,0.00001
2.70125,0.99750,0.99999,0.00000,0.00000,0.00001
2.80125,0.99750,0.99999,0.00000,0.00000,0.00001
2.90125,0.99750,0.99999,0.00000,0.00000,0.00001
3.00125,0.99750,0.99999,0.00000,0.00000,0.00001
3.10125,0.99750,0.99999,0.00000,0.00000,0.00001
3.20125,0.99750,0.99999,0.00000,0.00000,0.00001
3.30125,0.99750,0.99999,0.00000,0.00000,0.00001
3.40125,0.99750,0.99999,0.00000,0.00000,0.00001
3.50125,0.99750,0.99999,0.00000,0.00000,0.00001
3.60125,0.99750,0.99995,0.00000,0.00000,0.00005
3.70125,0.99750,0.99974,0.00000,0.00000,0.00026
3.80125,0.99750,0.99884,0.00000,0.00000,0.00116
3.90125,0.99750,0.99513,0.00000,0.00000,0.00487
4.00125,0.99750,0.98747,0.00000,0.00000,0.01253
4.10125,0.99750,0.96472,0.00001,0.00001,0.03526
4.20125,0.99750,0.92617,0.00006,0.00011,0.07366
4.30125,0.99750,0.83884,0.00039,0.00097,0.15980
4.40125,0.99750,0.85553,0.00105,0.00200,0.14143
4.50125,0.99750,0.95338,0.00313,0.00213,0.04136
4.60125,0.99750,0.96725,0.01039,0.00285,0.01951
4.70125,0.99750,0.99252,0.00236,0.00065,0.00447
4.80125,0.99750,0.99868,0.00045,0.00005,0.00083
4.90125,0.99750,0.99971,0.00009,0.00001,0.00019
5.00125,0.99750,0.99987,0.00003,0.00000,0.00009
5.10125,0.99750,0.99997,0.00000,0.00000,0.00002
5.20125,0.99750,0.99999,0.00000,0.00000,0.00001
5.30125,0.99750,0.99999,0.00000,0.00000,0.00001
5.40125,0.99750,0.99997,0.00000,0.00000,0.00003
5.50125,0.99750,0.99987,0.00000,0.00000,0.00013
5.60125,0.99750,0.99937,0.00000,0.00000,0.00063
5.70125,0.99750,0.99639,0.00000,0.00000,0.00361
5.80125,0.99750,0.98652,0.00000,0.00000,0.01348
5.90125,0.99750,0.95477,0.00001,0.00000,0.04523
6.00125,0.99750,0.87026,0.00008,0.00001,0.12966
6.10125,0.99750,0.80529,0.00068,0.00004,0.19399
6.20125,0.99750,0.84201,0.00235,0.00011,0.15553
6.30125,0.99750,0.92671,0.00323,0.00017,0.06988
6.40125,0.99750,0.94427,0.01326,0.00037,0.04210
6.50125,0.99750,0.97112,0.01484,0.00015,0.01390
6.60125,0.99750,0.99597,0.00137,0.00013,0.00252
6.70125,0.99750,0.99912,0.00040,0.00001,0.00047
6.80125,0.99750,0.99982,0.00005,0.00001,0.00012
6.90125,0.99750,0.99995,0.00001,0.00000,0.00004
7.00125,0.99750,0.99999,0.00000,0.00000,0.00001
7.10125,0.99750,0.99998,0.00000,0.00000,0.00002
7.20125,0.99750,0.99992,0.00000,0.00000,0.00008
7.30125,0.99750,0.99981,0.00000,0.00000,0.00019
7.40125,0.99750,0.99944,0.00000,0.00000,0.00056
7.50125,0.99750,0.99630,0.00000,0.00000,0.00369
7.60125,0.99750,0.97953,0.00001,0.00000,0.02046
7.70125,0.99750,0.91591,0.00002,0.00000,0.08406
7.80125,0.99750,0.68232,0.00009,0.00001,0.31759
7.90125,0.99750,0.45414,0.00067,0.00007,0.54513
8.00125,0.99750,0.36639,0.00168,0.00008,0.63185
8.10125,0.99750,0.67010,0.00157,0.00007,0.32827
8.20125,0.99750,0.78629,0.00425,0.00014,0.20933
8.30125,0.99750,0.84785,0.01323,0.00040,0.13852
8.40125,0.99750,0.95698,0.00397,0.00047,0.03858
8.50125,0.99750,0.99252,0.00040,0.00044,0.00664
8.60125,0.99750,0.99861,0.00021,0.00002,0.00116
8.70125,0.99750,0.99958,0.00011,0.00000,0.00031
8.80125,0.99750,0.99991,0.00002,0.00000,0.00007
8.90125,0.99750,0.99997,0.00000,0.00000,0.00002
9.00125,0.99750,0.99997,0.00000,0.00000,0.00003
9.10125,0.99750,0.99991,0.00000,0.00000,0.00009
9.20125,0.99750,0.99984,0.00000,0.00000,0.00016
9.30125,0.99750,0.99957,0.00000,0.00000,0.00043
9.40125,0.99750,0.99795,0.00000,0.00000,0.00205
9.50125,0.99750,0.98940,0.00000,0.00000,0.01059
9.60125,0.99750,0.96499,0.00001,0.00002,0.03498
9.70125,0.99750,0.86920,0.00007,0.00021,0.13051
9.80125,0.99750,0.67375,0.00045,0.00233,0.32347
9.90125,0.99750,0.60493,0.00221,0.00820,0.38466
10.00125,0.99750,0.74139,0.00416,0.00716,0.24730
10.10125,0.99750,0.86200,0.01137,0.01330,0.11332
10.20125,0.99750,0.93262,0.01293,0.00538,0.04908
10.30125,0.99750,0.98103,0.00239,0.00038,0.01620
10.40125,0.99750,0.99496,0.00070,0.00004,0.00430
10.50125,0.99750,0.99846,0.00034,0.00001,0.00119
10.60125,0.99750,0.99951,0.00007,0.00000,0.00042
10.70125,0.99750,0.99990,0.00001,0.00000,0.00010
10.80125,0.99750,0.99997,0.00000,0.00000,0.00003
10.90125,0.99750,0.99998,0.00000,0.00000,0.00002
11.00125,0.99750,0.99998,0.00000,0.00000,0.00002
11.10125,0.99750,0.99993,0.00000,0.00000,0.00007
11.20125,0.99750,0.99971,0.00000,0.00000,0.00029
11.30125,0.99750,0.99855,0.00000,0.00000,0.00145
11.40125,0.99750,0.99665,0.00000,0.00000,0.00335
11.50125,0.99750,0.98980,0.00000,0.00000,0.01020
11.60125,0.99750,0.97383,0.00000,0.00000,0.02616
11.70125,0.99750,0.96952,0.00003,0.00001,0.03043
11.80125,0.99750,0.97355,0.00016,0.00005,0.02624
11.90125,0.99750,0.95329,0.00084,0.00041,0.04546
12.00125,0.99750,0.98151,0.00050,0.00010,0.01789
12.10125,0.99750,0.99426,0.00022,0.00001,0.00551
12.20125,0.99750,0.99877,0.00004,0.00000,0.00119
12.30125,0.99750,0.99976,0.00002,0.00000,0.00022
12.40125,0.99750,0.99993,0.00000,0.00000,0.00007
12.50125,0.99750,0.99998,0.00000,0.00000,0.00001
12.60125,0.99750,0.99999,0.00000,0.00000,0.00001
12.70125,0.99750,0.99998,0.00000,0.00000,0.00002
12.80125,0.99750,0.99992,0.00000,0.00000,0.00008
12.90125,0.99750,0.99974,0.00000,0.00000,0.00026
13.00125,0.99750,0.99869,0.00000,0.00000,0.00131
13.10125,0.99750,0.99525,0.00000,0.00000,0.00475
13.20125,0.99750,0.97964,0.00000,0.00000,0.02035
13.30125,0.99750,0.93243,0.00001,0.00002,0.06754
13.40125,0.99750,0.91528,0.00006,0.00012,0.08454
13.50125,0.99750,0.95224,0.00039,0.00027,0.04710
13.60125,0.99750,0.98116,0.00090,0.00041,0.01753
13.70125,0.99750,0.99080,0.00059,0.00019,0.00841
13.80125,0.99750,0.99756,0.00028,0.00003,0.00213
13.90125,0.99750,0.99939,0.00004,0.00000,0.00056
14.00125,0.99750,0.99986,0.00002,0.00000,0.00012
14.10125,0.99750,0.99997,0.00001,0.00000,0.00003
14.20125,0.99750,0.99999,0.00000,0.00000,0.00001
14.30125,0.99750,1.00000,0.00000,0.00000,0.00000
14.40125,0.99750,1.00000,0.00000,0.00000,0.00000
14.50125,0.99750,0.99999,0.00000,0.00000,0.00001
14.60125,0.99750,0.99994,0.00000,0.00000,0.00006
14.70125,0.99750,0.99966,0.00000,0.00000,0.00034
14.80125,0.99750,0.99788,0.00000,0.00000,0.00212
14.90125,0.99750,0.99208,0.00000,0.00000,0.00792
15.00125,0.99750,0.97105,0.00000,0.00000,0.02895
15.10125,0.99750,0.90617,0.00001,0.00000,0.09382
15.20125,0.99750,0.84897,0.00006,0.00001,0.15096
15.30125,0.99750,0.86816,0.00028,0.00002,0.13154
15.40125,0.99750,0.89814,0.00048,0.00003,0.10134
15.50125,0.99750,0.95327,0.00026,0.00001,0.04646
15.60125,0.99750,0.98954,0.00011,0.00000,0.01035
15.70125,0.99750,0.99758,0.00002,0.00000,0.00240
15.80125,0.99750,0.99954,0.00001,0.00000,0.00045
15.90125,0.99750,0.99990,0.00000,0.00000,0.00010
16.00125,0.99750,0.99997,0.00000,0.00000,0.00003
16.10125,0.99750,0.99998,0.00000,0.00000,0.00002
16.20125,0.99750,0.99996,0.00000,0.00000,0.00004
16.30125,0.99750,0.99971,0.00000,0.00000,0.00029
16.40125,0.99750,0.99871,0.00000,0.00000,0.00129
16.50125,0.99750,0.99435,0.00000,0.00000,0.00565
16.60125,0.99750,0.97678,0.00000,0.00000,0.02321
16.70125,0.99750,0.94104,0.00000,0.00002,0.05894
16.80125,0.99750,0.87820,0.00002,0.00009,0.12169
16.90125,0.99750,0.92816,0.00013,0.00030,0.07140
17.00125,0.99750,0.91926,0.00062,0.00064,0.07948
17.10125,0.99750,0.96097,0.00043,0.00014,0.03847
17.20125,0.99750,0.97421,0.00056,0.00004,0.02519
17.30125,0.99750,0.99249,0.00023,0.00001,0.00727
17.40125,0.99750,0.99754,0.00012,0.00000,0.00233
17.50125,0.99750,0.99939,0.00005,0.00000,0.00056
17.60125,0.99750,0.99982,0.00001,0.00000,0.00017
17.70125,0.99750,0.99995,0.00000,0.00000,0.00004
17.80125,0.99750,0.99997,0.00000,0.00000,0.00003
17.90125,0.99750,0.99981,0.00000,0.00000,0.00019
18.00125,0.99750,0.99923,0.00000,0.00000,0.00077
18.10125,0.99750,0.99772,0.00000,0.00000,0.00228
18.20125,0.99750,0.99444,0.00000,0.00000,0.00556
18.30125,0.99750,0.98716,0.00000,0.00000,0.01284
18.40125,0.99750,0.95766,0.00000,0.00000,0.04233
18.50125,0.99750,0.88391,0.00000,0.00001,0.11607
18.60125,0.99750,0.86223,0.00002,0.00005,0.13770
18.70125,0.99750,0.91890,0.00016,0.00016,0.08078
18.80125,0.99750,0.96434,0.00014,0.00007,0.03546
18.90125,0.99750,0.98506,0.00012,0.00002,0.01480
19.00125,0.99750,0.99695,0.00002,0.00001,0.00302
19.10125,0.99750,0.99950,0.00000,0.00000,0.00050
19.20125,0.99750,0.99991,0.00000,0.00000,0.00009
19.30125,0.99750,0.99997,0.00000,0.00000,0.00003
19.40125,0.99750,0.99999,0.00000,0.00000,0.00001
19.50125,0.99750,1.00000,0.00000,0.00000,0.00000
19.60125,0.99750,1.00000,0.00000,0.00000,0.00000
19.70125,0.99750,0.99998,0.00000,0.00000,0.00002
19.80125,0.99750,0.99988,0.00000,0.00000,0.00012
19.90125,0.99750,0.99948,0.00000,0.00000,0.00052
20.00125,0.99750,0.99810,0.00000,0.00000,0.00190
20.10125,0.99750,0.99026,0.00000,0.00000,0.00974
20.20125,0.99750,0.96655,0.00000,0.00000,0.03345
20.30125,0.99750,0.94450,0.00001,0.00003,0.05546
20.40125,0.99750,0.96370,0.00010,0.00008,0.03611
20.50125,0.99750,0.95797,0.00044,0.00022,0.04138
20.60125,0.99750,0.97433,0.00056,0.00022,0.02489
20.70125,0.99750,0.98983,0.00100,0.00007,0.00910
20.80125,0.99750,0.99801,0.00015,0.00003,0.00181
20.90125,0.99750,0.99957,0.00006,0.00000,0.00036
21.00125,0.99750,0.99988,0.00002,0.00000,0.00010
21.10125,0.99750,0.99997,0.00000,0.00000,0.00003
21.20125,0.99750,0.99999,0.00000,0.00000,0.00001
21.30125,0.99750,0.99998,0.00000,0.00000,0.00002
21.40125,0.99750,0.99985,0.00000,0.00000,0.00015
21.50125,0.99750,0.99937,0.00000,0.00000,0.00063
21.60125,0.99750,0.99787,0.00000,0.00000,0.00213
21.70125,0.99750,0.99305,0.00000,0.00000,0.00694
21.80125,0.99750,0.98139,0.00000,0.00000,0.01861
21.90125,0.99750,0.95049,0.00002,0.00003,0.04947
22.00125,0.99750,0.95565,0.00010,0.00012,0.04412
22.10125,0.99750,0.96711,0.00049,0.00033,0.03207
22.20125,0.99750,0.98098,0.00109,0.00063,0.01730
22.30125,0.99750,0.99275,0.00105,0.00020,0.00600
22.40125,0.99750,0.99777,0.00060,0.00002,0.00162
22.50125,0.99750,0.99954,0.00013,0.00000,0.00033
22.60125,0.99750,0.99992,0.00002,0.00000,0.00005
22.70125,0.99750,0.99998,0.00000,0.00000,0.00002
22.80125,0.99750,0.99999,0.00000,0.00000,0.00001
22.90125,0.99750,0.99999,0.00000,0.00000,0.00001
23.00125,0.99750,0.99997,0.00000,0.00000,0.00003
23.10125,0.99750,0.99973,0.00000,0.00000,0.00027
23.20125,0.99750,0.99840,0.00000,0.00000,0.00160
23.30125,0.99750,0.99437,0.00000,0.00000,0.00563
23.40125,0.99750,0.97970,0.00000,0.00000,0.02030
23.50125,0.99750,0.95824,0.00001,0.00000,0.04175
23.60125,0.99750,0.95456,0.00003,0.00001,0.04540
23.70125,0.99750,0.97506,0.00019,0.00003,0.02472
23.80125,0.99750,0.98985,0.00034,0.00003,0.00978
23.90125,0.99750,0.99421,0.00071,0.00005,0.00504
24.00125,0.99750,0.99790,0.00074,0.00001,0.00135
24.10125,0.99750,0.99962,0.00011,0.00000,0.00026
24.20125,0.99750,0.99991,0.00003,0.00000,0.00005
24.30125,0.99750,0.99998,0.00000,0.00000,0.00001
24.40125,0.99750,0.99999,0.00000,0.00000,0.00000
24.50125,0.99750,1.00000,0.00000,0.00000,0.00000
24.60125,0.99750,0.99999,0.00000,0.00000,0.00001
24.70125,0.99750,0.99995,0.00000,0.00000,0.00005
24.80125,0.99750,0.99965,0.00000,0.00000,0.00035
24.90125,0.99750,0.99847,0.00000,0.00000,0.00153
25.00125,0.99750,0.99336,0.00000,0.00000,0.00664
25.10125,0.99750,0.97594,0.00000,0.00000,0.02405
25.20125,0.99750,0.95015,0.00001,0.00000,0.04984
25.30125,0.99750,0.95050,0.00004,0.00001,0.04945
25.40125,0.99750,0.96194,0.00030,0.00002,0.03775
25.50125,0.99750,0.97309,0.00054,0.00001,0.02636
25.60125,0.99750,0.99210,0.00051,0.00001,0.00738
25.70125,0.99750,0.99689,0.00079,0.00000,0.00232
25.80125,0.99750,0.99951,0.00011,0.00000,0.00038
25.90125,0.99750,0.99989,0.00004,0.00000,0.00007
26.00125,0.99750,0.99998,0.00000,0.00000,0.00002
26.10125,0.99750,0.99999,0.00000,0.00000,0.00001
26.20125,0.99750,0.99999,0.00000,0.00000,0.00001
26.30125,0.99750,0.99997,0.00000,0.00000,0.00003
26.40125,0.99750,0.99985,0.00000,0.00000,0.00015
26.50125,0.99750,0.99911,0.00000,0.00000,0.00089
26.60125,0.99750,0.99534,0.00000,0.00000,0.00466
26.70125,0.99750,0.97961,0.00000,0.00000,0.02039
26.80125,0.99750,0.94295,0.00002,0.00000,0.05703
26.90125,0.99750,0.89251,0.00025,0.00001,0.10723
27.00125,0.99750,0.86425,0.00258,0.00003,0.13315
27.10125,0.99750,0.92841,0.01084,0.00005,0.06071
27.20125,0.99750,0.97111,0.00594,0.00001,0.02294
27.30125,0.99750,0.98797,0.00478,0.00000,0.00725
27.40125,0.99750,0.99626,0.00193,0.00000,0.00180
27.50125,0.99750,0.99953,0.00018,0.00000,0.00028
27.60125,0.99750,0.99992,0.00004,0.00000,0.00004
27.70125,0.99750,0.99995,0.00001,0.00000,0.00003
27.80125,0.99750,0.99995,0.00000,0.00000,0.00005
27.90125,0.99750,0.99992,0.00000,0.00000,0.00008
28.00125,0.99750,0.99935,0.00000,0.00000,0.00065
28.10125,0.99750,0.99390,0.00000,0.00000,0.00610
28.20125,0.99750,0.97981,0.00000,0.00000,0.02019
28.30125,0.99750,0.93949,0.00002,0.00000,0.06049
28.40125,0.99750,0.85149,0.00017,0.00000,0.14834
28.50125,0.99750,0.70820,0.00124,0.00003,0.29053
28.60125,0.99750,0.81895,0.00360,0.00004,0.17741
28.70125,0.99750,0.93576,0.00451,0.00003,0.05971
28.80125,0.99750,0.96950,0.00383,0.00001,0.02666
28.90125,0.99750,0.98885,0.00295,0.00000,0.00820
29.00125,0.99750,0.99849,0.00026,0.00001,0.00124
29.10125,0.99750,0.99970,0.00012,0.00000,0.00018
29.20125,0.99750,0.99994,0.00001,0.00000,0.00005
29.30125,0.99750,0.99998,0.00000,0.00000,0.00002
29.40125,0.99750,0.99999,0.00000,0.00000,0.00001
29.50125,0.99750,0.99998,0.00000,0.00000,0.00002
29.60125,0.99750,0.99986,0.00000,0.00000,0.00014
29.70125,0.99750,0.99925,0.00000,0.00000,0.00075
29.80125,0.99750,0.99719,0.00000,0.00000,0.00281
29.90125,0.99750,0.99027,0.00000,0.00000,0.00973
30.00125,0.99750,0.96410,0.00001,0.00000,0.03588
30.10125,0.99750,0.92808,0.00009,0.00001,0.07183
30.20125,0.99750,0.94219,0.00066,0.00002,0.05713
30.30125,0.99750,0.90138,0.00478,0.00030,0.09354
30.40125,0.99750,0.92121,0.01008,0.00085,0.06786
30.50125,0.99750,0.96282,0.01110,0.00042,0.02566
30.60125,0.99750,0.99320,0.00156,0.00084,0.00440
30.70125,0.99750,0.99847,0.00069,0.00006,0.00078
30.80125,0.99750,0.99975,0.00008,0.00001,0.00015
30.90125,0.99750,0.99991,0.00001,0.00000,0.00008
31.00125,0.99750,0.99991,0.00000,0.00000,0.00008
31.10125,0.99750,0.99969,0.00000,0.00000,0.00031
31.20125,0.99750,0.99791,0.00000,0.00000,0.00208
31.30125,0.99750,0.99458,0.00000,0.00000,0.00542
31.40125,0.99750,0.98625,0.00000,0.00000,0.01375
31.50125,0.99750,0.95761,0.00000,0.00000,0.04239
31.60125,0.99750,0.92336,0.00002,0.00000,0.07662
31.70125,0.99750,0.89007,0.00008,0.00000,0.10985
31.80125,0.99750,0.85120,0.00023,0.00001,0.14856
31.90125,0.99750,0.93736,0.00023,0.00000,0.06241
32.00125,0.99750,0.98004,0.00029,0.00000,0.01967
32.10125,0.99750,0.99586,0.00004,0.00000,0.00410
32.20125,0.99750,0.99938,0.00001,0.00000,0.00061
32.30125,0.99750,0.99986,0.00000,0.00000,0.00013
32.40125,0.99750,0.99995,0.00000,0.00000,0.00005
32.50125,0.99750,0.99998,0.00000,0.00000,0.00002
32.60125,0.99750,0.99999,0.00000,0.00000,0.00001
32.70125,0.99750,0.99999,0.00000,0.00000,0.00001
32.80125,0.99750,0.99999,0.00000,0.00000,0.00001
32.90125,0.99750,0.99999,0.00000,0.00000,0.00001
33.00125,0.99750,0.99999,0.00000,0.00000,0.00001
33.10125,0.99750,0.99996,0.00000,0.00000,0.00004
33.20125,0.99750,0.99978,0.00000,0.00000,0.00022
33.30125,0.99750,0.99896,0.00000,0.00000,0.00104
33.40125,0.99750,0.99529,0.00000,0.00000,0.00471
33.50125,0.99750,0.98350,0.00000,0.00000,0.01650
33.60125,0.99750,0.93124,0.00002,0.00000,0.06874
33.70125,0.99750,0.82909,0.00009,0.00001,0.17081
33.80125,0.99750,0.80215,0.00039,0.00005,0.19740
33.90125,0.99750,0.86813,0.00303,0.00022,0.12863
34.00125,0.99750,0.94268,0.00521,0.00028,0.05183
34.10125,0.99750,0.96861,0.01537,0.00053,0.01549
34.20125,0.99750,0.98301,0.01077,0.00089,0.00533
34.30125,0.99750,0.99657,0.00206,0.00036,0.00101
34.40125,0.99750,0.99936,0.00040,0.00007,0.00018
34.50125,0.99750,0.99990,0.00005,0.00000,0.00005
34.60125,0.99750,0.99998,0.00001,0.00000,0.00001
34.70125,0.99750,0.99998,0.00001,0.00000,0.00001
34.80125,0.99750,0.99995,0.00000,0.00000,0.00005
34.90125,0.99750,0.99936,0.00001,0.00000,0.00064
35.00125,0.99750,0.99724,0.00000,0.00000,0.00275
35.10125,0.99750,0.99061,0.00000,0.00000,0.00939
35.20125,0.99750,0.96553,0.00001,0.00000,0.03446
35.30125,0.99750,0.89828,0.00005,0.00000,0.10167
35.40125,0.99750,0.88737,0.00031,0.00000,0.11232
35.50125,0.99750,0.90569,0.00248,0.00000,0.09183
35.60125,0.99750,0.95560,0.00458,0.00000,0.03982
35.70125,0.99750,0.98161,0.00313,0.00000,0.01526
35.80125,0.99750,0.99326,0.00186,0.00000,0.00488
35.90125,0.99750,0.99914,0.00016,0.00001,0.00069
36.00125,0.99750,0.99985,0.00006,0.00000,0.00009
36.10125,0.99750,0.99996,0.00001,0.00000,0.00003
36.20125,0.99750,0.99999,0.00000,0.00000,0.00001
36.30125,0.99750,0.99999,0.00000,0.00000,0.00001
36.40125,0.99750,0.99997,0.00000,0.00000,0.00002
36.50125,0.99750,0.99980,0.00000,0.00000,0.00020
36.60125,0.99750,0.99835,0.00000,0.00000,0.00165
36.70125,0.99750,0.99291,0.00000,0.00000,0.00709
36.80125,0.99750,0.97004,0.00000,0.00000,0.02995
36.90125,0.99750,0.90911,0.00001,0.00000,0.09087
37.00125,0.99750,0.87286,0.00009,0.00000,0.12705
37.10125,0.99750,0.91145,0.00053,0.00000,0.08802
37.20125,0.99750,0.93696,0.00135,0.00000,0.06168
37.30125,0.99750,0.97156,0.00089,0.00000,0.02754
37.40125,0.99750,0.98891,0.00061,0.00000,0.01048
37.50125,0.99750,0.99782,0.00016,0.00000,0.00202
37.60125,0.99750,0.99972,0.00004,0.00000,0.00024
37.70125,0.99750,0.99996,0.00001,0.00000,0.00003
37.80125,0.99750,0.99997,0.00001,0.00000,0.00002
37.90125,0.99750,0.99997,0.00002,0.00000,0.00001
38.00125,0.99750,0.99994,0.00003,0.00000,0.00003
38.10125,0.99750,0.99966,0.00008,0.00000,0.00026
38.20125,0.99750,0.99841,0.00003,0.00000,0.00157
38.30125,0.99750,0.99375,0.00002,0.00000,0.00623
38.40125,0.99750,0.97745,0.00006,0.00003,0.02247
38.50125,0.99750,0.91549,0.00043,0.00029,0.08379
38.60125,0.99750,0.77041,0.00338,0.00149,0.22472
38.70125,0.99750,0.67529,0.01433,0.00324,0.30714
38.80125,0.99750,0.90467,0.01601,0.00105,0.07826
38.90125,0.99750,0.94737,0.01047,0.00089,0.04126
39.00125,0.99750,0.96632,0.00254,0.00020,0.03094
39.10125,0.99750,0.99459,0.00040,0.00060,0.00440
39.20125,0.99750,0.99874,0.00030,0.00007,0.00090
39.30125,0.99750,0.99958,0.00024,0.00001,0.00017
39.40125,0.99750,0.99990,0.00005,0.00000,0.00005
39.50125,0.99750,0.99994,0.00001,0.00000,0.00005
39.60125,0.99750,0.99993,0.00000,0.00000,0.00007
39.70125,0.99750,0.99967,0.00000,0.00000,0.00032
39.80125,0.99750,0.99608,0.00000,0.00000,0.00392
39.90125,0.99750,0.98823,0.00000,0.00000,0.01177
40.00125,0.99750,0.95112,0.00000,0.00000,0.04887
40.10125,0.99750,0.94253,0.00001,0.00000,0.05746
40.20125,0.99750,0.95570,0.00004,0.00001,0.04426
40.30125,0.99750,0.95811,0.00024,0.00002,0.04162
40.40125,0.99750,0.94737,0.00074,0.00011,0.05179
40.50125,0.99750,0.96666,0.00263,0.00026,0.03044
40.60125,0.99750,0.98797,0.00341,0.00015,0.00848
40.70125,0.99750,0.99785,0.00055,0.00008,0.00153
40.80125,0.99750,0.99951,0.00020,0.00002,0.00028
40.90125,0.99750,0.99987,0.00004,0.00000,0.00009
41.00125,0.99750,0.99992,0.00001,0.00000,0.00006
41.10125,0.99750,0.99982,0.00000,0.00000,0.00017
41.20125,0.99750,0.99856,0.00000,0.00000,0.00144
41.30125,0.99750,0.99311,0.00000,0.00000,0.00689
41.40125,0.99750,0.98792,0.00000,0.00000,0.01208
41.50125,0.99750,0.96362,0.00000,0.00000,0.03638
41.60125,0.99750,0.91698,0.00001,0.00000,0.08301
41.70125,0.99750,0.88940,0.00005,0.00000,0.11055
41.80125,0.99750,0.83511,0.00032,0.00001,0.16456
41.90125,0.99750,0.81659,0.00103,0.00007,0.18231
42.00125,0.99750,0.84337,0.00466,0.00027,0.15170
42.10125,0.99750,0.92562,0.01011,0.00024,0.06403
42.20125,0.99750,0.98216,0.00311,0.00036,0.01437
42.30125,0.99750,0.99567,0.00170,0.00003,0.00260
42.40125,0.99750,0.99888,0.00043,0.00002,0.00067
42.50125,0.99750,0.99909,0.00017,0.00001,0.00073
42.60125,0.99750,0.99903,0.00002,0.00001,0.00095
42.70125,0.99750,0.99664,0.00000,0.00001,0.00335
42.80125,0.99750,0.98748,0.00000,0.00000,0.01251
42.90125,0.99750,0.97375,0.00000,0.00000,0.02624
43.00125,0.99750,0.95137,0.00000,0.00000,0.04863
43.10125,0.99750,0.89595,0.00000,0.00001,0.10404
43.20125,0.99750,0.84836,0.00002,0.00002,0.15159
43.30125,0.99750,0.75926,0.00012,0.00005,0.24057
43.40125,0.99750,0.80428,0.00050,0.00012,0.19510
43.50125,0.99750,0.84631,0.00217,0.00034,0.15118
43.60125,0.99750,0.89143,0.01298,0.00065,0.09495
43.70125,0.99750,0.94794,0.01585,0.00141,0.03481
43.80125,0.99750,0.98784,0.00516,0.00032,0.00669
43.90125,0.99750,0.99695,0.00146,0.00017,0.00142
44.00125,0.99750,0.99864,0.00063,0.00004,0.00069
44.10125,0.99750,0.99953,0.00013,0.00001,0.00033
44.20125,0.99750,0.99936,0.00004,0.00001,0.00059
44.30125,0.99750,0.99857,0.00001,0.00002,0.00141
44.40125,0.99750,0.99595,0.00000,0.00000,0.00404
44.50125,0.99750,0.99196,0.00000,0.00000,0.00804
44.60125,0.99750,0.98156,0.00000,0.00000,0.01844
44.70125,0.99750,0.92480,0.00001,0.00000,0.07519
44.80125,0.99750,0.83499,0.00003,0.00001,0.16497
44.90125,0.99750,0.81894,0.00011,0.00003,0.18092
45.00125,0.99750,0.89731,0.00031,0.00002,0.10236
45.10125,0.99750,0.91396,0.00073,0.00004,0.08527
45.20125,0.99750,0.94302,0.00272,0.00009,0.05417
45.30125,0.99750,0.97109,0.00732,0.00006,0.02153
45.40125,0.99750,0.99289,0.00180,0.00008,0.00523
45.50125,0.99750,0.99808,0.00086,0.00001,0.00105
45.60125,0.99750,0.99935,0.00020,0.00001,0.00044
45.70125,0.99750,0.99953,0.00009,0.00001,0.00038
45.80125,0.99750,0.99939,0.00002,0.00000,0.00059
45.90125,0.99750,0.99681,0.00003,0.00000,0.00316
46.00125,0.99750,0.97859,0.00001,0.00000,0.02140
46.10125,0.99750,0.95943,0.00001,0.00000,0.04056
46.20125,0.99750,0.87520,0.00001,0.00000,0.12479
46.30125,0.99750,0.73266,0.00002,0.00000,0.26732
46.40125,0.99750,0.70234,0.00004,0.00001,0.29762
46.50125,0.99750,0.84555,0.00023,0.00001,0.15421
46.60125,0.99750,0.96848,0.00044,0.00001,0.03107
46.70125,0.99750,0.97997,0.00133,0.00001,0.01868
46.80125,0.99750,0.99166,0.00141,0.00001,0.00692
46.90125,0.99750,0.99873,0.00016,0.00004,0.00107
47.00125,0.99750,0.99973,0.00008,0.00000,0.00019
47.10125,0.99750,0.99992,0.00002,0.00000,0.00006
47.20125,0.99750,0.99994,0.00002,0.00000,0.00005
47.30125,0.99750,0.99994,0.00001,0.00000,0.00005
47.40125,0.99750,0.99974,0.00001,0.00000,0.00026
47.50125,0.99750,0.99683,0.00001,0.00000,0.00317
47.60125,0.99750,0.97545,0.00000,0.00000,0.02455
47.70125,0.99750,0.95387,0.00001,0.00000,0.04613
47.80125,0.99750,0.88159,0.00002,0.00000,0.11839
47.90125,0.99750,0.76985,0.00013,0.00001,0.23001
48.00125,0.99750,0.79674,0.00094,0.00005,0.20228
48.10125,0.99750,0.95501,0.00272,0.00003,0.04224
48.20125,0.99750,0.98523,0.00326,0.00001,0.01151
48.30125,0.99750,0.99170,0.00310,0.00000,0.00520
48.40125,0.99750,0.99800,0.00084,0.00001,0.00116
48.50125,0.99750,0.99963,0.00016,0.00000,0.00021
48.60125,0.99750,0.99990,0.00007,0.00000,0.00003
48.70125,0.99750,0.99998,0.00001,0.00000,0.00001
48.80125,0.99750,0.99999,0.00000,0.00000,0.00001
48.90125,0.99750,0.99999,0.00000,0.00000,0.00001
49.00125,0.99750,0.99992,0.00000,0.00000,0.00008
49.10125,0.99750,0.99894,0.00000,0.00000,0.00106
49.20125,0.99750,0.99237,0.00000,0.00000,0.00763
49.30125,0.99750,0.97768,0.00000,0.00000,0.02232
49.40125,0.99750,0.92073,0.00000,0.00000,0.07927
49.50125,0.99750,0.85864,0.00000,0.00000,0.14135
49.60125,0.99750,0.85283,0.00001,0.00001,0.14715
49.70125,0.99750,0.93063,0.00007,0.00001,0.06929
49.80125,0.99750,0.98261,0.00018,0.00001,0.01720
49.90125,0.99750,0.99179,0.00040,0.00001,0.00780
50.00125,0.99750,0.99613,0.00062,0.00001,0.00325
50.10125,0.99750,0.99943,0.00009,0.00001,0.00046
50.20125,0.99750,0.99985,0.00008,0.00000,0.00007
50.30125,0.99750,0.99997,0.00001,0.00000,0.00002
50.40125,0.99750,0.99999,0.00001,0.00000,0.00001
50.50125,0.99750,0.99998,0.00000,0.00000,0.00001
50.60125,0.99750,0.99995,0.00000,0.00000,0.00004
50.70125,0.99750,0.99968,0.00000,0.00000,0.00032
50.80125,0.99750,0.99768,0.00000,0.00000,0.00232
50.90125,0.99750,0.99117,0.00000,0.00000,0.00883
51.00125,0.99750,0.96136,0.00001,0.00000,0.03863
51.10125,0.99750,0.86659,0.00002,0.00000,0.13339
51.20125,0.99750,0.68876,0.00007,0.00000,0.31117
51.30125,0.99750,0.66001,0.00037,0.00001,0.33960
51.40125,0.99750,0.86515,0.00100,0.00001,0.13384
51.50125,0.99750,0.95355,0.00127,0.00001,0.04516
51.60125,0.99750,0.98105,0.00132,0.00002,0.01762
51.70125,0.99750,0.99131,0.00193,0.00001,0.00675
51.80125,0.99750,0.99856,0.00023,0.00003,0.00118
51.90125,0.99750,0.99965,0.00015,0.00001,0.00019
52.00125,0.99750,0.99994,0.00002,0.00000,0.00004
52.10125,0.99750,0.99998,0.00001,0.00000,0.00001
52.20125,0.99750,0.99998,0.00000,0.00000,0.00001
52.30125,0.99750,0.99995,0.00000,0.00000,0.00005
52.40125,0.99750,0.99956,0.00000,0.00000,0.00044
52.50125,0.99750,0.99752,0.00000,0.00000,0.00248
52.60125,0.99750,0.98960,0.00000,0.00000,0.01040
52.70125,0.99750,0.95861,0.00000,0.00000,0.04138
52.80125,0.99750,0.87598,0.00001,0.00000,0.12401
52.90125,0.99750,0.75028,0.00007,0.00000,0.24965
53.00125,0.99750,0.74664,0.00047,0.00000,0.25289
53.10125,0.99750,0.89198,0.00141,0.00000,0.10661
53.20125,0.99750,0.93208,0.00283,0.00001,0.06508
53.30125,0.99750,0.96092,0.00604,0.00001,0.03303
53.40125,0.99750,0.98656,0.00360,0.00004,0.00980
53.50125,0.99750,0.99741,0.00077,0.00006,0.00175
53.60125,0.99750,0.99944,0.00025,0.00001,0.00030
53.70125,0.99750,0.99983,0.00007,0.00000,0.00010
53.80125,0.99750,0.99997,0.00001,0.00000,0.00002
53.90125,0.99750,0.99996,0.00000,0.00000,0.00003
54.00125,0.99750,0.99984,0.00000,0.00000,0.00016
54.10125,0.99750,0.99883,0.00000,0.00000,0.00116
54.20125,0.99750,0.99683,0.00000,0.00000,0.00317
54.30125,0.99750,0.99193,0.00000,0.00000,0.00807
54.40125,0.99750,0.96437,0.00000,0.00000,0.03563
54.50125,0.99750,0.88111,0.00000,0.00000,0.11889
54.60125,0.99750,0.75986,0.00000,0.00000,0.24013
54.70125,0.99750,0.66229,0.00002,0.00001,0.33768
54.80125,0.99750,0.75491,0.00007,0.00001,0.24501
54.90125,0.99750,0.92431,0.00008,0.00001,0.07560
55.00125,0.99750,0.96607,0.00020,0.00001,0.03372
55.10125,0.99750,0.99197,0.00007,0.00005,0.00791
55.20125,0.99750,0.99855,0.00004,0.00000,0.00141
55.30125,0.99750,0.99963,0.00001,0.00000,0.00036
55.40125,0.99750,0.99987,0.00000,0.00000,0.00012
55.50125,0.99750,0.99990,0.00000,0.00000,0.00010
55.60125,0.99750,0.99984,0.00000,0.00000,0.00016
55.70125,0.99750,0.99946,0.00000,0.00000,0.00054
55.80125,0.99750,0.99666,0.00000,0.00000,0.00334
55.90125,0.99750,0.98194,0.00000,0.00000,0.01806
56.00125,0.99750,0.94913,0.00000,0.00000,0.05087
56.10125,0.99750,0.85760,0.00001,0.00000,0.14239
56.20125,0.99750,0.72611,0.00005,0.00003,0.27381
56.30125,0.99750,0.69110,0.00016,0.00006,0.30868
56.40125,0.99750,0.89699,0.00010,0.00003,0.10289
56.50125,0.99750,0.96843,0.00012,0.00002,0.03142
56.60125,0.99750,0.98514,0.00033,0.00002,0.01451
56.70125,0.99750,0.99577,0.00019,0.00003,0.00401
56.80125,0.99750,0.99931,0.00004,0.00000,0.00065
56.90125,0.99750,0.99989,0.00001,0.00000,0.00010
57.00125,0.99750,0.99996,0.00000,0.00000,0.00003
57.10125,0.99750,0.99999,0.00000,0.00000,0.00001
57.20125,0.99750,1.00000,0.00000,0.00000,0.00000
57.30125,0.99750,1.00000,0.00000,0.00000,0.00000
57.40125,0.99750,0.99999,0.00000,0.00000,0.00001
57.50125,0.99750,0.99996,0.00000,0.00000,0.00004
57.60125,0.99750,0.99991,0.00000,0.00000,0.00009
57.70125,0.99750,0.99928,0.00000,0.00000,0.00072
57.80125,0.99750,0.99552,0.00000,0.00000,0.00448
57.90125,0.99750,0.98119,0.00000,0.00000,0.01881
58.00125,0.99750,0.94443,0.00001,0.00000,0.05556
58.10125,0.99750,0.82710,0.00003,0.00002,0.17285
58.20125,0.99750,0.75781,0.00014,0.00003,0.24201
58.30125,0.99750,0.73582,0.00026,0.00003,0.26388
58.40125,0.99750,0.91253,0.00015,0.00001,0.08731
58.50125,0.99750,0.97356,0.00070,0.00001,0.02573
58.60125,0.99750,0.98811,0.00190,0.00001,0.00998
58.70125,0.99750,0.99809,0.00024,0.00004,0.00163
58.80125,0.99750,0.99950,0.00021,0.00000,0.00028
58.90125,0.99750,0.99988,0.00003,0.00000,0.00009
59.00125,0.99750,0.99997,0.00000,0.00000,0.00003
59.10125,0.99750,0.99999,0.00000,0.00000,0.00001
59.20125,0.99750,0.99997,0.00000,0.00000,0.00003
59.30125,0.99750,0.99991,0.00000,0.00000,0.00009
59.40125,0.99750,0.99936,0.00000,0.00000,0.00063
59.50125,0.99750,0.99675,0.00000,0.00000,0.00325
59.60125,0.99750,0.98738,0.00000,0.00000,0.01261
59.70125,0.99750,0.96505,0.00001,0.00000,0.03494
59.80125,0.99750,0.90943,0.00007,0.00000,0.09050
59.90125,0.99750,0.87895,0.00050,0.00001,0.12055
60.00125,0.99750,0.84283,0.00149,0.00002,0.15566
60.10125,0.99750,0.92117,0.00289,0.00005,0.07588
60.20125,0.99750,0.95036,0.00608,0.00006,0.04351
60.30125,0.99750,0.97433,0.01063,0.00003,0.01501
60.40125,0.99750,0.99535,0.00151,0.00008,0.00306
60.50125,0.99750,0.99839,0.00097,0.00001,0.00063
60.60125,0.99750,0.99975,0.00009,0.00000,0.00015
60.70125,0.99750,0.99994,0.00001,0.00000,0.00005
60.80125,0.99750,0.99998,0.00000,0.00000,0.00002
60.90125,0.99750,0.99999,0.00000,0.00000,0.00001
61.00125,0.99750,0.99997,0.00000,0.00000,0.00003
61.10125,0.99750,0.99993,0.00000,0.00000,0.00007
61.20125,0.99750,0.99972,0.00000,0.00000,0.00028
61.30125,0.99750,0.99856,0.00000,0.00000,0.00144
61.40125,0.99750,0.99306,0.00000,0.00000,0.00694
61.50125,0.99750,0.97492,0.00000,0.00000,0.02508
61.60125,0.99750,0.90892,0.00001,0.00000,0.09107
61.70125,0.99750,0.82773,0.00004,0.00000,0.17223
61.80125,0.99750,0.83916,0.00028,0.00000,0.16056
61.90125,0.99750,0.91406,0.00066,0.00000,0.08528
62.00125,0.99750,0.97388,0.00039,0.00000,0.02573
62.10125,0.99750,0.99034,0.00040,0.00000,0.00926
62.20125,0.99750,0.99758,0.00016,0.00000,0.00226
62.30125,0.99750,0.99966,0.00002,0.00000,0.00032
62.40125,0.99750,0.99994,0.00001,0.00000,0.00005
62.50125,0.99750,0.99998,0.00000,0.00000,0.00002
62.60125,0.99750,1.00000,0.00000,0.00000,0.00000
62.70125,0.99750,1.00000,0.00000,0.00000,0.00000
62.80125,0.99750,1.00000,0.00000,0.00000,0.00000
62.90125,0.99750,1.00000,0.00000,0.00000,0.00000
63.00125,0.99750,0.99999,0.00000,0.00000,0.00001
63.10125,0.99750,0.99996,0.00000,0.00000,0.00004
63.20125,0.99751,0.99987,0.00000,0.00000,0.00013
63.30125,0.99750,0.99942,0.00000,0.00000,0.00058
63.40125,0.99750,0.99638,0.00000,0.00000,0.00362
63.50125,0.99750,0.98127,0.00000,0.00000,0.01873
63.60125,0.99750,0.94524,0.00002,0.00000,0.05473
63.70125,0.99751,0.86895,0.00010,0.00001,0.13094
63.80125,0.99750,0.86967,0.00028,0.00002,0.13003
63.90125,0.99750,0.94871,0.00055,0.00003,0.05071
64.00125,0.99750,0.98892,0.00139,0.00003,0.00966
64.10125,0.99750,0.99470,0.00229,0.00002,0.00300
64.20125,0.99751,0.99613,0.00284,0.00001,0.00102
64.30125,0.99751,0.99900,0.00073,0.00000,0.00027
64.40125,0.99750,0.99986,0.00009,0.00000,0.00004
64.50125,0.99750,0.99998,0.00001,0.00000,0.00001
64.60125,0.99750,1.00000,0.00000,0.00000,0.00000
64.70125,0.99751,1.00000,0.00000,0.00000,0.00000
64.80125,0.99751,1.00000,0.00000,0.00000,0.00000
64.90125,0.99750,0.99999,0.00000,0.00000,0.00001
65.00125,0.99750,0.99993,0.00000,0.00000,0.00007
65.10125,0.99750,0.99940,0.00000,0.00000,0.00060
65.20125,0.99751,0.99719,0.00000,0.00000,0.00281
65.30125,0.99751,0.98709,0.00000,0.00000,0.01291
65.40125,0.99750,0.94813,0.00001,0.00000,0.05186
65.50125,0.99750,0.83213,0.00001,0.00001,0.16785
65.60125,0.99750,0.74233,0.00007,0.00002,0.25758
65.70125,0.99751,0.77543,0.00050,0.00005,0.22402
65.80125,0.99751,0.92086,0.00077,0.00002,0.07834
65.90125,0.99750,0.98095,0.00083,0.00001,0.01821
66.00125,0.99750,0.99402,0.00074,0.00001,0.00523
66.10125,0.99750,0.99902,0.00010,0.00001,0.00088
66.20125,0.99751,0.99981,0.00004,0.00000,0.00015
66.30125,0.99751,0.99996,0.00001,0.00000,0.00003
66.40125,0.99750,0.99999,0.00000,0.00000,0.00001
66.50125,0.99750,1.00000,0.00000,0.00000,0.00000
66.60125,0.99750,0.99999,0.00000,0.00000,0.00001
66.70125,0.99751,0.99997,0.00000,0.00000,0.00003
66.80125,0.99751,0.99979,0.00000,0.00000,0.00021
66.90125,0.99750,0.99832,0.00000,0.00000,0.00168
67.00125,0.99750,0.99036,0.00000,0.00000,0.00964
67.10125,0.99750,0.96350,0.00000,0.00000,0.03650
67.20125,0.99751,0.92087,0.00000,0.00000,0.07912
67.30125,0.99751,0.79649,0.00005,0.00001,0.20346
67.40125,0.99750,0.80481,0.00033,0.00001,0.19484
67.50125,0.99750,0.76063,0.00064,0.00003,0.23869
67.60125,0.99750,0.91410,0.00037,0.00001,0.08551
67.70125,0.99751,0.96966,0.00045,0.00000,0.02989
67.80125,0.99751,0.99425,0.00007,0.00001,0.00567
67.90125,0.99750,0.99920,0.00003,0.00000,0.00077
68.00125,0.99750,0.99988,0.00001,0.00000,0.00011
68.10125,0.99750,0.99991,0.00001,0.00000,0.00008
68.20125,0.99751,0.99990,0.00000,0.00000,0.00010
68.30125,0.99751,0.99983,0.00000,0.00000,0.00017
68.40125,0.99750,0.99917,0.00000,0.00000,0.00083
68.50125,0.99750,0.99691,0.00000,0.00000,0.00309
68.60125,0.99750,0.98716,0.00000,0.00000,0.01284
68.70125,0.99751,0.95575,0.00001,0.00000,0.04425
68.80125,0.99751,0.85917,0.00004,0.00000,0.14078
68.90125,0.99750,0.74902,0.00033,0.00002,0.25064
69.00125,0.99750,0.77705,0.00235,0.00004,0.22057
69.10125,0.99750,0.89887,0.00164,0.00002,0.09947
69.20125,0.99751,0.95636,0.00147,0.00001,0.04216
69.30125,0.99751,0.98708,0.00090,0.00000,0.01202
69.40125,0.99750,0.99748,0.00011,0.00000,0.00240
69.50125,0.99750,0.99957,0.00002,0.00000,0.00041
69.60125,0.99750,0.99992,0.00001,0.00000,0.00008
69.70125,0.99751,0.99997,0.00000,0.00000,0.00003
69.80125,0.99751,0.99999,0.00000,0.00000,0.00001
69.90125,0.99750,0.99998,0.00000,0.00000,0.00002
70.00125,0.99750,0.99993,0.00000,0.00000,0.00007
70.10125,0.99750,0.99976,0.00000,0.00000,0.00024
70.20125,0.99751,0.99868,0.00000,0.00000,0.00132
70.30125,0.99751,0.99137,0.00000,0.00000,0.00862
70.40125,0.99750,0.96234,0.00001,0.00000,0.03766
70.50125,0.99750,0.90911,0.00006,0.00001,0.09083
70.60125,0.99750,0.76661,0.00041,0.00007,0.23292
70.70125,0.99751,0.67101,0.00155,0.00017,0.32727
70.80125,0.99751,0.87262,0.00175,0.00010,0.12553
70.90125,0.99750,0.95039,0.00175,0.00010,0.04777
71.00125,0.99750,0.97285,0.00419,0.00010,0.02286
71.10125,0.99750,0.98811,0.00543,0.00003,0.00643
71.20125,0.99751,0.99822,0.00047,0.00008,0.00123
71.30125,0.99751,0.99961,0.00020,0.00001,0.00019
71.40125,0.99750,0.99994,0.00003,0.00000,0.00003
71.50125,0.99750,0.99997,0.00001,0.00000,0.00002
71.60125,0.99750,0.99998,0.00000,0.00000,0.00002
71.70125,0.99751,0.99993,0.00001,0.00000,0.00006
71.80125,0.99751,0.99952,0.00001,0.00000,0.00047
71.90125,0.99750,0.99779,0.00002,0.00000,0.00219
72.00125,0.99750,0.99131,0.00003,0.00000,0.00866
72.10125,0.99750,0.96072,0.00009,0.00000,0.03919
72.20125,0.99751,0.90250,0.00095,0.00000,0.09655
72.30125,0.99751,0.71582,0.00540,0.00001,0.27876
72.40125,0.99750,0.59066,0.04088,0.00008,0.36838
72.50125,0.99750,0.80913,0.03944,0.00005,0.15139
72.60125,0.99750,0.90056,0.03948,0.00004,0.05993
72.70125,0.99751,0.93769,0.02736,0.00003,0.03492
72.80125,0.99751,0.98513,0.00659,0.00013,0.00815
72.90125,0.99750,0.99758,0.00069,0.00013,0.00160
73.00125,0.99750,0.99950,0.00019,0.00001,0.00030
73.10125,0.99750,0.99990,0.00004,0.00000,0.00006
73.20125,0.99751,0.99997,0.00000,0.00000,0.00003
73.30125,0.99751,0.99997,0.00000,0.00000,0.00003
73.40125,0.99750,0.99993,0.00000,0.00000,0.00007
73.50125,0.99750,0.99952,0.00000,0.00000,0.00048
73.60125,0.99750,0.99763,0.00000,0.00000,0.00237
73.70125,0.99751,0.99010,0.00000,0.00000,0.00990
73.80125,0.99751,0.96301,0.00000,0.00000,0.03699
73.90125,0.99750,0.88000,0.00001,0.00000,0.11999
74.00125,0.99750,0.74866,0.00007,0.00001,0.25126
74.10125,0.99750,0.69801,0.00034,0.00002,0.30162
74.20125,0.99751,0.74455,0.00127,0.00009,0.25409
74.30125,0.99751,0.87003,0.00106,0.00004,0.12887
74.40125,0.99750,0.95714,0.00089,0.00001,0.04196
74.50125,0.99750,0.99126,0.00016,0.00001,0.00858
74.60125,0.99750,0.99887,0.00002,0.00000,0.00111
74.70125,0.99751,0.99985,0.00001,0.00000,0.00014
74.80125,0.99751,0.99994,0.00000,0.00000,0.00006
74.90125,0.99750,0.99995,0.00000,0.00000,0.00005
75.00125,0.99750,0.99992,0.00000,0.00000,0.00008
75.10125,0.99750,0.99974,0.00000,0.00000,0.00026
75.20125,0.99751,0.99905,0.00000,0.00000,0.00095
75.30125,0.99751,0.99496,0.00000,0.00000,0.00504
75.40125,0.99750,0.98310,0.00000,0.00000,0.01690
75.50125,0.99750,0.95768,0.00002,0.00000,0.04229
75.60125,0.99750,0.89912,0.00013,0.00002,0.10072
75.70125,0.99751,0.89660,0.00050,0.00008,0.10283
75.80125,0.99751,0.96415,0.00068,0.00009,0.03508
75.90125,0.99750,0.98294,0.00149,0.00014,0.01544
76.00125,0.99750,0.98977,0.00324,0.00009,0.00690
76.10125,0.99750,0.99600,0.00160,0.00004,0.00236
76.20125,0.99751,0.99942,0.00016,0.00002,0.00040
76.30125,0.99751,0.99985,0.00008,0.00000,0.00007
76.40125,0.99750,0.99997,0.00001,0.00000,0.00002
76.50125,0.99750,0.99999,0.00000,0.00000,0.00001
76.60125,0.99750,0.99999,0.00000,0.00000,0.00001
76.70125,0.99751,0.99998,0.00000,0.00000,0.00002
76.80125,0.99751,0.99991,0.00000,0.00000,0.00009
76.90125,0.99750,0.99970,0.00000,0.00000,0.00030
77.00125,0.99750,0.99854,0.00000,0.00000,0.00146
77.10125,0.99750,0.99214,0.00000,0.00000,0.00786
77.20125,0.99751,0.96977,0.00000,0.00000,0.03023
77.30125,0.99751,0.91893,0.00001,0.00000,0.08106
77.40125,0.99750,0.90568,0.00005,0.00002,0.09426
77.50125,0.99750,0.92690,0.00036,0.00006,0.07267
77.60125,0.99750,0.97030,0.00084,0.00012,0.02874
77.70125,0.99751,0.98777,0.00074,0.00004,0.01144
77.80125,0.99751,0.99688,0.00047,0.00001,0.00264
77.90125,0.99750,0.99928,0.00010,0.00000,0.00061
78.00125,0.99750,0.99988,0.00002,0.00000,0.00010
78.10125,0.99750,0.99997,0.00001,0.00000,0.00002
78.20125,0.99751,0.99998,0.00000,0.00000,0.00002
78.30125,0.99751,0.99997,0.00000,0.00000,0.00003
78.40125,0.99750,0.99992,0.00000,0.00000,0.00008
78.50125,0.99750,0.99932,0.00000,0.00000,0.00068
78.60125,0.99750,0.99539,0.00000,0.00000,0.00461
78.70125,0.99751,0.97604,0.00000,0.00000,0.02396
78.80125,0.99751,0.92597,0.00001,0.00000,0.07402
78.90125,0.99750,0.81820,0.00007,0.00003,0.18170
79.00125,0.99750,0.78529,0.00018,0.00008,0.21445
79.10125,0.99750,0.88217,0.00078,0.00025,0.11679
79.20125,0.99751,0.96708,0.00135,0.00017,0.03140
79.30125,0.99751,0.98125,0.00220,0.00011,0.01644
79.40125,0.99750,0.99062,0.00317,0.00005,0.00617
79.50125,0.99750,0.99829,0.00046,0.00003,0.00122
79.60125,0.99750,0.99962,0.00014,0.00001,0.00023
79.70125,0.99751,0.99990,0.00006,0.00000,0.00004
79.80125,0.99751,0.99998,0.00001,0.00000,0.00001
79.90125,0.99750,0.99999,0.00000,0.00000,0.00001
80.00125,0.99750,0.99998,0.00000,0.00000,0.00002
80.10125,0.99750,0.99990,0.00000,0.00000,0.00010
80.20125,0.99751,0.99956,0.00000,0.00000,0.00044
80.30125,0.99751,0.99842,0.00000,0.00000,0.00158
80.40125,0.99750,0.99098,0.00000,0.00000,0.00902
80.50125,0.99750,0.96617,0.00000,0.00000,0.03383
80.60125,0.99750,0.91480,0.00001,0.00000,0.08519
80.70125,0.99751,0.76149,0.00004,0.00001,0.23845
80.80125,0.99751,0.71422,0.00020,0.00004,0.28555
80.90125,0.99750,0.92662,0.00049,0.00011,0.07278
81.00125,0.99750,0.96859,0.00090,0.00017,0.03034
81.10125,0.99750,0.98969,0.00085,0.00007,0.00939
81.20125,0.99751,0.99710,0.00045,0.00002,0.00243
81.30125,0.99751,0.99947,0.00005,0.00002,0.00046
81.40125,0.99750,0.99990,0.00002,0.00000,0.00007
81.50125,0.99750,0.99998,0.00001,0.00000,0.00002
81.60125,0.99750,0.99998,0.00000,0.00000,0.00001
81.70125,0.99751,0.99998,0.00000,0.00000,0.00002
81.80125,0.99751,0.99993,0.00000,0.00000,0.00007
81.90125,0.99750,0.99934,0.00000,0.00000,0.00066
82.00125,0.99750,0.99670,0.00000,0.00000,0.00330
82.10125,0.99750,0.98246,0.00000,0.00000,0.01754
82.20125,0.99751,0.93398,0.00000,0.00003,0.06599
82.30125,0.99751,0.82619,0.00001,0.00027,0.17353
82.40125,0.99750,0.67739,0.00007,0.00206,0.32047
82.50125,0.99750,0.72393,0.00041,0.00915,0.26650
82.60125,0.99750,0.88049,0.00019,0.00265,0.11667
82.70125,0.99751,0.96004,0.00009,0.00075,0.03912
82.80125,0.99751,0.98829,0.00005,0.00035,0.01132
82.90125,0.99750,0.99709,0.00001,0.00009,0.00280
83.00125,0.99750,0.99958,0.00001,0.00000,0.00040
83.10125,0.99750,0.99993,0.00000,0.00000,0.00006
83.20125,0.99751,0.99992,0.00000,0.00000,0.00007
83.30125,0.99751,0.99991,0.00000,0.00000,0.00009
83.40125,0.99750,0.99982,0.00000,0.00000,0.00018
83.50125,0.99750,0.99832,0.00000,0.00000,0.00168
83.60125,0.99750,0.99131,0.00000,0.00000,0.00868
83.70125,0.99751,0.96019,0.00000,0.00000,0.03980
83.80125,0.99751,0.88673,0.00001,0.00001,0.11325
83.90125,0.99750,0.74168,0.00007,0.00008,0.25816
84.00125,0.99750,0.48576,0.00043,0.00047,0.51334
84.10125,0.99750,0.69472,0.00080,0.00049,0.30400
84.20125,0.99751,0.91065,0.00085,0.00026,0.08824
84.30125,0.99751,0.94191,0.00342,0.00061,0.05406
84.40125,0.99750,0.95978,0.00812,0.00074,0.03136
84.50125,0.99750,0.98878,0.00098,0.00402,0.00622
84.60125,0.99750,0.99792,0.00074,0.00026,0.00109
84.70125,0.99751,0.99837,0.00061,0.00034,0.00068
84.80125,0.99751,0.99898,0.00007,0.00011,0.00083
84.90125,0.99750,0.99888,0.00001,0.00003,0.00108
85.00125,0.99750,0.99713,0.00002,0.00000,0.00284
85.10125,0.99750,0.98006,0.00002,0.00002,0.01990
85.20125,0.99751,0.92702,0.00003,0.00001,0.07295
85.30125,0.99751,0.88855,0.00003,0.00001,0.11141
85.40125,0.99750,0.79890,0.00010,0.00004,0.20096
85.50125,0.99750,0.64138,0.00061,0.00022,0.35778
85.60125,0.99750,0.81820,0.00295,0.00068,0.17817
85.70125,0.99751,0.93354,0.01036,0.00182,0.05428
85.80125,0.99751,0.91920,0.05584,0.00286,0.02210
85.90125,0.99750,0.92633,0.06294,0.00120,0.00953
86.00125,0.99750,0.98426,0.00848,0.00520,0.00206
86.10125,0.99750,0.99417,0.00507,0.00036,0.00041
86.20125,0.99751,0.99912,0.00059,0.00018,0.00012
86.30125,0.99751,0.99948,0.00029,0.00013,0.00011
86.40125,0.99750,0.99975,0.00007,0.00005,0.00013
86.50125,0.99750,0.99972,0.00001,0.00003,0.00023
86.60125,0.99750,0.99802,0.00002,0.00001,0.00196
86.70125,0.99751,0.98967,0.00001,0.00001,0.01032
86.80125,0.99751,0.96300,0.00001,0.00000,0.03698
86.90125,0.99750,0.91826,0.00008,0.00001,0.08165
87.00125,0.99750,0.79676,0.00040,0.00008,0.20276
87.10125,0.99750,0.61270,0.00201,0.00059,0.38470
87.20125,0.99751,0.73604,0.00239,0.00132,0.26026
87.30125,0.99751,0.84576,0.00281,0.00130,0.15013
87.40125,0.99750,0.90854,0.00744,0.00192,0.08210
87.50125,0.99750,0.96150,0.00672,0.00061,0.03117
87.60125,0.99750,0.99291,0.00072,0.00041,0.00596
87.70125,0.99751,0.99837,0.00042,0.00003,0.00119
87.80125,0.99751,0.99894,0.00021,0.00009,0.00076
87.90125,0.99750,0.99858,0.00006,0.00008,0.00128
88.00125,0.99750,0.99785,0.00002,0.00001,0.00213
88.10125,0.99750,0.99365,0.00002,0.00001,0.00633
88.20125,0.99751,0.97470,0.00001,0.00001,0.02528
88.30125,0.99751,0.95226,0.00002,0.00000,0.04772
88.40125,0.99750,0.86101,0.00003,0.00001,0.13896
88.50125,0.99750,0.67728,0.00006,0.00003,0.32263
88.60125,0.99750,0.53638,0.00037,0.00012,0.46313
88.70125,0.99751,0.67166,0.00101,0.00012,0.32721
88.80125,0.99751,0.84356,0.00098,0.00003,0.15543
88.90125,0.99750,0.94627,0.00114,0.00002,0.05257
89.00125,0.99750,0.97815,0.00110,0.00005,0.02069
89.10125,0.99750,0.99566,0.00034,0.00001,0.00400
89.20125,0.99751,0.99923,0.00009,0.00000,0.00067
89.30125,0.99751,0.99959,0.00002,0.00000,0.00038
89.40125,0.99750,0.99974,0.00004,0.00000,0.00022
89.50125,0.99750,0.99984,0.00005,0.00000,0.00011
89.60125,0.99750,0.99983,0.00001,0.00000,0.00015
89.70125,0.99751,0.99955,0.00001,0.00000,0.00045
89.80125,0.99751,0.99793,0.00000,0.00000,0.00206
89.90125,0.99750,0.99016,0.00001,0.00000,0.00983
90.00125,0.99750,0.95352,0.00001,0.00000,0.04647
90.10125,0.99750,0.82175,0.00006,0.00000,0.17819
90.20125,0.99751,0.59340,0.00042,0.00004,0.40614
90.30125,0.99751,0.68513,0.00059,0.00003,0.31425
90.40125,0.99750,0.83374,0.00036,0.00001,0.16590
90.50125,0.99750,0.84805,0.00018,0.00001,0.15177
90.60125,0.99750,0.90033,0.00018,0.00001,0.09948
90.70125,0.99751,0.97033,0.00015,0.00000,0.02952
90.80125,0.99751,0.99293,0.00009,0.00000,0.00699
90.90125,0.99750,0.99895,0.00001,0.00000,0.00103
91.00125,0.99750,0.99982,0.00001,0.00000,0.00017
91.10125,0.99750,0.99986,0.00000,0.00000,0.00013
91.20125,0.99751,0.99992,0.00001,0.00000,0.00007
91.30125,0.99751,0.99987,0.00001,0.00000,0.00013
91.40125,0.99750,0.99921,0.00003,0.00000,0.00076
91.50125,0.99750,0.99720,0.00002,0.00000,0.00278
91.60125,0.99750,0.98605,0.00004,0.00000,0.01391
91.70125,0.99751,0.96131,0.00017,0.00000,0.03851
91.80125,0.99751,0.88311,0.00176,0.00004,0.11509
91.90125,0.99750,0.72715,0.01525,0.00061,0.25699
92.00125,0.99750,0.79124,0.04399,0.00353,0.16124
92.10125,0.99750,0.85951,0.04518,0.00436,0.09095
92.20125,0.99751,0.90799,0.00960,0.00087,0.08154
92.30125,0.99751,0.96509,0.00202,0.00049,0.03240
92.40125,0.99750,0.99435,0.00025,0.00146,0.00394
92.50125,0.99750,0.99915,0.00014,0.00008,0.00063
92.60125,0.99750,0.99986,0.00004,0.00001,0.00010
92.70125,0.99751,0.99995,0.00001,0.00000,0.00004
92.80125,0.99751,0.99999,0.00000,0.00000,0.00001
92.90125,0.99750,0.99999,0.00000,0.00000,0.00001
93.00125,0.99750,0.99998,0.00000,0.00000,0.00002
93.10125,0.99750,0.99995,0.00000,0.00000,0.00005
93.20125,0.99751,0.99984,0.00000,0.00000,0.00016
93.30125,0.99751,0.99893,0.00000,0.00000,0.00107
93.40125,0.99750,0.99301,0.00000,0.00000,0.00699
93.50125,0.99750,0.97011,0.00000,0.00000,0.02989
93.60125,0.99750,0.89363,0.00001,0.00001,0.10635
93.70125,0.99751,0.67287,0.00002,0.00007,0.32704
93.80125,0.99751,0.46254,0.00005,0.00024,0.53718
93.90125,0.99750,0.43373,0.00006,0.00017,0.56604
94.00125,0.99750,0.70808,0.00006,0.00012,0.29173
94.10125,0.99750,0.80757,0.00021,0.00018,0.19205
94.20125,0.99751,0.90437,0.00065,0.00028,0.09469
94.30125,0.99751,0.96789,0.00026,0.00109,0.03077
94.40125,0.99750,0.99351,0.00028,0.00009,0.00611
94.50125,0.99750,0.99856,0.00005,0.00001,0.00137
94.60125,0.99750,0.99962,0.00001,0.00000,0.00038
94.70125,0.99751,0.99973,0.00001,0.00000,0.00026
94.80125,0.99751,0.99955,0.00001,0.00000,0.00044
94.90125,0.99750,0.99896,0.00001,0.00001,0.00103
95.00125,0.99750,0.99608,0.00001,0.00000,0.00390
95.10125,0.99750,0.99040,0.00000,0.00001,0.00959
95.20125,0.99751,0.96902,0.00000,0.00001,0.03097
95.30125,0.99751,0.96175,0.00001,0.00002,0.03822
95.40125,0.99750,0.90888,0.00002,0.00013,0.09097
95.50125,0.99750,0.84568,0.00007,0.00046,0.15379
95.60125,0.99750,0.90727,0.00009,0.00061,0.09202
95.70125,0.99751,0.95130,0.00006,0.00028,0.04836
95.80125,0.99751,0.98314,0.00004,0.00006,0.01676
95.90125,0.99750,0.99503,0.00002,0.00002,0.00493
96.00125,0.99750,0.99878,0.00001,0.00001,0.00120
96.10125,0.99750,0.99943,0.00001,0.00001,0.00054
96.20125,0.99751,0.99961,0.00004,0.00001,0.00035
96.30125,0.99751,0.99960,0.00006,0.00000,0.00034
96.40125,0.99750,0.99963,0.00007,0.00000,0.00030
96.50125,0.99750,0.99935,0.00007,0.00000,0.00057
96.60125,0.99750,0.99811,0.00008,0.00000,0.00181
96.70125,0.99751,0.99235,0.00014,0.00000,0.00751
96.80125,0.99751,0.95831,0.00068,0.00000,0.04102
96.90125,0.99750,0.80726,0.00060,0.00000,0.19213
97.00125,0.99750,0.70341,0.00105,0.00000,0.29554
97.10125,0.99750,0.71241,0.00079,0.00000,0.28680
97.20125,0.99751,0.90451,0.00025,0.00000,0.09524
97.30125,0.99751,0.93046,0.00020,0.00000,0.06934
97.40125,0.99750,0.95675,0.00009,0.00000,0.04316
97.50125,0.99750,0.97752,0.00007,0.00000,0.02242
97.60125,0.99750,0.99412,0.00002,0.00000,0.00586
97.70125,0.99751,0.99876,0.00001,0.00000,0.00124
97.80125,0.99751,0.99983,0.00000,0.00000,0.00017
97.90125,0.99750,0.99997,0.00000,0.00000,0.00002
98.00125,0.99750,0.99999,0.00000,0.00000,0.00001
98.10125,0.99750,0.99999,0.00000,0.00000,0.00001
98.20125,0.99751,0.99997,0.00000,0.00000,0.00003
98.30125,0.99751,0.99980,0.00000,0.00000,0.00020
98.40125,0.99750,0.99906,0.00000,0.00000,0.00094
98.50125,0.99750,0.99480,0.00000,0.00000,0.00519
98.60125,0.99750,0.97859,0.00001,0.00001,0.02139
98.70125,0.99751,0.92461,0.00006,0.00004,0.07529
98.80125,0.99751,0.85261,0.00055,0.00029,0.14655
98.90125,0.99750,0.89659,0.00366,0.00127,0.09848
99.00125,0.99750,0.89893,0.00792,0.00467,0.08848
99.10125,0.99750,0.93246,0.00429,0.00187,0.06137
99.20125,0.99751,0.96987,0.00065,0.00035,0.02912
99.30125,0.99751,0.99533,0.00010,0.00053,0.00405
99.40125,0.99750,0.99920,0.00004,0.00004,0.00072
99.50125,0.99750,0.99981,0.00003,0.00000,0.00016
99.60125,0.99750,0.99981,0.00005,0.00000,0.00013
99.70125,0.99751,0.99974,0.00007,0.00000,0.00019
99.80125,0.99751,0.99908,0.00009,0.00000,0.00083
99.90125,0.99750,0.99181,0.00002,0.00000,0.00817
100.00125,0.99750,0.98069,0.00005,0.00000,0.01926
100.10125,0.99750,0.94071,0.00008,0.00000,0.05920
100.20125,0.99751,0.87249,0.00030,0.00000,0.12720
100.30125,0.99751,0.91630,0.00094,0.00000,0.08276
100.40125,0.99750,0.93507,0.00719,0.00000,0.05773
100.50125,0.99750,0.96477,0.01065,0.00000,0.02457
100.60125,0.99750,0.98996,0.00183,0.00000,0.00821
100.70125,0.99751,0.99836,0.00016,0.00000,0.00148
100.80125,0.99751,0.99978,0.00002,0.00000,0.00020
100.90125,0.99750,0.99996,0.00001,0.00000,0.00003
101.00125,0.99750,0.99998,0.00000,0.00000,0.00001
101.10125,0.99750,0.99999,0.00000,0.00000,0.00001
101.20125,0.99751,0.99997,0.00000,0.00000,0.00003
101.30125,0.99751,0.99967,0.00001,0.00000,0.00033
101.40125,0.99750,0.99690,0.00000,0.00000,0.00310
101.50125,0.99750,0.98516,0.00001,0.00000,0.01483
101.60125,0.99750,0.92299,0.00002,0.00000,0.07699
101.70125,0.99751,0.79971,0.00009,0.00000,0.20019
101.80125,0.99751,0.79903,0.00035,0.00001,0.20061
101.90125,0.99750,0.76504,0.00197,0.00021,0.23277
102.00125,0.99750,0.80959,0.00274,0.00069,0.18698
102.10125,0.99750,0.85549,0.00339,0.00127,0.13985
102.20125,0.99751,0.87728,0.00439,0.00389,0.11444
102.30125,0.99751,0.88945,0.00160,0.05259,0.05636
102.40125,0.99750,0.95428,0.00260,0.01128,0.03184
102.50125,0.99750,0.97911,0.00054,0.00390,0.01645
102.60125,0.99750,0.99210,0.00022,0.00076,0.00692
102.70125,0.99751,0.99491,0.00006,0.00013,0.00489
102.80125,0.99751,0.98610,0.00004,0.00007,0.01379
102.90125,0.99750,0.98443,0.00001,0.00001,0.01556
103.00125,0.99750,0.99210,0.00000,0.00000,0.00790
103.10125,0.99750,0.99632,0.00000,0.00000,0.00368
103.20125,0.99751,0.99846,0.00000,0.00000,0.00154
103.30125,0.99751,0.99901,0.00000,0.00000,0.00099
103.40125,0.99750,0.99930,0.00000,0.00000,0.00070
103.50125,0.99750,0.99936,0.00000,0.00000,0.00064
103.60125,0.99750,0.99924,0.00000,0.00000,0.00076
103.70125,0.99751,0.99943,0.00000,0.00000,0.00057
103.80125,0.99751,0.99945,0.00000,0.00000,0.00055
103.90125,0.99750,0.99949,0.00000,0.00000,0.00051
104.00125,0.99750,0.99949,0.00000,0.00000,0.00051
