Time (seconds), Duration (seconds),pred_(unlabeled),pred_Jab_R,pred_Sidehook_R,pred_Uppercut_R
0.00125,0.99750,0.99995,0.00000,0.00000,0.00005
0.10125,0.99750,0.99997,0.00000,0.00000,0.00002
0.20125,0.99750,0.99997,0.00000,0.00000,0.00003
0.30125,0.99750,0.99975,0.00000,0.00000,0.00025
0.40125,0.99750,0.99977,0.00000,0.00000,0.00023
0.50125,0.99750,0.99989,0.00000,0.00000,0.00011
0.60125,0.99750,0.99986,0.00000,0.00000,0.00014
0.70125,0.99750,0.99986,0.00000,0.00000,0.00014
0.80125,0.99750,0.99988,0.00000,0.00000,0.00012
0.90125,0.99750,0.99993,0.00000,0.00000,0.00007
1.00125,0.99750,0.99992,0.00000,0.00000,0.00008
1.10125,0.99750,0.99994,0.00000,0.00000,0.00006
1.20125,0.99750,0.99997,0.00000,0.00000,0.00003
1.30125,0.99750,0.99998,0.00000,0.00000,0.00002
1.40125,0.99750,0.99998,0.00000,0.00000,0.00002
1.50125,0.99750,0.99998,0.00000,0.00000,0.00002
1.60125,0.99750,0.99997,0.00000,0.00000,0.00003
1.70125,0.99750,0.99997,0.00000,0.00000,0.00003
1.80125,0.99750,0.99998,0.00000,0.00000,0.00002
1.90125,0.99750,0.99998,0.00000,0.00000,0.00002
2.00125,0.99750,0.99997,0.00000,0.00000,0.00003
2.10125,0.99750,0.99988,0.00000,0.00000,0.00012
2.20125,0.99750,0.99968,0.00000,0.00000,0.00032
2.30125,0.99750,0.99991,0.00000,0.00000,0.00009
2.40125,0.99750,0.99358,0.00000,0.00000,0.00642
2.50125,0.99750,0.93452,0.00000,0.00000,0.06548
2.60125,0.99750,0.68923,0.00000,0.00001,0.31076
2.70125,0.99750,0.62944,0.00000,0.00001,0.37055
2.80125,0.99750,0.83565,0.00000,0.00005,0.16430
2.90125,0.99750,0.98198,0.00000,0.00000,0.01802
3.00125,0.99750,0.99117,0.00000,0.00000,0.00883
3.10125,0.99750,0.99883,0.00000,0.00000,0.00117
3.20125,0.99750,0.99984,0.00000,0.00000,0.00016
3.30125,0.99750,0.99989,0.00000,0.00000,0.00011
3.40125,0.99750,0.99997,0.00000,0.00000,0.00003
3.50125,0.99750,1.00000,0.00000,0.00000,0.00000
3.60125,0.99750,1.00000,0.00000,0.00000,0.00000
3.70125,0.99750,1.00000,0.00000,0.00000,0.00000
3.80125,0.99750,1.00000,0.00000,0.00000,0.00000
3.90125,0.99750,1.00000,0.00000,0.00000,0.00000
4.00125,0.99750,0.99999,0.00000,0.00000,0.00001
4.10125,0.99750,0.99992,0.00000,0.00000,0.00008
4.20125,0.99750,0.99988,0.00000,0.00000,0.00012
4.30125,0.99750,0.99969,0.00000,0.00000,0.00031
4.40125,0.99750,0.99946,0.00000,0.00000,0.00054
4.50125,0.99750,0.94172,0.00000,0.00001,0.05827
4.60125,0.99750,0.45580,0.00000,0.00012,0.54407
4.70125,0.99750,0.45375,0.00001,0.00054,0.54570
4.80125,0.99750,0.79820,0.00000,0.00027,0.20153
4.90125,0.99750,0.96162,0.00000,0.00001,0.03837
5.00125,0.99750,0.98982,0.00000,0.00000,0.01018
5.10125,0.99750,0.99581,0.00000,0.00000,0.00419
5.20125,0.99750,0.99960,0.00000,0.00000,0.00040
5.30125,0.99750,0.99988,0.00000,0.00000,0.00012
5.40125,0.99750,0.99996,0.00000,0.00000,0.00004
5.50125,0.99750,1.00000,0.00000,0.00000,0.00000
5.60125,0.99750,0.99999,0.00000,0.00000,0.00001
5.70125,0.99750,1.00000,0.00000,0.00000,0.00000
5.80125,0.99750,1.00000,0.00000,0.00000,0.00000
5.90125,0.99750,0.99998,0.00000,0.00000,0.00002
6.00125,0.99750,0.99993,0.00000,0.00000,0.00007
6.10125,0.99750,0.99992,0.00000,0.00000,0.00008
6.20125,0.99750,0.99985,0.00000,0.00000,0.00015
6.30125,0.99750,0.99929,0.00000,0.00000,0.00071
6.40125,0.99750,0.93961,0.00000,0.00000,0.06039
6.50125,0.99750,0.73015,0.00000,0.00002,0.26983
6.60125,0.99750,0.55630,0.00000,0.00013,0.44357
6.70125,0.99750,0.98689,0.00001,0.00028,0.01282
6.80125,0.99750,0.99821,0.00000,0.00003,0.00176
6.90125,0.99750,0.99798,0.00000,0.00000,0.00202
7.00125,0.99750,0.99969,0.00000,0.00000,0.00031
7.10125,0.99750,0.99984,0.00000,0.00000,0.00016
7.20125,0.99750,0.99998,0.00000,0.00000,0.00002
7.30125,0.99750,0.99999,0.00000,0.00000,0.00001
7.40125,0.99750,1.00000,0.00000,0.00000,0.00000
7.50125,0.99750,1.00000,0.00000,0.00000,0.00000
7.60125,0.99750,1.00000,0.00000,0.00000,0.00000
7.70125,0.99750,0.99998,0.00000,0.00000,0.00002
7.80125,0.99750,0.99991,0.00000,0.00000,0.00009
7.90125,0.99750,0.99976,0.00000,0.00000,0.00024
8.00125,0.99750,0.99925,0.00000,0.00000,0.00075
8.10125,0.99750,0.99987,0.00000,0.00000,0.00013
8.20125,0.99750,0.99833,0.00000,0.00000,0.00166
8.30125,0.99750,0.85967,0.00000,0.00002,0.14031
8.40125,0.99750,0.14823,0.00000,0.00019,0.85158
8.50125,0.99750,0.72877,0.00008,0.00204,0.26911
8.60125,0.99750,0.98601,0.00002,0.00032,0.01366
8.70125,0.99750,0.99651,0.00000,0.00005,0.00344
8.80125,0.99750,0.99637,0.00000,0.00000,0.00362
8.90125,0.99750,0.99907,0.00000,0.00000,0.00093
9.00125,0.99750,0.99987,0.00000,0.00000,0.00013
9.10125,0.99750,0.99996,0.00000,0.00000,0.00004
9.20125,0.99750,0.99999,0.00000,0.00000,0.00001
9.30125,0.99750,1.00000,0.00000,0.00000,0.00000
9.40125,0.99750,1.00000,0.00000,0.00000,0.00000
9.50125,0.99750,0.99988,0.00000,0.00000,0.00012
9.60125,0.99750,0.99967,0.00000,0.00000,0.00033
9.70125,0.99750,0.99835,0.00000,0.00000,0.00165
9.80125,0.99750,0.99978,0.00000,0.00000,0.00022
9.90125,0.99750,0.99552,0.00000,0.00000,0.00448
10.00125,0.99750,0.91578,0.00000,0.00005,0.08417
10.10125,0.99750,0.41068,0.00000,0.00081,0.58851
10.20125,0.99750,0.63008,0.00000,0.00104,0.36887
10.30125,0.99750,0.94976,0.00000,0.00015,0.05009
10.40125,0.99750,0.98259,0.00000,0.00001,0.01740
10.50125,0.99750,0.99151,0.00000,0.00000,0.00849
10.60125,0.99750,0.99955,0.00000,0.00000,0.00045
10.70125,0.99750,0.99957,0.00000,0.00000,0.00043
10.80125,0.99750,0.99991,0.00000,0.00000,0.00009
10.90125,0.99750,0.99997,0.00000,0.00000,0.00003
11.00125,0.99750,1.00000,0.00000,0.00000,0.00000
11.10125,0.99750,1.00000,0.00000,0.00000,0.00000
11.20125,0.99750,1.00000,0.00000,0.00000,0.00000
11.30125,0.99750,0.99999,0.00000,0.00000,0.00001
11.40125,0.99750,0.99997,0.00000,0.00000,0.00003
11.50125,0.99750,0.99991,0.00000,0.00000,0.00009
11.60125,0.99750,0.99985,0.00000,0.00000,0.00015
11.70125,0.99750,0.99920,0.00000,0.00000,0.00080
11.80125,0.99750,0.98216,0.00000,0.00000,0.01784
11.90125,0.99750,0.20444,0.00000,0.00001,0.79555
12.00125,0.99750,0.54468,0.00001,0.00026,0.45505
12.10125,0.99750,0.97534,0.00001,0.00043,0.02421
12.20125,0.99750,0.99509,0.00001,0.00011,0.00480
12.30125,0.99750,0.99750,0.00000,0.00001,0.00250
12.40125,0.99750,0.99942,0.00000,0.00000,0.00057
12.50125,0.99750,0.99978,0.00000,0.00000,0.00021
12.60125,0.99750,0.99994,0.00000,0.00000,0.00006
12.70125,0.99750,0.99998,0.00000,0.00000,0.00002
12.80125,0.99750,1.00000,0.00000,0.00000,0.00000
12.90125,0.99750,0.99999,0.00000,0.00000,0.00001
13.00125,0.99750,0.99986,0.00000,0.00000,0.00014
13.10125,0.99750,0.99951,0.00000,0.00000,0.00049
13.20125,0.99750,0.99989,0.00000,0.00000,0.00011
13.30125,0.99750,0.99948,0.00000,0.00000,0.00052
13.40125,0.99750,0.97576,0.00000,0.00002,0.02422
13.50125,0.99750,0.40366,0.00000,0.00019,0.59614
13.60125,0.99750,0.69107,0.00000,0.00093,0.30799
13.70125,0.99750,0.96792,0.00000,0.00059,0.03149
13.80125,0.99750,0.99739,0.00000,0.00006,0.00254
13.90125,0.99750,0.99891,0.00000,0.00000,0.00109
14.00125,0.99750,0.99976,0.00000,0.00000,0.00024
14.10125,0.99750,0.99991,0.00000,0.00000,0.00009
14.20125,0.99750,0.99997,0.00000,0.00000,0.00003
14.30125,0.99750,0.99999,0.00000,0.00000,0.00001
14.40125,0.99750,1.00000,0.00000,0.00000,0.00000
14.50125,0.99750,1.00000,0.00000,0.00000,0.00000
14.60125,0.99750,0.99999,0.00000,0.00000,0.00001
14.70125,0.99750,0.99991,0.00000,0.00000,0.00009
14.80125,0.99750,0.99973,0.00000,0.00000,0.00027
14.90125,0.99750,0.99850,0.00000,0.00000,0.00150
15.00125,0.99750,0.99978,0.00000,0.00000,0.00022
15.10125,0.99750,0.93563,0.00000,0.00000,0.06437
15.20125,0.99750,0.56740,0.00000,0.00002,0.43258
15.30125,0.99750,0.35041,0.00000,0.00008,0.64950
15.40125,0.99750,0.96707,0.00001,0.00018,0.03274
15.50125,0.99750,0.99477,0.00000,0.00001,0.00522
15.60125,0.99750,0.99838,0.00000,0.00000,0.00162
15.70125,0.99750,0.99957,0.00000,0.00000,0.00043
15.80125,0.99750,0.99987,0.00000,0.00000,0.00013
15.90125,0.99750,0.99998,0.00000,0.00000,0.00002
16.00125,0.99750,1.00000,0.00000,0.00000,0.00000
16.10125,0.99750,1.00000,0.00000,0.00000,0.00000
16.20125,0.99750,1.00000,0.00000,0.00000,0.00000
16.30125,0.99750,1.00000,0.00000,0.00000,0.00000
16.40125,0.99750,0.99999,0.00000,0.00000,0.00001
16.50125,0.99750,0.99991,0.00000,0.00000,0.00009
16.60125,0.99750,0.99987,0.00000,0.00000,0.00013
16.70125,0.99750,0.99798,0.00000,0.00000,0.00202
16.80125,0.99750,0.99974,0.00000,0.00000,0.00026
16.90125,0.99750,0.98389,0.00000,0.00000,0.01611
17.00125,0.99750,0.79177,0.00000,0.00009,0.20814
17.10125,0.99750,0.23574,0.00000,0.00039,0.76387
17.20125,0.99750,0.79005,0.00001,0.00054,0.20940
17.30125,0.99750,0.98815,0.00000,0.00006,0.01179
17.40125,0.99750,0.99917,0.00000,0.00000,0.00082
17.50125,0.99750,0.99981,0.00000,0.00000,0.00019
17.60125,0.99750,0.99995,0.00000,0.00000,0.00005
17.70125,0.99750,0.99999,0.00000,0.00000,0.00001
17.80125,0.99750,1.00000,0.00000,0.00000,0.00000
17.90125,0.99750,1.00000,0.00000,0.00000,0.00000
18.00125,0.99750,1.00000,0.00000,0.00000,0.00000
18.10125,0.99750,0.99999,0.00000,0.00000,0.00001
18.20125,0.99750,0.99999,0.00000,0.00000,0.00001
18.30125,0.99750,0.99936,0.00000,0.00000,0.00064
18.40125,0.99750,0.99995,0.00000,0.00000,0.00005
18.50125,0.99750,0.98593,0.00000,0.00000,0.01407
18.60125,0.99750,0.77170,0.00000,0.00000,0.22830
18.70125,0.99750,0.22450,0.00000,0.00000,0.77550
18.80125,0.99750,0.94240,0.00001,0.00000,0.05759
18.90125,0.99750,0.99925,0.00000,0.00000,0.00074
19.00125,0.99750,0.99988,0.00000,0.00000,0.00012
19.10125,0.99750,0.99998,0.00000,0.00000,0.00002
19.20125,0.99750,0.99999,0.00000,0.00000,0.00001
19.30125,0.99750,1.00000,0.00000,0.00000,0.00000
19.40125,0.99750,1.00000,0.00000,0.00000,0.00000
19.50125,0.99750,1.00000,0.00000,0.00000,0.00000
19.60125,0.99750,1.00000,0.00000,0.00000,0.00000
19.70125,0.99750,1.00000,0.00000,0.00000,0.00000
19.80125,0.99750,0.99999,0.00000,0.00000,0.00001
19.90125,0.99750,0.99990,0.00000,0.00000,0.00010
20.00125,0.99750,0.99767,0.00000,0.00000,0.00233
20.10125,0.99750,0.99992,0.00000,0.00000,0.00008
20.20125,0.99750,0.99638,0.00000,0.00000,0.00362
20.30125,0.99750,0.92826,0.00000,0.00002,0.07171
20.40125,0.99750,0.16141,0.00001,0.00005,0.83853
20.50125,0.99750,0.66760,0.00003,0.00010,0.33227
20.60125,0.99750,0.99741,0.00000,0.00001,0.00257
20.70125,0.99750,0.99994,0.00000,0.00000,0.00005
20.80125,0.99750,0.99998,0.00000,0.00000,0.00002
20.90125,0.99750,1.00000,0.00000,0.00000,0.00000
21.00125,0.99750,1.00000,0.00000,0.00000,0.00000
21.10125,0.99750,1.00000,0.00000,0.00000,0.00000
21.20125,0.99750,1.00000,0.00000,0.00000,0.00000
21.30125,0.99750,1.00000,0.00000,0.00000,0.00000
21.40125,0.99750,1.00000,0.00000,0.00000,0.00000
21.50125,0.99750,1.00000,0.00000,0.00000,0.00000
21.60125,0.99750,0.99994,0.00000,0.00000,0.00006
21.70125,0.99750,0.99893,0.00000,0.00000,0.00107
21.80125,0.99750,0.99968,0.00000,0.00000,0.00032
21.90125,0.99750,0.95244,0.00000,0.00000,0.04756
22.00125,0.99750,0.40829,0.00000,0.00003,0.59168
22.10125,0.99750,0.58979,0.00000,0.00005,0.41016
22.20125,0.99750,0.86871,0.00000,0.00001,0.13128
22.30125,0.99750,0.98625,0.00000,0.00000,0.01374
22.40125,0.99750,0.99590,0.00000,0.00000,0.00410
22.50125,0.99750,0.99867,0.00000,0.00000,0.00133
22.60125,0.99750,0.99910,0.00000,0.00000,0.00090
22.70125,0.99750,0.99969,0.00000,0.00000,0.00031
22.80125,0.99750,0.99993,0.00000,0.00000,0.00007
22.90125,0.99750,0.99995,0.00000,0.00000,0.00005
23.00125,0.99750,0.99998,0.00000,0.00000,0.00002
23.10125,0.99750,0.99999,0.00000,0.00000,0.00001
23.20125,0.99750,0.99999,0.00000,0.00000,0.00001
23.30125,0.99750,0.99992,0.00000,0.00000,0.00008
23.40125,0.99750,0.99992,0.00000,0.00000,0.00008
23.50125,0.99750,0.99978,0.00000,0.00000,0.00022
23.60125,0.99750,0.99974,0.00000,0.00000,0.00026
23.70125,0.99750,0.99963,0.00000,0.00000,0.00037
23.80125,0.99750,0.86671,0.00000,0.00001,0.13329
23.90125,0.99750,0.32530,0.00000,0.00002,0.67468
24.00125,0.99750,0.55094,0.00001,0.00006,0.44900
24.10125,0.99750,0.97031,0.00000,0.00002,0.02967
24.20125,0.99750,0.99911,0.00000,0.00000,0.00088
24.30125,0.99750,0.99983,0.00000,0.00000,0.00017
24.40125,0.99750,0.99997,0.00000,0.00000,0.00003
24.50125,0.99750,0.99999,0.00000,0.00000,0.00001
24.60125,0.99750,1.00000,0.00000,0.00000,0.00000
24.70125,0.99750,1.00000,0.00000,0.00000,0.00000
24.80125,0.99750,1.00000,0.00000,0.00000,0.00000
24.90125,0.99750,1.00000,0.00000,0.00000,0.00000
25.00125,0.99750,1.00000,0.00000,0.00000,0.00000
25.10125,0.99750,0.99994,0.00000,0.00000,0.00006
25.20125,0.99750,0.99919,0.00000,0.00000,0.00081
25.30125,0.99750,0.99960,0.00000,0.00000,0.00040
25.40125,0.99750,0.99843,0.00000,0.00000,0.00157
25.50125,0.99750,0.80917,0.00000,0.00003,0.19079
25.60125,0.99750,0.31884,0.00001,0.00008,0.68107
25.70125,0.99750,0.35846,0.00006,0.00023,0.64124
25.80125,0.99750,0.96039,0.00004,0.00013,0.03944
25.90125,0.99750,0.99363,0.00001,0.00002,0.00634
26.00125,0.99750,0.99850,0.00000,0.00000,0.00150
26.10125,0.99750,0.99972,0.00000,0.00000,0.00028
26.20125,0.99750,0.99995,0.00000,0.00000,0.00004
26.30125,0.99750,0.99999,0.00000,0.00000,0.00001
26.40125,0.99750,1.00000,0.00000,0.00000,0.00000
26.50125,0.99750,1.00000,0.00000,0.00000,0.00000
26.60125,0.99750,1.00000,0.00000,0.00000,0.00000
26.70125,0.99750,0.99998,0.00000,0.00000,0.00002
26.80125,0.99750,0.99975,0.00000,0.00000,0.00025
26.90125,0.99750,0.99962,0.00000,0.00000,0.00038
27.00125,0.99750,0.99964,0.00000,0.00000,0.00036
27.10125,0.99750,0.99974,0.00000,0.00000,0.00025
27.20125,0.99750,0.97282,0.00000,0.00006,0.02712
27.30125,0.99750,0.36149,0.00001,0.00049,0.63801
27.40125,0.99750,0.60551,0.00001,0.00028,0.39420
27.50125,0.99750,0.95166,0.00000,0.00003,0.04831
27.60125,0.99750,0.99431,0.00000,0.00000,0.00569
27.70125,0.99750,0.99873,0.00000,0.00000,0.00127
27.80125,0.99750,0.99978,0.00000,0.00000,0.00022
27.90125,0.99750,0.99982,0.00000,0.00000,0.00018
28.00125,0.99750,0.99999,0.00000,0.00000,0.00001
28.10125,0.99750,1.00000,0.00000,0.00000,0.00000
28.20125,0.99750,1.00000,0.00000,0.00000,0.00000
28.30125,0.99750,1.00000,0.00000,0.00000,0.00000
28.40125,0.99750,1.00000,0.00000,0.00000,0.00000
28.50125,0.99750,1.00000,0.00000,0.00000,0.00000
28.60125,0.99750,0.99999,0.00000,0.00000,0.00001
28.70125,0.99750,0.99994,0.00000,0.00000,0.00006
28.80125,0.99750,0.99991,0.00000,0.00000,0.00009
28.90125,0.99750,0.99902,0.00000,0.00000,0.00098
29.00125,0.99750,0.99890,0.00000,0.00000,0.00110
29.10125,0.99750,0.96429,0.00000,0.00000,0.03571
29.20125,0.99750,0.50184,0.00001,0.00001,0.49815
29.30125,0.99750,0.18335,0.00000,0.00000,0.81664
29.40125,0.99750,0.91055,0.00001,0.00000,0.08944
29.50125,0.99750,0.99558,0.00000,0.00000,0.00442
29.60125,0.99750,0.99945,0.00000,0.00000,0.00055
29.70125,0.99750,0.99983,0.00000,0.00000,0.00017
29.80125,0.99750,0.99999,0.00000,0.00000,0.00001
29.90125,0.99750,1.00000,0.00000,0.00000,0.00000
30.00125,0.99750,1.00000,0.00000,0.00000,0.00000
30.10125,0.99750,1.00000,0.00000,0.00000,0.00000
30.20125,0.99750,1.00000,0.00000,0.00000,0.00000
30.30125,0.99750,1.00000,0.00000,0.00000,0.00000
30.40125,0.99750,1.00000,0.00000,0.00000,0.00000
30.50125,0.99750,0.99998,0.00000,0.00000,0.00002
30.60125,0.99750,0.99997,0.00000,0.00000,0.00003
30.70125,0.99750,0.99996,0.00000,0.00000,0.00004
30.80125,0.99750,0.99975,0.00000,0.00000,0.00025
30.90125,0.99750,0.96391,0.00000,0.00003,0.03606
31.00125,0.99750,0.54875,0.00001,0.00023,0.45101
31.10125,0.99750,0.57560,0.00002,0.00037,0.42401
31.20125,0.99750,0.98447,0.00002,0.00018,0.01534
31.30125,0.99750,0.99826,0.00001,0.00003,0.00170
31.40125,0.99750,0.99972,0.00000,0.00001,0.00027
31.50125,0.99750,0.99989,0.00000,0.00000,0.00011
31.60125,0.99750,0.99997,0.00000,0.00000,0.00003
31.70125,0.99750,0.99999,0.00000,0.00000,0.00001
31.80125,0.99750,1.00000,0.00000,0.00000,0.00000
31.90125,0.99750,1.00000,0.00000,0.00000,0.00000
32.00125,0.99750,1.00000,0.00000,0.00000,0.00000
32.10125,0.99750,1.00000,0.00000,0.00000,0.00000
32.20125,0.99750,0.99994,0.00000,0.00000,0.00006
32.30125,0.99750,0.99949,0.00000,0.00000,0.00051
32.40125,0.99750,0.99936,0.00000,0.00000,0.00064
32.50125,0.99750,0.99785,0.00000,0.00000,0.00215
32.60125,0.99750,0.99940,0.00000,0.00000,0.00059
32.70125,0.99750,0.94310,0.00000,0.00004,0.05686
32.80125,0.99750,0.42141,0.00002,0.00006,0.57851
32.90125,0.99750,0.59259,0.00001,0.00004,0.40735
33.00125,0.99750,0.97421,0.00000,0.00001,0.02577
33.10125,0.99750,0.99820,0.00000,0.00000,0.00180
33.20125,0.99750,0.99970,0.00000,0.00000,0.00030
33.30125,0.99750,0.99996,0.00000,0.00000,0.00004
33.40125,0.99750,0.99999,0.00000,0.00000,0.00001
33.50125,0.99750,1.00000,0.00000,0.00000,0.00000
33.60125,0.99750,1.00000,0.00000,0.00000,0.00000
33.70125,0.99750,1.00000,0.00000,0.00000,0.00000
33.80125,0.99750,1.00000,0.00000,0.00000,0.00000
33.90125,0.99750,1.00000,0.00000,0.00000,0.00000
34.00125,0.99750,1.00000,0.00000,0.00000,0.00000
34.10125,0.99750,1.00000,0.00000,0.00000,0.00000
34.20125,0.99750,1.00000,0.00000,0.00000,0.00000
34.30125,0.99750,1.00000,0.00000,0.00000,0.00000
34.40125,0.99750,0.99997,0.00000,0.00000,0.00003
34.50125,0.99750,0.99987,0.00000,0.00000,0.00013
34.60125,0.99750,0.99916,0.00000,0.00000,0.00084
34.70125,0.99750,0.99866,0.00000,0.00000,0.00134
34.80125,0.99750,0.99628,0.00000,0.00000,0.00372
34.90125,0.99750,0.99616,0.00000,0.00000,0.00384
35.00125,0.99750,0.99872,0.00000,0.00000,0.00128
35.10125,0.99750,0.99971,0.00000,0.00000,0.00029
35.20125,0.99750,0.99985,0.00000,0.00000,0.00015
35.30125,0.99750,0.99998,0.00000,0.00000,0.00002
35.40125,0.99750,0.99999,0.00000,0.00000,0.00001
35.50125,0.99750,0.99996,0.00000,0.00000,0.00004
35.60125,0.99750,0.99988,0.00000,0.00000,0.00012
35.70125,0.99750,0.99968,0.00000,0.00000,0.00032
35.80125,0.99750,0.99980,0.00000,0.00000,0.00020
35.90125,0.99750,0.99918,0.00000,0.00001,0.00082
36.00125,0.99750,0.96377,0.00000,0.00013,0.03609
36.10125,0.99750,0.29545,0.00000,0.00073,0.70382
36.20125,0.99750,0.60537,0.00002,0.00911,0.38551
36.30125,0.99750,0.99111,0.00003,0.00630,0.00256
36.40125,0.99750,0.99838,0.00001,0.00156,0.00005
36.50125,0.99750,0.99919,0.00000,0.00068,0.00013
36.60125,0.99750,0.99995,0.00000,0.00003,0.00002
36.70125,0.99750,0.99999,0.00000,0.00001,0.00001
36.80125,0.99750,1.00000,0.00000,0.00000,0.00000
36.90125,0.99750,1.00000,0.00000,0.00000,0.00000
37.00125,0.99750,1.00000,0.00000,0.00000,0.00000
37.10125,0.99750,1.00000,0.00000,0.00000,0.00000
37.20125,0.99750,0.99999,0.00000,0.00000,0.00001
37.30125,0.99750,0.99988,0.00000,0.00000,0.00012
37.40125,0.99750,0.99991,0.00000,0.00000,0.00009
37.50125,0.99750,0.99955,0.00000,0.00000,0.00045
37.60125,0.99750,0.96341,0.00000,0.00000,0.03659
37.70125,0.99750,0.89069,0.00001,0.00002,0.10928
37.80125,0.99750,0.23810,0.00001,0.00006,0.76184
37.90125,0.99750,0.61455,0.00005,0.00029,0.38512
38.00125,0.99750,0.99919,0.00001,0.00006,0.00073
38.10125,0.99750,0.99986,0.00000,0.00001,0.00013
38.20125,0.99750,0.99999,0.00000,0.00000,0.00001
38.30125,0.99750,0.99999,0.00000,0.00001,0.00000
38.40125,0.99750,1.00000,0.00000,0.00000,0.00000
38.50125,0.99750,1.00000,0.00000,0.00000,0.00000
38.60125,0.99750,1.00000,0.00000,0.00000,0.00000
38.70125,0.99750,1.00000,0.00000,0.00000,0.00000
38.80125,0.99750,1.00000,0.00000,0.00000,0.00000
38.90125,0.99750,1.00000,0.00000,0.00000,0.00000
39.00125,0.99750,0.99990,0.00000,0.00000,0.00010
39.10125,0.99750,0.99992,0.00000,0.00000,0.00008
39.20125,0.99750,0.99964,0.00000,0.00000,0.00036
39.30125,0.99750,0.92773,0.00000,0.00001,0.07225
39.40125,0.99750,0.60692,0.00001,0.00036,0.39271
39.50125,0.99750,0.41934,0.00002,0.00051,0.58013
39.60125,0.99750,0.75804,0.00001,0.00036,0.24159
39.70125,0.99750,0.97291,0.00000,0.00005,0.02704
39.80125,0.99750,0.99428,0.00000,0.00001,0.00572
39.90125,0.99750,0.99809,0.00000,0.00000,0.00191
40.00125,0.99750,0.99935,0.00000,0.00000,0.00065
40.10125,0.99750,0.99982,0.00000,0.00000,0.00018
40.20125,0.99750,0.99994,0.00000,0.00000,0.00006
40.30125,0.99750,0.99997,0.00000,0.00000,0.00003
40.40125,0.99750,1.00000,0.00000,0.00000,0.00000
40.50125,0.99750,1.00000,0.00000,0.00000,0.00000
40.60125,0.99750,0.99999,0.00000,0.00000,0.00001
40.70125,0.99750,0.99990,0.00000,0.00000,0.00010
40.80125,0.99750,0.99979,0.00000,0.00000,0.00021
40.90125,0.99750,0.99867,0.00000,0.00000,0.00133
41.00125,0.99750,0.99968,0.00000,0.00000,0.00032
41.10125,0.99750,0.99506,0.00000,0.00000,0.00494
41.20125,0.99750,0.67853,0.00000,0.00002,0.32145
41.30125,0.99750,0.19525,0.00001,0.00010,0.80464
41.40125,0.99750,0.91375,0.00004,0.00042,0.08580
41.50125,0.99750,0.98897,0.00001,0.00005,0.01097
41.60125,0.99750,0.99912,0.00000,0.00000,0.00087
41.70125,0.99750,0.99994,0.00000,0.00000,0.00006
41.80125,0.99750,0.99999,0.00000,0.00000,0.00001
41.90125,0.99750,1.00000,0.00000,0.00000,0.00000
42.00125,0.99750,1.00000,0.00000,0.00000,0.00000
42.10125,0.99750,1.00000,0.00000,0.00000,0.00000
42.20125,0.99750,1.00000,0.00000,0.00000,0.00000
42.30125,0.99750,1.00000,0.00000,0.00000,0.00000
42.40125,0.99750,1.00000,0.00000,0.00000,0.00000
42.50125,0.99750,0.99999,0.00000,0.00000,0.00001
42.60125,0.99750,0.99992,0.00000,0.00000,0.00008
42.70125,0.99750,0.99993,0.00000,0.00000,0.00007
42.80125,0.99750,0.99701,0.00000,0.00000,0.00299
42.90125,0.99750,0.82282,0.00000,0.00000,0.17718
43.00125,0.99750,0.09568,0.00001,0.00000,0.90431
43.10125,0.99750,0.69757,0.00006,0.00001,0.30236
43.20125,0.99750,0.99587,0.00002,0.00000,0.00411
43.30125,0.99750,0.99971,0.00001,0.00000,0.00028
43.40125,0.99750,0.99990,0.00000,0.00000,0.00010
43.50125,0.99750,0.99999,0.00000,0.00000,0.00001
43.60125,0.99750,1.00000,0.00000,0.00000,0.00000
43.70125,0.99750,1.00000,0.00000,0.00000,0.00000
43.80125,0.99750,1.00000,0.00000,0.00000,0.00000
43.90125,0.99750,1.00000,0.00000,0.00000,0.00000
44.00125,0.99750,1.00000,0.00000,0.00000,0.00000
44.10125,0.99750,0.99999,0.00000,0.00000,0.00001
44.20125,0.99750,0.99987,0.00000,0.00000,0.00013
44.30125,0.99750,0.99972,0.00000,0.00000,0.00028
44.40125,0.99750,0.99975,0.00000,0.00000,0.00025
44.50125,0.99750,0.99390,0.00000,0.00000,0.00610
44.60125,0.99750,0.37193,0.00000,0.00001,0.62806
44.70125,0.99750,0.14068,0.00001,0.00008,0.85924
44.80125,0.99750,0.93286,0.00002,0.00019,0.06693
44.90125,0.99750,0.99822,0.00001,0.00003,0.00173
45.00125,0.99750,0.99970,0.00000,0.00001,0.00029
45.10125,0.99750,0.99994,0.00000,0.00000,0.00006
45.20125,0.99750,0.99999,0.00000,0.00000,0.00001
45.30125,0.99750,1.00000,0.00000,0.00000,0.00000
45.40125,0.99750,1.00000,0.00000,0.00000,0.00000
45.50125,0.99750,1.00000,0.00000,0.00000,0.00000
45.60125,0.99750,1.00000,0.00000,0.00000,0.00000
45.70125,0.99750,1.00000,0.00000,0.00000,0.00000
45.80125,0.99750,0.99997,0.00000,0.00000,0.00003
45.90125,0.99750,0.99988,0.00000,0.00000,0.00012
46.00125,0.99750,0.99658,0.00000,0.00000,0.00342
46.10125,0.99750,0.99977,0.00000,0.00000,0.00023
46.20125,0.99750,0.92088,0.00000,0.00002,0.07910
46.30125,0.99750,0.63587,0.00002,0.00039,0.36372
46.40125,0.99750,0.23716,0.00007,0.00101,0.76177
46.50125,0.99750,0.81759,0.00004,0.00046,0.18192
46.60125,0.99750,0.97117,0.00000,0.00003,0.02880
46.70125,0.99750,0.99620,0.00000,0.00000,0.00380
46.80125,0.99750,0.99951,0.00000,0.00000,0.00049
46.90125,0.99750,0.99997,0.00000,0.00000,0.00003
47.00125,0.99750,1.00000,0.00000,0.00000,0.00000
47.10125,0.99750,1.00000,0.00000,0.00000,0.00000
47.20125,0.99750,1.00000,0.00000,0.00000,0.00000
47.30125,0.99750,1.00000,0.00000,0.00000,0.00000
47.40125,0.99750,1.00000,0.00000,0.00000,0.00000
47.50125,0.99750,1.00000,0.00000,0.00000,0.00000
47.60125,0.99750,1.00000,0.00000,0.00000,0.00000
47.70125,0.99750,0.99951,0.00000,0.00000,0.00049
47.80125,0.99750,0.99997,0.00000,0.00000,0.00003
47.90125,0.99750,0.99054,0.00000,0.00002,0.00944
48.00125,0.99750,0.85703,0.00000,0.00034,0.14262
48.10125,0.99750,0.26987,0.00001,0.00106,0.72906
48.20125,0.99750,0.88033,0.00004,0.00198,0.11765
48.30125,0.99750,0.99132,0.00001,0.00035,0.00831
48.40125,0.99750,0.99759,0.00000,0.00004,0.00237
48.50125,0.99750,0.99946,0.00000,0.00000,0.00054
48.60125,0.99750,0.99991,0.00000,0.00000,0.00009
48.70125,0.99750,0.99996,0.00000,0.00000,0.00004
48.80125,0.99750,0.99999,0.00000,0.00000,0.00001
48.90125,0.99750,1.00000,0.00000,0.00000,0.00000
49.00125,0.99750,1.00000,0.00000,0.00000,0.00000
49.10125,0.99750,1.00000,0.00000,0.00000,0.00000
49.20125,0.99750,0.99998,0.00000,0.00000,0.00002
49.30125,0.99750,0.99991,0.00000,0.00000,0.00009
49.40125,0.99750,0.99967,0.00000,0.00000,0.00033
49.50125,0.99750,0.99774,0.00000,0.00000,0.00226
49.60125,0.99750,0.99930,0.00000,0.00000,0.00070
49.70125,0.99750,0.95747,0.00000,0.00011,0.04241
49.80125,0.99750,0.40669,0.00003,0.00086,0.59242
49.90125,0.99750,0.60415,0.00002,0.00066,0.39517
50.00125,0.99750,0.98812,0.00001,0.00018,0.01169
50.10125,0.99750,0.99974,0.00000,0.00003,0.00023
50.20125,0.99750,0.99996,0.00000,0.00000,0.00003
50.30125,0.99750,0.99997,0.00000,0.00000,0.00003
50.40125,0.99750,0.99999,0.00000,0.00000,0.00001
50.50125,0.99750,1.00000,0.00000,0.00000,0.00000
50.60125,0.99750,1.00000,0.00000,0.00000,0.00000
50.70125,0.99750,1.00000,0.00000,0.00000,0.00000
50.80125,0.99750,1.00000,0.00000,0.00000,0.00000
50.90125,0.99750,1.00000,0.00000,0.00000,0.00000
51.00125,0.99750,1.00000,0.00000,0.00000,0.00000
51.10125,0.99750,0.99999,0.00000,0.00000,0.00001
51.20125,0.99750,0.99997,0.00000,0.00000,0.00003
51.30125,0.99750,0.99991,0.00000,0.00000,0.00009
51.40125,0.99750,0.99554,0.00000,0.00000,0.00446
51.50125,0.99750,0.99993,0.00000,0.00000,0.00007
51.60125,0.99750,0.99649,0.00000,0.00000,0.00351
51.70125,0.99750,0.70429,0.00000,0.00004,0.29567
51.80125,0.99750,0.19090,0.00000,0.00010,0.80900
51.90125,0.99750,0.92215,0.00002,0.00035,0.07749
52.00125,0.99750,0.99813,0.00001,0.00007,0.00180
52.10125,0.99750,0.99955,0.00000,0.00002,0.00043
52.20125,0.99750,0.99982,0.00000,0.00000,0.00017
52.30125,0.99750,0.99994,0.00000,0.00000,0.00006
52.40125,0.99750,0.99998,0.00000,0.00000,0.00002
52.50125,0.99750,1.00000,0.00000,0.00000,0.00000
52.60125,0.99750,1.00000,0.00000,0.00000,0.00000
52.70125,0.99750,1.00000,0.00000,0.00000,0.00000
52.80125,0.99750,1.00000,0.00000,0.00000,0.00000
52.90125,0.99750,1.00000,0.00000,0.00000,0.00000
53.00125,0.99750,1.00000,0.00000,0.00000,0.00000
53.10125,0.99750,1.00000,0.00000,0.00000,0.00000
53.20125,0.99750,0.99999,0.00000,0.00000,0.00001
53.30125,0.99750,0.99994,0.00000,0.00000,0.00006
53.40125,0.99750,0.99985,0.00000,0.00000,0.00015
53.50125,0.99750,0.99428,0.00000,0.00000,0.00572
53.60125,0.99750,0.99943,0.00000,0.00000,0.00057
53.70125,0.99750,0.95001,0.00000,0.00000,0.04998
53.80125,0.99750,0.69663,0.00002,0.00008,0.30328
53.90125,0.99750,0.22864,0.00002,0.00009,0.77125
54.00125,0.99750,0.82352,0.00003,0.00008,0.17638
54.10125,0.99750,0.97320,0.00000,0.00001,0.02679
54.20125,0.99750,0.99406,0.00000,0.00000,0.00594
54.30125,0.99750,0.99902,0.00000,0.00000,0.00097
54.40125,0.99750,0.99946,0.00000,0.00000,0.00054
54.50125,0.99750,0.99994,0.00000,0.00000,0.00005
54.60125,0.99750,0.99999,0.00000,0.00000,0.00001
54.70125,0.99750,1.00000,0.00000,0.00000,0.00000
54.80125,0.99750,1.00000,0.00000,0.00000,0.00000
54.90125,0.99750,1.00000,0.00000,0.00000,0.00000
55.00125,0.99750,0.99996,0.00000,0.00000,0.00004
55.10125,0.99750,0.99985,0.00000,0.00000,0.00015
55.20125,0.99750,0.99932,0.00000,0.00000,0.00068
55.30125,0.99750,0.99992,0.00000,0.00000,0.00008
55.40125,0.99750,0.99828,0.00000,0.00001,0.00172
55.50125,0.99750,0.45680,0.00003,0.00002,0.54315
55.60125,0.99750,0.63888,0.00002,0.00003,0.36107
55.70125,0.99750,0.78626,0.00001,0.00002,0.21371
55.80125,0.99750,0.90932,0.00001,0.00001,0.09066
55.90125,0.99750,0.97523,0.00000,0.00000,0.02476
56.00125,0.99750,0.99070,0.00000,0.00000,0.00929
56.10125,0.99750,0.99513,0.00000,0.00000,0.00487
56.20125,0.99750,0.99896,0.00000,0.00000,0.00104
56.30125,0.99750,0.99969,0.00000,0.00000,0.00031
56.40125,0.99750,0.99992,0.00000,0.00000,0.00008
56.50125,0.99750,0.99997,0.00000,0.00000,0.00003
56.60125,0.99750,0.99998,0.00000,0.00000,0.00002
56.70125,0.99750,1.00000,0.00000,0.00000,0.00000
56.80125,0.99750,1.00000,0.00000,0.00000,0.00000
56.90125,0.99750,1.00000,0.00000,0.00000,0.00000
57.00125,0.99750,1.00000,0.00000,0.00000,0.00000
57.10125,0.99750,1.00000,0.00000,0.00000,0.00000
57.20125,0.99750,1.00000,0.00000,0.00000,0.00000
57.30125,0.99750,1.00000,0.00000,0.00000,0.00000
57.40125,0.99750,1.00000,0.00000,0.00000,0.00000
57.50125,0.99750,1.00000,0.00000,0.00000,0.00000
57.60125,0.99750,1.00000,0.00000,0.00000,0.00000
57.70125,0.99750,0.99999,0.00000,0.00000,0.00001
57.80125,0.99750,0.99999,0.00000,0.00000,0.00001
57.90125,0.99750,0.99999,0.00000,0.00000,0.00001
58.00125,0.99750,0.99999,0.00000,0.00000,0.00001
58.10125,0.99750,0.99988,0.00000,0.00000,0.00012
58.20125,0.99750,0.99951,0.00000,0.00000,0.00049
58.30125,0.99750,0.99791,0.00000,0.00000,0.00209
58.40125,0.99750,0.99987,0.00000,0.00000,0.00013
58.50125,0.99750,0.99134,0.00000,0.00000,0.00866
58.60125,0.99750,0.91230,0.00000,0.00000,0.08769
58.70125,0.99750,0.14977,0.00001,0.00002,0.85020
58.80125,0.99750,0.70096,0.00007,0.00010,0.29888
58.90125,0.99750,0.98603,0.00003,0.00003,0.01391
59.00125,0.99750,0.99931,0.00001,0.00000,0.00067
59.10125,0.99750,0.99994,0.00000,0.00000,0.00006
59.20125,0.99750,0.99999,0.00000,0.00000,0.00001
59.30125,0.99750,1.00000,0.00000,0.00000,0.00000
59.40125,0.99750,1.00000,0.00000,0.00000,0.00000
59.50125,0.99750,1.00000,0.00000,0.00000,0.00000
59.60125,0.99750,1.00000,0.00000,0.00000,0.00000
59.70125,0.99750,1.00000,0.00000,0.00000,0.00000
59.80125,0.99750,1.00000,0.00000,0.00000,0.00000
59.90125,0.99750,1.00000,0.00000,0.00000,0.00000
60.00125,0.99750,0.99989,0.00000,0.00000,0.00011
60.10125,0.99750,0.99970,0.00000,0.00000,0.00030
60.20125,0.99750,0.99767,0.00000,0.00000,0.00233
60.30125,0.99750,0.99944,0.00000,0.00000,0.00056
60.40125,0.99750,0.99093,0.00000,0.00001,0.00907
60.50125,0.99750,0.88142,0.00000,0.00001,0.11856
60.60125,0.99750,0.08477,0.00001,0.00002,0.91519
60.70125,0.99750,0.62229,0.00005,0.00013,0.37753
60.80125,0.99750,0.99569,0.00004,0.00004,0.00423
60.90125,0.99750,0.99974,0.00002,0.00001,0.00023
61.00125,0.99750,0.99991,0.00001,0.00000,0.00008
61.10125,0.99750,0.99998,0.00000,0.00000,0.00001
61.20125,0.99750,1.00000,0.00000,0.00000,0.00000
61.30125,0.99750,1.00000,0.00000,0.00000,0.00000
61.40125,0.99750,1.00000,0.00000,0.00000,0.00000
61.50125,0.99750,1.00000,0.00000,0.00000,0.00000
61.60125,0.99750,1.00000,0.00000,0.00000,0.00000
61.70125,0.99750,1.00000,0.00000,0.00000,0.00000
61.80125,0.99750,0.99994,0.00000,0.00000,0.00006
61.90125,0.99750,0.99959,0.00000,0.00000,0.00041
62.00125,0.99750,0.99900,0.00000,0.00000,0.00100
62.10125,0.99750,0.99929,0.00000,0.00000,0.00071
62.20125,0.99750,0.97008,0.00000,0.00001,0.02991
62.30125,0.99750,0.62279,0.00000,0.00008,0.37713
62.40125,0.99750,0.50888,0.00002,0.00020,0.49091
62.50125,0.99750,0.89915,0.00001,0.00006,0.10078
62.60125,0.99750,0.93565,0.00000,0.00001,0.06435
62.70125,0.99750,0.98115,0.00000,0.00000,0.01885
62.80125,0.99750,0.99463,0.00000,0.00000,0.00537
62.90125,0.99750,0.99504,0.00000,0.00000,0.00496
63.00125,0.99750,0.99925,0.00000,0.00000,0.00075
63.10125,0.99750,0.99975,0.00000,0.00000,0.00025
63.20125,0.99751,0.99993,0.00000,0.00000,0.00007
63.30125,0.99750,0.99997,0.00000,0.00000,0.00003
63.40125,0.99750,0.99998,0.00000,0.00000,0.00002
63.50125,0.99750,0.99999,0.00000,0.00000,0.00001
63.60125,0.99750,0.99999,0.00000,0.00000,0.00001
63.70125,0.99751,1.00000,0.00000,0.00000,0.00000
63.80125,0.99750,1.00000,0.00000,0.00000,0.00000
63.90125,0.99750,0.99999,0.00000,0.00000,0.00001
64.00125,0.99750,0.99989,0.00000,0.00000,0.00011
64.10125,0.99750,0.99940,0.00000,0.00000,0.00060
64.20125,0.99751,0.99643,0.00000,0.00000,0.00357
64.30125,0.99751,0.99769,0.00000,0.00000,0.00230
64.40125,0.99750,0.98161,0.00000,0.00000,0.01839
64.50125,0.99750,0.89368,0.00001,0.00000,0.10631
64.60125,0.99750,0.10213,0.00002,0.00000,0.89785
64.70125,0.99751,0.58798,0.00012,0.00000,0.41189
64.80125,0.99751,0.99801,0.00004,0.00000,0.00195
64.90125,0.99750,0.99989,0.00001,0.00000,0.00010
65.00125,0.99750,0.99996,0.00000,0.00000,0.00004
65.10125,0.99750,0.99999,0.00000,0.00000,0.00001
65.20125,0.99751,1.00000,0.00000,0.00000,0.00000
65.30125,0.99751,1.00000,0.00000,0.00000,0.00000
65.40125,0.99750,1.00000,0.00000,0.00000,0.00000
65.50125,0.99750,1.00000,0.00000,0.00000,0.00000
65.60125,0.99750,1.00000,0.00000,0.00000,0.00000
65.70125,0.99751,1.00000,0.00000,0.00000,0.00000
65.80125,0.99751,0.99995,0.00000,0.00000,0.00005
65.90125,0.99750,0.99958,0.00000,0.00000,0.00042
66.00125,0.99750,0.99887,0.00000,0.00000,0.00113
66.10125,0.99750,0.99469,0.00000,0.00000,0.00531
66.20125,0.99751,0.99363,0.00000,0.00000,0.00637
66.30125,0.99751,0.90027,0.00001,0.00001,0.09972
66.40125,0.99750,0.46076,0.00010,0.00007,0.53908
66.50125,0.99750,0.16642,0.00006,0.00003,0.83350
66.60125,0.99750,0.61560,0.00007,0.00001,0.38432
66.70125,0.99751,0.96056,0.00003,0.00000,0.03941
66.80125,0.99751,0.99349,0.00001,0.00000,0.00651
66.90125,0.99750,0.99814,0.00000,0.00000,0.00186
67.00125,0.99750,0.99860,0.00000,0.00000,0.00140
67.10125,0.99750,0.99994,0.00000,0.00000,0.00006
67.20125,0.99751,1.00000,0.00000,0.00000,0.00000
67.30125,0.99751,1.00000,0.00000,0.00000,0.00000
67.40125,0.99750,1.00000,0.00000,0.00000,0.00000
67.50125,0.99750,1.00000,0.00000,0.00000,0.00000
67.60125,0.99750,0.99998,0.00000,0.00000,0.00002
67.70125,0.99751,0.99989,0.00000,0.00000,0.00011
67.80125,0.99751,0.99990,0.00000,0.00000,0.00009
67.90125,0.99750,0.99977,0.00000,0.00000,0.00022
68.00125,0.99750,0.99958,0.00000,0.00000,0.00042
68.10125,0.99750,0.99778,0.00000,0.00000,0.00222
68.20125,0.99751,0.99692,0.00000,0.00000,0.00308
68.30125,0.99751,0.99750,0.00000,0.00000,0.00250
68.40125,0.99750,0.99892,0.00000,0.00000,0.00108
68.50125,0.99750,0.99965,0.00000,0.00000,0.00035
68.60125,0.99750,0.99984,0.00000,0.00000,0.00016
68.70125,0.99751,0.99992,0.00000,0.00000,0.00008
68.80125,0.99751,0.99991,0.00000,0.00000,0.00009
68.90125,0.99750,0.99998,0.00000,0.00000,0.00002
69.00125,0.99750,0.99998,0.00000,0.00000,0.00002
69.10125,0.99750,0.99998,0.00000,0.00000,0.00002
69.20125,0.99751,0.99996,0.00000,0.00000,0.00004
69.30125,0.99751,0.99981,0.00000,0.00000,0.00019
69.40125,0.99750,0.99920,0.00000,0.00000,0.00080
69.50125,0.99750,0.99979,0.00000,0.00000,0.00021
69.60125,0.99750,0.99205,0.00000,0.00000,0.00795
69.70125,0.99751,0.94934,0.00000,0.00005,0.05061
69.80125,0.99751,0.14719,0.00000,0.00014,0.85266
69.90125,0.99750,0.54831,0.00008,0.00246,0.44915
70.00125,0.99750,0.97319,0.00007,0.00123,0.02551
70.10125,0.99750,0.99604,0.00003,0.00017,0.00376
70.20125,0.99751,0.99807,0.00001,0.00003,0.00189
70.30125,0.99751,0.99963,0.00000,0.00000,0.00037
70.40125,0.99750,0.99992,0.00000,0.00000,0.00008
70.50125,0.99750,0.99998,0.00000,0.00000,0.00002
70.60125,0.99750,0.99999,0.00000,0.00000,0.00001
70.70125,0.99751,1.00000,0.00000,0.00000,0.00000
70.80125,0.99751,1.00000,0.00000,0.00000,0.00000
70.90125,0.99750,0.99999,0.00000,0.00000,0.00001
71.00125,0.99750,0.99982,0.00000,0.00000,0.00018
71.10125,0.99750,0.99950,0.00000,0.00000,0.00050
71.20125,0.99751,0.99846,0.00000,0.00000,0.00154
71.30125,0.99751,0.99966,0.00000,0.00000,0.00034
71.40125,0.99750,0.98996,0.00000,0.00003,0.01001
71.50125,0.99750,0.83862,0.00003,0.00010,0.16126
71.60125,0.99750,0.09555,0.00004,0.00014,0.90427
71.70125,0.99751,0.75777,0.00012,0.00021,0.24190
71.80125,0.99751,0.98753,0.00009,0.00006,0.01232
71.90125,0.99750,0.99817,0.00002,0.00001,0.00180
72.00125,0.99750,0.99947,0.00000,0.00000,0.00052
72.10125,0.99750,0.99982,0.00000,0.00000,0.00018
72.20125,0.99751,0.99995,0.00000,0.00000,0.00005
72.30125,0.99751,0.99999,0.00000,0.00000,0.00001
72.40125,0.99750,1.00000,0.00000,0.00000,0.00000
72.50125,0.99750,1.00000,0.00000,0.00000,0.00000
72.60125,0.99750,1.00000,0.00000,0.00000,0.00000
72.70125,0.99751,1.00000,0.00000,0.00000,0.00000
72.80125,0.99751,0.99999,0.00000,0.00000,0.00001
72.90125,0.99750,0.99988,0.00000,0.00000,0.00012
73.00125,0.99750,0.99962,0.00000,0.00000,0.00038
73.10125,0.99750,0.99887,0.00000,0.00000,0.00113
73.20125,0.99751,0.99944,0.00000,0.00000,0.00056
73.30125,0.99751,0.99679,0.00000,0.00001,0.00320
73.40125,0.99750,0.92829,0.00002,0.00002,0.07167
73.50125,0.99750,0.22220,0.00011,0.00013,0.77756
73.60125,0.99750,0.42884,0.00030,0.00018,0.57069
73.70125,0.99751,0.97635,0.00017,0.00006,0.02342
73.80125,0.99751,0.99879,0.00004,0.00001,0.00116
73.90125,0.99750,0.99980,0.00001,0.00000,0.00019
74.00125,0.99750,0.99995,0.00000,0.00000,0.00005
74.10125,0.99750,0.99999,0.00000,0.00000,0.00001
74.20125,0.99751,1.00000,0.00000,0.00000,0.00000
74.30125,0.99751,1.00000,0.00000,0.00000,0.00000
74.40125,0.99750,1.00000,0.00000,0.00000,0.00000
74.50125,0.99750,1.00000,0.00000,0.00000,0.00000
74.60125,0.99750,1.00000,0.00000,0.00000,0.00000
74.70125,0.99751,1.00000,0.00000,0.00000,0.00000
74.80125,0.99751,0.99999,0.00000,0.00000,0.00001
74.90125,0.99750,0.99992,0.00000,0.00000,0.00008
75.00125,0.99750,0.99988,0.00000,0.00000,0.00012
75.10125,0.99750,0.99898,0.00000,0.00000,0.00102
75.20125,0.99751,0.99981,0.00000,0.00000,0.00019
75.30125,0.99751,0.97006,0.00000,0.00000,0.02993
75.40125,0.99750,0.62312,0.00002,0.00001,0.37685
75.50125,0.99750,0.15588,0.00006,0.00001,0.84405
75.60125,0.99750,0.87090,0.00007,0.00002,0.12902
75.70125,0.99751,0.98367,0.00002,0.00000,0.01631
75.80125,0.99751,0.99611,0.00001,0.00000,0.00388
75.90125,0.99750,0.99747,0.00000,0.00000,0.00253
76.00125,0.99750,0.99950,0.00000,0.00000,0.00050
76.10125,0.99750,0.99986,0.00000,0.00000,0.00014
76.20125,0.99751,0.99995,0.00000,0.00000,0.00005
76.30125,0.99751,0.99998,0.00000,0.00000,0.00002
76.40125,0.99750,1.00000,0.00000,0.00000,0.00000
76.50125,0.99750,1.00000,0.00000,0.00000,0.00000
76.60125,0.99750,0.99999,0.00000,0.00000,0.00001
76.70125,0.99751,0.99996,0.00000,0.00000,0.00004
76.80125,0.99751,0.99976,0.00000,0.00000,0.00024
76.90125,0.99750,0.99976,0.00000,0.00000,0.00024
77.00125,0.99750,0.99967,0.00000,0.00000,0.00033
77.10125,0.99750,0.99933,0.00000,0.00000,0.00067
77.20125,0.99751,0.99764,0.00000,0.00000,0.00236
77.30125,0.99751,0.74547,0.00001,0.00000,0.25452
77.40125,0.99750,0.26325,0.00002,0.00000,0.73673
77.50125,0.99750,0.69515,0.00001,0.00000,0.30484
77.60125,0.99750,0.98812,0.00001,0.00000,0.01187
77.70125,0.99751,0.99870,0.00000,0.00000,0.00130
77.80125,0.99751,0.99967,0.00000,0.00000,0.00033
77.90125,0.99750,0.99996,0.00000,0.00000,0.00004
78.00125,0.99750,0.99996,0.00000,0.00000,0.00004
78.10125,0.99750,0.99999,0.00000,0.00000,0.00001
78.20125,0.99751,1.00000,0.00000,0.00000,0.00000
78.30125,0.99751,1.00000,0.00000,0.00000,0.00000
78.40125,0.99750,1.00000,0.00000,0.00000,0.00000
78.50125,0.99750,1.00000,0.00000,0.00000,0.00000
78.60125,0.99750,1.00000,0.00000,0.00000,0.00000
78.70125,0.99751,1.00000,0.00000,0.00000,0.00000
78.80125,0.99751,1.00000,0.00000,0.00000,0.00000
78.90125,0.99750,1.00000,0.00000,0.00000,0.00000
79.00125,0.99750,1.00000,0.00000,0.00000,0.00000
79.10125,0.99750,1.00000,0.00000,0.00000,0.00000
79.20125,0.99751,1.00000,0.00000,0.00000,0.00000
79.30125,0.99751,0.99998,0.00000,0.00000,0.00002
79.40125,0.99750,0.99999,0.00000,0.00000,0.00001
79.50125,0.99750,0.99999,0.00000,0.00000,0.00001
79.60125,0.99750,0.99999,0.00000,0.00000,0.00001
79.70125,0.99751,0.99999,0.00000,0.00000,0.00001
79.80125,0.99751,0.99999,0.00000,0.00000,0.00001
79.90125,0.99750,1.00000,0.00000,0.00000,0.00000
80.00125,0.99750,0.99999,0.00000,0.00000,0.00001
80.10125,0.99750,1.00000,0.00000,0.00000,0.00000
80.20125,0.99751,1.00000,0.00000,0.00000,0.00000
80.30125,0.99751,1.00000,0.00000,0.00000,0.00000
80.40125,0.99750,1.00000,0.00000,0.00000,0.00000
80.50125,0.99750,0.99999,0.00000,0.00000,0.00001
80.60125,0.99750,0.99983,0.00000,0.00000,0.00017
80.70125,0.99751,0.99971,0.00000,0.00000,0.00029
80.80125,0.99751,0.99967,0.00000,0.00000,0.00033
80.90125,0.99750,0.99732,0.00000,0.00000,0.00268
81.00125,0.99750,0.91697,0.00000,0.00000,0.08302
81.10125,0.99750,0.14842,0.00000,0.00001,0.85157
81.20125,0.99751,0.42942,0.00001,0.00012,0.57045
81.30125,0.99751,0.98371,0.00005,0.00018,0.01606
81.40125,0.99750,0.99901,0.00005,0.00006,0.00087
81.50125,0.99750,0.99978,0.00001,0.00001,0.00020
81.60125,0.99750,0.99989,0.00000,0.00000,0.00011
81.70125,0.99751,0.99997,0.00000,0.00000,0.00002
81.80125,0.99751,0.99999,0.00000,0.00000,0.00001
81.90125,0.99750,1.00000,0.00000,0.00000,0.00000
82.00125,0.99750,1.00000,0.00000,0.00000,0.00000
82.10125,0.99750,1.00000,0.00000,0.00000,0.00000
82.20125,0.99751,1.00000,0.00000,0.00000,0.00000
82.30125,0.99751,0.99982,0.00000,0.00000,0.00018
82.40125,0.99750,0.99933,0.00000,0.00000,0.00067
82.50125,0.99750,0.99992,0.00000,0.00000,0.00008
82.60125,0.99750,0.99818,0.00000,0.00000,0.00182
82.70125,0.99751,0.93425,0.00000,0.00001,0.06574
82.80125,0.99751,0.31952,0.00001,0.00004,0.68043
82.90125,0.99750,0.52815,0.00004,0.00020,0.47161
83.00125,0.99750,0.97950,0.00001,0.00004,0.02045
83.10125,0.99750,0.99655,0.00001,0.00001,0.00343
83.20125,0.99751,0.99744,0.00000,0.00000,0.00256
83.30125,0.99751,0.99935,0.00000,0.00000,0.00064
83.40125,0.99750,0.99976,0.00000,0.00000,0.00024
83.50125,0.99750,0.99995,0.00000,0.00000,0.00005
83.60125,0.99750,0.99998,0.00000,0.00000,0.00002
83.70125,0.99751,1.00000,0.00000,0.00000,0.00000
83.80125,0.99751,0.99999,0.00000,0.00000,0.00001
83.90125,0.99750,0.99992,0.00000,0.00000,0.00008
84.00125,0.99750,0.99967,0.00000,0.00000,0.00033
84.10125,0.99750,0.99635,0.00000,0.00000,0.00365
84.20125,0.99751,0.99986,0.00000,0.00000,0.00014
84.30125,0.99751,0.99368,0.00000,0.00001,0.00632
84.40125,0.99750,0.82333,0.00000,0.00008,0.17659
84.50125,0.99750,0.18470,0.00000,0.00016,0.81514
84.60125,0.99750,0.90232,0.00003,0.00096,0.09669
84.70125,0.99751,0.99752,0.00001,0.00033,0.00213
84.80125,0.99751,0.99923,0.00000,0.00002,0.00075
84.90125,0.99750,0.99978,0.00000,0.00000,0.00022
85.00125,0.99750,0.99997,0.00000,0.00000,0.00003
85.10125,0.99750,0.99999,0.00000,0.00000,0.00001
85.20125,0.99751,1.00000,0.00000,0.00000,0.00000
85.30125,0.99751,1.00000,0.00000,0.00000,0.00000
85.40125,0.99750,1.00000,0.00000,0.00000,0.00000
85.50125,0.99750,1.00000,0.00000,0.00000,0.00000
85.60125,0.99750,0.99984,0.00000,0.00000,0.00016
85.70125,0.99751,0.99982,0.00000,0.00000,0.00018
85.80125,0.99751,0.99729,0.00000,0.00000,0.00271
85.90125,0.99750,0.99968,0.00000,0.00000,0.00032
86.00125,0.99750,0.93782,0.00000,0.00001,0.06216
86.10125,0.99750,0.38914,0.00001,0.00014,0.61070
86.20125,0.99751,0.32190,0.00008,0.00063,0.67739
86.30125,0.99751,0.98297,0.00022,0.00087,0.01593
86.40125,0.99750,0.99929,0.00013,0.00019,0.00039
86.50125,0.99750,0.99984,0.00002,0.00004,0.00010
86.60125,0.99750,0.99989,0.00000,0.00001,0.00010
86.70125,0.99751,0.99998,0.00000,0.00000,0.00002
86.80125,0.99751,1.00000,0.00000,0.00000,0.00000
86.90125,0.99750,1.00000,0.00000,0.00000,0.00000
87.00125,0.99750,1.00000,0.00000,0.00000,0.00000
87.10125,0.99750,1.00000,0.00000,0.00000,0.00000
87.20125,0.99751,1.00000,0.00000,0.00000,0.00000
87.30125,0.99751,0.99993,0.00000,0.00000,0.00007
87.40125,0.99750,0.99611,0.00000,0.00000,0.00389
87.50125,0.99750,0.99979,0.00000,0.00000,0.00021
87.60125,0.99750,0.99835,0.00000,0.00000,0.00165
87.70125,0.99751,0.79772,0.00001,0.00000,0.20226
87.80125,0.99751,0.14425,0.00004,0.00000,0.85571
87.90125,0.99750,0.94931,0.00016,0.00001,0.05052
88.00125,0.99750,0.99894,0.00007,0.00000,0.00099
88.10125,0.99750,0.99976,0.00001,0.00000,0.00023
88.20125,0.99751,0.99989,0.00000,0.00000,0.00011
88.30125,0.99751,0.99999,0.00000,0.00000,0.00001
88.40125,0.99750,1.00000,0.00000,0.00000,0.00000
88.50125,0.99750,1.00000,0.00000,0.00000,0.00000
88.60125,0.99750,1.00000,0.00000,0.00000,0.00000
88.70125,0.99751,1.00000,0.00000,0.00000,0.00000
88.80125,0.99751,1.00000,0.00000,0.00000,0.00000
88.90125,0.99750,0.99991,0.00000,0.00000,0.00009
89.00125,0.99750,0.99725,0.00000,0.00000,0.00275
89.10125,0.99750,0.99934,0.00000,0.00000,0.00066
89.20125,0.99751,0.99660,0.00000,0.00000,0.00339
89.30125,0.99751,0.74432,0.00001,0.00001,0.25566
89.40125,0.99750,0.15771,0.00001,0.00001,0.84227
89.50125,0.99750,0.90615,0.00005,0.00004,0.09375
89.60125,0.99750,0.99752,0.00003,0.00001,0.00244
89.70125,0.99751,0.99955,0.00001,0.00000,0.00044
89.80125,0.99751,0.99959,0.00000,0.00000,0.00041
89.90125,0.99750,0.99996,0.00000,0.00000,0.00004
90.00125,0.99750,0.99999,0.00000,0.00000,0.00001
90.10125,0.99750,1.00000,0.00000,0.00000,0.00000
90.20125,0.99751,1.00000,0.00000,0.00000,0.00000
90.30125,0.99751,0.99999,0.00000,0.00000,0.00001
90.40125,0.99750,0.99998,0.00000,0.00000,0.00002
90.50125,0.99750,0.99884,0.00000,0.00000,0.00116
90.60125,0.99750,0.99958,0.00000,0.00000,0.00042
90.70125,0.99751,0.99446,0.00000,0.00000,0.00554
90.80125,0.99751,0.91454,0.00001,0.00000,0.08545
90.90125,0.99750,0.34202,0.00003,0.00000,0.65794
91.00125,0.99750,0.62725,0.00010,0.00001,0.37265
91.10125,0.99750,0.96895,0.00002,0.00000,0.03103
91.20125,0.99751,0.99669,0.00000,0.00000,0.00330
91.30125,0.99751,0.99959,0.00000,0.00000,0.00041
91.40125,0.99750,0.99996,0.00000,0.00000,0.00004
91.50125,0.99750,0.99997,0.00000,0.00000,0.00003
91.60125,0.99750,0.99999,0.00000,0.00000,0.00001
91.70125,0.99751,0.99999,0.00000,0.00000,0.00001
91.80125,0.99751,0.99999,0.00000,0.00000,0.00000
91.90125,0.99750,1.00000,0.00000,0.00000,0.00000
92.00125,0.99750,0.99999,0.00000,0.00000,0.00001
92.10125,0.99750,0.99988,0.00000,0.00000,0.00012
92.20125,0.99751,0.99946,0.00000,0.00000,0.00054
92.30125,0.99751,0.99635,0.00000,0.00000,0.00365
92.40125,0.99750,0.99767,0.00000,0.00000,0.00233
92.50125,0.99750,0.99806,0.00000,0.00000,0.00194
92.60125,0.99750,0.99942,0.00000,0.00000,0.00058
92.70125,0.99751,0.99960,0.00000,0.00000,0.00040
92.80125,0.99751,0.99977,0.00000,0.00000,0.00023
92.90125,0.99750,0.99994,0.00000,0.00000,0.00006
93.00125,0.99750,0.99997,0.00000,0.00000,0.00003
93.10125,0.99750,0.99992,0.00000,0.00000,0.00008
93.20125,0.99751,0.99981,0.00000,0.00000,0.00019
93.30125,0.99751,0.99913,0.00000,0.00000,0.00087
93.40125,0.99750,0.99989,0.00000,0.00000,0.00011
93.50125,0.99750,0.99820,0.00000,0.00000,0.00180
93.60125,0.99750,0.92168,0.00000,0.00000,0.07832
93.70125,0.99751,0.27107,0.00000,0.00000,0.72892
93.80125,0.99751,0.83303,0.00002,0.00002,0.16693
93.90125,0.99750,0.97738,0.00003,0.00002,0.02257
94.00125,0.99750,0.99402,0.00001,0.00000,0.00597
94.10125,0.99750,0.99860,0.00000,0.00000,0.00140
94.20125,0.99751,0.99804,0.00000,0.00000,0.00196
94.30125,0.99751,0.99921,0.00000,0.00000,0.00079
94.40125,0.99750,0.99916,0.00000,0.00000,0.00083
94.50125,0.99750,0.99957,0.00000,0.00000,0.00043
94.60125,0.99750,0.99958,0.00000,0.00000,0.00042
94.70125,0.99751,0.99949,0.00000,0.00000,0.00051
94.80125,0.99751,0.99754,0.00000,0.00000,0.00246
94.90125,0.99750,0.99392,0.00000,0.00000,0.00608
95.00125,0.99750,0.99354,0.00000,0.00000,0.00646
95.10125,0.99750,0.99918,0.00000,0.00000,0.00082
95.20125,0.99751,0.99876,0.00000,0.00000,0.00124
95.30125,0.99751,0.99959,0.00000,0.00000,0.00041
95.40125,0.99750,0.99980,0.00000,0.00000,0.00020
95.50125,0.99750,0.99985,0.00000,0.00000,0.00015
95.60125,0.99750,0.99988,0.00000,0.00000,0.00012
95.70125,0.99751,0.99992,0.00000,0.00000,0.00008
95.80125,0.99751,0.99994,0.00000,0.00000,0.00006
95.90125,0.99750,0.99994,0.00000,0.00000,0.00006
96.00125,0.99750,0.99994,0.00000,0.00000,0.00006
96.10125,0.99750,0.99993,0.00000,0.00000,0.00007
96.20125,0.99751,0.99993,0.00000,0.00000,0.00007
96.30125,0.99751,0.99994,0.00000,0.00000,0.00006
96.40125,0.99750,0.99995,0.00000,0.00000,0.00005
96.50125,0.99750,0.99996,0.00000,0.00000,0.00004
96.60125,0.99750,0.99995,0.00000,0.00000,0.00005
96.70125,0.99751,0.99984,0.00000,0.00000,0.00016
96.80125,0.99751,0.99965,0.00000,0.00000,0.00035
96.90125,0.99750,0.99912,0.00000,0.00000,0.00088
97.00125,0.99750,0.99760,0.00000,0.00000,0.00240
97.10125,0.99750,0.99968,0.00000,0.00000,0.00032
97.20125,0.99751,0.95372,0.00000,0.00000,0.04628
97.30125,0.99751,0.18238,0.00000,0.00000,0.81761
97.40125,0.99750,0.41965,0.00001,0.00004,0.58030
97.50125,0.99750,0.98770,0.00004,0.00004,0.01222
97.60125,0.99750,0.99839,0.00001,0.00001,0.00160
97.70125,0.99751,0.99907,0.00000,0.00000,0.00093
97.80125,0.99751,0.99853,0.00000,0.00000,0.00147
97.90125,0.99750,0.99949,0.00000,0.00000,0.00051
98.00125,0.99750,0.99991,0.00000,0.00000,0.00009
98.10125,0.99750,0.99991,0.00000,0.00000,0.00009
98.20125,0.99751,0.99999,0.00000,0.00000,0.00001
98.30125,0.99751,0.99999,0.00000,0.00000,0.00001
98.40125,0.99750,0.99999,0.00000,0.00000,0.00001
98.50125,0.99750,0.99996,0.00000,0.00000,0.00004
98.60125,0.99750,0.99998,0.00000,0.00000,0.00002
98.70125,0.99751,0.99999,0.00000,0.00000,0.00001
98.80125,0.99751,0.99999,0.00000,0.00000,0.00001
98.90125,0.99750,0.99999,0.00000,0.00000,0.00001
99.00125,0.99750,1.00000,0.00000,0.00000,0.00000
99.10125,0.99750,0.99999,0.00000,0.00000,0.00001
99.20125,0.99751,0.99999,0.00000,0.00000,0.00001
99.30125,0.99751,0.99999,0.00000,0.00000,0.00001
99.40125,0.99750,0.99999,0.00000,0.00000,0.00001
99.50125,0.99750,0.99999,0.00000,0.00000,0.00001
99.60125,0.99750,0.99999,0.00000,0.00000,0.00001
99.70125,0.99751,0.99987,0.00000,0.00000,0.00013
99.80125,0.99751,0.99970,0.00000,0.00000,0.00030
99.90125,0.99750,0.99866,0.00000,0.00000,0.00134
100.00125,0.99750,0.99975,0.00000,0.00000,0.00025
100.10125,0.99750,0.95795,0.00000,0.00000,0.04205
100.20125,0.99751,0.89311,0.00000,0.00005,0.10683
100.30125,0.99751,0.30626,0.00000,0.00014,0.69359
100.40125,0.99750,0.64883,0.00000,0.00037,0.35080
100.50125,0.99750,0.92501,0.00000,0.00007,0.07492
100.60125,0.99750,0.98211,0.00000,0.00001,0.01788
100.70125,0.99751,0.99261,0.00000,0.00000,0.00739
100.80125,0.99751,0.99766,0.00000,0.00000,0.00234
100.90125,0.99750,0.99940,0.00000,0.00000,0.00060
101.00125,0.99750,0.99983,0.00000,0.00000,0.00017
101.10125,0.99750,0.99993,0.00000,0.00000,0.00007
101.20125,0.99751,0.99998,0.00000,0.00000,0.00002
101.30125,0.99751,0.99998,0.00000,0.00000,0.00002
101.40125,0.99750,0.99999,0.00000,0.00000,0.00001
101.50125,0.99750,0.99999,0.00000,0.00000,0.00001
101.60125,0.99750,0.99999,0.00000,0.00000,0.00001
101.70125,0.99751,1.00000,0.00000,0.00000,0.00000
101.80125,0.99751,1.00000,0.00000,0.00000,0.00000
101.90125,0.99750,1.00000,0.00000,0.00000,0.00000
102.00125,0.99750,1.00000,0.00000,0.00000,0.00000
102.10125,0.99750,1.00000,0.00000,0.00000,0.00000
102.20125,0.99751,1.00000,0.00000,0.00000,0.00000
102.30125,0.99751,1.00000,0.00000,0.00000,0.00000
102.40125,0.99750,1.00000,0.00000,0.00000,0.00000
102.50125,0.99750,0.99999,0.00000,0.00000,0.00001
102.60125,0.99750,0.99999,0.00000,0.00000,0.00001
102.70125,0.99751,0.99991,0.00000,0.00000,0.00009
102.80125,0.99751,0.99966,0.00000,0.00000,0.00034
102.90125,0.99750,0.99876,0.00000,0.00000,0.00124
103.00125,0.99750,0.99946,0.00000,0.00000,0.00054
103.10125,0.99750,0.98850,0.00000,0.00000,0.01150
103.20125,0.99751,0.66351,0.00000,0.00001,0.33648
103.30125,0.99751,0.13313,0.00001,0.00001,0.86685
103.40125,0.99750,0.52090,0.00002,0.00002,0.47907
103.50125,0.99750,0.86126,0.00000,0.00000,0.13873
103.60125,0.99750,0.95648,0.00000,0.00000,0.04351
103.70125,0.99751,0.98277,0.00000,0.00000,0.01723
103.80125,0.99751,0.99632,0.00000,0.00000,0.00368
103.90125,0.99750,0.99895,0.00000,0.00000,0.00105
104.00125,0.99750,0.99952,0.00000,0.00000,0.00048
104.10125,0.99750,0.99985,0.00000,0.00000,0.00015
104.20125,0.99751,0.99996,0.00000,0.00000,0.00004
104.30125,0.99751,0.99997,0.00000,0.00000,0.00003
104.40125,0.99750,0.99998,0.00000,0.00000,0.00002
104.50125,0.99750,0.99999,0.00000,0.00000,0.00001
104.60125,0.99750,0.99999,0.00000,0.00000,0.00001
104.70125,0.99751,0.99999,0.00000,0.00000,0.00001
104.80125,0.99751,0.99999,0.00000,0.00000,0.00001
104.90125,0.99750,0.99999,0.00000,0.00000,0.00001
105.00125,0.99750,1.00000,0.00000,0.00000,0.00000
105.10125,0.99750,1.00000,0.00000,0.00000,0.00000
105.20125,0.99751,1.00000,0.00000,0.00000,0.00000
105.30125,0.99751,1.00000,0.00000,0.00000,0.00000
105.40125,0.99750,1.00000,0.00000,0.00000,0.00000
105.50125,0.99750,1.00000,0.00000,0.00000,0.00000
105.60125,0.99750,1.00000,0.00000,0.00000,0.00000
105.70125,0.99751,1.00000,0.00000,0.00000,0.00000
105.80125,0.99751,0.99999,0.00000,0.00000,0.00001
105.90125,0.99750,0.99991,0.00000,0.00000,0.00009
106.00125,0.99750,0.99973,0.00000,0.00000,0.00027
106.10125,0.99750,0.99992,0.00000,0.00000,0.00008
106.20125,0.99751,0.99758,0.00000,0.00000,0.00242
106.30125,0.99751,0.92082,0.00000,0.00000,0.07917
106.40125,0.99750,0.33054,0.00001,0.00003,0.66943
106.50125,0.99750,0.37577,0.00009,0.00024,0.62390
106.60125,0.99750,0.96614,0.00006,0.00026,0.03353
106.70125,0.99751,0.99318,0.00001,0.00002,0.00680
106.80125,0.99751,0.99839,0.00000,0.00000,0.00161
106.90125,0.99750,0.99904,0.00000,0.00000,0.00096
107.00125,0.99750,0.99969,0.00000,0.00000,0.00031
107.10125,0.99750,0.99986,0.00000,0.00000,0.00014
107.20125,0.99751,0.99997,0.00000,0.00000,0.00003
107.30125,0.99751,1.00000,0.00000,0.00000,0.00000
107.40125,0.99750,1.00000,0.00000,0.00000,0.00000
107.50125,0.99750,0.99999,0.00000,0.00000,0.00001
107.60125,0.99750,1.00000,0.00000,0.00000,0.00000
107.70125,0.99751,1.00000,0.00000,0.00000,0.00000
107.80125,0.99751,1.00000,0.00000,0.00000,0.00000
107.90125,0.99750,1.00000,0.00000,0.00000,0.00000
108.00125,0.99750,1.00000,0.00000,0.00000,0.00000
108.10125,0.99750,1.00000,0.00000,0.00000,0.00000
108.20125,0.99751,1.00000,0.00000,0.00000,0.00000
108.30125,0.99751,1.00000,0.00000,0.00000,0.00000
108.40125,0.99750,1.00000,0.00000,0.00000,0.00000
108.50125,0.99750,1.00000,0.00000,0.00000,0.00000
108.60125,0.99750,1.00000,0.00000,0.00000,0.00000
108.70125,0.99751,1.00000,0.00000,0.00000,0.00000
108.80125,0.99751,1.00000,0.00000,0.00000,0.00000
108.90125,0.99750,1.00000,0.00000,0.00000,0.00000
109.00125,0.99750,1.00000,0.00000,0.00000,0.00000
109.10125,0.99750,1.00000,0.00000,0.00000,0.00000
109.20125,0.99751,1.00000,0.00000,0.00000,0.00000
109.30125,0.99751,0.99996,0.00000,0.00000,0.00004
109.40125,0.99750,0.99992,0.00000,0.00000,0.00008
109.50125,0.99750,0.99965,0.00000,0.00000,0.00035
109.60125,0.99750,0.99982,0.00000,0.00000,0.00018
109.70125,0.99751,0.99565,0.00000,0.00000,0.00435
109.80125,0.99751,0.77244,0.00000,0.00000,0.22756
109.90125,0.99750,0.26485,0.00002,0.00000,0.73512
110.00125,0.99750,0.94361,0.00023,0.00001,0.05615
110.10125,0.99750,0.99702,0.00014,0.00001,0.00283
110.20125,0.99751,0.99900,0.00002,0.00000,0.00098
110.30125,0.99751,0.99974,0.00000,0.00000,0.00026
110.40125,0.99750,0.99995,0.00000,0.00000,0.00005
110.50125,0.99750,0.99998,0.00000,0.00000,0.00002
110.60125,0.99750,1.00000,0.00000,0.00000,0.00000
110.70125,0.99751,1.00000,0.00000,0.00000,0.00000
110.80125,0.99751,1.00000,0.00000,0.00000,0.00000
110.90125,0.99750,1.00000,0.00000,0.00000,0.00000
111.00125,0.99750,1.00000,0.00000,0.00000,0.00000
111.10125,0.99750,1.00000,0.00000,0.00000,0.00000
111.20125,0.99751,1.00000,0.00000,0.00000,0.00000
111.30125,0.99751,1.00000,0.00000,0.00000,0.00000
111.40125,0.99750,1.00000,0.00000,0.00000,0.00000
111.50125,0.99750,1.00000,0.00000,0.00000,0.00000
111.60125,0.99750,1.00000,0.00000,0.00000,0.00000
111.70125,0.99751,1.00000,0.00000,0.00000,0.00000
111.80125,0.99751,1.00000,0.00000,0.00000,0.00000
111.90125,0.99750,1.00000,0.00000,0.00000,0.00000
112.00125,0.99750,1.00000,0.00000,0.00000,0.00000
112.10125,0.99750,1.00000,0.00000,0.00000,0.00000
112.20125,0.99751,1.00000,0.00000,0.00000,0.00000
112.30125,0.99751,0.99999,0.00000,0.00000,0.00001
112.40125,0.99750,0.99989,0.00000,0.00000,0.00011
112.50125,0.99750,0.99975,0.00000,0.00000,0.00025
112.60125,0.99750,0.99826,0.00000,0.00000,0.00174
112.70125,0.99751,0.99939,0.00000,0.00000,0.00061
112.80125,0.99751,0.98814,0.00000,0.00000,0.01185
112.90125,0.99750,0.83678,0.00001,0.00006,0.16314
113.00125,0.99750,0.13601,0.00005,0.00015,0.86379
113.10125,0.99750,0.81728,0.00021,0.00048,0.18203
113.20125,0.99751,0.96802,0.00002,0.00004,0.03192
113.30125,0.99751,0.99741,0.00000,0.00000,0.00259
113.40125,0.99750,0.99913,0.00000,0.00000,0.00087
113.50125,0.99750,0.99984,0.00000,0.00000,0.00016
113.60125,0.99750,0.99993,0.00000,0.00000,0.00007
113.70125,0.99751,0.99998,0.00000,0.00000,0.00002
113.80125,0.99751,0.99999,0.00000,0.00000,0.00001
113.90125,0.99750,1.00000,0.00000,0.00000,0.00000
114.00125,0.99750,1.00000,0.00000,0.00000,0.00000
114.10125,0.99750,1.00000,0.00000,0.00000,0.00000
114.20125,0.99751,1.00000,0.00000,0.00000,0.00000
114.30125,0.99751,1.00000,0.00000,0.00000,0.00000
114.40125,0.99750,1.00000,0.00000,0.00000,0.00000
114.50125,0.99750,1.00000,0.00000,0.00000,0.00000
114.60125,0.99750,1.00000,0.00000,0.00000,0.00000
114.70125,0.99751,1.00000,0.00000,0.00000,0.00000
114.80125,0.99751,1.00000,0.00000,0.00000,0.00000
114.90125,0.99750,1.00000,0.00000,0.00000,0.00000
115.00125,0.99750,1.00000,0.00000,0.00000,0.00000
115.10125,0.99750,1.00000,0.00000,0.00000,0.00000
115.20125,0.99751,1.00000,0.00000,0.00000,0.00000
115.30125,0.99751,1.00000,0.00000,0.00000,0.00000
115.40125,0.99750,0.99994,0.00000,0.00000,0.00006
115.50125,0.99750,0.99988,0.00000,0.00000,0.00012
115.60125,0.99750,0.99967,0.00000,0.00000,0.00033
115.70125,0.99751,0.99983,0.00000,0.00000,0.00017
115.80125,0.99751,0.97963,0.00000,0.00000,0.02037
115.90125,0.99750,0.74884,0.00000,0.00001,0.25115
116.00125,0.99750,0.35041,0.00000,0.00003,0.64955
116.10125,0.99750,0.93307,0.00001,0.00008,0.06684
116.20125,0.99751,0.99678,0.00000,0.00001,0.00321
116.30125,0.99751,0.99953,0.00000,0.00000,0.00047
116.40125,0.99750,0.99985,0.00000,0.00000,0.00015
116.50125,0.99750,0.99997,0.00000,0.00000,0.00003
116.60125,0.99750,0.99999,0.00000,0.00000,0.00001
116.70125,0.99751,1.00000,0.00000,0.00000,0.00000
116.80125,0.99751,1.00000,0.00000,0.00000,0.00000
116.90125,0.99750,1.00000,0.00000,0.00000,0.00000
117.00125,0.99750,1.00000,0.00000,0.00000,0.00000
117.10125,0.99750,1.00000,0.00000,0.00000,0.00000
117.20125,0.99751,1.00000,0.00000,0.00000,0.00000
117.30125,0.99751,1.00000,0.00000,0.00000,0.00000
117.40125,0.99750,1.00000,0.00000,0.00000,0.00000
117.50125,0.99750,1.00000,0.00000,0.00000,0.00000
117.60125,0.99750,1.00000,0.00000,0.00000,0.00000
117.70125,0.99751,1.00000,0.00000,0.00000,0.00000
117.80125,0.99751,1.00000,0.00000,0.00000,0.00000
117.90125,0.99750,1.00000,0.00000,0.00000,0.00000
118.00125,0.99750,1.00000,0.00000,0.00000,0.00000
118.10125,0.99750,1.00000,0.00000,0.00000,0.00000
118.20125,0.99751,1.00000,0.00000,0.00000,0.00000
118.30125,0.99751,1.00000,0.00000,0.00000,0.00000
118.40125,0.99750,1.00000,0.00000,0.00000,0.00000
118.50125,0.99750,1.00000,0.00000,0.00000,0.00000
118.60125,0.99750,1.00000,0.00000,0.00000,0.00000
118.70125,0.99751,1.00000,0.00000,0.00000,0.00000
118.80125,0.99751,1.00000,0.00000,0.00000,0.00000
118.90125,0.99750,1.00000,0.00000,0.00000,0.00000
119.00125,0.99750,1.00000,0.00000,0.00000,0.00000
119.10125,0.99750,1.00000,0.00000,0.00000,0.00000
119.20125,0.99751,1.00000,0.00000,0.00000,0.00000
119.30125,0.99751,0.99999,0.00000,0.00000,0.00001
119.40125,0.99750,0.99999,0.00000,0.00000,0.00001
119.50125,0.99750,0.99997,0.00000,0.00000,0.00003
119.60125,0.99750,0.99964,0.00000,0.00000,0.00036
119.70125,0.99751,0.99806,0.00000,0.00000,0.00194
119.80125,0.99751,0.99970,0.00000,0.00000,0.00030
119.90125,0.99750,0.99154,0.00000,0.00000,0.00845
120.00125,0.99750,0.93651,0.00000,0.00005,0.06343
120.10125,0.99750,0.09725,0.00001,0.00031,0.90244
120.20125,0.99751,0.68575,0.00005,0.00167,0.31254
120.30125,0.99751,0.98090,0.00003,0.00097,0.01810
120.40125,0.99750,0.99504,0.00001,0.00013,0.00482
120.50125,0.99750,0.99783,0.00000,0.00001,0.00216
120.60125,0.99750,0.99941,0.00000,0.00000,0.00059
120.70125,0.99751,0.99976,0.00000,0.00000,0.00024
120.80125,0.99751,0.99995,0.00000,0.00000,0.00005
120.90125,0.99750,0.99999,0.00000,0.00000,0.00001
121.00125,0.99750,1.00000,0.00000,0.00000,0.00000
121.10125,0.99750,1.00000,0.00000,0.00000,0.00000
121.20125,0.99751,1.00000,0.00000,0.00000,0.00000
121.30125,0.99751,1.00000,0.00000,0.00000,0.00000
121.40125,0.99750,1.00000,0.00000,0.00000,0.00000
121.50125,0.99750,1.00000,0.00000,0.00000,0.00000
121.60125,0.99750,1.00000,0.00000,0.00000,0.00000
121.70125,0.99751,1.00000,0.00000,0.00000,0.00000
121.80125,0.99751,0.99999,0.00000,0.00000,0.00001
121.90125,0.99750,0.99999,0.00000,0.00000,0.00001
122.00125,0.99750,0.99998,0.00000,0.00000,0.00002
122.10125,0.99750,0.99997,0.00000,0.00000,0.00003
122.20125,0.99751,0.99999,0.00000,0.00000,0.00001
122.30125,0.99751,0.99999,0.00000,0.00000,0.00001
122.40125,0.99750,0.99998,0.00000,0.00000,0.00002
122.50125,0.99750,0.99999,0.00000,0.00000,0.00001
122.60125,0.99750,0.99999,0.00000,0.00000,0.00001
122.70125,0.99751,0.99999,0.00000,0.00000,0.00001
122.80125,0.99751,0.99999,0.00000,0.00000,0.00001
122.90125,0.99750,0.99999,0.00000,0.00000,0.00001
123.00125,0.99750,0.99999,0.00000,0.00000,0.00001
123.10125,0.99750,0.99999,0.00000,0.00000,0.00001
123.20125,0.99751,0.99999,0.00000,0.00000,0.00001
123.30125,0.99751,0.99999,0.00000,0.00000,0.00001
123.40125,0.99750,0.99999,0.00000,0.00000,0.00001
123.50125,0.99750,0.99999,0.00000,0.00000,0.00001
123.60125,0.99750,0.99999,0.00000,0.00000,0.00001
123.70125,0.99751,0.99999,0.00000,0.00000,0.00001
123.80125,0.99751,0.99999,0.00000,0.00000,0.00001
123.90125,0.99750,0.99999,0.00000,0.00000,0.00001
124.00125,0.99750,0.99999,0.00000,0.00000,0.00001
124.10125,0.99750,0.99999,0.00000,0.00000,0.00001
124.20125,0.99751,0.99999,0.00000,0.00000,0.00001
124.30125,0.99751,0.99999,0.00000,0.00000,0.00001
124.40125,0.99750,0.99999,0.00000,0.00000,0.00001
124.50125,0.99750,0.99999,0.00000,0.00000,0.00001
124.60125,0.99750,1.00000,0.00000,0.00000,0.00000
124.70125,0.99751,1.00000,0.00000,0.00000,0.00000
124.80125,0.99751,1.00000,0.00000,0.00000,0.00000
124.90125,0.99750,1.00000,0.00000,0.00000,0.00000
125.00125,0.99750,1.00000,0.00000,0.00000,0.00000
125.10125,0.99750,1.00000,0.00000,0.00000,0.00000
125.20125,0.99751,1.00000,0.00000,0.00000,0.00000
125.30125,0.99751,1.00000,0.00000,0.00000,0.00000
125.40125,0.99750,1.00000,0.00000,0.00000,0.00000
125.50125,0.99750,1.00000,0.00000,0.00000,0.00000
125.60125,0.99750,1.00000,0.00000,0.00000,0.00000
125.70125,0.99751,1.00000,0.00000,0.00000,0.00000
125.80125,0.99751,1.00000,0.00000,0.00000,0.00000
125.90125,0.99750,1.00000,0.00000,0.00000,0.00000
126.00125,0.99750,1.00000,0.00000,0.00000,0.00000
126.10125,0.99750,1.00000,0.00000,0.00000,0.00000
126.20125,0.99751,1.00000,0.00000,0.00000,0.00000
126.30125,0.99751,1.00000,0.00000,0.00000,0.00000
126.40125,0.99750,1.00000,0.00000,0.00000,0.00000
126.50125,0.99750,1.00000,0.00000,0.00000,0.00000
126.60125,0.99750,1.00000,0.00000,0.00000,0.00000
126.70125,0.99751,1.00000,0.00000,0.00000,0.00000
126.80125,0.99751,0.99999,0.00000,0.00000,0.00001
126.90125,0.99750,0.99990,0.00000,0.00000,0.00010
127.00125,0.99750,0.99952,0.00000,0.00000,0.00048
127.10125,0.99751,0.99996,0.00000,0.00000,0.00004
127.20125,0.99750,0.99500,0.00000,0.00000,0.00500
127.30125,0.99751,0.93817,0.00000,0.00000,0.06183
127.40125,0.99749,0.25045,0.00001,0.00004,0.74950
127.50125,0.99750,0.89309,0.00016,0.00054,0.10621
127.60125,0.99751,0.99035,0.00003,0.00011,0.00950
127.70125,0.99750,0.99859,0.00000,0.00001,0.00140
127.80125,0.99751,0.99951,0.00000,0.00000,0.00049
127.90125,0.99749,0.99983,0.00000,0.00000,0.00017
128.00125,0.99750,0.99996,0.00000,0.00000,0.00004
128.10126,0.99750,0.99998,0.00000,0.00000,0.00002
128.20125,0.99750,0.99999,0.00000,0.00000,0.00001
128.30125,0.99750,1.00000,0.00000,0.00000,0.00000
128.40125,0.99750,1.00000,0.00000,0.00000,0.00000
128.50125,0.99750,0.99999,0.00000,0.00000,0.00001
128.60126,0.99750,0.99999,0.00000,0.00000,0.00001
128.70125,0.99750,0.99999,0.00000,0.00000,0.00001
128.80125,0.99750,1.00000,0.00000,0.00000,0.00000
128.90125,0.99750,1.00000,0.00000,0.00000,0.00000
129.00125,0.99750,0.99999,0.00000,0.00000,0.00001
129.10126,0.99750,0.99996,0.00000,0.00000,0.00004
129.20125,0.99750,0.99975,0.00000,0.00000,0.00025
129.30125,0.99750,0.99953,0.00000,0.00000,0.00047
129.40125,0.99750,0.99901,0.00000,0.00000,0.00099
129.50125,0.99750,0.99955,0.00000,0.00000,0.00045
129.60126,0.99750,0.89503,0.00000,0.00000,0.10496
129.70125,0.99750,0.22199,0.00001,0.00002,0.77799
129.80125,0.99750,0.24805,0.00003,0.00007,0.75186
129.90125,0.99750,0.78356,0.00001,0.00003,0.21639
130.00125,0.99750,0.97043,0.00000,0.00000,0.02956
130.10126,0.99750,0.99409,0.00000,0.00000,0.00591
130.20125,0.99750,0.99971,0.00000,0.00000,0.00029
130.30125,0.99750,0.99993,0.00000,0.00000,0.00007
130.40125,0.99750,0.99997,0.00000,0.00000,0.00003
130.50125,0.99750,0.99999,0.00000,0.00000,0.00001
130.60126,0.99750,1.00000,0.00000,0.00000,0.00000
130.70125,0.99750,1.00000,0.00000,0.00000,0.00000
130.80125,0.99750,1.00000,0.00000,0.00000,0.00000
130.90125,0.99750,1.00000,0.00000,0.00000,0.00000
131.00125,0.99750,0.99998,0.00000,0.00000,0.00002
131.10126,0.99750,0.99983,0.00000,0.00000,0.00017
131.20125,0.99750,0.99708,0.00000,0.00000,0.00292
131.30125,0.99750,0.99975,0.00000,0.00000,0.00025
131.40125,0.99750,0.99830,0.00000,0.00000,0.00170
131.50125,0.99750,0.83440,0.00000,0.00000,0.16560
131.60126,0.99750,0.17458,0.00001,0.00002,0.82540
131.70125,0.99750,0.90614,0.00017,0.00022,0.09347
131.80125,0.99750,0.99108,0.00002,0.00004,0.00886
131.90125,0.99750,0.99910,0.00000,0.00000,0.00090
132.00125,0.99750,0.99972,0.00000,0.00000,0.00028
132.10126,0.99750,0.99994,0.00000,0.00000,0.00006
132.20125,0.99750,0.99998,0.00000,0.00000,0.00002
132.30125,0.99750,0.99999,0.00000,0.00000,0.00001
132.40125,0.99750,1.00000,0.00000,0.00000,0.00000
132.50125,0.99750,1.00000,0.00000,0.00000,0.00000
132.60126,0.99750,1.00000,0.00000,0.00000,0.00000
132.70125,0.99750,0.99999,0.00000,0.00000,0.00001
132.80125,0.99750,0.99999,0.00000,0.00000,0.00001
132.90125,0.99750,0.99999,0.00000,0.00000,0.00001
133.00125,0.99750,0.99999,0.00000,0.00000,0.00001
133.10126,0.99750,0.99999,0.00000,0.00000,0.00001
133.20125,0.99750,1.00000,0.00000,0.00000,0.00000
133.30125,0.99750,0.99999,0.00000,0.00000,0.00001
133.40125,0.99750,0.99995,0.00000,0.00000,0.00005
133.50125,0.99750,0.99971,0.00000,0.00000,0.00029
133.60126,0.99750,0.99962,0.00000,0.00000,0.00038
133.70125,0.99750,0.99903,0.00000,0.00000,0.00097
133.80125,0.99750,0.99950,0.00000,0.00000,0.00050
133.90125,0.99750,0.97034,0.00000,0.00000,0.02965
134.00125,0.99750,0.24105,0.00000,0.00001,0.75893
134.10126,0.99750,0.30034,0.00001,0.00009,0.69955
134.20125,0.99750,0.88212,0.00000,0.00005,0.11783
134.30125,0.99750,0.94701,0.00000,0.00000,0.05298
134.40125,0.99750,0.95721,0.00000,0.00000,0.04279
134.50125,0.99750,0.98618,0.00000,0.00000,0.01382
134.60126,0.99750,0.98704,0.00000,0.00000,0.01296
134.70125,0.99750,0.99502,0.00000,0.00000,0.00498
134.80125,0.99750,0.99810,0.00000,0.00000,0.00190
134.90125,0.99750,0.99932,0.00000,0.00000,0.00068
135.00125,0.99750,0.99982,0.00000,0.00000,0.00018
135.10126,0.99750,0.99990,0.00000,0.00000,0.00010
135.20125,0.99750,0.99994,0.00000,0.00000,0.00006
135.30125,0.99750,0.99997,0.00000,0.00000,0.00003
135.40125,0.99750,0.99999,0.00000,0.00000,0.00001
135.50125,0.99750,0.99999,0.00000,0.00000,0.00001
135.60126,0.99750,1.00000,0.00000,0.00000,0.00000
135.70125,0.99750,0.99995,0.00000,0.00000,0.00005
135.80125,0.99750,0.99978,0.00000,0.00000,0.00022
135.90125,0.99750,0.99972,0.00000,0.00000,0.00028
136.00125,0.99750,0.99904,0.00000,0.00001,0.00096
136.10126,0.99750,0.96666,0.00000,0.00002,0.03332
136.20125,0.99750,0.68448,0.00005,0.00037,0.31510
136.30125,0.99750,0.77520,0.00059,0.00159,0.22262
136.40125,0.99750,0.93401,0.00019,0.00090,0.06490
136.50125,0.99750,0.95871,0.00004,0.00016,0.04109
136.60126,0.99750,0.95771,0.00002,0.00006,0.04221
136.70125,0.99750,0.94219,0.00002,0.00003,0.05777
136.80125,0.99750,0.97754,0.00000,0.00000,0.02246
136.90125,0.99750,0.99584,0.00000,0.00000,0.00416
137.00125,0.99750,0.99888,0.00000,0.00000,0.00112
137.10126,0.99750,0.99955,0.00000,0.00000,0.00045
137.20125,0.99750,0.99986,0.00000,0.00000,0.00014
137.30125,0.99750,0.99990,0.00000,0.00000,0.00010
137.40125,0.99750,0.99996,0.00000,0.00000,0.00004
137.50125,0.99750,1.00000,0.00000,0.00000,0.00000
137.60126,0.99750,1.00000,0.00000,0.00000,0.00000
137.70125,0.99750,1.00000,0.00000,0.00000,0.00000
137.80125,0.99750,0.99995,0.00000,0.00000,0.00005
137.90125,0.99750,0.99988,0.00000,0.00000,0.00012
138.00125,0.99750,0.99924,0.00000,0.00000,0.00076
138.10126,0.99750,0.99969,0.00000,0.00000,0.00031
138.20125,0.99750,0.99618,0.00000,0.00000,0.00382
138.30125,0.99750,0.94908,0.00001,0.00000,0.05091
138.40125,0.99750,0.32448,0.00013,0.00000,0.67539
138.50125,0.99750,0.54851,0.00055,0.00000,0.45094
138.60126,0.99750,0.81241,0.00018,0.00000,0.18741
138.70125,0.99750,0.84126,0.00012,0.00000,0.15863
138.80125,0.99750,0.83917,0.00002,0.00000,0.16081
138.90125,0.99750,0.93719,0.00000,0.00000,0.06281
139.00125,0.99750,0.98317,0.00000,0.00000,0.01683
139.10126,0.99750,0.99579,0.00000,0.00000,0.00421
139.20125,0.99750,0.99913,0.00000,0.00000,0.00087
139.30125,0.99750,0.99961,0.00000,0.00000,0.00039
139.40125,0.99750,0.99990,0.00000,0.00000,0.00010
139.50125,0.99750,0.99993,0.00000,0.00000,0.00007
139.60126,0.99750,0.99998,0.00000,0.00000,0.00002
139.70125,0.99750,0.99999,0.00000,0.00000,0.00001
139.80125,0.99750,0.99999,0.00000,0.00000,0.00001
139.90125,0.99750,0.99998,0.00000,0.00000,0.00002
140.00125,0.99750,0.99974,0.00000,0.00000,0.00026
140.10126,0.99750,0.99968,0.00000,0.00000,0.00032
140.20125,0.99750,0.99709,0.00000,0.00000,0.00291
140.30125,0.99750,0.99869,0.00000,0.00000,0.00131
140.40125,0.99750,0.96975,0.00000,0.00000,0.03025
140.50125,0.99750,0.36586,0.00001,0.00000,0.63413
140.60126,0.99750,0.27690,0.00002,0.00000,0.72308
140.70125,0.99750,0.91003,0.00002,0.00001,0.08994
140.80125,0.99750,0.93988,0.00000,0.00000,0.06012
140.90125,0.99750,0.97885,0.00000,0.00000,0.02115
141.00125,0.99750,0.99494,0.00000,0.00000,0.00506
141.10126,0.99750,0.99441,0.00000,0.00000,0.00559
141.20125,0.99750,0.99734,0.00000,0.00000,0.00266
141.30125,0.99750,0.99943,0.00000,0.00000,0.00057
141.40125,0.99750,0.99987,0.00000,0.00000,0.00013
141.50125,0.99750,0.99982,0.00000,0.00000,0.00018
141.60126,0.99750,0.99978,0.00000,0.00000,0.00022
141.70125,0.99750,0.99990,0.00000,0.00000,0.00010
141.80125,0.99750,0.99993,0.00000,0.00000,0.00007
141.90125,0.99750,0.99994,0.00000,0.00000,0.00006
142.00125,0.99750,0.99996,0.00000,0.00000,0.00004
142.10126,0.99750,0.99991,0.00000,0.00000,0.00009
142.20125,0.99750,0.99937,0.00000,0.00000,0.00063
142.30125,0.99750,0.99683,0.00000,0.00000,0.00317
142.40125,0.99750,0.99958,0.00000,0.00000,0.00042
142.50125,0.99750,0.99102,0.00000,0.00000,0.00898
142.60126,0.99750,0.85980,0.00001,0.00001,0.14018
142.70125,0.99750,0.46168,0.00002,0.00005,0.53825
142.80125,0.99750,0.77530,0.00001,0.00004,0.22464
142.90125,0.99750,0.89579,0.00000,0.00001,0.10419
143.00125,0.99750,0.94802,0.00000,0.00000,0.05197
143.10126,0.99750,0.95912,0.00000,0.00000,0.04088
143.20125,0.99750,0.95976,0.00000,0.00000,0.04024
143.30125,0.99750,0.97721,0.00000,0.00000,0.02279
143.40125,0.99750,0.99434,0.00000,0.00000,0.00566
143.50125,0.99750,0.99796,0.00000,0.00000,0.00204
143.60126,0.99750,0.99969,0.00000,0.00000,0.00031
143.70125,0.99750,0.99963,0.00000,0.00000,0.00037
143.80125,0.99750,0.99976,0.00000,0.00000,0.00024
143.90125,0.99750,0.99988,0.00000,0.00000,0.00012
144.00125,0.99750,0.99994,0.00000,0.00000,0.00006
144.10126,0.99750,0.99998,0.00000,0.00000,0.00002
144.20125,0.99750,0.99997,0.00000,0.00000,0.00003
144.30125,0.99750,0.99977,0.00000,0.00000,0.00023
144.40125,0.99750,0.99968,0.00000,0.00000,0.00032
144.50125,0.99750,0.99436,0.00000,0.00000,0.00564
144.60126,0.99750,0.99887,0.00000,0.00000,0.00113
144.70125,0.99750,0.98860,0.00000,0.00000,0.01140
144.80125,0.99750,0.78464,0.00000,0.00000,0.21535
144.90125,0.99750,0.23271,0.00000,0.00000,0.76728
145.00125,0.99750,0.69204,0.00001,0.00002,0.30793
145.10126,0.99750,0.93102,0.00000,0.00000,0.06897
145.20125,0.99750,0.93209,0.00000,0.00000,0.06791
145.30125,0.99750,0.95079,0.00000,0.00000,0.04921
145.40125,0.99750,0.97274,0.00000,0.00000,0.02726
145.50125,0.99750,0.99573,0.00000,0.00000,0.00427
145.60126,0.99750,0.99778,0.00000,0.00000,0.00222
145.70125,0.99750,0.99811,0.00000,0.00000,0.00189
145.80125,0.99750,0.99942,0.00000,0.00000,0.00058
145.90125,0.99750,0.99970,0.00000,0.00000,0.00030
146.00125,0.99750,0.99979,0.00000,0.00000,0.00021
146.10126,0.99750,0.99995,0.00000,0.00000,0.00005
146.20125,0.99750,0.99999,0.00000,0.00000,0.00001
146.30125,0.99750,0.99999,0.00000,0.00000,0.00001
146.40125,0.99750,0.99990,0.00000,0.00000,0.00010
146.50125,0.99750,0.99988,0.00000,0.00000,0.00012
146.60126,0.99750,0.99891,0.00000,0.00000,0.00109
146.70125,0.99750,0.99958,0.00000,0.00000,0.00042
146.80125,0.99750,0.94221,0.00000,0.00000,0.05779
146.90125,0.99750,0.65918,0.00000,0.00003,0.34079
147.00125,0.99750,0.82080,0.00000,0.00010,0.17911
147.10126,0.99750,0.91640,0.00000,0.00066,0.08293
147.20125,0.99750,0.96131,0.00001,0.00068,0.03800
147.30125,0.99750,0.94477,0.00001,0.00064,0.05459
147.40125,0.99750,0.92323,0.00000,0.00048,0.07628
147.50125,0.99750,0.84543,0.00000,0.00068,0.15390
147.60126,0.99750,0.96344,0.00000,0.00011,0.03645
147.70125,0.99750,0.97935,0.00000,0.00000,0.02064
147.80125,0.99750,0.99286,0.00000,0.00000,0.00714
147.90125,0.99750,0.99642,0.00000,0.00000,0.00358
148.00125,0.99750,0.99721,0.00000,0.00000,0.00279
148.10126,0.99750,0.99922,0.00000,0.00000,0.00078
148.20125,0.99750,0.99994,0.00000,0.00000,0.00006
148.30125,0.99750,0.99997,0.00000,0.00000,0.00003
148.40125,0.99750,0.99999,0.00000,0.00000,0.00001
148.50125,0.99750,0.99996,0.00000,0.00000,0.00004
148.60126,0.99750,0.99972,0.00000,0.00000,0.00028
148.70125,0.99750,0.99924,0.00000,0.00000,0.00076
148.80125,0.99750,0.99992,0.00000,0.00000,0.00008
148.90125,0.99750,0.99700,0.00000,0.00000,0.00300
149.00125,0.99750,0.83965,0.00000,0.00000,0.16034
149.10126,0.99750,0.85409,0.00000,0.00000,0.14590
149.20125,0.99750,0.93493,0.00000,0.00001,0.06506
149.30125,0.99750,0.97712,0.00000,0.00001,0.02286
149.40125,0.99750,0.97300,0.00000,0.00001,0.02699
149.50125,0.99750,0.98504,0.00000,0.00000,0.01496
149.60126,0.99750,0.98707,0.00000,0.00000,0.01293
149.70125,0.99750,0.99007,0.00000,0.00000,0.00993
149.80125,0.99750,0.99140,0.00000,0.00000,0.00860
149.90125,0.99750,0.99551,0.00000,0.00000,0.00449
150.00125,0.99750,0.99299,0.00000,0.00000,0.00701
150.10126,0.99750,0.99597,0.00000,0.00000,0.00403
150.20125,0.99750,0.99858,0.00000,0.00000,0.00142
150.30125,0.99750,0.99974,0.00000,0.00000,0.00026
150.40125,0.99750,0.99988,0.00000,0.00000,0.00012
150.50125,0.99750,0.99992,0.00000,0.00000,0.00008
150.60126,0.99750,0.99994,0.00000,0.00000,0.00006
150.70125,0.99750,0.99968,0.00000,0.00000,0.00032
150.80125,0.99750,0.99809,0.00000,0.00000,0.00192
150.90125,0.99750,0.99919,0.00000,0.00000,0.00081
151.00125,0.99750,0.99947,0.00000,0.00000,0.00053
151.10126,0.99750,0.97758,0.00000,0.00001,0.02242
151.20125,0.99750,0.57340,0.00002,0.00014,0.42645
151.30125,0.99750,0.63582,0.00067,0.00320,0.36032
151.40125,0.99750,0.96127,0.00017,0.00126,0.03731
151.50125,0.99750,0.96243,0.00016,0.00036,0.03706
151.60126,0.99750,0.96736,0.00003,0.00008,0.03252
151.70125,0.99750,0.92540,0.00000,0.00006,0.07454
151.80125,0.99750,0.96938,0.00000,0.00003,0.03060
151.90125,0.99750,0.98446,0.00000,0.00000,0.01554
152.00125,0.99750,0.99673,0.00000,0.00000,0.00327
152.10126,0.99750,0.99842,0.00000,0.00000,0.00158
152.20125,0.99750,0.99864,0.00000,0.00000,0.00136
152.30125,0.99750,0.99833,0.00000,0.00000,0.00167
152.40125,0.99750,0.99946,0.00000,0.00000,0.00054
152.50125,0.99750,0.99958,0.00000,0.00000,0.00042
152.60126,0.99750,0.99968,0.00000,0.00000,0.00032
152.70125,0.99750,0.99917,0.00000,0.00000,0.00083
152.80125,0.99750,0.99771,0.00000,0.00000,0.00229
152.90125,0.99750,0.98219,0.00000,0.00000,0.01781
153.00125,0.99750,0.99944,0.00000,0.00002,0.00054
153.10126,0.99750,0.98729,0.00000,0.00016,0.01256
153.20125,0.99750,0.71451,0.00001,0.00123,0.28425
153.30125,0.99750,0.86471,0.00003,0.00265,0.13261
153.40125,0.99750,0.94848,0.00001,0.00231,0.04919
153.50125,0.99750,0.96441,0.00001,0.00144,0.03414
153.60126,0.99750,0.96027,0.00001,0.00052,0.03920
153.70125,0.99750,0.96135,0.00000,0.00029,0.03836
153.80125,0.99750,0.84617,0.00000,0.00006,0.15377
153.90125,0.99750,0.98930,0.00000,0.00000,0.01070
154.00125,0.99750,0.99235,0.00000,0.00000,0.00765
154.10126,0.99750,0.99786,0.00000,0.00000,0.00214
154.20125,0.99750,0.99903,0.00000,0.00000,0.00097
154.30125,0.99750,0.99944,0.00000,0.00000,0.00056
154.40125,0.99750,0.99988,0.00000,0.00000,0.00012
154.50125,0.99750,0.99992,0.00000,0.00000,0.00008
154.60126,0.99750,0.99996,0.00000,0.00000,0.00004
154.70125,0.99750,0.99995,0.00000,0.00000,0.00005
154.80125,0.99750,0.99895,0.00000,0.00000,0.00105
154.90125,0.99750,0.99789,0.00000,0.00000,0.00211
155.00125,0.99750,0.99148,0.00000,0.00000,0.00852
155.10126,0.99750,0.99602,0.00000,0.00000,0.00398
155.20125,0.99750,0.90375,0.00000,0.00001,0.09624
155.30125,0.99750,0.56177,0.00008,0.00003,0.43812
155.40125,0.99750,0.26538,0.00004,0.00001,0.73457
155.50125,0.99750,0.72209,0.00006,0.00001,0.27784
155.60126,0.99750,0.86277,0.00003,0.00000,0.13720
155.70125,0.99750,0.96218,0.00000,0.00000,0.03782
155.80125,0.99750,0.96079,0.00000,0.00000,0.03921
155.90125,0.99750,0.98037,0.00000,0.00000,0.01963
156.00125,0.99750,0.93329,0.00000,0.00000,0.06670
156.10126,0.99750,0.98487,0.00000,0.00000,0.01513
156.20125,0.99750,0.99467,0.00000,0.00000,0.00533
156.30125,0.99750,0.99741,0.00000,0.00000,0.00259
156.40125,0.99750,0.99762,0.00000,0.00000,0.00238
156.50125,0.99750,0.99902,0.00000,0.00000,0.00098
156.60126,0.99750,0.99930,0.00000,0.00000,0.00070
156.70125,0.99750,0.99979,0.00000,0.00000,0.00021
156.80125,0.99750,0.99995,0.00000,0.00000,0.00005
156.90125,0.99750,0.99996,0.00000,0.00000,0.00004
157.00125,0.99750,0.99979,0.00000,0.00000,0.00021
157.10126,0.99750,0.99898,0.00000,0.00000,0.00102
157.20125,0.99750,0.99606,0.00000,0.00000,0.00394
157.30125,0.99750,0.99960,0.00000,0.00000,0.00040
157.40125,0.99750,0.98941,0.00000,0.00000,0.01059
157.50125,0.99750,0.87804,0.00000,0.00000,0.12195
157.60126,0.99750,0.64133,0.00001,0.00004,0.35862
157.70125,0.99750,0.71349,0.00003,0.00009,0.28639
157.80125,0.99750,0.90191,0.00001,0.00001,0.09807
157.90125,0.99750,0.94139,0.00000,0.00000,0.05861
158.00125,0.99750,0.97449,0.00000,0.00000,0.02550
158.10126,0.99750,0.98687,0.00000,0.00000,0.01313
158.20125,0.99750,0.98811,0.00000,0.00000,0.01189
158.30125,0.99750,0.98987,0.00000,0.00000,0.01013
158.40125,0.99750,0.99647,0.00000,0.00000,0.00353
158.50125,0.99750,0.99805,0.00000,0.00000,0.00195
158.60126,0.99750,0.99934,0.00000,0.00000,0.00066
158.70125,0.99750,0.99931,0.00000,0.00000,0.00069
158.80125,0.99750,0.99976,0.00000,0.00000,0.00024
158.90125,0.99750,0.99987,0.00000,0.00000,0.00013
159.00125,0.99750,0.99974,0.00000,0.00000,0.00026
159.10126,0.99750,0.99925,0.00000,0.00000,0.00075
159.20125,0.99750,0.99886,0.00000,0.00000,0.00114
159.30125,0.99750,0.99924,0.00000,0.00000,0.00076
159.40125,0.99750,0.99889,0.00000,0.00000,0.00111
159.50125,0.99750,0.79738,0.00000,0.00000,0.20262
159.60126,0.99750,0.77613,0.00001,0.00000,0.22386
159.70125,0.99750,0.79305,0.00001,0.00001,0.20693
159.80125,0.99750,0.96908,0.00000,0.00000,0.03091
159.90125,0.99750,0.99656,0.00000,0.00000,0.00344
160.00125,0.99750,0.99756,0.00000,0.00000,0.00244
160.10126,0.99750,0.99820,0.00000,0.00000,0.00180
160.20125,0.99750,0.99968,0.00000,0.00000,0.00032
160.30125,0.99750,0.99989,0.00000,0.00000,0.00011
160.40125,0.99750,0.99998,0.00000,0.00000,0.00002
160.50125,0.99750,0.99998,0.00000,0.00000,0.00002
160.60126,0.99750,0.99997,0.00000,0.00000,0.00003
160.70125,0.99750,0.99998,0.00000,0.00000,0.00002
160.80125,0.99750,0.99998,0.00000,0.00000,0.00002
160.90125,0.99750,0.99999,0.00000,0.00000,0.00001
161.00125,0.99750,0.99999,0.00000,0.00000,0.00001
161.10126,0.99750,0.99998,0.00000,0.00000,0.00002
161.20125,0.99750,0.99982,0.00000,0.00000,0.00018
161.30125,0.99750,0.99926,0.00000,0.00000,0.00074
161.40125,0.99750,0.99846,0.00000,0.00000,0.00154
161.50125,0.99750,0.99887,0.00000,0.00000,0.00113
161.60126,0.99750,0.98325,0.00000,0.00000,0.01675
161.70125,0.99750,0.80467,0.00000,0.00002,0.19531
161.80125,0.99750,0.28566,0.00001,0.00005,0.71428
161.90125,0.99750,0.72762,0.00004,0.00019,0.27215
162.00125,0.99750,0.95161,0.00000,0.00003,0.04836
162.10126,0.99750,0.98726,0.00000,0.00001,0.01273
162.20125,0.99750,0.98732,0.00000,0.00000,0.01268
162.30125,0.99750,0.98442,0.00000,0.00000,0.01558
162.40125,0.99750,0.99352,0.00000,0.00000,0.00648
162.50125,0.99750,0.99628,0.00000,0.00000,0.00372
162.60126,0.99750,0.99868,0.00000,0.00000,0.00132
162.70125,0.99750,0.99956,0.00000,0.00000,0.00044
162.80125,0.99750,0.99984,0.00000,0.00000,0.00016
162.90125,0.99750,0.99971,0.00000,0.00000,0.00029
163.00125,0.99750,0.99984,0.00000,0.00000,0.00016
163.10126,0.99750,0.99997,0.00000,0.00000,0.00003
163.20125,0.99750,0.99999,0.00000,0.00000,0.00001
163.30125,0.99750,0.99999,0.00000,0.00000,0.00001
163.40125,0.99750,0.99999,0.00000,0.00000,0.00001
163.50125,0.99750,0.99983,0.00000,0.00000,0.00017
163.60126,0.99750,0.99966,0.00000,0.00000,0.00034
163.70125,0.99750,0.99757,0.00000,0.00000,0.00243
163.80125,0.99750,0.99976,0.00000,0.00000,0.00024
163.90125,0.99750,0.99527,0.00000,0.00000,0.00473
164.00125,0.99750,0.77043,0.00000,0.00000,0.22956
164.10126,0.99750,0.30982,0.00000,0.00000,0.69017
164.20125,0.99750,0.83637,0.00000,0.00001,0.16362
164.30125,0.99750,0.94770,0.00000,0.00000,0.05229
164.40125,0.99750,0.97401,0.00000,0.00000,0.02599
164.50125,0.99750,0.98060,0.00000,0.00000,0.01940
164.60126,0.99750,0.99612,0.00000,0.00000,0.00388
164.70125,0.99750,0.99869,0.00000,0.00000,0.00131
164.80125,0.99750,0.99898,0.00000,0.00000,0.00102
164.90125,0.99750,0.99955,0.00000,0.00000,0.00045
165.00125,0.99750,0.99980,0.00000,0.00000,0.00020
165.10126,0.99750,0.99982,0.00000,0.00000,0.00018
165.20125,0.99750,0.99992,0.00000,0.00000,0.00008
165.30125,0.99750,0.99996,0.00000,0.00000,0.00004
165.40125,0.99750,0.99998,0.00000,0.00000,0.00002
165.50125,0.99750,0.99998,0.00000,0.00000,0.00002
165.60126,0.99750,0.99999,0.00000,0.00000,0.00001
165.70125,0.99750,0.99998,0.00000,0.00000,0.00002
165.80125,0.99750,0.99967,0.00000,0.00000,0.00033
165.90125,0.99750,0.99955,0.00000,0.00000,0.00045
166.00125,0.99750,0.99608,0.00000,0.00000,0.00392
166.10126,0.99750,0.99965,0.00000,0.00000,0.00035
166.20125,0.99750,0.92708,0.00000,0.00000,0.07292
166.30125,0.99750,0.53664,0.00000,0.00000,0.46336
166.40125,0.99750,0.60522,0.00000,0.00001,0.39476
166.50125,0.99750,0.93591,0.00000,0.00000,0.06409
166.60126,0.99750,0.98405,0.00000,0.00000,0.01595
166.70125,0.99750,0.98596,0.00000,0.00000,0.01404
166.80125,0.99750,0.99437,0.00000,0.00000,0.00563
166.90125,0.99750,0.99419,0.00000,0.00000,0.00581
167.00125,0.99750,0.99578,0.00000,0.00000,0.00422
167.10126,0.99750,0.99918,0.00000,0.00000,0.00082
167.20125,0.99750,0.99892,0.00000,0.00000,0.00108
167.30125,0.99750,0.99943,0.00000,0.00000,0.00057
167.40125,0.99750,0.99961,0.00000,0.00000,0.00039
167.50125,0.99750,0.99976,0.00000,0.00000,0.00024
167.60126,0.99750,0.99990,0.00000,0.00000,0.00010
167.70125,0.99750,0.99996,0.00000,0.00000,0.00004
167.80125,0.99750,0.99999,0.00000,0.00000,0.00001
167.90125,0.99750,0.99999,0.00000,0.00000,0.00001
168.00125,0.99750,0.99998,0.00000,0.00000,0.00002
168.10126,0.99750,0.99997,0.00000,0.00000,0.00003
168.20125,0.99750,0.99998,0.00000,0.00000,0.00002
168.30125,0.99750,0.99998,0.00000,0.00000,0.00002
168.40125,0.99750,0.99996,0.00000,0.00000,0.00004
168.50125,0.99750,0.99997,0.00000,0.00000,0.00003
168.60126,0.99750,0.99998,0.00000,0.00000,0.00002
168.70125,0.99750,0.99997,0.00000,0.00000,0.00003
168.80125,0.99750,0.99997,0.00000,0.00000,0.00003
168.90125,0.99750,0.99997,0.00000,0.00000,0.00003
169.00125,0.99750,0.99998,0.00000,0.00000,0.00002
169.10126,0.99750,0.99998,0.00000,0.00000,0.00002
169.20125,0.99750,0.99997,0.00000,0.00000,0.00003
169.30125,0.99750,0.99996,0.00000,0.00000,0.00004
169.40125,0.99750,0.99995,0.00000,0.00000,0.00005
169.50125,0.99750,0.99992,0.00000,0.00000,0.00008
169.60126,0.99750,0.99992,0.00000,0.00000,0.00008
169.70125,0.99750,0.99992,0.00000,0.00000,0.00008
169.80125,0.99750,0.99993,0.00000,0.00000,0.00007
169.90125,0.99750,0.99993,0.00000,0.00000,0.00007
170.00125,0.99750,0.99994,0.00000,0.00000,0.00006
170.10126,0.99750,0.99994,0.00000,0.00000,0.00006
170.20125,0.99750,0.99991,0.00000,0.00000,0.00009
170.30125,0.99750,0.99989,0.00000,0.00000,0.00011
170.40125,0.99750,0.99993,0.00000,0.00000,0.00008
170.50125,0.99750,0.99991,0.00000,0.00000,0.00009
170.60126,0.99750,0.99980,0.00000,0.00000,0.00020
170.70125,0.99750,0.99957,0.00000,0.00000,0.00043
170.80125,0.99750,0.99921,0.00000,0.00000,0.00079
170.90125,0.99750,0.99822,0.00000,0.00000,0.00178
171.00125,0.99750,0.99293,0.00000,0.00000,0.00707
171.10126,0.99750,0.98586,0.00000,0.00001,0.01413
171.20125,0.99750,0.94152,0.00000,0.00000,0.05848
171.30125,0.99750,0.99294,0.00000,0.00009,0.00696
171.40125,0.99750,0.98184,0.00000,0.00111,0.01705
171.50125,0.99750,0.59791,0.00001,0.00031,0.40177
171.60126,0.99750,0.49886,0.00001,0.00015,0.50099
171.70125,0.99750,0.91911,0.00001,0.00002,0.08086
171.80125,0.99750,0.96349,0.00000,0.00000,0.03651
171.90125,0.99750,0.95880,0.00000,0.00000,0.04120
172.00125,0.99750,0.99323,0.00000,0.00000,0.00677
172.10126,0.99750,0.99527,0.00000,0.00000,0.00473
172.20125,0.99750,0.98689,0.00000,0.00000,0.01311
172.30125,0.99750,0.99014,0.00000,0.00000,0.00986
172.40125,0.99750,0.99761,0.00000,0.00000,0.00239
172.50125,0.99750,0.99939,0.00000,0.00000,0.00061
172.60126,0.99750,0.99937,0.00000,0.00000,0.00063
172.70125,0.99750,0.99959,0.00000,0.00000,0.00041
172.80125,0.99750,0.99975,0.00000,0.00000,0.00025
172.90125,0.99750,0.99982,0.00000,0.00000,0.00018
173.00125,0.99750,0.99995,0.00000,0.00000,0.00005
173.10126,0.99750,0.99996,0.00000,0.00000,0.00004
173.20125,0.99750,0.99984,0.00000,0.00000,0.00016
173.30125,0.99750,0.99896,0.00000,0.00000,0.00104
173.40125,0.99750,0.99603,0.00000,0.00000,0.00397
173.50125,0.99750,0.99889,0.00000,0.00000,0.00111
173.60126,0.99750,0.99684,0.00000,0.00000,0.00316
173.70125,0.99750,0.80873,0.00001,0.00002,0.19124
173.80125,0.99750,0.46679,0.00002,0.00008,0.53311
173.90125,0.99750,0.65558,0.00005,0.00007,0.34430
174.00125,0.99750,0.92544,0.00001,0.00001,0.07454
174.10126,0.99750,0.96648,0.00000,0.00000,0.03352
174.20125,0.99750,0.97353,0.00000,0.00000,0.02647
174.30125,0.99750,0.96887,0.00000,0.00000,0.03113
174.40125,0.99750,0.96024,0.00000,0.00001,0.03976
174.50125,0.99750,0.97960,0.00000,0.00000,0.02039
174.60126,0.99750,0.97657,0.00000,0.00000,0.02343
174.70125,0.99750,0.99327,0.00000,0.00000,0.00673
174.80125,0.99750,0.99492,0.00000,0.00000,0.00508
174.90125,0.99750,0.99760,0.00000,0.00000,0.00240
175.00125,0.99750,0.99871,0.00000,0.00000,0.00129
175.10126,0.99750,0.99967,0.00000,0.00000,0.00033
175.20125,0.99750,0.99995,0.00000,0.00000,0.00005
175.30125,0.99750,0.99998,0.00000,0.00000,0.00002
175.40125,0.99750,0.99998,0.00000,0.00000,0.00002
175.50125,0.99750,0.99995,0.00000,0.00000,0.00005
175.60126,0.99750,0.99963,0.00000,0.00000,0.00037
175.70125,0.99750,0.99930,0.00000,0.00000,0.00070
175.80125,0.99750,0.99963,0.00000,0.00000,0.00037
175.90125,0.99750,0.99668,0.00000,0.00000,0.00332
176.00125,0.99750,0.92991,0.00000,0.00001,0.07009
176.10126,0.99750,0.46009,0.00000,0.00007,0.53984
176.20125,0.99750,0.67628,0.00002,0.00030,0.32339
176.30125,0.99750,0.82233,0.00001,0.00005,0.17762
176.40125,0.99750,0.97609,0.00000,0.00000,0.02391
176.50125,0.99750,0.97504,0.00000,0.00000,0.02496
176.60126,0.99750,0.98215,0.00000,0.00000,0.01785
176.70125,0.99750,0.99515,0.00000,0.00000,0.00485
176.80125,0.99750,0.99837,0.00000,0.00000,0.00163
176.90125,0.99750,0.99945,0.00000,0.00000,0.00055
177.00125,0.99750,0.99980,0.00000,0.00000,0.00020
177.10126,0.99750,0.99994,0.00000,0.00000,0.00006
177.20125,0.99750,0.99995,0.00000,0.00000,0.00005
177.30125,0.99750,0.99993,0.00000,0.00000,0.00007
177.40125,0.99750,0.99997,0.00000,0.00000,0.00003
177.50125,0.99750,0.99999,0.00000,0.00000,0.00001
177.60126,0.99750,0.99999,0.00000,0.00000,0.00001
177.70125,0.99750,0.99999,0.00000,0.00000,0.00001
177.80125,0.99750,0.99999,0.00000,0.00000,0.00001
177.90125,0.99750,0.99999,0.00000,0.00000,0.00001
178.00125,0.99750,0.99999,0.00000,0.00000,0.00001
178.10126,0.99750,0.99999,0.00000,0.00000,0.00001
178.20125,0.99750,0.99996,0.00000,0.00000,0.00004
178.30125,0.99750,0.99959,0.00000,0.00000,0.00041
178.40125,0.99750,0.99885,0.00000,0.00000,0.00115
178.50125,0.99750,0.99918,0.00000,0.00000,0.00082
178.60126,0.99750,0.99837,0.00000,0.00000,0.00162
178.70125,0.99750,0.96321,0.00000,0.00000,0.03679
178.80125,0.99750,0.67756,0.00007,0.00003,0.32233
178.90125,0.99750,0.53751,0.00009,0.00007,0.46233
179.00125,0.99750,0.83483,0.00001,0.00001,0.16516
179.10126,0.99750,0.96908,0.00000,0.00000,0.03092
179.20125,0.99750,0.99160,0.00000,0.00000,0.00840
179.30125,0.99750,0.99676,0.00000,0.00000,0.00324
179.40125,0.99750,0.99871,0.00000,0.00000,0.00129
179.50125,0.99750,0.99956,0.00000,0.00000,0.00044
179.60126,0.99750,0.99976,0.00000,0.00000,0.00024
179.70125,0.99750,0.99992,0.00000,0.00000,0.00008
179.80125,0.99750,0.99997,0.00000,0.00000,0.00003
179.90125,0.99750,0.99996,0.00000,0.00000,0.00004
180.00125,0.99750,0.99997,0.00000,0.00000,0.00003
180.10126,0.99750,0.99995,0.00000,0.00000,0.00005
180.20125,0.99750,0.99997,0.00000,0.00000,0.00003
180.30125,0.99750,0.99997,0.00000,0.00000,0.00003
180.40125,0.99750,0.99998,0.00000,0.00000,0.00002
180.50125,0.99750,0.99998,0.00000,0.00000,0.00002
180.60126,0.99750,0.99993,0.00000,0.00000,0.00007
180.70125,0.99750,0.99908,0.00000,0.00000,0.00092
180.80125,0.99750,0.99809,0.00000,0.00000,0.00191
180.90125,0.99750,0.94867,0.00000,0.00000,0.05133
181.00125,0.99750,0.99935,0.00000,0.00000,0.00065
181.10126,0.99750,0.92259,0.00000,0.00002,0.07739
181.20125,0.99750,0.76804,0.00001,0.00036,0.23160
181.30125,0.99750,0.57621,0.00001,0.00037,0.42341
181.40125,0.99750,0.83810,0.00000,0.00002,0.16187
181.50125,0.99750,0.95879,0.00000,0.00000,0.04121
181.60126,0.99750,0.98702,0.00000,0.00000,0.01298
181.70125,0.99750,0.99053,0.00000,0.00000,0.00947
181.80125,0.99750,0.99662,0.00000,0.00000,0.00338
181.90125,0.99750,0.99751,0.00000,0.00000,0.00249
182.00125,0.99750,0.99843,0.00000,0.00000,0.00157
182.10126,0.99750,0.99878,0.00000,0.00000,0.00122
182.20125,0.99750,0.99894,0.00000,0.00000,0.00106
182.30125,0.99750,0.99528,0.00000,0.00000,0.00472
182.40125,0.99750,0.99026,0.00000,0.00000,0.00974
182.50125,0.99750,0.98614,0.00000,0.00000,0.01386
182.60126,0.99750,0.99051,0.00000,0.00000,0.00949
182.70125,0.99750,0.99208,0.00000,0.00000,0.00792
