Time (seconds), Duration (seconds),pred_(unlabeled),pred_Jab_R,pred_Sidehook_R,pred_Uppercut_R
0.00125,0.99750,1.00000,0.00000,0.00000,0.00000
0.10125,0.99750,1.00000,0.00000,0.00000,0.00000
0.20125,0.99750,1.00000,0.00000,0.00000,0.00000
0.30125,0.99750,1.00000,0.00000,0.00000,0.00000
0.40125,0.99750,1.00000,0.00000,0.00000,0.00000
0.50125,0.99750,1.00000,0.00000,0.00000,0.00000
0.60125,0.99750,1.00000,0.00000,0.00000,0.00000
0.70125,0.99750,1.00000,0.00000,0.00000,0.00000
0.80125,0.99750,0.99999,0.00000,0.00000,0.00001
0.90125,0.99750,0.99999,0.00000,0.00000,0.00001
1.00125,0.99750,1.00000,0.00000,0.00000,0.00000
1.10125,0.99750,1.00000,0.00000,0.00000,0.00000
1.20125,0.99750,1.00000,0.00000,0.00000,0.00000
1.30125,0.99750,1.00000,0.00000,0.00000,0.00000
1.40125,0.99750,1.00000,0.00000,0.00000,0.00000
1.50125,0.99750,1.00000,0.00000,0.00000,0.00000
1.60125,0.99750,1.00000,0.00000,0.00000,0.00000
1.70125,0.99750,0.99998,0.00000,0.00000,0.00002
1.80125,0.99750,0.99999,0.00000,0.00000,0.00001
1.90125,0.99750,0.99998,0.00001,0.00000,0.00000
2.00125,0.99750,0.99974,0.00026,0.00000,0.00001
2.10125,0.99750,0.99334,0.00663,0.00002,0.00001
2.20125,0.99750,0.77637,0.22255,0.00104,0.00004
2.30125,0.99750,0.18720,0.80879,0.00397,0.00004
2.40125,0.99750,0.47578,0.52222,0.00196,0.00004
2.50125,0.99750,0.97196,0.02795,0.00009,0.00001
2.60125,0.99750,0.99744,0.00253,0.00002,0.00001
2.70125,0.99750,0.99984,0.00015,0.00001,0.00000
2.80125,0.99750,0.99998,0.00001,0.00000,0.00001
2.90125,0.99750,0.99999,0.00000,0.00000,0.00001
3.00125,0.99750,0.99999,0.00000,0.00000,0.00001
3.10125,0.99750,1.00000,0.00000,0.00000,0.00000
3.20125,0.99750,1.00000,0.00000,0.00000,0.00000
3.30125,0.99750,1.00000,0.00000,0.00000,0.00000
3.40125,0.99750,0.99999,0.00000,0.00000,0.00001
3.50125,0.99750,0.99997,0.00000,0.00000,0.00003
3.60125,0.99750,0.99999,0.00000,0.00000,0.00001
3.70125,0.99750,0.99995,0.00005,0.00000,0.00000
3.80125,0.99750,0.99854,0.00145,0.00000,0.00001
3.90125,0.99750,0.96001,0.03990,0.00008,0.00002
4.00125,0.99750,0.36779,0.63019,0.00199,0.00003
4.10125,0.99750,0.10812,0.88937,0.00248,0.00003
4.20125,0.99750,0.77725,0.22226,0.00047,0.00002
4.30125,0.99750,0.98558,0.01439,0.00002,0.00001
4.40125,0.99750,0.99921,0.00078,0.00000,0.00000
4.50125,0.99750,0.99995,0.00005,0.00000,0.00000
4.60125,0.99750,0.99998,0.00001,0.00000,0.00001
4.70125,0.99750,0.99999,0.00000,0.00000,0.00001
4.80125,0.99750,0.99999,0.00000,0.00000,0.00001
4.90125,0.99750,1.00000,0.00000,0.00000,0.00000
5.00125,0.99750,1.00000,0.00000,0.00000,0.00000
5.10125,0.99750,1.00000,0.00000,0.00000,0.00000
5.20125,0.99750,0.99999,0.00000,0.00000,0.00001
5.30125,0.99750,0.99999,0.00000,0.00000,0.00001
5.40125,0.99750,1.00000,0.00000,0.00000,0.00000
5.50125,0.99750,0.99996,0.00003,0.00000,0.00000
5.60125,0.99750,0.99917,0.00082,0.00000,0.00001
5.70125,0.99750,0.97088,0.02908,0.00002,0.00002
5.80125,0.99750,0.47156,0.52785,0.00054,0.00006
5.90125,0.99750,0.11090,0.88833,0.00074,0.00003
6.00125,0.99750,0.78485,0.21486,0.00026,0.00003
6.10125,0.99750,0.98312,0.01684,0.00002,0.00002
6.20125,0.99750,0.99855,0.00142,0.00003,0.00001
6.30125,0.99750,0.99993,0.00007,0.00000,0.00001
6.40125,0.99750,0.99997,0.00000,0.00000,0.00003
6.50125,0.99750,0.99998,0.00000,0.00000,0.00002
6.60125,0.99750,0.99999,0.00000,0.00000,0.00001
6.70125,0.99750,1.00000,0.00000,0.00000,0.00000
6.80125,0.99750,1.00000,0.00000,0.00000,0.00000
6.90125,0.99750,1.00000,0.00000,0.00000,0.00000
7.00125,0.99750,1.00000,0.00000,0.00000,0.00000
7.10125,0.99750,0.99999,0.00000,0.00000,0.00001
7.20125,0.99750,0.99998,0.00000,0.00000,0.00001
7.30125,0.99750,0.99998,0.00001,0.00000,0.00000
7.40125,0.99750,0.99977,0.00022,0.00000,0.00001
7.50125,0.99750,0.99403,0.00595,0.00000,0.00001
7.60125,0.99750,0.83936,0.16048,0.00012,0.00004
7.70125,0.99750,0.11152,0.88767,0.00078,0.00003
7.80125,0.99750,0.23915,0.76039,0.00042,0.00003
7.90125,0.99750,0.93508,0.06486,0.00004,0.00001
8.00125,0.99750,0.99690,0.00309,0.00000,0.00001
8.10125,0.99750,0.99969,0.00030,0.00001,0.00000
8.20125,0.99750,0.99998,0.00001,0.00000,0.00000
8.30125,0.99750,0.99999,0.00000,0.00000,0.00001
8.40125,0.99750,0.99999,0.00000,0.00000,0.00001
8.50125,0.99750,1.00000,0.00000,0.00000,0.00000
8.60125,0.99750,1.00000,0.00000,0.00000,0.00000
8.70125,0.99750,1.00000,0.00000,0.00000,0.00000
8.80125,0.99750,0.99999,0.00000,0.00000,0.00001
8.90125,0.99750,0.99997,0.00000,0.00000,0.00003
9.00125,0.99750,0.99999,0.00001,0.00000,0.00000
9.10125,0.99750,0.99987,0.00012,0.00000,0.00001
9.20125,0.99750,0.99682,0.00317,0.00000,0.00001
9.30125,0.99750,0.91523,0.08466,0.00009,0.00003
9.40125,0.99750,0.20330,0.79555,0.00112,0.00003
9.50125,0.99750,0.16073,0.83817,0.00107,0.00003
9.60125,0.99750,0.88677,0.11296,0.00025,0.00002
9.70125,0.99750,0.99542,0.00456,0.00001,0.00001
9.80125,0.99750,0.99965,0.00035,0.00000,0.00000
9.90125,0.99750,0.99998,0.00001,0.00000,0.00000
10.00125,0.99750,0.99999,0.00000,0.00000,0.00001
10.10125,0.99750,1.00000,0.00000,0.00000,0.00000
10.20125,0.99750,1.00000,0.00000,0.00000,0.00000
10.30125,0.99750,1.00000,0.00000,0.00000,0.00000
10.40125,0.99750,1.00000,0.00000,0.00000,0.00000
10.50125,0.99750,1.00000,0.00000,0.00000,0.00000
10.60125,0.99750,0.99998,0.00000,0.00000,0.00002
10.70125,0.99750,1.00000,0.00000,0.00000,0.00000
10.80125,0.99750,0.99998,0.00002,0.00000,0.00000
10.90125,0.99750,0.99946,0.00054,0.00000,0.00000
11.00125,0.99750,0.98081,0.01917,0.00001,0.00001
11.10125,0.99750,0.48175,0.51790,0.00034,0.00002
11.20125,0.99750,0.12921,0.87031,0.00047,0.00001
11.30125,0.99750,0.79515,0.20466,0.00018,0.00001
11.40125,0.99750,0.99414,0.00584,0.00001,0.00000
11.50125,0.99750,0.99968,0.00031,0.00000,0.00000
11.60125,0.99750,0.99998,0.00001,0.00000,0.00000
11.70125,0.99750,0.99999,0.00000,0.00000,0.00000
11.80125,0.99750,1.00000,0.00000,0.00000,0.00000
11.90125,0.99750,1.00000,0.00000,0.00000,0.00000
12.00125,0.99750,1.00000,0.00000,0.00000,0.00000
12.10125,0.99750,1.00000,0.00000,0.00000,0.00000
12.20125,0.99750,1.00000,0.00000,0.00000,0.00000
12.30125,0.99750,1.00000,0.00000,0.00000,0.00000
12.40125,0.99750,0.99999,0.00000,0.00000,0.00001
12.50125,0.99750,0.99996,0.00000,0.00000,0.00004
12.60125,0.99750,0.99996,0.00000,0.00000,0.00003
12.70125,0.99750,0.99994,0.00003,0.00000,0.00002
12.80125,0.99750,0.99927,0.00070,0.00000,0.00003
12.90125,0.99750,0.98094,0.01897,0.00003,0.00006
13.00125,0.99750,0.63638,0.36255,0.00095,0.00012
13.10125,0.99750,0.06951,0.92776,0.00265,0.00007
13.20125,0.99750,0.58302,0.41549,0.00139,0.00011
13.30125,0.99750,0.97728,0.02261,0.00008,0.00003
13.40125,0.99750,0.99877,0.00122,0.00000,0.00001
13.50125,0.99750,0.99985,0.00014,0.00001,0.00000
13.60125,0.99750,0.99999,0.00000,0.00000,0.00000
13.70125,0.99750,0.99999,0.00000,0.00000,0.00001
13.80125,0.99750,1.00000,0.00000,0.00000,0.00000
13.90125,0.99750,1.00000,0.00000,0.00000,0.00000
14.00125,0.99750,1.00000,0.00000,0.00000,0.00000
14.10125,0.99750,0.99999,0.00000,0.00000,0.00001
14.20125,0.99750,0.99996,0.00000,0.00000,0.00004
14.30125,0.99750,0.99998,0.00001,0.00000,0.00001
14.40125,0.99750,0.99994,0.00005,0.00000,0.00001
14.50125,0.99750,0.99881,0.00116,0.00000,0.00003
14.60125,0.99750,0.97225,0.02766,0.00002,0.00006
14.70125,0.99750,0.27182,0.72756,0.00044,0.00018
14.80125,0.99750,0.21609,0.78336,0.00046,0.00009
14.90125,0.99750,0.88791,0.11198,0.00006,0.00005
15.00125,0.99750,0.99693,0.00306,0.00000,0.00001
15.10125,0.99750,0.99985,0.00015,0.00000,0.00001
15.20125,0.99750,0.99999,0.00001,0.00000,0.00000
15.30125,0.99750,0.99999,0.00000,0.00000,0.00001
15.40125,0.99750,1.00000,0.00000,0.00000,0.00000
15.50125,0.99750,1.00000,0.00000,0.00000,0.00000
15.60125,0.99750,1.00000,0.00000,0.00000,0.00000
15.70125,0.99750,1.00000,0.00000,0.00000,0.00000
15.80125,0.99750,1.00000,0.00000,0.00000,0.00000
15.90125,0.99750,0.99999,0.00000,0.00000,0.00001
16.00125,0.99750,0.99999,0.00000,0.00000,0.00001
16.10125,0.99750,0.99997,0.00003,0.00000,0.00000
16.20125,0.99750,0.99934,0.00065,0.00000,0.00001
16.30125,0.99750,0.98449,0.01549,0.00001,0.00001
16.40125,0.99750,0.67116,0.32841,0.00041,0.00002
16.50125,0.99750,0.10210,0.89667,0.00121,0.00002
16.60125,0.99750,0.33469,0.66426,0.00103,0.00002
16.70125,0.99750,0.96077,0.03913,0.00010,0.00001
16.80125,0.99750,0.99812,0.00187,0.00001,0.00001
16.90125,0.99750,0.99982,0.00017,0.00001,0.00000
17.00125,0.99750,0.99999,0.00001,0.00000,0.00000
17.10125,0.99750,0.99999,0.00000,0.00000,0.00001
17.20125,0.99750,1.00000,0.00000,0.00000,0.00000
17.30125,0.99750,1.00000,0.00000,0.00000,0.00000
17.40125,0.99750,1.00000,0.00000,0.00000,0.00000
17.50125,0.99750,0.99999,0.00000,0.00000,0.00001
17.60125,0.99750,0.99998,0.00000,0.00000,0.00002
17.70125,0.99750,0.99997,0.00002,0.00000,0.00000
17.80125,0.99750,0.99951,0.00049,0.00000,0.00000
17.90125,0.99750,0.98958,0.01041,0.00000,0.00001
18.00125,0.99750,0.77907,0.22087,0.00005,0.00001
18.10125,0.99750,0.09093,0.90876,0.00030,0.00001
18.20125,0.99750,0.17124,0.82844,0.00031,0.00001
18.30125,0.99750,0.91910,0.08084,0.00005,0.00001
18.40125,0.99750,0.99618,0.00381,0.00001,0.00000
18.50125,0.99750,0.99981,0.00019,0.00001,0.00000
18.60125,0.99750,0.99999,0.00001,0.00000,0.00000
18.70125,0.99750,0.99999,0.00000,0.00000,0.00001
18.80125,0.99750,1.00000,0.00000,0.00000,0.00000
18.90125,0.99750,1.00000,0.00000,0.00000,0.00000
19.00125,0.99750,1.00000,0.00000,0.00000,0.00000
19.10125,0.99750,1.00000,0.00000,0.00000,0.00000
19.20125,0.99750,0.99997,0.00000,0.00000,0.00003
19.30125,0.99750,1.00000,0.00000,0.00000,0.00000
19.40125,0.99750,0.99997,0.00002,0.00000,0.00000
19.50125,0.99750,0.99946,0.00054,0.00000,0.00000
19.60125,0.99750,0.98830,0.01168,0.00001,0.00001
19.70125,0.99750,0.48086,0.51887,0.00023,0.00004
19.80125,0.99750,0.34586,0.65384,0.00026,0.00004
19.90125,0.99750,0.84542,0.15447,0.00008,0.00003
20.00125,0.99750,0.99739,0.00260,0.00000,0.00001
20.10125,0.99750,0.99985,0.00014,0.00000,0.00000
20.20125,0.99750,0.99999,0.00001,0.00000,0.00000
20.30125,0.99750,0.99999,0.00000,0.00000,0.00000
20.40125,0.99750,1.00000,0.00000,0.00000,0.00000
20.50125,0.99750,1.00000,0.00000,0.00000,0.00000
20.60125,0.99750,1.00000,0.00000,0.00000,0.00000
20.70125,0.99750,0.99998,0.00000,0.00000,0.00002
20.80125,0.99750,0.99997,0.00000,0.00000,0.00003
20.90125,0.99750,0.99997,0.00002,0.00000,0.00001
21.00125,0.99750,0.99972,0.00027,0.00000,0.00001
21.10125,0.99750,0.99340,0.00656,0.00000,0.00003
21.20125,0.99750,0.86091,0.13885,0.00017,0.00006
21.30125,0.99750,0.14734,0.85124,0.00135,0.00007
21.40125,0.99750,0.19246,0.80633,0.00115,0.00006
21.50125,0.99750,0.91985,0.07995,0.00017,0.00003
21.60125,0.99750,0.99528,0.00470,0.00001,0.00001
21.70125,0.99750,0.99969,0.00029,0.00002,0.00000
21.80125,0.99750,0.99999,0.00001,0.00000,0.00000
21.90125,0.99750,0.99999,0.00000,0.00000,0.00001
22.00125,0.99750,0.99999,0.00000,0.00000,0.00001
22.10125,0.99750,0.99999,0.00000,0.00000,0.00001
22.20125,0.99750,0.99999,0.00000,0.00000,0.00001
22.30125,0.99750,0.99999,0.00000,0.00000,0.00001
22.40125,0.99750,0.99999,0.00001,0.00000,0.00001
22.50125,0.99750,0.99990,0.00010,0.00000,0.00001
22.60125,0.99750,0.99769,0.00228,0.00000,0.00002
22.70125,0.99750,0.93972,0.06012,0.00011,0.00005
22.80125,0.99750,0.13650,0.86211,0.00133,0.00006
22.90125,0.99750,0.21329,0.78540,0.00126,0.00005
23.00125,0.99750,0.92197,0.07782,0.00018,0.00003
23.10125,0.99750,0.99616,0.00381,0.00001,0.00001
23.20125,0.99750,0.99970,0.00029,0.00000,0.00000
23.30125,0.99750,0.99999,0.00001,0.00000,0.00000
23.40125,0.99750,0.99999,0.00000,0.00000,0.00001
23.50125,0.99750,1.00000,0.00000,0.00000,0.00000
23.60125,0.99750,1.00000,0.00000,0.00000,0.00000
23.70125,0.99750,1.00000,0.00000,0.00000,0.00000
23.80125,0.99750,0.99998,0.00000,0.00000,0.00002
23.90125,0.99750,0.99995,0.00000,0.00000,0.00005
24.00125,0.99750,0.99996,0.00002,0.00000,0.00002
24.10125,0.99750,0.99966,0.00031,0.00000,0.00003
24.20125,0.99750,0.99213,0.00777,0.00001,0.00009
24.30125,0.99750,0.78874,0.21073,0.00034,0.00019
24.40125,0.99750,0.14575,0.85252,0.00158,0.00015
24.50125,0.99750,0.27613,0.72219,0.00149,0.00018
24.60125,0.99750,0.87602,0.12370,0.00020,0.00008
24.70125,0.99750,0.99396,0.00600,0.00001,0.00004
24.80125,0.99750,0.99954,0.00044,0.00001,0.00001
24.90125,0.99750,0.99998,0.00001,0.00000,0.00000
25.00125,0.99750,0.99999,0.00000,0.00000,0.00001
25.10125,0.99750,0.99999,0.00000,0.00000,0.00001
25.20125,0.99750,1.00000,0.00000,0.00000,0.00000
25.30125,0.99750,1.00000,0.00000,0.00000,0.00000
25.40125,0.99750,1.00000,0.00000,0.00000,0.00000
25.50125,0.99750,1.00000,0.00000,0.00000,0.00000
25.60125,0.99750,0.99999,0.00000,0.00000,0.00001
25.70125,0.99750,1.00000,0.00000,0.00000,0.00000
25.80125,0.99750,0.99998,0.00001,0.00000,0.00000
25.90125,0.99750,0.99975,0.00025,0.00000,0.00000
26.00125,0.99750,0.99268,0.00731,0.00000,0.00001
26.10125,0.99750,0.86402,0.13581,0.00016,0.00001
26.20125,0.99750,0.14118,0.85800,0.00079,0.00002
26.30125,0.99750,0.48379,0.51555,0.00063,0.00003
26.40125,0.99750,0.97798,0.02195,0.00006,0.00001
26.50125,0.99750,0.99831,0.00168,0.00001,0.00001
26.60125,0.99750,0.99975,0.00023,0.00001,0.00000
26.70125,0.99750,0.99999,0.00001,0.00000,0.00000
26.80125,0.99750,0.99999,0.00000,0.00000,0.00001
26.90125,0.99750,0.99999,0.00000,0.00000,0.00001
27.00125,0.99750,1.00000,0.00000,0.00000,0.00000
27.10125,0.99750,1.00000,0.00000,0.00000,0.00000
27.20125,0.99750,0.99999,0.00000,0.00000,0.00001
27.30125,0.99750,0.99997,0.00000,0.00000,0.00003
27.40125,0.99750,0.99997,0.00000,0.00000,0.00003
27.50125,0.99750,0.99995,0.00004,0.00000,0.00001
27.60125,0.99750,0.99919,0.00080,0.00000,0.00001
27.70125,0.99750,0.97658,0.02337,0.00003,0.00002
27.80125,0.99750,0.63715,0.36199,0.00083,0.00003
27.90125,0.99750,0.18957,0.80738,0.00303,0.00003
28.00125,0.99750,0.16680,0.83080,0.00237,0.00002
28.10125,0.99750,0.86061,0.13912,0.00026,0.00001
28.20125,0.99750,0.99171,0.00826,0.00001,0.00001
28.30125,0.99750,0.99939,0.00058,0.00003,0.00000
28.40125,0.99750,0.99998,0.00001,0.00000,0.00000
28.50125,0.99750,0.99999,0.00000,0.00000,0.00001
28.60125,0.99750,0.99999,0.00000,0.00000,0.00001
28.70125,0.99750,0.99998,0.00000,0.00000,0.00001
28.80125,0.99750,0.99998,0.00000,0.00000,0.00002
28.90125,0.99750,0.99999,0.00000,0.00000,0.00001
29.00125,0.99750,0.99998,0.00001,0.00000,0.00000
29.10125,0.99750,0.99972,0.00028,0.00000,0.00000
29.20125,0.99750,0.99495,0.00504,0.00001,0.00001
29.30125,0.99750,0.89409,0.10568,0.00021,0.00002
29.40125,0.99750,0.10802,0.89042,0.00154,0.00001
29.50125,0.99750,0.27378,0.72496,0.00125,0.00001
29.60125,0.99750,0.93626,0.06366,0.00007,0.00001
29.70125,0.99750,0.99691,0.00309,0.00000,0.00000
29.80125,0.99750,0.99977,0.00022,0.00000,0.00000
29.90125,0.99750,0.99999,0.00001,0.00000,0.00000
30.00125,0.99750,1.00000,0.00000,0.00000,0.00000
30.10125,0.99750,0.99999,0.00000,0.00000,0.00001
30.20125,0.99750,0.99999,0.00000,0.00000,0.00001
30.30125,0.99750,0.99999,0.00000,0.00000,0.00001
30.40125,0.99750,0.99994,0.00000,0.00000,0.00006
30.50125,0.99750,0.99998,0.00001,0.00000,0.00001
30.60125,0.99750,0.99977,0.00023,0.00000,0.00001
30.70125,0.99750,0.99537,0.00462,0.00000,0.00001
30.80125,0.99750,0.89982,0.09999,0.00018,0.00001
30.90125,0.99750,0.21306,0.78436,0.00258,0.00001
31.00125,0.99750,0.12125,0.87467,0.00407,0.00001
31.10125,0.99750,0.47195,0.52694,0.00110,0.00001
31.20125,0.99750,0.89241,0.10738,0.00020,0.00001
31.30125,0.99750,0.99477,0.00520,0.00002,0.00001
31.40125,0.99750,0.99974,0.00024,0.00002,0.00000
31.50125,0.99750,0.99998,0.00001,0.00000,0.00001
31.60125,0.99750,0.99998,0.00000,0.00000,0.00002
31.70125,0.99750,0.99997,0.00000,0.00000,0.00003
31.80125,0.99750,0.99997,0.00000,0.00000,0.00003
31.90125,0.99750,0.99995,0.00000,0.00000,0.00005
32.00125,0.99750,0.99997,0.00001,0.00000,0.00003
32.10125,0.99750,0.99994,0.00005,0.00000,0.00001
32.20125,0.99750,0.99915,0.00084,0.00000,0.00001
32.30125,0.99750,0.97798,0.02194,0.00006,0.00001
32.40125,0.99750,0.57637,0.42164,0.00198,0.00002
32.50125,0.99750,0.11590,0.87581,0.00828,0.00001
32.60125,0.99750,0.10774,0.88527,0.00698,0.00001
32.70125,0.99750,0.75343,0.24509,0.00147,0.00001
32.80125,0.99750,0.97979,0.02007,0.00012,0.00001
32.90125,0.99750,0.99872,0.00119,0.00009,0.00000
33.00125,0.99750,0.99997,0.00002,0.00000,0.00000
33.10125,0.99750,0.99999,0.00000,0.00000,0.00001
33.20125,0.99750,0.99998,0.00000,0.00000,0.00002
33.30125,0.99750,0.99998,0.00000,0.00000,0.00002
33.40125,0.99750,0.99997,0.00000,0.00000,0.00003
33.50125,0.99750,0.99998,0.00000,0.00000,0.00002
33.60125,0.99750,0.99998,0.00002,0.00000,0.00000
33.70125,0.99750,0.99972,0.00027,0.00000,0.00001
33.80125,0.99750,0.99290,0.00707,0.00001,0.00002
33.90125,0.99750,0.78174,0.21792,0.00029,0.00005
34.00125,0.99750,0.14283,0.85600,0.00114,0.00003
34.10125,0.99750,0.21220,0.78636,0.00141,0.00003
34.20125,0.99750,0.93437,0.06551,0.00010,0.00001
34.30125,0.99750,0.99600,0.00398,0.00001,0.00001
34.40125,0.99750,0.99952,0.00046,0.00002,0.00000
34.50125,0.99750,0.99998,0.00002,0.00000,0.00000
34.60125,0.99750,0.99997,0.00000,0.00000,0.00003
34.70125,0.99750,0.99999,0.00000,0.00000,0.00001
34.80125,0.99750,1.00000,0.00000,0.00000,0.00000
34.90125,0.99750,1.00000,0.00000,0.00000,0.00000
35.00125,0.99750,1.00000,0.00000,0.00000,0.00000
35.10125,0.99750,1.00000,0.00000,0.00000,0.00000
35.20125,0.99750,1.00000,0.00000,0.00000,0.00000
35.30125,0.99750,1.00000,0.00000,0.00000,0.00000
35.40125,0.99750,1.00000,0.00000,0.00000,0.00000
35.50125,0.99750,1.00000,0.00000,0.00000,0.00000
35.60125,0.99750,1.00000,0.00000,0.00000,0.00000
35.70125,0.99750,1.00000,0.00000,0.00000,0.00000
35.80125,0.99750,1.00000,0.00000,0.00000,0.00000
35.90125,0.99750,1.00000,0.00000,0.00000,0.00000
36.00125,0.99750,1.00000,0.00000,0.00000,0.00000
36.10125,0.99750,1.00000,0.00000,0.00000,0.00000
36.20125,0.99750,0.99999,0.00000,0.00000,0.00001
36.30125,0.99750,0.99999,0.00000,0.00000,0.00001
36.40125,0.99750,0.99997,0.00003,0.00000,0.00001
36.50125,0.99750,0.99932,0.00066,0.00000,0.00001
36.60125,0.99750,0.98322,0.01671,0.00004,0.00003
36.70125,0.99750,0.60769,0.39062,0.00163,0.00006
36.80125,0.99750,0.07597,0.92050,0.00349,0.00004
36.90125,0.99750,0.35988,0.63822,0.00185,0.00005
37.00125,0.99750,0.95957,0.04027,0.00015,0.00002
37.10125,0.99750,0.99795,0.00203,0.00001,0.00002
37.20125,0.99750,0.99979,0.00020,0.00001,0.00000
37.30125,0.99750,0.99999,0.00001,0.00000,0.00000
37.40125,0.99750,0.99999,0.00000,0.00000,0.00001
37.50125,0.99750,0.99999,0.00000,0.00000,0.00001
37.60125,0.99750,0.99999,0.00000,0.00000,0.00001
37.70125,0.99750,0.99999,0.00000,0.00000,0.00001
37.80125,0.99750,0.99998,0.00000,0.00000,0.00002
37.90125,0.99750,0.99996,0.00004,0.00000,0.00000
38.00125,0.99750,0.99898,0.00101,0.00000,0.00001
38.10125,0.99750,0.97798,0.02201,0.00000,0.00001
38.20125,0.99750,0.68851,0.31135,0.00012,0.00001
38.30125,0.99750,0.11014,0.88938,0.00047,0.00001
38.40125,0.99750,0.29232,0.70732,0.00035,0.00001
38.50125,0.99750,0.93816,0.06178,0.00005,0.00001
38.60125,0.99750,0.99751,0.00248,0.00000,0.00000
38.70125,0.99750,0.99980,0.00019,0.00001,0.00000
38.80125,0.99750,0.99999,0.00001,0.00000,0.00000
38.90125,0.99750,0.99999,0.00000,0.00000,0.00001
39.00125,0.99750,1.00000,0.00000,0.00000,0.00000
39.10125,0.99750,1.00000,0.00000,0.00000,0.00000
39.20125,0.99750,1.00000,0.00000,0.00000,0.00000
39.30125,0.99750,1.00000,0.00000,0.00000,0.00000
39.40125,0.99750,1.00000,0.00000,0.00000,0.00000
39.50125,0.99750,1.00000,0.00000,0.00000,0.00000
39.60125,0.99750,1.00000,0.00000,0.00000,0.00000
39.70125,0.99750,1.00000,0.00000,0.00000,0.00000
39.80125,0.99750,1.00000,0.00000,0.00000,0.00000
39.90125,0.99750,0.99999,0.00000,0.00000,0.00001
40.00125,0.99750,0.99998,0.00000,0.00000,0.00002
40.10125,0.99750,0.99999,0.00001,0.00000,0.00000
40.20125,0.99750,0.99982,0.00017,0.00000,0.00001
40.30125,0.99750,0.99559,0.00439,0.00000,0.00001
40.40125,0.99750,0.89509,0.10473,0.00016,0.00002
40.50125,0.99750,0.09854,0.90017,0.00127,0.00002
40.60125,0.99750,0.37003,0.62887,0.00108,0.00002
40.70125,0.99750,0.93606,0.06382,0.00012,0.00001
40.80125,0.99750,0.99431,0.00568,0.00001,0.00001
40.90125,0.99750,0.99942,0.00057,0.00001,0.00000
41.00125,0.99750,0.99997,0.00003,0.00000,0.00000
41.10125,0.99750,0.99999,0.00000,0.00000,0.00001
41.20125,0.99750,0.99999,0.00000,0.00000,0.00001
41.30125,0.99750,1.00000,0.00000,0.00000,0.00000
41.40125,0.99750,1.00000,0.00000,0.00000,0.00000
41.50125,0.99750,1.00000,0.00000,0.00000,0.00000
41.60125,0.99750,1.00000,0.00000,0.00000,0.00000
41.70125,0.99750,1.00000,0.00000,0.00000,0.00000
41.80125,0.99750,1.00000,0.00000,0.00000,0.00000
41.90125,0.99750,1.00000,0.00000,0.00000,0.00000
42.00125,0.99750,1.00000,0.00000,0.00000,0.00000
42.10125,0.99750,1.00000,0.00000,0.00000,0.00000
42.20125,0.99750,1.00000,0.00000,0.00000,0.00000
42.30125,0.99750,0.99999,0.00000,0.00000,0.00001
42.40125,0.99750,0.99998,0.00000,0.00000,0.00002
42.50125,0.99750,0.99999,0.00001,0.00000,0.00000
42.60125,0.99750,0.99986,0.00014,0.00000,0.00000
42.70125,0.99750,0.99705,0.00295,0.00000,0.00001
42.80125,0.99750,0.93857,0.06136,0.00006,0.00001
42.90125,0.99750,0.15737,0.84208,0.00053,0.00002
43.00125,0.99750,0.50070,0.49889,0.00038,0.00003
43.10125,0.99750,0.95761,0.04233,0.00005,0.00001
43.20125,0.99750,0.99751,0.00248,0.00000,0.00000
43.30125,0.99750,0.99958,0.00041,0.00001,0.00000
43.40125,0.99750,0.99994,0.00006,0.00000,0.00000
43.50125,0.99750,0.99996,0.00001,0.00000,0.00003
43.60125,0.99750,0.99998,0.00000,0.00000,0.00002
43.70125,0.99750,0.99999,0.00000,0.00000,0.00001
43.80125,0.99750,1.00000,0.00000,0.00000,0.00000
43.90125,0.99750,0.99999,0.00000,0.00000,0.00001
44.00125,0.99750,0.99999,0.00000,0.00000,0.00001
44.10125,0.99750,0.99999,0.00000,0.00000,0.00000
44.20125,0.99750,1.00000,0.00000,0.00000,0.00000
44.30125,0.99750,1.00000,0.00000,0.00000,0.00000
44.40125,0.99750,1.00000,0.00000,0.00000,0.00000
44.50125,0.99750,1.00000,0.00000,0.00000,0.00000
44.60125,0.99750,1.00000,0.00000,0.00000,0.00000
44.70125,0.99750,0.99999,0.00000,0.00000,0.00001
44.80125,0.99750,0.99999,0.00000,0.00000,0.00001
44.90125,0.99750,0.99999,0.00001,0.00000,0.00000
45.00125,0.99750,0.99981,0.00019,0.00000,0.00000
45.10125,0.99750,0.99591,0.00408,0.00000,0.00001
45.20125,0.99750,0.78762,0.21224,0.00005,0.00009
45.30125,0.99750,0.33295,0.66682,0.00012,0.00011
45.40125,0.99750,0.85807,0.14182,0.00004,0.00008
45.50125,0.99750,0.99635,0.00363,0.00000,0.00001
45.60125,0.99750,0.99981,0.00018,0.00000,0.00001
45.70125,0.99750,0.99998,0.00001,0.00000,0.00000
45.80125,0.99750,0.99999,0.00000,0.00000,0.00001
45.90125,0.99750,0.99998,0.00000,0.00000,0.00002
46.00125,0.99750,0.99999,0.00000,0.00000,0.00001
46.10125,0.99750,1.00000,0.00000,0.00000,0.00000
46.20125,0.99750,1.00000,0.00000,0.00000,0.00000
46.30125,0.99750,1.00000,0.00000,0.00000,0.00000
46.40125,0.99750,1.00000,0.00000,0.00000,0.00000
46.50125,0.99750,1.00000,0.00000,0.00000,0.00000
46.60125,0.99750,1.00000,0.00000,0.00000,0.00000
46.70125,0.99750,1.00000,0.00000,0.00000,0.00000
46.80125,0.99750,1.00000,0.00000,0.00000,0.00000
46.90125,0.99750,0.99999,0.00000,0.00000,0.00001
47.00125,0.99750,0.99999,0.00000,0.00000,0.00001
47.10125,0.99750,0.99999,0.00000,0.00000,0.00000
47.20125,0.99750,0.99991,0.00009,0.00000,0.00000
47.30125,0.99750,0.99736,0.00262,0.00001,0.00001
47.40125,0.99750,0.84999,0.14950,0.00039,0.00012
47.50125,0.99750,0.26889,0.72987,0.00114,0.00010
47.60125,0.99750,0.54081,0.45818,0.00092,0.00008
47.70125,0.99750,0.95758,0.04234,0.00006,0.00003
47.80125,0.99750,0.99674,0.00324,0.00000,0.00002
47.90125,0.99750,0.99924,0.00074,0.00002,0.00001
48.00125,0.99750,0.99992,0.00007,0.00000,0.00001
48.10125,0.99750,0.99991,0.00001,0.00000,0.00008
48.20125,0.99750,0.99995,0.00000,0.00000,0.00005
48.30125,0.99750,0.99998,0.00000,0.00000,0.00002
48.40125,0.99750,0.99999,0.00000,0.00000,0.00001
48.50125,0.99750,0.99999,0.00000,0.00000,0.00001
48.60125,0.99750,0.99999,0.00000,0.00000,0.00001
48.70125,0.99750,0.99999,0.00000,0.00000,0.00001
48.80125,0.99750,1.00000,0.00000,0.00000,0.00000
48.90125,0.99750,1.00000,0.00000,0.00000,0.00000
49.00125,0.99750,0.99999,0.00000,0.00000,0.00001
49.10125,0.99750,0.99999,0.00000,0.00000,0.00001
49.20125,0.99750,0.99995,0.00000,0.00000,0.00005
49.30125,0.99750,0.99990,0.00002,0.00000,0.00008
49.40125,0.99750,0.99970,0.00028,0.00000,0.00002
49.50125,0.99750,0.99451,0.00544,0.00001,0.00004
49.60125,0.99750,0.89906,0.10063,0.00023,0.00008
49.70125,0.99750,0.30154,0.69603,0.00233,0.00010
49.80125,0.99750,0.22322,0.77464,0.00202,0.00011
49.90125,0.99750,0.84741,0.15218,0.00033,0.00008
50.00125,0.99750,0.99343,0.00654,0.00001,0.00001
50.10125,0.99750,0.99967,0.00032,0.00000,0.00001
50.20125,0.99750,0.99997,0.00003,0.00000,0.00000
50.30125,0.99750,1.00000,0.00000,0.00000,0.00000
50.40125,0.99750,0.99999,0.00000,0.00000,0.00001
50.50125,0.99750,1.00000,0.00000,0.00000,0.00000
50.60125,0.99750,1.00000,0.00000,0.00000,0.00000
50.70125,0.99750,1.00000,0.00000,0.00000,0.00000
50.80125,0.99750,1.00000,0.00000,0.00000,0.00000
50.90125,0.99750,1.00000,0.00000,0.00000,0.00000
51.00125,0.99750,1.00000,0.00000,0.00000,0.00000
51.10125,0.99750,1.00000,0.00000,0.00000,0.00000
51.20125,0.99750,1.00000,0.00000,0.00000,0.00000
51.30125,0.99750,1.00000,0.00000,0.00000,0.00000
51.40125,0.99750,1.00000,0.00000,0.00000,0.00000
51.50125,0.99750,0.99998,0.00000,0.00000,0.00002
51.60125,0.99750,0.99999,0.00000,0.00000,0.00001
51.70125,0.99750,0.99999,0.00001,0.00000,0.00000
51.80125,0.99750,0.99978,0.00021,0.00000,0.00001
51.90125,0.99750,0.99490,0.00506,0.00003,0.00001
52.00125,0.99750,0.87168,0.12699,0.00131,0.00002
52.10125,0.99750,0.24259,0.74551,0.01187,0.00003
52.20125,0.99750,0.20018,0.78748,0.01231,0.00004
52.30125,0.99750,0.92299,0.07558,0.00141,0.00002
52.40125,0.99750,0.99603,0.00390,0.00007,0.00001
52.50125,0.99750,0.99951,0.00045,0.00004,0.00000
52.60125,0.99750,0.99996,0.00004,0.00000,0.00000
52.70125,0.99750,0.99997,0.00000,0.00000,0.00002
52.80125,0.99750,0.99998,0.00000,0.00000,0.00002
52.90125,0.99750,0.99999,0.00000,0.00000,0.00001
53.00125,0.99750,1.00000,0.00000,0.00000,0.00000
53.10125,0.99750,1.00000,0.00000,0.00000,0.00000
53.20125,0.99750,1.00000,0.00000,0.00000,0.00000
53.30125,0.99750,1.00000,0.00000,0.00000,0.00000
53.40125,0.99750,1.00000,0.00000,0.00000,0.00000
53.50125,0.99750,0.99999,0.00000,0.00000,0.00001
53.60125,0.99750,0.99998,0.00000,0.00000,0.00002
53.70125,0.99750,0.99996,0.00000,0.00000,0.00004
53.80125,0.99750,0.99999,0.00001,0.00000,0.00000
53.90125,0.99750,0.99978,0.00022,0.00000,0.00001
54.00125,0.99750,0.99530,0.00468,0.00000,0.00001
54.10125,0.99750,0.89621,0.10362,0.00015,0.00002
54.20125,0.99750,0.18837,0.81045,0.00116,0.00003
54.30125,0.99750,0.53969,0.45955,0.00072,0.00004
54.40125,0.99750,0.90251,0.09733,0.00014,0.00002
54.50125,0.99750,0.99750,0.00249,0.00001,0.00000
54.60125,0.99750,0.99980,0.00020,0.00000,0.00000
54.70125,0.99750,0.99999,0.00001,0.00000,0.00000
54.80125,0.99750,0.99999,0.00000,0.00000,0.00001
54.90125,0.99750,0.99999,0.00000,0.00000,0.00001
55.00125,0.99750,1.00000,0.00000,0.00000,0.00000
55.10125,0.99750,1.00000,0.00000,0.00000,0.00000
55.20125,0.99750,1.00000,0.00000,0.00000,0.00000
55.30125,0.99750,1.00000,0.00000,0.00000,0.00000
55.40125,0.99750,1.00000,0.00000,0.00000,0.00000
55.50125,0.99750,1.00000,0.00000,0.00000,0.00000
55.60125,0.99750,1.00000,0.00000,0.00000,0.00000
55.70125,0.99750,1.00000,0.00000,0.00000,0.00000
55.80125,0.99750,1.00000,0.00000,0.00000,0.00000
55.90125,0.99750,0.99998,0.00000,0.00000,0.00002
56.00125,0.99750,0.99999,0.00000,0.00000,0.00001
56.10125,0.99750,0.99998,0.00001,0.00000,0.00001
56.20125,0.99750,0.99974,0.00024,0.00000,0.00002
56.30125,0.99750,0.99430,0.00565,0.00002,0.00003
56.40125,0.99750,0.69444,0.30460,0.00075,0.00021
56.50125,0.99750,0.36469,0.63370,0.00139,0.00022
56.60125,0.99750,0.64081,0.35823,0.00076,0.00020
56.70125,0.99750,0.99108,0.00886,0.00003,0.00003
56.80125,0.99750,0.99964,0.00035,0.00000,0.00001
56.90125,0.99750,0.99996,0.00003,0.00000,0.00000
57.00125,0.99750,1.00000,0.00000,0.00000,0.00000
57.10125,0.99750,0.99999,0.00000,0.00000,0.00001
57.20125,0.99750,1.00000,0.00000,0.00000,0.00000
57.30125,0.99750,1.00000,0.00000,0.00000,0.00000
57.40125,0.99750,1.00000,0.00000,0.00000,0.00000
57.50125,0.99750,1.00000,0.00000,0.00000,0.00000
57.60125,0.99750,1.00000,0.00000,0.00000,0.00000
57.70125,0.99750,0.99999,0.00000,0.00000,0.00001
57.80125,0.99750,0.99999,0.00000,0.00000,0.00001
57.90125,0.99750,0.99993,0.00000,0.00000,0.00007
58.00125,0.99750,0.99999,0.00000,0.00000,0.00001
58.10125,0.99750,0.99990,0.00009,0.00000,0.00000
58.20125,0.99750,0.99771,0.00228,0.00000,0.00001
58.30125,0.99750,0.94430,0.05560,0.00007,0.00003
58.40125,0.99750,0.18649,0.81278,0.00067,0.00006
58.50125,0.99750,0.46115,0.53827,0.00053,0.00005
58.60125,0.99750,0.96667,0.03328,0.00003,0.00001
58.70125,0.99750,0.99875,0.00124,0.00000,0.00000
58.80125,0.99750,0.99993,0.00006,0.00000,0.00000
58.90125,0.99750,0.99999,0.00001,0.00000,0.00000
59.00125,0.99750,0.99999,0.00000,0.00000,0.00001
59.10125,0.99750,0.99999,0.00000,0.00000,0.00001
59.20125,0.99750,1.00000,0.00000,0.00000,0.00000
59.30125,0.99750,1.00000,0.00000,0.00000,0.00000
59.40125,0.99750,1.00000,0.00000,0.00000,0.00000
59.50125,0.99750,1.00000,0.00000,0.00000,0.00000
59.60125,0.99750,1.00000,0.00000,0.00000,0.00000
59.70125,0.99750,0.99999,0.00000,0.00000,0.00001
59.80125,0.99750,0.99999,0.00000,0.00000,0.00001
59.90125,0.99750,0.99995,0.00000,0.00000,0.00005
60.00125,0.99750,0.99997,0.00000,0.00000,0.00002
60.10125,0.99750,0.99993,0.00005,0.00000,0.00002
60.20125,0.99750,0.99861,0.00136,0.00001,0.00002
60.30125,0.99750,0.95726,0.04240,0.00029,0.00006
60.40125,0.99750,0.22258,0.77359,0.00365,0.00018
60.50125,0.99750,0.33961,0.65760,0.00269,0.00010
60.60125,0.99750,0.89770,0.10204,0.00021,0.00005
60.70125,0.99750,0.99606,0.00392,0.00001,0.00001
60.80125,0.99750,0.99982,0.00018,0.00000,0.00001
60.90125,0.99750,0.99998,0.00002,0.00000,0.00000
61.00125,0.99750,1.00000,0.00000,0.00000,0.00000
61.10125,0.99750,1.00000,0.00000,0.00000,0.00000
61.20125,0.99750,1.00000,0.00000,0.00000,0.00000
61.30125,0.99750,1.00000,0.00000,0.00000,0.00000
61.40125,0.99750,1.00000,0.00000,0.00000,0.00000
61.50125,0.99750,1.00000,0.00000,0.00000,0.00000
61.60125,0.99750,1.00000,0.00000,0.00000,0.00000
61.70125,0.99750,1.00000,0.00000,0.00000,0.00000
61.80125,0.99750,0.99999,0.00000,0.00000,0.00001
61.90125,0.99750,0.99997,0.00000,0.00000,0.00003
62.00125,0.99750,0.99998,0.00000,0.00000,0.00002
62.10125,0.99750,0.99997,0.00002,0.00000,0.00001
62.20125,0.99750,0.99962,0.00037,0.00000,0.00001
62.30125,0.99750,0.99122,0.00871,0.00003,0.00004
62.40125,0.99750,0.58820,0.41046,0.00107,0.00027
62.50125,0.99750,0.25917,0.73891,0.00176,0.00015
62.60125,0.99750,0.75832,0.24092,0.00066,0.00010
62.70125,0.99750,0.99041,0.00955,0.00002,0.00002
62.80125,0.99750,0.99969,0.00030,0.00000,0.00001
62.90125,0.99750,0.99998,0.00002,0.00000,0.00000
63.00125,0.99750,1.00000,0.00000,0.00000,0.00000
63.10125,0.99750,0.99999,0.00000,0.00000,0.00001
63.20125,0.99751,1.00000,0.00000,0.00000,0.00000
63.30125,0.99750,1.00000,0.00000,0.00000,0.00000
63.40125,0.99750,1.00000,0.00000,0.00000,0.00000
63.50125,0.99750,1.00000,0.00000,0.00000,0.00000
63.60125,0.99750,1.00000,0.00000,0.00000,0.00000
63.70125,0.99751,1.00000,0.00000,0.00000,0.00000
63.80125,0.99750,1.00000,0.00000,0.00000,0.00000
63.90125,0.99750,0.99998,0.00000,0.00000,0.00002
64.00125,0.99750,0.99998,0.00000,0.00000,0.00002
64.10125,0.99750,0.99998,0.00001,0.00000,0.00001
64.20125,0.99751,0.99985,0.00012,0.00000,0.00003
64.30125,0.99751,0.99652,0.00339,0.00000,0.00008
64.40125,0.99750,0.87092,0.12844,0.00028,0.00035
64.50125,0.99750,0.23901,0.75935,0.00118,0.00047
64.60125,0.99750,0.47698,0.52169,0.00085,0.00048
64.70125,0.99751,0.95849,0.04131,0.00007,0.00014
64.80125,0.99751,0.99878,0.00118,0.00000,0.00004
64.90125,0.99750,0.99990,0.00008,0.00000,0.00001
65.00125,0.99750,0.99999,0.00000,0.00000,0.00001
65.10125,0.99750,0.99998,0.00000,0.00000,0.00002
65.20125,0.99751,0.99999,0.00000,0.00000,0.00001
65.30125,0.99751,1.00000,0.00000,0.00000,0.00000
65.40125,0.99750,1.00000,0.00000,0.00000,0.00000
65.50125,0.99750,1.00000,0.00000,0.00000,0.00000
65.60125,0.99750,1.00000,0.00000,0.00000,0.00000
65.70125,0.99751,1.00000,0.00000,0.00000,0.00000
65.80125,0.99751,0.99999,0.00000,0.00000,0.00001
65.90125,0.99750,0.99990,0.00000,0.00000,0.00010
66.00125,0.99750,0.99998,0.00000,0.00000,0.00002
66.10125,0.99750,0.99995,0.00004,0.00000,0.00001
66.20125,0.99751,0.99888,0.00109,0.00000,0.00004
66.30125,0.99751,0.96727,0.03257,0.00005,0.00011
66.40125,0.99750,0.45059,0.54836,0.00078,0.00027
66.50125,0.99750,0.28095,0.71796,0.00085,0.00023
66.60125,0.99750,0.90745,0.09231,0.00013,0.00011
66.70125,0.99751,0.99710,0.00288,0.00000,0.00002
66.80125,0.99751,0.99985,0.00014,0.00000,0.00001
66.90125,0.99750,0.99999,0.00001,0.00000,0.00000
67.00125,0.99750,1.00000,0.00000,0.00000,0.00000
67.10125,0.99750,1.00000,0.00000,0.00000,0.00000
67.20125,0.99751,1.00000,0.00000,0.00000,0.00000
67.30125,0.99751,1.00000,0.00000,0.00000,0.00000
67.40125,0.99750,1.00000,0.00000,0.00000,0.00000
67.50125,0.99750,1.00000,0.00000,0.00000,0.00000
67.60125,0.99750,1.00000,0.00000,0.00000,0.00000
67.70125,0.99751,0.99999,0.00000,0.00000,0.00001
67.80125,0.99751,0.99991,0.00000,0.00000,0.00009
67.90125,0.99750,0.99999,0.00000,0.00000,0.00000
68.00125,0.99750,0.99990,0.00010,0.00000,0.00000
68.10125,0.99750,0.99738,0.00261,0.00000,0.00001
68.20125,0.99751,0.93796,0.06197,0.00005,0.00002
68.30125,0.99751,0.32430,0.67501,0.00067,0.00003
68.40125,0.99750,0.42080,0.57857,0.00060,0.00003
68.50125,0.99750,0.84633,0.15344,0.00021,0.00003
68.60125,0.99750,0.99756,0.00243,0.00001,0.00000
68.70125,0.99751,0.99988,0.00012,0.00000,0.00000
68.80125,0.99751,1.00000,0.00000,0.00000,0.00000
68.90125,0.99750,1.00000,0.00000,0.00000,0.00000
69.00125,0.99750,1.00000,0.00000,0.00000,0.00000
69.10125,0.99750,1.00000,0.00000,0.00000,0.00000
69.20125,0.99751,1.00000,0.00000,0.00000,0.00000
69.30125,0.99751,1.00000,0.00000,0.00000,0.00000
69.40125,0.99750,1.00000,0.00000,0.00000,0.00000
69.50125,0.99750,0.99999,0.00000,0.00000,0.00001
69.60125,0.99750,0.99995,0.00000,0.00000,0.00005
69.70125,0.99751,0.99999,0.00001,0.00000,0.00001
69.80125,0.99751,0.99986,0.00013,0.00000,0.00001
69.90125,0.99750,0.99758,0.00240,0.00001,0.00002
70.00125,0.99750,0.94761,0.05204,0.00028,0.00007
70.10125,0.99750,0.30401,0.69306,0.00279,0.00014
70.20125,0.99751,0.57451,0.42334,0.00200,0.00016
70.30125,0.99751,0.96717,0.03265,0.00014,0.00004
70.40125,0.99750,0.99916,0.00083,0.00000,0.00001
70.50125,0.99750,0.99995,0.00005,0.00000,0.00000
70.60125,0.99750,1.00000,0.00000,0.00000,0.00000
70.70125,0.99751,1.00000,0.00000,0.00000,0.00000
70.80125,0.99751,1.00000,0.00000,0.00000,0.00000
70.90125,0.99750,1.00000,0.00000,0.00000,0.00000
71.00125,0.99750,1.00000,0.00000,0.00000,0.00000
71.10125,0.99750,1.00000,0.00000,0.00000,0.00000
71.20125,0.99751,1.00000,0.00000,0.00000,0.00000
71.30125,0.99751,1.00000,0.00000,0.00000,0.00000
71.40125,0.99750,0.99999,0.00000,0.00000,0.00001
71.50125,0.99750,0.99998,0.00000,0.00000,0.00002
71.60125,0.99750,1.00000,0.00000,0.00000,0.00000
71.70125,0.99751,0.99997,0.00003,0.00000,0.00000
71.80125,0.99751,0.99919,0.00080,0.00000,0.00001
71.90125,0.99750,0.97847,0.02139,0.00012,0.00002
72.00125,0.99750,0.54157,0.45546,0.00290,0.00006
72.10125,0.99750,0.46058,0.53640,0.00296,0.00007
72.20125,0.99751,0.97369,0.02609,0.00020,0.00002
72.30125,0.99751,0.99929,0.00071,0.00001,0.00000
72.40125,0.99750,0.99996,0.00004,0.00000,0.00000
72.50125,0.99750,1.00000,0.00000,0.00000,0.00000
72.60125,0.99750,0.99999,0.00000,0.00000,0.00000
72.70125,0.99751,0.99999,0.00000,0.00000,0.00001
72.80125,0.99751,0.99996,0.00000,0.00000,0.00004
72.90125,0.99750,0.99999,0.00000,0.00000,0.00000
73.00125,0.99750,0.99998,0.00002,0.00000,0.00000
73.10125,0.99750,0.99915,0.00083,0.00000,0.00002
73.20125,0.99751,0.97874,0.02118,0.00002,0.00006
73.30125,0.99751,0.53957,0.45969,0.00055,0.00019
73.40125,0.99750,0.23411,0.76458,0.00116,0.00015
73.50125,0.99750,0.59043,0.40874,0.00066,0.00016
73.60125,0.99750,0.99280,0.00712,0.00003,0.00005
73.70125,0.99751,0.99966,0.00032,0.00000,0.00002
73.80125,0.99751,0.99998,0.00002,0.00000,0.00000
73.90125,0.99750,0.99998,0.00000,0.00000,0.00002
74.00125,0.99750,0.99999,0.00000,0.00000,0.00001
74.10125,0.99750,1.00000,0.00000,0.00000,0.00000
74.20125,0.99751,1.00000,0.00000,0.00000,0.00000
74.30125,0.99751,1.00000,0.00000,0.00000,0.00000
74.40125,0.99750,0.99999,0.00000,0.00000,0.00001
74.50125,0.99750,0.99991,0.00000,0.00000,0.00009
74.60125,0.99750,0.99999,0.00000,0.00000,0.00001
74.70125,0.99751,0.99995,0.00004,0.00000,0.00001
74.80125,0.99751,0.99903,0.00096,0.00000,0.00002
74.90125,0.99750,0.97775,0.02218,0.00002,0.00005
75.00125,0.99750,0.35487,0.64437,0.00061,0.00015
75.10125,0.99750,0.24914,0.75006,0.00070,0.00010
75.20125,0.99751,0.83973,0.16002,0.00018,0.00007
75.30125,0.99751,0.99321,0.00676,0.00001,0.00002
75.40125,0.99750,0.99965,0.00034,0.00000,0.00001
75.50125,0.99750,0.99997,0.00002,0.00000,0.00000
75.60125,0.99750,0.99999,0.00000,0.00000,0.00001
75.70125,0.99751,0.99999,0.00000,0.00000,0.00001
75.80125,0.99751,1.00000,0.00000,0.00000,0.00000
75.90125,0.99750,1.00000,0.00000,0.00000,0.00000
76.00125,0.99750,0.99999,0.00000,0.00000,0.00001
76.10125,0.99750,0.99999,0.00000,0.00000,0.00001
76.20125,0.99751,0.99995,0.00000,0.00000,0.00005
76.30125,0.99751,0.99990,0.00001,0.00000,0.00009
76.40125,0.99750,0.99986,0.00011,0.00000,0.00003
76.50125,0.99750,0.99750,0.00239,0.00000,0.00011
76.60125,0.99750,0.94636,0.05311,0.00019,0.00033
76.70125,0.99751,0.41658,0.57975,0.00278,0.00088
76.80125,0.99751,0.16502,0.83186,0.00271,0.00042
76.90125,0.99750,0.70400,0.29532,0.00047,0.00020
77.00125,0.99750,0.98953,0.01042,0.00001,0.00004
77.10125,0.99750,0.99949,0.00049,0.00000,0.00002
77.20125,0.99751,0.99996,0.00003,0.00000,0.00001
77.30125,0.99751,1.00000,0.00000,0.00000,0.00000
77.40125,0.99750,0.99999,0.00000,0.00000,0.00001
77.50125,0.99750,1.00000,0.00000,0.00000,0.00000
77.60125,0.99750,1.00000,0.00000,0.00000,0.00000
77.70125,0.99751,1.00000,0.00000,0.00000,0.00000
77.80125,0.99751,1.00000,0.00000,0.00000,0.00000
77.90125,0.99750,1.00000,0.00000,0.00000,0.00000
78.00125,0.99750,0.99999,0.00000,0.00000,0.00001
78.10125,0.99750,0.99996,0.00000,0.00000,0.00004
78.20125,0.99751,0.99998,0.00001,0.00000,0.00001
78.30125,0.99751,0.99983,0.00015,0.00000,0.00002
78.40125,0.99750,0.99602,0.00393,0.00001,0.00004
78.50125,0.99750,0.89963,0.09990,0.00035,0.00011
78.60125,0.99750,0.29464,0.70342,0.00178,0.00016
78.70125,0.99751,0.64780,0.35102,0.00100,0.00018
78.80125,0.99751,0.98175,0.01817,0.00004,0.00004
78.90125,0.99750,0.99942,0.00057,0.00000,0.00001
79.00125,0.99750,0.99996,0.00004,0.00000,0.00000
79.10125,0.99750,1.00000,0.00000,0.00000,0.00000
79.20125,0.99751,1.00000,0.00000,0.00000,0.00000
79.30125,0.99751,1.00000,0.00000,0.00000,0.00000
79.40125,0.99750,1.00000,0.00000,0.00000,0.00000
79.50125,0.99750,1.00000,0.00000,0.00000,0.00000
79.60125,0.99750,1.00000,0.00000,0.00000,0.00000
79.70125,0.99751,1.00000,0.00000,0.00000,0.00000
79.80125,0.99751,0.99998,0.00000,0.00000,0.00002
79.90125,0.99750,0.99999,0.00000,0.00000,0.00001
80.00125,0.99750,0.99999,0.00001,0.00000,0.00000
80.10125,0.99750,0.99983,0.00016,0.00000,0.00001
80.20125,0.99751,0.99594,0.00404,0.00000,0.00002
80.30125,0.99751,0.78198,0.21766,0.00020,0.00017
80.40125,0.99750,0.71397,0.28566,0.00022,0.00016
80.50125,0.99750,0.90865,0.09117,0.00008,0.00011
80.60125,0.99750,0.99872,0.00127,0.00000,0.00001
80.70125,0.99751,0.99994,0.00005,0.00000,0.00000
80.80125,0.99751,1.00000,0.00000,0.00000,0.00000
80.90125,0.99750,1.00000,0.00000,0.00000,0.00000
81.00125,0.99750,1.00000,0.00000,0.00000,0.00000
81.10125,0.99750,1.00000,0.00000,0.00000,0.00000
81.20125,0.99751,1.00000,0.00000,0.00000,0.00000
81.30125,0.99751,0.99998,0.00000,0.00000,0.00002
81.40125,0.99750,0.99998,0.00000,0.00000,0.00002
81.50125,0.99750,0.99997,0.00002,0.00000,0.00001
81.60125,0.99750,0.99965,0.00034,0.00000,0.00001
81.70125,0.99751,0.99274,0.00722,0.00002,0.00002
81.80125,0.99751,0.66508,0.33376,0.00109,0.00007
81.90125,0.99750,0.31546,0.68276,0.00173,0.00005
82.00125,0.99750,0.87265,0.12700,0.00032,0.00003
82.10125,0.99750,0.99726,0.00273,0.00000,0.00000
82.20125,0.99751,0.99987,0.00013,0.00000,0.00000
82.30125,0.99751,0.99999,0.00001,0.00000,0.00000
82.40125,0.99750,1.00000,0.00000,0.00000,0.00000
82.50125,0.99750,1.00000,0.00000,0.00000,0.00000
82.60125,0.99750,1.00000,0.00000,0.00000,0.00000
82.70125,0.99751,1.00000,0.00000,0.00000,0.00000
82.80125,0.99751,1.00000,0.00000,0.00000,0.00000
82.90125,0.99750,1.00000,0.00000,0.00000,0.00000
83.00125,0.99750,1.00000,0.00000,0.00000,0.00000
83.10125,0.99750,0.99999,0.00000,0.00000,0.00001
83.20125,0.99751,0.99996,0.00000,0.00000,0.00004
83.30125,0.99751,0.99996,0.00000,0.00000,0.00004
83.40125,0.99750,0.99997,0.00002,0.00000,0.00001
83.50125,0.99750,0.99952,0.00047,0.00000,0.00001
83.60125,0.99750,0.98878,0.01116,0.00004,0.00002
83.70125,0.99751,0.77969,0.21869,0.00158,0.00004
83.80125,0.99751,0.13085,0.86105,0.00807,0.00003
83.90125,0.99750,0.39449,0.60083,0.00464,0.00003
84.00125,0.99750,0.96468,0.03503,0.00027,0.00001
84.10125,0.99750,0.99853,0.00146,0.00001,0.00000
84.20125,0.99751,0.99992,0.00008,0.00000,0.00000
84.30125,0.99751,1.00000,0.00000,0.00000,0.00000
84.40125,0.99750,0.99999,0.00000,0.00000,0.00000
84.50125,0.99750,1.00000,0.00000,0.00000,0.00000
84.60125,0.99750,1.00000,0.00000,0.00000,0.00000
84.70125,0.99751,1.00000,0.00000,0.00000,0.00000
84.80125,0.99751,1.00000,0.00000,0.00000,0.00000
84.90125,0.99750,1.00000,0.00000,0.00000,0.00000
85.00125,0.99750,0.99997,0.00000,0.00000,0.00003
85.10125,0.99750,0.99999,0.00000,0.00000,0.00001
85.20125,0.99751,0.99997,0.00002,0.00000,0.00000
85.30125,0.99751,0.99945,0.00054,0.00000,0.00001
85.40125,0.99750,0.98707,0.01288,0.00002,0.00003
85.50125,0.99750,0.55026,0.44893,0.00070,0.00011
85.60125,0.99750,0.37823,0.62088,0.00080,0.00009
85.70125,0.99751,0.92234,0.07751,0.00011,0.00004
85.80125,0.99751,0.99829,0.00170,0.00000,0.00001
85.90125,0.99750,0.99992,0.00007,0.00000,0.00000
86.00125,0.99750,0.99999,0.00001,0.00000,0.00000
86.10125,0.99750,1.00000,0.00000,0.00000,0.00000
86.20125,0.99751,0.99999,0.00000,0.00000,0.00001
86.30125,0.99751,0.99999,0.00000,0.00000,0.00001
86.40125,0.99750,1.00000,0.00000,0.00000,0.00000
86.50125,0.99750,0.99999,0.00000,0.00000,0.00001
