Time (seconds), Duration (seconds),pred_(unlabeled),pred_Jab_R,pred_Sidehook_R,pred_Uppercut_R
0.00125,0.99750,1.00000,0.00000,0.00000,0.00000
0.10125,0.99750,1.00000,0.00000,0.00000,0.00000
0.20125,0.99750,1.00000,0.00000,0.00000,0.00000
0.30125,0.99750,1.00000,0.00000,0.00000,0.00000
0.40125,0.99750,1.00000,0.00000,0.00000,0.00000
0.50125,0.99750,1.00000,0.00000,0.00000,0.00000
0.60125,0.99750,1.00000,0.00000,0.00000,0.00000
0.70125,0.99750,1.00000,0.00000,0.00000,0.00000
0.80125,0.99750,1.00000,0.00000,0.00000,0.00000
0.90125,0.99750,1.00000,0.00000,0.00000,0.00000
1.00125,0.99750,1.00000,0.00000,0.00000,0.00000
1.10125,0.99750,1.00000,0.00000,0.00000,0.00000
1.20125,0.99750,1.00000,0.00000,0.00000,0.00000
1.30125,0.99750,1.00000,0.00000,0.00000,0.00000
1.40125,0.99750,1.00000,0.00000,0.00000,0.00000
1.50125,0.99750,1.00000,0.00000,0.00000,0.00000
1.60125,0.99750,1.00000,0.00000,0.00000,0.00000
1.70125,0.99750,1.00000,0.00000,0.00000,0.00000
1.80125,0.99750,1.00000,0.00000,0.00000,0.00000
1.90125,0.99750,1.00000,0.00000,0.00000,0.00000
2.00125,0.99750,1.00000,0.00000,0.00000,0.00000
2.10125,0.99750,1.00000,0.00000,0.00000,0.00000
2.20125,0.99750,1.00000,0.00000,0.00000,0.00000
2.30125,0.99750,1.00000,0.00000,0.00000,0.00000
2.40125,0.99750,1.00000,0.00000,0.00000,0.00000
2.50125,0.99750,1.00000,0.00000,0.00000,0.00000
2.60125,0.99750,1.00000,0.00000,0.00000,0.00000
2.70125,0.99750,1.00000,0.00000,0.00000,0.00000
2.80125,0.99750,1.00000,0.00000,0.00000,0.00000
2.90125,0.99750,1.00000,0.00000,0.00000,0.00000
3.00125,0.99750,1.00000,0.00000,0.00000,0.00000
3.10125,0.99750,1.00000,0.00000,0.00000,0.00000
3.20125,0.99750,1.00000,0.00000,0.00000,0.00000
3.30125,0.99750,1.00000,0.00000,0.00000,0.00000
3.40125,0.99750,1.00000,0.00000,0.00000,0.00000
3.50125,0.99750,1.00000,0.00000,0.00000,0.00000
3.60125,0.99750,1.00000,0.00000,0.00000,0.00000
3.70125,0.99750,1.00000,0.00000,0.00000,0.00000
3.80125,0.99750,1.00000,0.00000,0.00000,0.00000
3.90125,0.99750,1.00000,0.00000,0.00000,0.00000
4.00125,0.99750,1.00000,0.00000,0.00000,0.00000
4.10125,0.99750,1.00000,0.00000,0.00000,0.00000
4.20125,0.99750,1.00000,0.00000,0.00000,0.00000
4.30125,0.99750,1.00000,0.00000,0.00000,0.00000
4.40125,0.99750,1.00000,0.00000,0.00000,0.00000
4.50125,0.99750,1.00000,0.00000,0.00000,0.00000
4.60125,0.99750,1.00000,0.00000,0.00000,0.00000
4.70125,0.99750,1.00000,0.00000,0.00000,0.00000
4.80125,0.99750,1.00000,0.00000,0.00000,0.00000
4.90125,0.99750,1.00000,0.00000,0.00000,0.00000
5.00125,0.99750,1.00000,0.00000,0.00000,0.00000
5.10125,0.99750,1.00000,0.00000,0.00000,0.00000
5.20125,0.99750,1.00000,0.00000,0.00000,0.00000
5.30125,0.99750,1.00000,0.00000,0.00000,0.00000
5.40125,0.99750,1.00000,0.00000,0.00000,0.00000
5.50125,0.99750,1.00000,0.00000,0.00000,0.00000
5.60125,0.99750,1.00000,0.00000,0.00000,0.00000
5.70125,0.99750,1.00000,0.00000,0.00000,0.00000
5.80125,0.99750,1.00000,0.00000,0.00000,0.00000
5.90125,0.99750,1.00000,0.00000,0.00000,0.00000
6.00125,0.99750,1.00000,0.00000,0.00000,0.00000
6.10125,0.99750,1.00000,0.00000,0.00000,0.00000
6.20125,0.99750,1.00000,0.00000,0.00000,0.00000
6.30125,0.99750,0.99999,0.00000,0.00000,0.00001
6.40125,0.99750,0.99998,0.00000,0.00000,0.00002
6.50125,0.99750,0.99979,0.00000,0.00000,0.00021
6.60125,0.99750,0.99809,0.00000,0.00000,0.00191
6.70125,0.99750,0.99914,0.00000,0.00000,0.00086
6.80125,0.99750,0.99906,0.00000,0.00002,0.00092
6.90125,0.99750,0.99961,0.00001,0.00036,0.00003
7.00125,0.99750,0.99760,0.00006,0.00234,0.00000
7.10125,0.99750,0.94940,0.00118,0.04942,0.00000
7.20125,0.99750,0.92775,0.00080,0.07145,0.00000
7.30125,0.99750,0.93013,0.00055,0.06932,0.00000
7.40125,0.99750,0.87879,0.00031,0.12091,0.00000
7.50125,0.99750,0.77529,0.00013,0.22457,0.00000
7.60125,0.99750,0.63285,0.00013,0.36702,0.00000
7.70125,0.99750,0.48534,0.00125,0.51341,0.00000
7.80125,0.99750,0.61866,0.00944,0.37190,0.00000
7.90125,0.99750,0.72200,0.00285,0.27516,0.00000
8.00125,0.99750,0.81292,0.00157,0.18551,0.00000
8.10125,0.99750,0.98519,0.00022,0.01458,0.00000
8.20125,0.99750,0.99954,0.00001,0.00045,0.00000
8.30125,0.99750,0.99998,0.00000,0.00002,0.00000
8.40125,0.99750,1.00000,0.00000,0.00000,0.00000
8.50125,0.99750,1.00000,0.00000,0.00000,0.00000
8.60125,0.99750,1.00000,0.00000,0.00000,0.00000
8.70125,0.99750,1.00000,0.00000,0.00000,0.00000
8.80125,0.99750,1.00000,0.00000,0.00000,0.00000
8.90125,0.99750,1.00000,0.00000,0.00000,0.00000
9.00125,0.99750,1.00000,0.00000,0.00000,0.00000
9.10125,0.99750,1.00000,0.00000,0.00000,0.00000
9.20125,0.99750,1.00000,0.00000,0.00000,0.00000
9.30125,0.99750,1.00000,0.00000,0.00000,0.00000
9.40125,0.99750,1.00000,0.00000,0.00000,0.00000
9.50125,0.99750,1.00000,0.00000,0.00000,0.00000
9.60125,0.99750,1.00000,0.00000,0.00000,0.00000
9.70125,0.99750,1.00000,0.00000,0.00000,0.00000
9.80125,0.99750,0.99999,0.00000,0.00000,0.00001
9.90125,0.99750,0.99997,0.00000,0.00000,0.00003
10.00125,0.99750,0.99982,0.00000,0.00000,0.00018
10.10125,0.99750,0.99988,0.00000,0.00000,0.00012
10.20125,0.99750,0.98904,0.00006,0.00000,0.01090
10.30125,0.99750,0.93319,0.00117,0.00000,0.06565
10.40125,0.99750,0.47174,0.00509,0.00000,0.52317
10.50125,0.99750,0.14778,0.00116,0.00000,0.85106
10.60125,0.99750,0.88901,0.00048,0.00000,0.11052
10.70125,0.99750,0.99527,0.00021,0.00000,0.00452
10.80125,0.99750,0.99989,0.00007,0.00000,0.00004
10.90125,0.99750,0.99997,0.00003,0.00000,0.00000
11.00125,0.99750,1.00000,0.00000,0.00000,0.00000
11.10125,0.99750,1.00000,0.00000,0.00000,0.00000
11.20125,0.99750,1.00000,0.00000,0.00000,0.00000
11.30125,0.99750,1.00000,0.00000,0.00000,0.00000
11.40125,0.99750,1.00000,0.00000,0.00000,0.00000
11.50125,0.99750,1.00000,0.00000,0.00000,0.00000
11.60125,0.99750,1.00000,0.00000,0.00000,0.00000
11.70125,0.99750,1.00000,0.00000,0.00000,0.00000
11.80125,0.99750,1.00000,0.00000,0.00000,0.00000
11.90125,0.99750,1.00000,0.00000,0.00000,0.00000
12.00125,0.99750,1.00000,0.00000,0.00000,0.00000
12.10125,0.99750,1.00000,0.00000,0.00000,0.00000
12.20125,0.99750,1.00000,0.00000,0.00000,0.00000
12.30125,0.99750,1.00000,0.00000,0.00000,0.00000
12.40125,0.99750,1.00000,0.00000,0.00000,0.00000
12.50125,0.99750,1.00000,0.00000,0.00000,0.00000
12.60125,0.99750,0.99995,0.00000,0.00000,0.00005
12.70125,0.99750,1.00000,0.00000,0.00000,0.00000
12.80125,0.99750,0.99998,0.00002,0.00000,0.00000
12.90125,0.99750,0.99971,0.00029,0.00000,0.00000
13.00125,0.99750,0.98971,0.01029,0.00000,0.00000
13.10125,0.99750,0.63420,0.36580,0.00000,0.00000
13.20125,0.99750,0.43969,0.56031,0.00000,0.00000
13.30125,0.99750,0.93524,0.06476,0.00000,0.00000
13.40125,0.99750,0.99888,0.00112,0.00000,0.00000
13.50125,0.99750,0.99998,0.00002,0.00000,0.00000
13.60125,0.99750,1.00000,0.00000,0.00000,0.00000
13.70125,0.99750,1.00000,0.00000,0.00000,0.00000
13.80125,0.99750,1.00000,0.00000,0.00000,0.00000
13.90125,0.99750,1.00000,0.00000,0.00000,0.00000
14.00125,0.99750,1.00000,0.00000,0.00000,0.00000
14.10125,0.99750,1.00000,0.00000,0.00000,0.00000
14.20125,0.99750,1.00000,0.00000,0.00000,0.00000
14.30125,0.99750,1.00000,0.00000,0.00000,0.00000
14.40125,0.99750,1.00000,0.00000,0.00000,0.00000
14.50125,0.99750,1.00000,0.00000,0.00000,0.00000
14.60125,0.99750,1.00000,0.00000,0.00000,0.00000
14.70125,0.99750,1.00000,0.00000,0.00000,0.00000
14.80125,0.99750,1.00000,0.00000,0.00000,0.00000
14.90125,0.99750,1.00000,0.00000,0.00000,0.00000
15.00125,0.99750,1.00000,0.00000,0.00000,0.00000
15.10125,0.99750,1.00000,0.00000,0.00000,0.00000
15.20125,0.99750,1.00000,0.00000,0.00000,0.00000
15.30125,0.99750,1.00000,0.00000,0.00000,0.00000
15.40125,0.99750,1.00000,0.00000,0.00000,0.00000
15.50125,0.99750,1.00000,0.00000,0.00000,0.00000
15.60125,0.99750,1.00000,0.00000,0.00000,0.00000
15.70125,0.99750,0.99999,0.00000,0.00000,0.00001
15.80125,0.99750,1.00000,0.00000,0.00000,0.00000
15.90125,0.99750,1.00000,0.00000,0.00000,0.00000
16.00125,0.99750,1.00000,0.00000,0.00000,0.00000
16.10125,0.99750,0.99999,0.00000,0.00000,0.00001
16.20125,0.99750,0.99989,0.00000,0.00000,0.00011
16.30125,0.99750,0.99977,0.00000,0.00000,0.00023
16.40125,0.99750,0.99994,0.00000,0.00000,0.00006
16.50125,0.99750,0.99990,0.00000,0.00000,0.00010
16.60125,0.99750,0.99982,0.00000,0.00017,0.00001
16.70125,0.99750,0.99501,0.00000,0.00498,0.00000
16.80125,0.99750,0.78938,0.00000,0.21061,0.00000
16.90125,0.99750,0.29833,0.00000,0.70167,0.00000
17.00125,0.99750,0.35024,0.00000,0.64975,0.00000
17.10125,0.99750,0.22353,0.00000,0.77647,0.00000
17.20125,0.99750,0.09660,0.00000,0.90339,0.00000
17.30125,0.99750,0.03802,0.00002,0.96196,0.00000
17.40125,0.99750,0.26790,0.00888,0.72322,0.00000
17.50125,0.99750,0.70907,0.00472,0.28621,0.00000
17.60125,0.99750,0.97424,0.00048,0.02528,0.00000
17.70125,0.99750,0.99883,0.00006,0.00111,0.00000
17.80125,0.99750,0.99997,0.00000,0.00002,0.00000
17.90125,0.99750,1.00000,0.00000,0.00000,0.00000
18.00125,0.99750,1.00000,0.00000,0.00000,0.00000
18.10125,0.99750,1.00000,0.00000,0.00000,0.00000
18.20125,0.99750,1.00000,0.00000,0.00000,0.00000
18.30125,0.99750,0.99999,0.00000,0.00000,0.00001
18.40125,0.99750,0.99999,0.00000,0.00000,0.00001
18.50125,0.99750,0.99998,0.00000,0.00000,0.00002
18.60125,0.99750,0.99994,0.00000,0.00000,0.00006
18.70125,0.99750,0.99384,0.00001,0.00000,0.00614
18.80125,0.99750,0.92195,0.00010,0.00000,0.07795
18.90125,0.99750,0.19376,0.00009,0.00000,0.80615
19.00125,0.99750,0.26748,0.00054,0.00000,0.73198
19.10125,0.99750,0.92384,0.00039,0.00000,0.07577
19.20125,0.99750,0.99931,0.00005,0.00000,0.00064
19.30125,0.99750,0.99998,0.00002,0.00000,0.00001
19.40125,0.99750,0.99999,0.00001,0.00000,0.00000
19.50125,0.99750,1.00000,0.00000,0.00000,0.00000
19.60125,0.99750,1.00000,0.00000,0.00000,0.00000
19.70125,0.99750,1.00000,0.00000,0.00000,0.00000
19.80125,0.99750,1.00000,0.00000,0.00000,0.00000
19.90125,0.99750,1.00000,0.00000,0.00000,0.00000
20.00125,0.99750,1.00000,0.00000,0.00000,0.00000
20.10125,0.99750,1.00000,0.00000,0.00000,0.00000
20.20125,0.99750,1.00000,0.00000,0.00000,0.00000
20.30125,0.99750,1.00000,0.00000,0.00000,0.00000
20.40125,0.99750,1.00000,0.00000,0.00000,0.00000
20.50125,0.99750,1.00000,0.00000,0.00000,0.00000
20.60125,0.99750,1.00000,0.00000,0.00000,0.00000
20.70125,0.99750,1.00000,0.00000,0.00000,0.00000
20.80125,0.99750,1.00000,0.00000,0.00000,0.00000
20.90125,0.99750,1.00000,0.00000,0.00000,0.00000
21.00125,0.99750,1.00000,0.00000,0.00000,0.00000
21.10125,0.99750,1.00000,0.00000,0.00000,0.00000
21.20125,0.99750,0.99999,0.00001,0.00000,0.00000
21.30125,0.99750,0.99990,0.00010,0.00000,0.00000
21.40125,0.99750,0.99821,0.00179,0.00000,0.00000
21.50125,0.99750,0.97620,0.02380,0.00000,0.00000
21.60125,0.99750,0.68869,0.31131,0.00000,0.00000
21.70125,0.99750,0.10379,0.89621,0.00000,0.00000
21.80125,0.99750,0.75046,0.24954,0.00000,0.00000
21.90125,0.99750,0.99844,0.00156,0.00000,0.00000
22.00125,0.99750,0.99943,0.00057,0.00001,0.00000
22.10125,0.99750,0.99999,0.00001,0.00000,0.00000
22.20125,0.99750,1.00000,0.00000,0.00000,0.00000
22.30125,0.99750,1.00000,0.00000,0.00000,0.00000
22.40125,0.99750,1.00000,0.00000,0.00000,0.00000
22.50125,0.99750,1.00000,0.00000,0.00000,0.00000
22.60125,0.99750,1.00000,0.00000,0.00000,0.00000
22.70125,0.99750,1.00000,0.00000,0.00000,0.00000
22.80125,0.99750,1.00000,0.00000,0.00000,0.00000
22.90125,0.99750,1.00000,0.00000,0.00000,0.00000
23.00125,0.99750,1.00000,0.00000,0.00000,0.00000
23.10125,0.99750,1.00000,0.00000,0.00000,0.00000
23.20125,0.99750,1.00000,0.00000,0.00000,0.00000
23.30125,0.99750,1.00000,0.00000,0.00000,0.00000
23.40125,0.99750,1.00000,0.00000,0.00000,0.00000
23.50125,0.99750,1.00000,0.00000,0.00000,0.00000
23.60125,0.99750,1.00000,0.00000,0.00000,0.00000
23.70125,0.99750,1.00000,0.00000,0.00000,0.00000
23.80125,0.99750,1.00000,0.00000,0.00000,0.00000
23.90125,0.99750,1.00000,0.00000,0.00000,0.00000
24.00125,0.99750,1.00000,0.00000,0.00000,0.00000
24.10125,0.99750,1.00000,0.00000,0.00000,0.00000
24.20125,0.99750,1.00000,0.00000,0.00000,0.00000
24.30125,0.99750,1.00000,0.00000,0.00000,0.00000
24.40125,0.99750,1.00000,0.00000,0.00000,0.00000
24.50125,0.99750,1.00000,0.00000,0.00000,0.00000
24.60125,0.99750,1.00000,0.00000,0.00000,0.00000
24.70125,0.99750,1.00000,0.00000,0.00000,0.00000
24.80125,0.99750,1.00000,0.00000,0.00000,0.00000
24.90125,0.99750,1.00000,0.00000,0.00000,0.00000
25.00125,0.99750,1.00000,0.00000,0.00000,0.00000
25.10125,0.99750,1.00000,0.00000,0.00000,0.00000
25.20125,0.99750,1.00000,0.00000,0.00000,0.00000
25.30125,0.99750,1.00000,0.00000,0.00000,0.00000
25.40125,0.99750,1.00000,0.00000,0.00000,0.00000
25.50125,0.99750,1.00000,0.00000,0.00000,0.00000
25.60125,0.99750,1.00000,0.00000,0.00000,0.00000
25.70125,0.99750,1.00000,0.00000,0.00000,0.00000
25.80125,0.99750,1.00000,0.00000,0.00000,0.00000
25.90125,0.99750,1.00000,0.00000,0.00000,0.00000
26.00125,0.99750,1.00000,0.00000,0.00000,0.00000
26.10125,0.99750,1.00000,0.00000,0.00000,0.00000
26.20125,0.99750,1.00000,0.00000,0.00000,0.00000
26.30125,0.99750,1.00000,0.00000,0.00000,0.00000
26.40125,0.99750,0.99999,0.00000,0.00000,0.00001
26.50125,0.99750,0.99985,0.00000,0.00000,0.00015
26.60125,0.99750,0.99995,0.00000,0.00000,0.00005
26.70125,0.99750,0.99997,0.00000,0.00000,0.00003
26.80125,0.99750,0.99999,0.00000,0.00000,0.00001
26.90125,0.99750,0.99999,0.00000,0.00001,0.00000
27.00125,0.99750,0.99975,0.00000,0.00025,0.00000
27.10125,0.99750,0.99008,0.00000,0.00992,0.00000
27.20125,0.99750,0.97446,0.00000,0.02554,0.00000
27.30125,0.99750,0.46505,0.00000,0.53495,0.00000
27.40125,0.99750,0.23378,0.00000,0.76622,0.00000
27.50125,0.99750,0.11866,0.00000,0.88134,0.00000
27.60125,0.99750,0.10463,0.00002,0.89535,0.00000
27.70125,0.99750,0.43763,0.00550,0.55688,0.00000
27.80125,0.99750,0.90929,0.00163,0.08908,0.00000
27.90125,0.99750,0.99242,0.00020,0.00738,0.00000
28.00125,0.99750,0.99976,0.00001,0.00023,0.00000
28.10125,0.99750,0.99999,0.00000,0.00001,0.00000
28.20125,0.99750,1.00000,0.00000,0.00000,0.00000
28.30125,0.99750,1.00000,0.00000,0.00000,0.00000
28.40125,0.99750,1.00000,0.00000,0.00000,0.00000
28.50125,0.99750,1.00000,0.00000,0.00000,0.00000
28.60125,0.99750,0.99999,0.00000,0.00000,0.00001
28.70125,0.99750,1.00000,0.00000,0.00000,0.00000
28.80125,0.99750,0.99998,0.00000,0.00000,0.00002
28.90125,0.99750,0.99878,0.00001,0.00000,0.00122
29.00125,0.99750,0.93174,0.00004,0.00000,0.06822
29.10125,0.99750,0.19083,0.00004,0.00000,0.80914
29.20125,0.99750,0.15045,0.00011,0.00000,0.84944
29.30125,0.99750,0.71816,0.00008,0.00000,0.28176
29.40125,0.99750,0.99930,0.00002,0.00000,0.00069
29.50125,0.99750,0.99999,0.00000,0.00000,0.00001
29.60125,0.99750,0.99997,0.00000,0.00001,0.00001
29.70125,0.99750,0.99997,0.00000,0.00002,0.00001
29.80125,0.99750,1.00000,0.00000,0.00000,0.00000
29.90125,0.99750,1.00000,0.00000,0.00000,0.00000
30.00125,0.99750,1.00000,0.00000,0.00000,0.00000
30.10125,0.99750,1.00000,0.00000,0.00000,0.00000
30.20125,0.99750,1.00000,0.00000,0.00000,0.00000
30.30125,0.99750,1.00000,0.00000,0.00000,0.00000
30.40125,0.99750,1.00000,0.00000,0.00000,0.00000
30.50125,0.99750,1.00000,0.00000,0.00000,0.00000
30.60125,0.99750,1.00000,0.00000,0.00000,0.00000
30.70125,0.99750,1.00000,0.00000,0.00000,0.00000
30.80125,0.99750,1.00000,0.00000,0.00000,0.00000
30.90125,0.99750,1.00000,0.00000,0.00000,0.00000
31.00125,0.99750,1.00000,0.00000,0.00000,0.00000
31.10125,0.99750,1.00000,0.00000,0.00000,0.00000
31.20125,0.99750,0.99999,0.00000,0.00000,0.00001
31.30125,0.99750,0.99997,0.00001,0.00000,0.00002
31.40125,0.99750,0.99980,0.00020,0.00000,0.00000
31.50125,0.99750,0.99576,0.00424,0.00000,0.00000
31.60125,0.99750,0.92230,0.07770,0.00000,0.00000
31.70125,0.99750,0.36310,0.63690,0.00000,0.00000
31.80125,0.99750,0.35928,0.64072,0.00000,0.00000
31.90125,0.99750,0.74526,0.25474,0.00000,0.00000
32.00125,0.99750,0.99422,0.00578,0.00000,0.00000
32.10125,0.99750,0.99995,0.00005,0.00000,0.00000
32.20125,0.99750,0.99999,0.00000,0.00000,0.00000
32.30125,0.99750,1.00000,0.00000,0.00000,0.00000
32.40125,0.99750,1.00000,0.00000,0.00000,0.00000
32.50125,0.99750,1.00000,0.00000,0.00000,0.00000
32.60125,0.99750,1.00000,0.00000,0.00000,0.00000
32.70125,0.99750,1.00000,0.00000,0.00000,0.00000
32.80125,0.99750,1.00000,0.00000,0.00000,0.00000
32.90125,0.99750,1.00000,0.00000,0.00000,0.00000
33.00125,0.99750,1.00000,0.00000,0.00000,0.00000
33.10125,0.99750,1.00000,0.00000,0.00000,0.00000
33.20125,0.99750,1.00000,0.00000,0.00000,0.00000
33.30125,0.99750,1.00000,0.00000,0.00000,0.00000
33.40125,0.99750,1.00000,0.00000,0.00000,0.00000
33.50125,0.99750,1.00000,0.00000,0.00000,0.00000
33.60125,0.99750,1.00000,0.00000,0.00000,0.00000
33.70125,0.99750,1.00000,0.00000,0.00000,0.00000
33.80125,0.99750,1.00000,0.00000,0.00000,0.00000
33.90125,0.99750,1.00000,0.00000,0.00000,0.00000
34.00125,0.99750,1.00000,0.00000,0.00000,0.00000
34.10125,0.99750,1.00000,0.00000,0.00000,0.00000
34.20125,0.99750,1.00000,0.00000,0.00000,0.00000
34.30125,0.99750,1.00000,0.00000,0.00000,0.00000
34.40125,0.99750,1.00000,0.00000,0.00000,0.00000
34.50125,0.99750,1.00000,0.00000,0.00000,0.00000
34.60125,0.99750,1.00000,0.00000,0.00000,0.00000
34.70125,0.99750,1.00000,0.00000,0.00000,0.00000
34.80125,0.99750,1.00000,0.00000,0.00000,0.00000
34.90125,0.99750,1.00000,0.00000,0.00000,0.00000
35.00125,0.99750,1.00000,0.00000,0.00000,0.00000
35.10125,0.99750,1.00000,0.00000,0.00000,0.00000
35.20125,0.99750,1.00000,0.00000,0.00000,0.00000
35.30125,0.99750,1.00000,0.00000,0.00000,0.00000
35.40125,0.99750,1.00000,0.00000,0.00000,0.00000
35.50125,0.99750,1.00000,0.00000,0.00000,0.00000
35.60125,0.99750,1.00000,0.00000,0.00000,0.00000
35.70125,0.99750,1.00000,0.00000,0.00000,0.00000
35.80125,0.99750,1.00000,0.00000,0.00000,0.00000
35.90125,0.99750,1.00000,0.00000,0.00000,0.00000
36.00125,0.99750,1.00000,0.00000,0.00000,0.00000
36.10125,0.99750,1.00000,0.00000,0.00000,0.00000
36.20125,0.99750,1.00000,0.00000,0.00000,0.00000
36.30125,0.99750,1.00000,0.00000,0.00000,0.00000
36.40125,0.99750,1.00000,0.00000,0.00000,0.00000
36.50125,0.99750,1.00000,0.00000,0.00000,0.00000
36.60125,0.99750,0.99999,0.00000,0.00000,0.00001
36.70125,0.99750,0.99994,0.00000,0.00000,0.00006
36.80125,0.99750,0.99994,0.00000,0.00000,0.00006
36.90125,0.99750,0.99986,0.00000,0.00000,0.00014
37.00125,0.99750,0.99988,0.00000,0.00010,0.00001
37.10125,0.99750,0.99783,0.00000,0.00217,0.00000
37.20125,0.99750,0.98685,0.00000,0.01315,0.00000
37.30125,0.99750,0.86002,0.00000,0.13998,0.00000
37.40125,0.99750,0.46745,0.00001,0.53255,0.00000
37.50125,0.99750,0.45857,0.00000,0.54143,0.00000
37.60125,0.99750,0.33569,0.00000,0.66430,0.00000
37.70125,0.99750,0.30163,0.00000,0.69837,0.00000
37.80125,0.99750,0.17158,0.00002,0.82840,0.00000
37.90125,0.99750,0.48960,0.01065,0.49975,0.00000
38.00125,0.99750,0.74787,0.00237,0.24977,0.00000
38.10125,0.99750,0.93385,0.00054,0.06561,0.00000
38.20125,0.99750,0.99211,0.00005,0.00785,0.00000
38.30125,0.99750,0.99901,0.00001,0.00099,0.00000
38.40125,0.99750,0.99994,0.00000,0.00006,0.00000
38.50125,0.99750,0.99996,0.00000,0.00000,0.00004
38.60125,0.99750,0.99977,0.00001,0.00000,0.00022
38.70125,0.99750,0.99997,0.00000,0.00000,0.00003
38.80125,0.99750,0.99999,0.00000,0.00000,0.00001
38.90125,0.99750,0.99631,0.00000,0.00000,0.00368
39.00125,0.99750,0.94748,0.00000,0.00000,0.05251
39.10125,0.99750,0.26078,0.00001,0.00000,0.73922
39.20125,0.99750,0.27399,0.00002,0.00000,0.72598
39.30125,0.99750,0.88272,0.00001,0.00000,0.11727
39.40125,0.99750,0.99947,0.00000,0.00000,0.00053
39.50125,0.99750,0.99999,0.00000,0.00001,0.00000
39.60125,0.99750,0.99983,0.00000,0.00017,0.00000
39.70125,0.99750,1.00000,0.00000,0.00000,0.00000
39.80125,0.99750,1.00000,0.00000,0.00000,0.00000
39.90125,0.99750,1.00000,0.00000,0.00000,0.00000
40.00125,0.99750,1.00000,0.00000,0.00000,0.00000
40.10125,0.99750,1.00000,0.00000,0.00000,0.00000
40.20125,0.99750,1.00000,0.00000,0.00000,0.00000
40.30125,0.99750,1.00000,0.00000,0.00000,0.00000
40.40125,0.99750,1.00000,0.00000,0.00000,0.00000
40.50125,0.99750,1.00000,0.00000,0.00000,0.00000
40.60125,0.99750,1.00000,0.00000,0.00000,0.00000
40.70125,0.99750,1.00000,0.00000,0.00000,0.00000
40.80125,0.99750,0.99997,0.00003,0.00000,0.00000
40.90125,0.99750,0.99981,0.00019,0.00000,0.00000
41.00125,0.99750,0.99856,0.00144,0.00000,0.00000
41.10125,0.99750,0.98699,0.01301,0.00000,0.00000
41.20125,0.99750,0.85049,0.14951,0.00000,0.00000
41.30125,0.99750,0.49202,0.50798,0.00000,0.00000
41.40125,0.99750,0.25100,0.74900,0.00000,0.00000
41.50125,0.99750,0.60577,0.39423,0.00000,0.00000
41.60125,0.99750,0.98276,0.01724,0.00000,0.00000
41.70125,0.99750,0.93034,0.06837,0.00129,0.00000
41.80125,0.99750,0.99782,0.00207,0.00011,0.00000
41.90125,0.99750,0.99986,0.00014,0.00000,0.00000
42.00125,0.99750,0.99999,0.00001,0.00000,0.00000
42.10125,0.99750,1.00000,0.00000,0.00000,0.00000
42.20125,0.99750,1.00000,0.00000,0.00000,0.00000
42.30125,0.99750,1.00000,0.00000,0.00000,0.00000
42.40125,0.99750,1.00000,0.00000,0.00000,0.00000
42.50125,0.99750,1.00000,0.00000,0.00000,0.00000
42.60125,0.99750,1.00000,0.00000,0.00000,0.00000
42.70125,0.99750,1.00000,0.00000,0.00000,0.00000
42.80125,0.99750,1.00000,0.00000,0.00000,0.00000
42.90125,0.99750,1.00000,0.00000,0.00000,0.00000
43.00125,0.99750,0.99993,0.00000,0.00000,0.00007
43.10125,0.99750,0.99883,0.00000,0.00000,0.00117
43.20125,0.99750,0.99738,0.00000,0.00002,0.00260
43.30125,0.99750,0.99092,0.00000,0.00043,0.00866
43.40125,0.99750,0.99104,0.00000,0.00780,0.00116
43.50125,0.99750,0.92652,0.00001,0.07279,0.00069
43.60125,0.99750,0.58466,0.00008,0.41518,0.00008
43.70125,0.99750,0.19336,0.00028,0.80636,0.00000
43.80125,0.99750,0.24143,0.00025,0.75832,0.00000
43.90125,0.99750,0.56642,0.00044,0.43314,0.00000
44.00125,0.99750,0.93611,0.00012,0.06377,0.00000
44.10125,0.99750,0.93542,0.00035,0.06424,0.00000
44.20125,0.99750,0.97098,0.00570,0.02332,0.00000
44.30125,0.99750,0.98247,0.00080,0.01673,0.00000
44.40125,0.99750,0.99907,0.00009,0.00084,0.00000
44.50125,0.99750,0.99919,0.00013,0.00058,0.00010
44.60125,0.99750,0.99293,0.00003,0.00017,0.00686
44.70125,0.99750,0.87467,0.00001,0.00007,0.12524
44.80125,0.99750,0.99485,0.00001,0.00004,0.00510
44.90125,0.99750,0.99790,0.00000,0.00007,0.00202
45.00125,0.99750,0.99926,0.00000,0.00017,0.00057
45.10125,0.99750,0.99818,0.00000,0.00037,0.00145
45.20125,0.99750,0.99701,0.00000,0.00039,0.00260
45.30125,0.99750,0.99938,0.00008,0.00002,0.00052
45.40125,0.99750,0.99692,0.00181,0.00000,0.00127
45.50125,0.99750,0.99552,0.00447,0.00000,0.00001
45.60125,0.99750,0.99536,0.00464,0.00000,0.00000
45.70125,0.99750,0.96161,0.03839,0.00001,0.00000
45.80125,0.99750,0.83829,0.16170,0.00001,0.00000
45.90125,0.99750,0.61040,0.38958,0.00001,0.00000
46.00125,0.99750,0.36334,0.63664,0.00001,0.00000
46.10125,0.99750,0.70139,0.29857,0.00004,0.00000
46.20125,0.99750,0.98378,0.01621,0.00001,0.00000
46.30125,0.99750,0.99961,0.00037,0.00002,0.00000
46.40125,0.99750,0.99976,0.00003,0.00021,0.00000
46.50125,0.99750,0.99998,0.00000,0.00002,0.00000
46.60125,0.99750,0.99999,0.00000,0.00000,0.00000
46.70125,0.99750,1.00000,0.00000,0.00000,0.00000
46.80125,0.99750,1.00000,0.00000,0.00000,0.00000
46.90125,0.99750,1.00000,0.00000,0.00000,0.00000
47.00125,0.99750,1.00000,0.00000,0.00000,0.00000
47.10125,0.99750,1.00000,0.00000,0.00000,0.00000
47.20125,0.99750,1.00000,0.00000,0.00000,0.00000
47.30125,0.99750,1.00000,0.00000,0.00000,0.00000
47.40125,0.99750,1.00000,0.00000,0.00000,0.00000
47.50125,0.99750,1.00000,0.00000,0.00000,0.00000
47.60125,0.99750,1.00000,0.00000,0.00000,0.00000
47.70125,0.99750,1.00000,0.00000,0.00000,0.00000
47.80125,0.99750,1.00000,0.00000,0.00000,0.00000
47.90125,0.99750,1.00000,0.00000,0.00000,0.00000
48.00125,0.99750,1.00000,0.00000,0.00000,0.00000
48.10125,0.99750,1.00000,0.00000,0.00000,0.00000
48.20125,0.99750,1.00000,0.00000,0.00000,0.00000
48.30125,0.99750,1.00000,0.00000,0.00000,0.00000
48.40125,0.99750,1.00000,0.00000,0.00000,0.00000
48.50125,0.99750,1.00000,0.00000,0.00000,0.00000
48.60125,0.99750,1.00000,0.00000,0.00000,0.00000
48.70125,0.99750,0.99999,0.00000,0.00000,0.00001
48.80125,0.99750,0.99960,0.00000,0.00000,0.00040
48.90125,0.99750,0.99993,0.00000,0.00000,0.00007
49.00125,0.99750,0.99909,0.00000,0.00005,0.00086
49.10125,0.99750,0.99898,0.00000,0.00074,0.00027
49.20125,0.99750,0.98184,0.00000,0.01809,0.00007
49.30125,0.99750,0.71116,0.00000,0.28881,0.00002
49.40125,0.99750,0.37405,0.00000,0.62594,0.00000
49.50125,0.99750,0.38309,0.00000,0.61690,0.00000
49.60125,0.99750,0.35049,0.00001,0.64951,0.00000
49.70125,0.99750,0.24565,0.00000,0.75434,0.00000
49.80125,0.99750,0.19073,0.00000,0.80927,0.00000
49.90125,0.99750,0.65972,0.00014,0.34014,0.00000
50.00125,0.99750,0.97653,0.00197,0.02150,0.00000
50.10125,0.99750,0.99806,0.00009,0.00184,0.00000
50.20125,0.99750,0.99982,0.00002,0.00016,0.00000
50.30125,0.99750,0.99995,0.00001,0.00004,0.00000
50.40125,0.99750,0.99999,0.00000,0.00000,0.00000
50.50125,0.99750,0.99999,0.00000,0.00000,0.00001
50.60125,0.99750,0.99997,0.00000,0.00000,0.00003
50.70125,0.99750,0.99998,0.00000,0.00000,0.00001
50.80125,0.99750,0.99989,0.00000,0.00000,0.00011
50.90125,0.99750,0.99533,0.00000,0.00000,0.00466
51.00125,0.99750,0.95093,0.00002,0.00000,0.04905
51.10125,0.99750,0.21305,0.00001,0.00000,0.78693
51.20125,0.99750,0.57883,0.00001,0.00000,0.42116
51.30125,0.99750,0.98657,0.00000,0.00000,0.01343
51.40125,0.99750,0.99999,0.00000,0.00000,0.00001
51.50125,0.99750,1.00000,0.00000,0.00000,0.00000
51.60125,0.99750,0.99993,0.00000,0.00007,0.00000
51.70125,0.99750,0.99999,0.00000,0.00001,0.00000
51.80125,0.99750,1.00000,0.00000,0.00000,0.00000
51.90125,0.99750,1.00000,0.00000,0.00000,0.00000
52.00125,0.99750,1.00000,0.00000,0.00000,0.00000
52.10125,0.99750,1.00000,0.00000,0.00000,0.00000
52.20125,0.99750,1.00000,0.00000,0.00000,0.00000
52.30125,0.99750,1.00000,0.00000,0.00000,0.00000
52.40125,0.99750,1.00000,0.00000,0.00000,0.00000
52.50125,0.99750,1.00000,0.00000,0.00000,0.00000
52.60125,0.99750,0.99999,0.00000,0.00000,0.00000
52.70125,0.99750,0.99999,0.00001,0.00000,0.00000
52.80125,0.99750,0.99980,0.00020,0.00000,0.00000
52.90125,0.99750,0.99614,0.00386,0.00000,0.00000
53.00125,0.99750,0.94824,0.05176,0.00000,0.00000
53.10125,0.99750,0.55660,0.44340,0.00000,0.00000
53.20125,0.99750,0.41041,0.58959,0.00000,0.00000
53.30125,0.99750,0.93180,0.06820,0.00000,0.00000
53.40125,0.99750,0.99945,0.00055,0.00000,0.00000
53.50125,0.99750,0.99999,0.00001,0.00000,0.00000
53.60125,0.99750,1.00000,0.00000,0.00000,0.00000
53.70125,0.99750,1.00000,0.00000,0.00000,0.00000
53.80125,0.99750,1.00000,0.00000,0.00000,0.00000
53.90125,0.99750,1.00000,0.00000,0.00000,0.00000
54.00125,0.99750,1.00000,0.00000,0.00000,0.00000
54.10125,0.99750,1.00000,0.00000,0.00000,0.00000
54.20125,0.99750,1.00000,0.00000,0.00000,0.00000
54.30125,0.99750,1.00000,0.00000,0.00000,0.00000
54.40125,0.99750,1.00000,0.00000,0.00000,0.00000
54.50125,0.99750,1.00000,0.00000,0.00000,0.00000
54.60125,0.99750,1.00000,0.00000,0.00000,0.00000
54.70125,0.99750,1.00000,0.00000,0.00000,0.00000
54.80125,0.99750,1.00000,0.00000,0.00000,0.00000
54.90125,0.99750,1.00000,0.00000,0.00000,0.00000
55.00125,0.99750,1.00000,0.00000,0.00000,0.00000
55.10125,0.99750,1.00000,0.00000,0.00000,0.00000
55.20125,0.99750,1.00000,0.00000,0.00000,0.00000
55.30125,0.99750,1.00000,0.00000,0.00000,0.00000
55.40125,0.99750,1.00000,0.00000,0.00000,0.00000
55.50125,0.99750,1.00000,0.00000,0.00000,0.00000
55.60125,0.99750,1.00000,0.00000,0.00000,0.00000
55.70125,0.99750,1.00000,0.00000,0.00000,0.00000
55.80125,0.99750,0.99994,0.00000,0.00000,0.00006
55.90125,0.99750,0.99976,0.00000,0.00000,0.00024
56.00125,0.99750,0.99993,0.00000,0.00000,0.00007
56.10125,0.99750,0.99978,0.00000,0.00004,0.00018
56.20125,0.99750,0.99891,0.00000,0.00108,0.00001
56.30125,0.99750,0.95811,0.00000,0.04188,0.00000
56.40125,0.99750,0.43876,0.00000,0.56124,0.00000
56.50125,0.99750,0.20578,0.00000,0.79422,0.00000
56.60125,0.99750,0.20138,0.00000,0.79861,0.00000
56.70125,0.99750,0.16522,0.00000,0.83478,0.00000
56.80125,0.99750,0.08013,0.00000,0.91987,0.00000
56.90125,0.99750,0.13197,0.00000,0.86802,0.00000
57.00125,0.99750,0.80969,0.00186,0.18845,0.00000
57.10125,0.99750,0.98745,0.00017,0.01239,0.00000
57.20125,0.99750,0.99944,0.00001,0.00055,0.00000
57.30125,0.99750,0.99995,0.00000,0.00003,0.00002
57.40125,0.99750,0.99993,0.00000,0.00000,0.00007
57.50125,0.99750,0.99977,0.00000,0.00000,0.00023
57.60125,0.99750,0.99978,0.00000,0.00000,0.00022
57.70125,0.99750,0.99996,0.00000,0.00000,0.00004
57.80125,0.99750,0.99998,0.00000,0.00000,0.00002
57.90125,0.99750,0.99192,0.00000,0.00000,0.00808
58.00125,0.99750,0.96351,0.00001,0.00000,0.03648
58.10125,0.99750,0.23827,0.00001,0.00000,0.76172
58.20125,0.99750,0.31479,0.00005,0.00000,0.68516
58.30125,0.99750,0.98404,0.00004,0.00000,0.01592
58.40125,0.99750,0.99998,0.00000,0.00000,0.00001
58.50125,0.99750,1.00000,0.00000,0.00000,0.00000
58.60125,0.99750,1.00000,0.00000,0.00000,0.00000
58.70125,0.99750,1.00000,0.00000,0.00000,0.00000
58.80125,0.99750,1.00000,0.00000,0.00000,0.00000
58.90125,0.99750,1.00000,0.00000,0.00000,0.00000
59.00125,0.99750,1.00000,0.00000,0.00000,0.00000
59.10125,0.99750,1.00000,0.00000,0.00000,0.00000
59.20125,0.99750,1.00000,0.00000,0.00000,0.00000
59.30125,0.99750,1.00000,0.00000,0.00000,0.00000
59.40125,0.99750,0.99999,0.00000,0.00000,0.00000
59.50125,0.99750,0.99998,0.00002,0.00000,0.00000
59.60125,0.99750,0.99945,0.00055,0.00000,0.00000
59.70125,0.99750,0.98609,0.01391,0.00000,0.00000
59.80125,0.99750,0.79645,0.20355,0.00000,0.00000
59.90125,0.99750,0.25284,0.74716,0.00000,0.00000
60.00125,0.99750,0.21744,0.78256,0.00000,0.00000
60.10125,0.99750,0.95510,0.04490,0.00000,0.00000
60.20125,0.99750,0.99992,0.00008,0.00000,0.00000
60.30125,0.99750,0.99999,0.00001,0.00000,0.00000
60.40125,0.99750,1.00000,0.00000,0.00000,0.00000
60.50125,0.99750,1.00000,0.00000,0.00000,0.00000
60.60125,0.99750,0.99999,0.00000,0.00000,0.00001
60.70125,0.99750,0.99999,0.00000,0.00000,0.00001
60.80125,0.99750,1.00000,0.00000,0.00000,0.00000
60.90125,0.99750,1.00000,0.00000,0.00000,0.00000
61.00125,0.99750,1.00000,0.00000,0.00000,0.00000
61.10125,0.99750,1.00000,0.00000,0.00000,0.00000
61.20125,0.99750,1.00000,0.00000,0.00000,0.00000
61.30125,0.99750,1.00000,0.00000,0.00000,0.00000
61.40125,0.99750,1.00000,0.00000,0.00000,0.00000
61.50125,0.99750,1.00000,0.00000,0.00000,0.00000
61.60125,0.99750,1.00000,0.00000,0.00000,0.00000
61.70125,0.99750,1.00000,0.00000,0.00000,0.00000
61.80125,0.99750,0.99997,0.00000,0.00000,0.00003
61.90125,0.99750,0.99986,0.00000,0.00000,0.00014
62.00125,0.99750,0.99696,0.00000,0.00000,0.00304
62.10125,0.99750,0.99962,0.00000,0.00001,0.00037
62.20125,0.99750,0.99616,0.00000,0.00069,0.00315
62.30125,0.99750,0.97703,0.00000,0.02122,0.00175
62.40125,0.99750,0.60307,0.00000,0.39686,0.00007
62.50125,0.99750,0.11197,0.00000,0.88803,0.00000
62.60125,0.99750,0.09313,0.00000,0.90687,0.00000
62.70125,0.99750,0.07039,0.00000,0.92961,0.00000
62.80125,0.99750,0.02904,0.00000,0.97096,0.00000
62.90125,0.99750,0.03391,0.00000,0.96609,0.00000
63.00125,0.99750,0.08823,0.00000,0.91177,0.00000
63.10125,0.99750,0.73561,0.00001,0.26438,0.00000
63.20125,0.99751,0.99496,0.00022,0.00481,0.00000
63.30125,0.99750,0.99990,0.00001,0.00010,0.00000
63.40125,0.99750,1.00000,0.00000,0.00000,0.00000
63.50125,0.99750,1.00000,0.00000,0.00000,0.00000
63.60125,0.99750,1.00000,0.00000,0.00000,0.00000
63.70125,0.99751,0.99999,0.00000,0.00000,0.00001
63.80125,0.99750,1.00000,0.00000,0.00000,0.00000
63.90125,0.99750,0.99997,0.00000,0.00000,0.00003
64.00125,0.99750,0.99808,0.00000,0.00000,0.00192
64.10125,0.99750,0.82955,0.00000,0.00000,0.17044
64.20125,0.99751,0.87697,0.00001,0.00000,0.12302
64.30125,0.99751,0.93831,0.00002,0.00000,0.06167
64.40125,0.99750,0.99783,0.00001,0.00000,0.00216
64.50125,0.99750,1.00000,0.00000,0.00000,0.00000
64.60125,0.99750,1.00000,0.00000,0.00000,0.00000
64.70125,0.99751,0.99999,0.00000,0.00001,0.00000
64.80125,0.99751,1.00000,0.00000,0.00000,0.00000
64.90125,0.99750,1.00000,0.00000,0.00000,0.00000
65.00125,0.99750,1.00000,0.00000,0.00000,0.00000
65.10125,0.99750,1.00000,0.00000,0.00000,0.00000
65.20125,0.99751,1.00000,0.00000,0.00000,0.00000
65.30125,0.99751,1.00000,0.00000,0.00000,0.00000
65.40125,0.99750,1.00000,0.00000,0.00000,0.00000
65.50125,0.99750,1.00000,0.00000,0.00000,0.00000
65.60125,0.99750,0.99999,0.00001,0.00000,0.00000
65.70125,0.99751,0.99997,0.00003,0.00000,0.00000
65.80125,0.99751,0.99961,0.00039,0.00000,0.00000
65.90125,0.99750,0.99421,0.00579,0.00000,0.00000
66.00125,0.99750,0.93464,0.06536,0.00000,0.00000
66.10125,0.99750,0.51887,0.48113,0.00000,0.00000
66.20125,0.99751,0.61615,0.38385,0.00000,0.00000
66.30125,0.99751,0.95735,0.04265,0.00000,0.00000
66.40125,0.99750,0.99994,0.00006,0.00000,0.00000
66.50125,0.99750,1.00000,0.00000,0.00000,0.00000
66.60125,0.99750,1.00000,0.00000,0.00000,0.00000
66.70125,0.99751,1.00000,0.00000,0.00000,0.00000
66.80125,0.99751,1.00000,0.00000,0.00000,0.00000
66.90125,0.99750,0.99999,0.00000,0.00000,0.00001
67.00125,0.99750,1.00000,0.00000,0.00000,0.00000
67.10125,0.99750,0.99999,0.00000,0.00000,0.00001
67.20125,0.99751,1.00000,0.00000,0.00000,0.00000
67.30125,0.99751,1.00000,0.00000,0.00000,0.00000
67.40125,0.99750,1.00000,0.00000,0.00000,0.00000
67.50125,0.99750,1.00000,0.00000,0.00000,0.00000
67.60125,0.99750,1.00000,0.00000,0.00000,0.00000
67.70125,0.99751,1.00000,0.00000,0.00000,0.00000
67.80125,0.99751,1.00000,0.00000,0.00000,0.00000
67.90125,0.99750,1.00000,0.00000,0.00000,0.00000
68.00125,0.99750,1.00000,0.00000,0.00000,0.00000
68.10125,0.99750,1.00000,0.00000,0.00000,0.00000
68.20125,0.99751,0.99999,0.00000,0.00000,0.00001
68.30125,0.99751,0.99999,0.00000,0.00000,0.00001
68.40125,0.99750,0.99998,0.00000,0.00000,0.00002
68.50125,0.99750,0.99995,0.00000,0.00000,0.00005
68.60125,0.99750,0.99965,0.00000,0.00000,0.00035
68.70125,0.99751,0.99797,0.00000,0.00000,0.00203
68.80125,0.99751,0.99664,0.00000,0.00005,0.00331
68.90125,0.99750,0.99301,0.00000,0.00103,0.00596
69.00125,0.99750,0.94615,0.00000,0.05355,0.00031
69.10125,0.99750,0.70151,0.00000,0.29792,0.00056
69.20125,0.99751,0.89044,0.00000,0.10931,0.00024
69.30125,0.99751,0.99822,0.00000,0.00176,0.00002
69.40125,0.99750,0.99919,0.00000,0.00081,0.00001
69.50125,0.99750,0.99863,0.00013,0.00000,0.00124
69.60125,0.99750,0.99771,0.00030,0.00000,0.00199
69.70125,0.99751,0.95441,0.00013,0.00000,0.04546
69.80125,0.99751,0.99622,0.00002,0.00000,0.00376
69.90125,0.99750,0.99986,0.00000,0.00000,0.00014
70.00125,0.99750,0.99932,0.00001,0.00000,0.00067
70.10125,0.99750,0.99992,0.00004,0.00000,0.00004
70.20125,0.99751,1.00000,0.00000,0.00000,0.00000
70.30125,0.99751,0.99988,0.00009,0.00003,0.00000
70.40125,0.99750,0.99988,0.00012,0.00000,0.00000
70.50125,0.99750,0.99810,0.00190,0.00000,0.00000
70.60125,0.99750,0.99680,0.00320,0.00000,0.00000
70.70125,0.99751,0.99261,0.00739,0.00000,0.00000
70.80125,0.99751,0.95186,0.04814,0.00000,0.00000
70.90125,0.99750,0.52770,0.47229,0.00000,0.00000
71.00125,0.99750,0.91552,0.08448,0.00000,0.00000
71.10125,0.99750,0.97752,0.02248,0.00000,0.00000
71.20125,0.99751,0.99897,0.00103,0.00000,0.00000
71.30125,0.99751,0.99998,0.00002,0.00000,0.00000
71.40125,0.99750,0.99987,0.00001,0.00012,0.00000
71.50125,0.99750,0.99996,0.00001,0.00004,0.00000
71.60125,0.99750,0.99988,0.00000,0.00010,0.00002
71.70125,0.99751,0.99988,0.00000,0.00011,0.00001
71.80125,0.99751,0.99958,0.00000,0.00038,0.00004
71.90125,0.99750,0.99500,0.00000,0.00499,0.00001
72.00125,0.99750,0.85985,0.00001,0.14013,0.00001
72.10125,0.99750,0.30341,0.00007,0.69652,0.00000
72.20125,0.99751,0.10985,0.00016,0.88999,0.00000
72.30125,0.99751,0.28449,0.00006,0.71545,0.00000
72.40125,0.99750,0.67453,0.00003,0.32543,0.00000
72.50125,0.99750,0.97476,0.00002,0.02522,0.00000
72.60125,0.99750,0.97502,0.02418,0.00080,0.00000
72.70125,0.99751,0.99754,0.00031,0.00215,0.00000
72.80125,0.99751,0.99918,0.00070,0.00009,0.00004
72.90125,0.99750,0.99322,0.00044,0.00006,0.00629
73.00125,0.99750,0.96862,0.00005,0.00002,0.03131
73.10125,0.99750,0.83518,0.00001,0.00001,0.16481
73.20125,0.99751,0.99911,0.00000,0.00000,0.00089
73.30125,0.99751,0.99989,0.00001,0.00001,0.00009
73.40125,0.99750,1.00000,0.00000,0.00000,0.00000
73.50125,0.99750,1.00000,0.00000,0.00000,0.00000
73.60125,0.99750,1.00000,0.00000,0.00000,0.00000
73.70125,0.99751,0.99994,0.00006,0.00000,0.00000
73.80125,0.99751,0.99997,0.00003,0.00000,0.00000
73.90125,0.99750,0.99984,0.00016,0.00000,0.00000
74.00125,0.99750,0.99852,0.00148,0.00000,0.00000
74.10125,0.99750,0.98978,0.01022,0.00000,0.00000
74.20125,0.99751,0.73298,0.26702,0.00000,0.00000
74.30125,0.99751,0.37411,0.62589,0.00000,0.00000
74.40125,0.99750,0.13821,0.86179,0.00000,0.00000
74.50125,0.99750,0.66532,0.33468,0.00000,0.00000
74.60125,0.99750,0.99899,0.00101,0.00000,0.00000
74.70125,0.99751,0.99923,0.00043,0.00034,0.00000
74.80125,0.99751,0.99997,0.00001,0.00002,0.00000
74.90125,0.99750,0.99998,0.00000,0.00001,0.00001
75.00125,0.99750,0.99988,0.00000,0.00000,0.00011
75.10125,0.99750,0.99965,0.00000,0.00000,0.00035
75.20125,0.99751,0.99901,0.00000,0.00000,0.00099
75.30125,0.99751,0.99872,0.00000,0.00000,0.00128
75.40125,0.99750,0.99685,0.00000,0.00000,0.00315
75.50125,0.99750,0.98633,0.00000,0.00002,0.01366
75.60125,0.99750,0.97194,0.00000,0.00004,0.02802
75.70125,0.99751,0.97889,0.00000,0.00002,0.02109
75.80125,0.99751,0.97947,0.00000,0.00001,0.02052
75.90125,0.99750,0.99078,0.00000,0.00000,0.00922
76.00125,0.99750,0.99557,0.00000,0.00000,0.00443
76.10125,0.99750,0.99844,0.00000,0.00000,0.00156
76.20125,0.99751,0.99950,0.00000,0.00000,0.00050
76.30125,0.99751,0.99981,0.00000,0.00000,0.00019
76.40125,0.99750,0.99967,0.00000,0.00000,0.00033
76.50125,0.99750,0.99928,0.00000,0.00000,0.00072
76.60125,0.99750,0.99960,0.00000,0.00000,0.00040
76.70125,0.99751,0.99977,0.00000,0.00000,0.00023
76.80125,0.99751,0.99971,0.00000,0.00000,0.00029
76.90125,0.99750,0.99948,0.00000,0.00000,0.00052
77.00125,0.99750,0.99900,0.00000,0.00000,0.00100
77.10125,0.99750,0.99860,0.00000,0.00000,0.00140
77.20125,0.99751,0.99892,0.00000,0.00000,0.00108
77.30125,0.99751,0.99944,0.00000,0.00000,0.00056
