Time (seconds), Duration (seconds),pred_(unlabeled),pred_Jab_R,pred_Sidehook_R,pred_Uppercut_R
0.00125,0.99750,1.00000,0.00000,0.00000,0.00000
0.10125,0.99750,1.00000,0.00000,0.00000,0.00000
0.20125,0.99750,1.00000,0.00000,0.00000,0.00000
0.30125,0.99750,0.99998,0.00000,0.00000,0.00002
0.40125,0.99750,0.99999,0.00000,0.00000,0.00001
0.50125,0.99750,0.99999,0.00000,0.00000,0.00001
0.60125,0.99750,0.99995,0.00004,0.00000,0.00001
0.70125,0.99750,0.99850,0.00147,0.00000,0.00002
0.80125,0.99750,0.86749,0.13216,0.00025,0.00010
0.90125,0.99750,0.26500,0.73407,0.00087,0.00005
1.00125,0.99750,0.74636,0.25330,0.00032,0.00002
1.10125,0.99750,0.98205,0.01794,0.00001,0.00001
1.20125,0.99750,0.99914,0.00086,0.00000,0.00000
1.30125,0.99750,0.99997,0.00003,0.00000,0.00000
1.40125,0.99750,1.00000,0.00000,0.00000,0.00000
1.50125,0.99750,1.00000,0.00000,0.00000,0.00000
1.60125,0.99750,1.00000,0.00000,0.00000,0.00000
1.70125,0.99750,0.99999,0.00000,0.00000,0.00001
1.80125,0.99750,0.99998,0.00000,0.00000,0.00002
1.90125,0.99750,0.99998,0.00001,0.00000,0.00001
2.00125,0.99750,0.99992,0.00007,0.00000,0.00001
2.10125,0.99750,0.99857,0.00140,0.00000,0.00002
2.20125,0.99750,0.95694,0.04282,0.00020,0.00005
2.30125,0.99750,0.20911,0.78913,0.00172,0.00004
2.40125,0.99750,0.55858,0.44048,0.00092,0.00002
2.50125,0.99750,0.97043,0.02953,0.00003,0.00000
2.60125,0.99750,0.99756,0.00243,0.00000,0.00000
2.70125,0.99750,0.99986,0.00014,0.00000,0.00000
2.80125,0.99750,0.99999,0.00001,0.00000,0.00000
2.90125,0.99750,1.00000,0.00000,0.00000,0.00000
3.00125,0.99750,1.00000,0.00000,0.00000,0.00000
3.10125,0.99750,1.00000,0.00000,0.00000,0.00000
3.20125,0.99750,1.00000,0.00000,0.00000,0.00000
3.30125,0.99750,0.99998,0.00000,0.00000,0.00002
3.40125,0.99750,0.99999,0.00000,0.00000,0.00001
3.50125,0.99750,0.99997,0.00002,0.00000,0.00001
3.60125,0.99750,0.99966,0.00032,0.00000,0.00001
3.70125,0.99750,0.98958,0.01035,0.00004,0.00003
3.80125,0.99750,0.46864,0.53028,0.00099,0.00009
3.90125,0.99750,0.35316,0.64581,0.00099,0.00005
4.00125,0.99750,0.94749,0.05244,0.00006,0.00001
4.10125,0.99750,0.99627,0.00372,0.00000,0.00000
4.20125,0.99750,0.99981,0.00019,0.00000,0.00000
4.30125,0.99750,0.99999,0.00000,0.00000,0.00000
4.40125,0.99750,1.00000,0.00000,0.00000,0.00000
4.50125,0.99750,1.00000,0.00000,0.00000,0.00000
4.60125,0.99750,1.00000,0.00000,0.00000,0.00000
4.70125,0.99750,1.00000,0.00000,0.00000,0.00000
4.80125,0.99750,0.99998,0.00000,0.00000,0.00002
4.90125,0.99750,0.99998,0.00001,0.00000,0.00001
5.00125,0.99750,0.99994,0.00005,0.00000,0.00001
5.10125,0.99750,0.99888,0.00110,0.00000,0.00002
5.20125,0.99750,0.95635,0.04352,0.00009,0.00005
5.30125,0.99750,0.20532,0.79393,0.00072,0.00003
5.40125,0.99750,0.36874,0.63069,0.00055,0.00002
5.50125,0.99750,0.94705,0.05292,0.00003,0.00001
5.60125,0.99750,0.99505,0.00494,0.00000,0.00001
5.70125,0.99750,0.99961,0.00039,0.00000,0.00000
5.80125,0.99750,0.99999,0.00001,0.00000,0.00000
5.90125,0.99750,1.00000,0.00000,0.00000,0.00000
6.00125,0.99750,1.00000,0.00000,0.00000,0.00000
6.10125,0.99750,1.00000,0.00000,0.00000,0.00000
6.20125,0.99750,0.99998,0.00000,0.00000,0.00002
6.30125,0.99750,0.99993,0.00001,0.00000,0.00006
6.40125,0.99750,0.99995,0.00005,0.00000,0.00001
6.50125,0.99750,0.99943,0.00056,0.00000,0.00001
6.60125,0.99750,0.98976,0.01020,0.00002,0.00002
6.70125,0.99750,0.62625,0.37308,0.00063,0.00005
6.80125,0.99750,0.20423,0.79487,0.00088,0.00002
6.90125,0.99750,0.89665,0.10324,0.00010,0.00001
7.00125,0.99750,0.99507,0.00492,0.00000,0.00000
7.10125,0.99750,0.99972,0.00028,0.00000,0.00000
7.20125,0.99750,0.99998,0.00002,0.00000,0.00000
7.30125,0.99750,1.00000,0.00000,0.00000,0.00000
7.40125,0.99750,1.00000,0.00000,0.00000,0.00000
7.50125,0.99750,1.00000,0.00000,0.00000,0.00000
7.60125,0.99750,1.00000,0.00000,0.00000,0.00000
7.70125,0.99750,1.00000,0.00000,0.00000,0.00000
7.80125,0.99750,0.99999,0.00000,0.00000,0.00001
7.90125,0.99750,1.00000,0.00000,0.00000,0.00000
8.00125,0.99750,0.99998,0.00002,0.00000,0.00000
8.10125,0.99750,0.99952,0.00047,0.00000,0.00000
8.20125,0.99750,0.98235,0.01758,0.00006,0.00001
8.30125,0.99750,0.47312,0.52595,0.00090,0.00002
8.40125,0.99750,0.51449,0.48485,0.00064,0.00002
8.50125,0.99750,0.98884,0.01114,0.00001,0.00000
8.60125,0.99750,0.99941,0.00059,0.00000,0.00000
8.70125,0.99750,0.99997,0.00003,0.00000,0.00000
8.80125,0.99750,1.00000,0.00000,0.00000,0.00000
8.90125,0.99750,1.00000,0.00000,0.00000,0.00000
9.00125,0.99750,1.00000,0.00000,0.00000,0.00000
9.10125,0.99750,1.00000,0.00000,0.00000,0.00000
9.20125,0.99750,0.99998,0.00000,0.00000,0.00002
9.30125,0.99750,0.99998,0.00000,0.00000,0.00002
9.40125,0.99750,0.99996,0.00003,0.00000,0.00001
9.50125,0.99750,0.99936,0.00063,0.00000,0.00001
9.60125,0.99750,0.96597,0.03399,0.00001,0.00003
9.70125,0.99750,0.52714,0.47254,0.00029,0.00004
9.80125,0.99750,0.20048,0.79893,0.00056,0.00003
9.90125,0.99750,0.81272,0.18717,0.00009,0.00002
10.00125,0.99750,0.98618,0.01381,0.00000,0.00001
10.10125,0.99750,0.99925,0.00075,0.00000,0.00000
10.20125,0.99750,0.99997,0.00003,0.00000,0.00000
10.30125,0.99750,1.00000,0.00000,0.00000,0.00000
10.40125,0.99750,0.99999,0.00000,0.00000,0.00001
10.50125,0.99750,0.99999,0.00000,0.00000,0.00001
10.60125,0.99750,0.99995,0.00000,0.00000,0.00004
10.70125,0.99750,0.99998,0.00000,0.00000,0.00002
10.80125,0.99750,0.99997,0.00002,0.00000,0.00001
10.90125,0.99750,0.99977,0.00022,0.00000,0.00001
11.00125,0.99750,0.99578,0.00418,0.00003,0.00001
11.10125,0.99750,0.83980,0.15924,0.00091,0.00006
11.20125,0.99750,0.23018,0.76754,0.00225,0.00003
11.30125,0.99750,0.59430,0.40493,0.00076,0.00001
11.40125,0.99750,0.98022,0.01976,0.00002,0.00000
11.50125,0.99750,0.99879,0.00120,0.00000,0.00000
11.60125,0.99750,0.99991,0.00009,0.00000,0.00000
11.70125,0.99750,1.00000,0.00000,0.00000,0.00000
11.80125,0.99750,1.00000,0.00000,0.00000,0.00000
11.90125,0.99750,1.00000,0.00000,0.00000,0.00000
12.00125,0.99750,1.00000,0.00000,0.00000,0.00000
12.10125,0.99750,0.99998,0.00000,0.00000,0.00002
12.20125,0.99750,0.99997,0.00000,0.00000,0.00002
12.30125,0.99750,0.99998,0.00002,0.00000,0.00001
12.40125,0.99750,0.99971,0.00028,0.00000,0.00001
12.50125,0.99750,0.99366,0.00630,0.00002,0.00002
12.60125,0.99750,0.54607,0.45301,0.00085,0.00007
12.70125,0.99750,0.35950,0.63957,0.00091,0.00003
12.80125,0.99750,0.91045,0.08944,0.00010,0.00001
12.90125,0.99750,0.99659,0.00341,0.00000,0.00000
13.00125,0.99750,0.99987,0.00013,0.00000,0.00000
13.10125,0.99750,0.99999,0.00001,0.00000,0.00000
13.20125,0.99750,1.00000,0.00000,0.00000,0.00000
13.30125,0.99750,1.00000,0.00000,0.00000,0.00000
13.40125,0.99750,1.00000,0.00000,0.00000,0.00000
13.50125,0.99750,0.99999,0.00000,0.00000,0.00001
13.60125,0.99750,0.99998,0.00000,0.00000,0.00002
13.70125,0.99750,0.99998,0.00001,0.00000,0.00001
13.80125,0.99750,0.99987,0.00011,0.00000,0.00002
13.90125,0.99750,0.99699,0.00296,0.00001,0.00003
14.00125,0.99750,0.76373,0.23546,0.00065,0.00017
14.10125,0.99750,0.41585,0.58323,0.00080,0.00012
14.20125,0.99750,0.92154,0.07829,0.00013,0.00005
14.30125,0.99750,0.99693,0.00306,0.00000,0.00001
14.40125,0.99750,0.99986,0.00014,0.00000,0.00000
14.50125,0.99750,0.99999,0.00001,0.00000,0.00000
14.60125,0.99750,1.00000,0.00000,0.00000,0.00000
14.70125,0.99750,1.00000,0.00000,0.00000,0.00000
14.80125,0.99750,0.99999,0.00000,0.00000,0.00001
14.90125,0.99750,0.99998,0.00000,0.00000,0.00002
15.00125,0.99750,0.99996,0.00000,0.00000,0.00004
15.10125,0.99750,0.99992,0.00003,0.00000,0.00005
15.20125,0.99750,0.99921,0.00060,0.00000,0.00018
15.30125,0.99750,0.97983,0.01949,0.00002,0.00066
15.40125,0.99750,0.72925,0.26901,0.00016,0.00158
15.50125,0.99750,0.48668,0.51206,0.00024,0.00102
15.60125,0.99750,0.92357,0.07606,0.00003,0.00033
15.70125,0.99750,0.99712,0.00279,0.00000,0.00009
15.80125,0.99750,0.99983,0.00014,0.00000,0.00004
15.90125,0.99750,0.99999,0.00001,0.00000,0.00001
16.00125,0.99750,0.99998,0.00000,0.00000,0.00002
16.10125,0.99750,0.99998,0.00000,0.00000,0.00002
16.20125,0.99750,0.99998,0.00000,0.00000,0.00001
16.30125,0.99750,0.99995,0.00000,0.00000,0.00005
16.40125,0.99750,0.99998,0.00001,0.00000,0.00001
16.50125,0.99750,0.99989,0.00011,0.00000,0.00001
16.60125,0.99750,0.99889,0.00110,0.00000,0.00001
16.70125,0.99750,0.96892,0.03094,0.00013,0.00001
16.80125,0.99750,0.42341,0.57340,0.00317,0.00001
16.90125,0.99750,0.23518,0.76164,0.00317,0.00001
17.00125,0.99750,0.90686,0.09293,0.00021,0.00000
17.10125,0.99750,0.99650,0.00350,0.00000,0.00000
17.20125,0.99750,0.99986,0.00014,0.00000,0.00000
17.30125,0.99750,0.99999,0.00001,0.00000,0.00000
17.40125,0.99750,0.99999,0.00000,0.00000,0.00000
17.50125,0.99750,0.99999,0.00000,0.00000,0.00001
17.60125,0.99750,0.99998,0.00000,0.00000,0.00002
17.70125,0.99750,0.99998,0.00001,0.00000,0.00002
17.80125,0.99750,0.99998,0.00001,0.00000,0.00001
17.90125,0.99750,0.99964,0.00033,0.00000,0.00004
18.00125,0.99750,0.99139,0.00844,0.00009,0.00007
18.10125,0.99750,0.73657,0.25939,0.00386,0.00018
18.20125,0.99750,0.25985,0.73267,0.00738,0.00010
18.30125,0.99750,0.63297,0.36388,0.00308,0.00006
18.40125,0.99750,0.95970,0.04016,0.00011,0.00003
18.50125,0.99750,0.99823,0.00176,0.00000,0.00001
18.60125,0.99750,0.99988,0.00011,0.00000,0.00000
18.70125,0.99750,0.99999,0.00000,0.00000,0.00000
18.80125,0.99750,0.99999,0.00000,0.00000,0.00001
18.90125,0.99750,0.99999,0.00000,0.00000,0.00001
19.00125,0.99750,0.99997,0.00000,0.00000,0.00002
19.10125,0.99750,0.99997,0.00000,0.00000,0.00002
19.20125,0.99750,0.99996,0.00003,0.00000,0.00001
19.30125,0.99750,0.99983,0.00015,0.00000,0.00002
19.40125,0.99750,0.99536,0.00459,0.00002,0.00003
19.50125,0.99750,0.85266,0.14664,0.00060,0.00010
19.60125,0.99750,0.34110,0.65716,0.00168,0.00007
19.70125,0.99750,0.85784,0.14175,0.00038,0.00003
19.80125,0.99750,0.99472,0.00526,0.00001,0.00001
19.90125,0.99750,0.99972,0.00028,0.00000,0.00000
20.00125,0.99750,0.99999,0.00001,0.00000,0.00000
20.10125,0.99750,1.00000,0.00000,0.00000,0.00000
20.20125,0.99750,0.99999,0.00000,0.00000,0.00001
20.30125,0.99750,0.99999,0.00000,0.00000,0.00001
20.40125,0.99750,0.99997,0.00000,0.00000,0.00003
20.50125,0.99750,0.99998,0.00000,0.00000,0.00001
20.60125,0.99750,0.99989,0.00008,0.00000,0.00003
20.70125,0.99750,0.99863,0.00129,0.00000,0.00008
20.80125,0.99750,0.97421,0.02555,0.00005,0.00020
20.90125,0.99750,0.43384,0.56482,0.00067,0.00067
21.00125,0.99750,0.34922,0.64988,0.00063,0.00027
21.10125,0.99750,0.94874,0.05113,0.00004,0.00009
21.20125,0.99750,0.99774,0.00224,0.00000,0.00002
21.30125,0.99750,0.99992,0.00008,0.00000,0.00001
21.40125,0.99750,1.00000,0.00000,0.00000,0.00000
21.50125,0.99750,0.99999,0.00000,0.00000,0.00001
21.60125,0.99750,0.99999,0.00000,0.00000,0.00001
21.70125,0.99750,0.99998,0.00000,0.00000,0.00002
21.80125,0.99750,0.99998,0.00000,0.00000,0.00002
21.90125,0.99750,0.99998,0.00000,0.00000,0.00002
22.00125,0.99750,0.99990,0.00005,0.00000,0.00005
22.10125,0.99750,0.99875,0.00115,0.00000,0.00009
22.20125,0.99750,0.97278,0.02691,0.00005,0.00026
22.30125,0.99750,0.31882,0.67997,0.00060,0.00061
22.40125,0.99750,0.54841,0.45082,0.00046,0.00031
22.50125,0.99750,0.96170,0.03817,0.00002,0.00011
22.60125,0.99750,0.99860,0.00137,0.00000,0.00004
22.70125,0.99750,0.99995,0.00004,0.00000,0.00001
22.80125,0.99750,0.99999,0.00000,0.00000,0.00000
22.90125,0.99750,0.99999,0.00000,0.00000,0.00001
23.00125,0.99750,0.99999,0.00000,0.00000,0.00001
23.10125,0.99750,0.99997,0.00000,0.00000,0.00003
23.20125,0.99750,0.99998,0.00000,0.00000,0.00002
23.30125,0.99750,0.99997,0.00001,0.00000,0.00001
23.40125,0.99750,0.99987,0.00010,0.00000,0.00002
23.50125,0.99750,0.99667,0.00325,0.00001,0.00007
23.60125,0.99750,0.86138,0.13768,0.00065,0.00029
23.70125,0.99750,0.38216,0.61538,0.00220,0.00026
23.80125,0.99750,0.87162,0.12775,0.00048,0.00015
23.90125,0.99750,0.99688,0.00310,0.00001,0.00002
24.00125,0.99750,0.99982,0.00017,0.00000,0.00001
24.10125,0.99750,0.99998,0.00002,0.00000,0.00000
24.20125,0.99750,1.00000,0.00000,0.00000,0.00000
24.30125,0.99750,0.99998,0.00000,0.00000,0.00002
24.40125,0.99750,0.99998,0.00000,0.00000,0.00002
24.50125,0.99750,0.99997,0.00000,0.00000,0.00003
24.60125,0.99750,0.99999,0.00000,0.00000,0.00000
24.70125,0.99750,0.99993,0.00007,0.00000,0.00001
24.80125,0.99750,0.99821,0.00177,0.00000,0.00001
24.90125,0.99750,0.95274,0.04710,0.00014,0.00002
25.00125,0.99750,0.38909,0.60902,0.00186,0.00003
25.10125,0.99750,0.53717,0.46128,0.00152,0.00003
25.20125,0.99750,0.98032,0.01963,0.00005,0.00001
25.30125,0.99750,0.99942,0.00058,0.00000,0.00000
25.40125,0.99750,0.99998,0.00002,0.00000,0.00000
25.50125,0.99750,1.00000,0.00000,0.00000,0.00000
25.60125,0.99750,0.99999,0.00000,0.00000,0.00001
25.70125,0.99750,0.99999,0.00000,0.00000,0.00001
25.80125,0.99750,0.99998,0.00000,0.00000,0.00002
25.90125,0.99750,0.99998,0.00000,0.00000,0.00001
26.00125,0.99750,0.99993,0.00002,0.00000,0.00005
26.10125,0.99750,0.99923,0.00063,0.00000,0.00013
26.20125,0.99750,0.96213,0.03715,0.00019,0.00054
26.30125,0.99750,0.60647,0.38911,0.00313,0.00130
26.40125,0.99750,0.56591,0.42865,0.00431,0.00113
26.50125,0.99750,0.96304,0.03638,0.00031,0.00028
26.60125,0.99750,0.99637,0.00347,0.00002,0.00014
26.70125,0.99750,0.99973,0.00021,0.00000,0.00007
26.80125,0.99750,0.99997,0.00001,0.00000,0.00001
26.90125,0.99750,0.99997,0.00000,0.00000,0.00003
27.00125,0.99750,0.99998,0.00000,0.00000,0.00002
27.10125,0.99750,0.99999,0.00000,0.00000,0.00001
27.20125,0.99750,0.99999,0.00000,0.00000,0.00001
27.30125,0.99750,0.99999,0.00000,0.00000,0.00001
27.40125,0.99750,0.99999,0.00000,0.00000,0.00001
27.50125,0.99750,0.99999,0.00000,0.00000,0.00001
27.60125,0.99750,0.99999,0.00000,0.00000,0.00001
27.70125,0.99750,0.99999,0.00000,0.00000,0.00001
27.80125,0.99750,0.99999,0.00000,0.00000,0.00001
27.90125,0.99750,0.99999,0.00000,0.00000,0.00001
28.00125,0.99750,0.99998,0.00000,0.00000,0.00002
28.10125,0.99750,0.99999,0.00000,0.00000,0.00001
28.20125,0.99750,0.99999,0.00000,0.00000,0.00001
28.30125,0.99750,0.99998,0.00000,0.00000,0.00002
28.40125,0.99750,0.99997,0.00000,0.00000,0.00003
28.50125,0.99750,0.99996,0.00000,0.00000,0.00004
28.60125,0.99750,0.99997,0.00000,0.00000,0.00003
28.70125,0.99750,0.99997,0.00000,0.00000,0.00003
28.80125,0.99750,0.99998,0.00000,0.00000,0.00002
28.90125,0.99750,0.99998,0.00000,0.00000,0.00002
29.00125,0.99750,0.99997,0.00000,0.00000,0.00003
29.10125,0.99750,0.99982,0.00000,0.00000,0.00018
29.20125,0.99750,0.99960,0.00000,0.00000,0.00040
29.30125,0.99750,0.99985,0.00000,0.00001,0.00014
29.40125,0.99750,0.99923,0.00000,0.00022,0.00055
29.50125,0.99750,0.99879,0.00000,0.00118,0.00003
29.60125,0.99750,0.99154,0.00000,0.00835,0.00011
29.70125,0.99750,0.83064,0.00000,0.16910,0.00027
29.80125,0.99750,0.25169,0.00000,0.74814,0.00016
29.90125,0.99750,0.07550,0.00000,0.92446,0.00004
30.00125,0.99750,0.03846,0.00001,0.96151,0.00002
30.10125,0.99750,0.55288,0.00000,0.44707,0.00005
30.20125,0.99750,0.98345,0.00000,0.01652,0.00002
30.30125,0.99750,0.99946,0.00000,0.00049,0.00005
30.40125,0.99750,0.99981,0.00000,0.00013,0.00006
30.50125,0.99750,0.99773,0.00000,0.00020,0.00206
30.60125,0.99750,0.99754,0.00000,0.00040,0.00207
30.70125,0.99750,0.99896,0.00000,0.00039,0.00065
30.80125,0.99750,0.99926,0.00000,0.00028,0.00046
30.90125,0.99750,0.99989,0.00000,0.00008,0.00003
31.00125,0.99750,0.99815,0.00000,0.00154,0.00031
31.10125,0.99750,0.92325,0.00000,0.07603,0.00072
31.20125,0.99750,0.29392,0.00000,0.70583,0.00026
31.30125,0.99750,0.12795,0.00000,0.87201,0.00004
31.40125,0.99750,0.05019,0.00000,0.94979,0.00003
31.50125,0.99750,0.51213,0.00000,0.48778,0.00009
31.60125,0.99750,0.98362,0.00000,0.01631,0.00007
31.70125,0.99750,0.99968,0.00002,0.00025,0.00004
31.80125,0.99750,0.99995,0.00000,0.00001,0.00004
31.90125,0.99750,0.99987,0.00000,0.00000,0.00013
32.00125,0.99750,0.99993,0.00000,0.00000,0.00007
32.10125,0.99750,0.99990,0.00000,0.00000,0.00010
32.20125,0.99750,0.99986,0.00000,0.00000,0.00014
32.30125,0.99750,0.99994,0.00000,0.00000,0.00006
32.40125,0.99750,0.99986,0.00000,0.00000,0.00014
32.50125,0.99750,0.99996,0.00000,0.00003,0.00002
32.60125,0.99750,0.99938,0.00000,0.00053,0.00009
32.70125,0.99750,0.97978,0.00000,0.01998,0.00024
32.80125,0.99750,0.55989,0.00000,0.43976,0.00035
32.90125,0.99750,0.09229,0.00000,0.90766,0.00005
33.00125,0.99750,0.06092,0.00000,0.93906,0.00003
33.10125,0.99750,0.27747,0.00000,0.72245,0.00008
33.20125,0.99750,0.85448,0.00000,0.14537,0.00015
33.30125,0.99750,0.99690,0.00001,0.00279,0.00031
33.40125,0.99750,0.99987,0.00000,0.00008,0.00005
33.50125,0.99750,0.99753,0.00001,0.00012,0.00234
33.60125,0.99750,0.99792,0.00002,0.00022,0.00184
33.70125,0.99750,0.99887,0.00000,0.00038,0.00075
33.80125,0.99750,0.99917,0.00000,0.00031,0.00052
33.90125,0.99750,0.99969,0.00000,0.00019,0.00012
34.00125,0.99750,0.99963,0.00000,0.00028,0.00009
34.10125,0.99750,0.99266,0.00000,0.00708,0.00026
34.20125,0.99750,0.79573,0.00000,0.20368,0.00060
34.30125,0.99750,0.05905,0.00000,0.94082,0.00013
34.40125,0.99750,0.03823,0.00000,0.96172,0.00005
34.50125,0.99750,0.43766,0.00000,0.56218,0.00015
34.60125,0.99750,0.96967,0.00000,0.03026,0.00008
34.70125,0.99750,0.99960,0.00000,0.00030,0.00009
34.80125,0.99750,0.99985,0.00000,0.00008,0.00007
34.90125,0.99750,0.99937,0.00000,0.00006,0.00057
35.00125,0.99750,0.99882,0.00000,0.00016,0.00102
35.10125,0.99750,0.99932,0.00000,0.00029,0.00038
35.20125,0.99750,0.99938,0.00000,0.00030,0.00033
35.30125,0.99750,0.99989,0.00000,0.00010,0.00001
35.40125,0.99750,0.99965,0.00000,0.00033,0.00002
35.50125,0.99750,0.98344,0.00000,0.01652,0.00004
35.60125,0.99750,0.45023,0.00000,0.54971,0.00006
35.70125,0.99750,0.10600,0.00000,0.89399,0.00001
35.80125,0.99750,0.07094,0.00000,0.92905,0.00000
35.90125,0.99750,0.28938,0.00001,0.71061,0.00000
36.00125,0.99750,0.89115,0.00001,0.10883,0.00001
36.10125,0.99750,0.99845,0.00003,0.00151,0.00001
36.20125,0.99750,0.99987,0.00001,0.00012,0.00000
36.30125,0.99750,0.99950,0.00001,0.00015,0.00034
36.40125,0.99750,0.99899,0.00001,0.00026,0.00074
36.50125,0.99750,0.99850,0.00000,0.00027,0.00124
36.60125,0.99750,0.99926,0.00000,0.00024,0.00050
36.70125,0.99750,0.99883,0.00000,0.00022,0.00096
36.80125,0.99750,0.99962,0.00000,0.00032,0.00006
36.90125,0.99750,0.99117,0.00000,0.00866,0.00017
37.00125,0.99750,0.67817,0.00000,0.32147,0.00036
37.10125,0.99750,0.08841,0.00000,0.91153,0.00006
37.20125,0.99750,0.04642,0.00000,0.95357,0.00001
37.30125,0.99750,0.04326,0.00000,0.95672,0.00001
37.40125,0.99750,0.21923,0.00000,0.78075,0.00002
37.50125,0.99750,0.84492,0.00003,0.15502,0.00004
37.60125,0.99750,0.99506,0.00009,0.00483,0.00002
37.70125,0.99750,0.99826,0.00002,0.00170,0.00002
37.80125,0.99750,0.99583,0.00003,0.00263,0.00151
37.90125,0.99750,0.99583,0.00000,0.00214,0.00203
38.00125,0.99750,0.99564,0.00000,0.00302,0.00133
38.10125,0.99750,0.99625,0.00000,0.00268,0.00107
38.20125,0.99750,0.99865,0.00000,0.00118,0.00017
38.30125,0.99750,0.99727,0.00000,0.00216,0.00057
38.40125,0.99750,0.96085,0.00000,0.03657,0.00258
38.50125,0.99750,0.51746,0.00000,0.47969,0.00285
38.60125,0.99750,0.22820,0.00000,0.77141,0.00040
38.70125,0.99750,0.15214,0.00000,0.84766,0.00020
38.80125,0.99750,0.52391,0.00000,0.47569,0.00040
38.90125,0.99750,0.93318,0.00000,0.06638,0.00044
39.00125,0.99750,0.99745,0.00001,0.00192,0.00063
39.10125,0.99750,0.99981,0.00002,0.00004,0.00013
39.20125,0.99750,0.99948,0.00001,0.00000,0.00051
39.30125,0.99750,0.99981,0.00001,0.00000,0.00018
39.40125,0.99750,0.99995,0.00000,0.00000,0.00005
39.50125,0.99750,0.99999,0.00000,0.00000,0.00001
39.60125,0.99750,0.99996,0.00000,0.00000,0.00004
39.70125,0.99750,0.99990,0.00000,0.00000,0.00010
39.80125,0.99750,0.99983,0.00000,0.00000,0.00017
39.90125,0.99750,0.99951,0.00000,0.00000,0.00049
40.00125,0.99750,0.99990,0.00000,0.00001,0.00009
40.10125,0.99750,0.99972,0.00000,0.00009,0.00018
40.20125,0.99750,0.99751,0.00000,0.00203,0.00046
40.30125,0.99750,0.93184,0.00000,0.06715,0.00101
40.40125,0.99750,0.20431,0.00000,0.79520,0.00049
40.50125,0.99750,0.14553,0.00000,0.85428,0.00019
40.60125,0.99750,0.55956,0.00000,0.44015,0.00029
40.70125,0.99750,0.94252,0.00000,0.05722,0.00026
40.80125,0.99750,0.99868,0.00001,0.00105,0.00026
40.90125,0.99750,0.99990,0.00000,0.00003,0.00007
41.00125,0.99750,0.99940,0.00000,0.00002,0.00058
41.10125,0.99750,0.99908,0.00000,0.00006,0.00085
41.20125,0.99750,0.99924,0.00000,0.00003,0.00073
41.30125,0.99750,0.99927,0.00000,0.00005,0.00069
41.40125,0.99750,0.99914,0.00000,0.00005,0.00081
41.50125,0.99750,0.99947,0.00000,0.00011,0.00042
41.60125,0.99750,0.99842,0.00000,0.00042,0.00116
41.70125,0.99750,0.97528,0.00000,0.02049,0.00422
41.80125,0.99750,0.52898,0.00000,0.46783,0.00319
41.90125,0.99750,0.18164,0.00000,0.81799,0.00037
42.00125,0.99750,0.10602,0.00000,0.89382,0.00016
42.10125,0.99750,0.56436,0.00000,0.43530,0.00034
42.20125,0.99750,0.95829,0.00000,0.04140,0.00031
42.30125,0.99750,0.99917,0.00001,0.00061,0.00021
42.40125,0.99750,0.99993,0.00000,0.00002,0.00005
42.50125,0.99750,0.99986,0.00000,0.00002,0.00012
42.60125,0.99750,0.99983,0.00001,0.00007,0.00010
42.70125,0.99750,0.99984,0.00001,0.00009,0.00007
42.80125,0.99750,0.99984,0.00000,0.00009,0.00006
42.90125,0.99750,0.99991,0.00000,0.00003,0.00006
43.00125,0.99750,0.99992,0.00000,0.00007,0.00001
43.10125,0.99750,0.99918,0.00000,0.00078,0.00004
43.20125,0.99750,0.96538,0.00000,0.03447,0.00015
43.30125,0.99750,0.38201,0.00001,0.61785,0.00013
43.40125,0.99750,0.42945,0.00004,0.57046,0.00005
43.50125,0.99750,0.93806,0.00002,0.06189,0.00004
43.60125,0.99750,0.99792,0.00000,0.00207,0.00001
43.70125,0.99750,0.99993,0.00000,0.00006,0.00001
43.80125,0.99750,0.99998,0.00000,0.00001,0.00001
43.90125,0.99750,0.99995,0.00000,0.00003,0.00002
44.00125,0.99750,0.99939,0.00001,0.00014,0.00045
44.10125,0.99750,0.99946,0.00001,0.00044,0.00010
44.20125,0.99750,0.99933,0.00000,0.00060,0.00007
44.30125,0.99750,0.99979,0.00000,0.00021,0.00000
44.40125,0.99750,0.99749,0.00000,0.00251,0.00000
44.50125,0.99750,0.92491,0.00001,0.07508,0.00001
44.60125,0.99750,0.28576,0.00004,0.71420,0.00000
44.70125,0.99750,0.04552,0.00008,0.95440,0.00000
44.80125,0.99750,0.21015,0.00053,0.78932,0.00000
44.90125,0.99750,0.73175,0.00074,0.26751,0.00000
45.00125,0.99750,0.98908,0.00011,0.01081,0.00000
45.10125,0.99750,0.99976,0.00007,0.00017,0.00000
45.20125,0.99750,0.99995,0.00004,0.00001,0.00000
45.30125,0.99750,0.99993,0.00001,0.00001,0.00005
45.40125,0.99750,0.99898,0.00000,0.00001,0.00101
45.50125,0.99750,0.99891,0.00000,0.00001,0.00107
45.60125,0.99750,0.99973,0.00000,0.00001,0.00026
45.70125,0.99750,0.99880,0.00000,0.00002,0.00118
45.80125,0.99750,0.99980,0.00000,0.00017,0.00003
45.90125,0.99750,0.99827,0.00000,0.00164,0.00009
46.00125,0.99750,0.93044,0.00000,0.06922,0.00033
46.10125,0.99750,0.15670,0.00000,0.84315,0.00015
46.20125,0.99750,0.10226,0.00000,0.89771,0.00003
46.30125,0.99750,0.30488,0.00000,0.69507,0.00005
46.40125,0.99750,0.63891,0.00001,0.36104,0.00004
46.50125,0.99750,0.98030,0.00001,0.01966,0.00003
46.60125,0.99750,0.99872,0.00001,0.00122,0.00005
46.70125,0.99750,0.99959,0.00000,0.00037,0.00004
46.80125,0.99750,0.99527,0.00002,0.00061,0.00410
46.90125,0.99750,0.99708,0.00002,0.00059,0.00231
47.00125,0.99750,0.99800,0.00000,0.00114,0.00086
47.10125,0.99750,0.99778,0.00000,0.00101,0.00122
47.20125,0.99750,0.99696,0.00000,0.00112,0.00192
47.30125,0.99750,0.99088,0.00000,0.00444,0.00468
47.40125,0.99750,0.89452,0.00000,0.09157,0.01391
47.50125,0.99750,0.35419,0.00000,0.63708,0.00873
47.60125,0.99750,0.11801,0.00000,0.88019,0.00180
47.70125,0.99750,0.11490,0.00000,0.88311,0.00199
47.80125,0.99750,0.60612,0.00000,0.39054,0.00334
47.90125,0.99750,0.97911,0.00000,0.01906,0.00183
48.00125,0.99750,0.99611,0.00000,0.00086,0.00304
48.10125,0.99750,0.99810,0.00000,0.00013,0.00177
48.20125,0.99750,0.99656,0.00000,0.00010,0.00334
48.30125,0.99750,0.99831,0.00000,0.00012,0.00157
48.40125,0.99750,0.99914,0.00000,0.00018,0.00069
48.50125,0.99750,0.99888,0.00000,0.00015,0.00097
48.60125,0.99750,0.99983,0.00000,0.00009,0.00009
48.70125,0.99750,0.99911,0.00000,0.00052,0.00037
48.80125,0.99750,0.97338,0.00000,0.02547,0.00115
48.90125,0.99750,0.70430,0.00000,0.29455,0.00115
49.00125,0.99750,0.16054,0.00000,0.83905,0.00041
49.10125,0.99750,0.27835,0.00000,0.72144,0.00022
49.20125,0.99750,0.71427,0.00000,0.28553,0.00019
49.30125,0.99750,0.99082,0.00000,0.00908,0.00010
49.40125,0.99750,0.99974,0.00000,0.00017,0.00008
49.50125,0.99750,0.99996,0.00000,0.00002,0.00002
49.60125,0.99750,0.99940,0.00000,0.00003,0.00057
49.70125,0.99750,0.99950,0.00001,0.00004,0.00046
49.80125,0.99750,0.99909,0.00000,0.00005,0.00086
49.90125,0.99750,0.99942,0.00000,0.00006,0.00052
50.00125,0.99750,0.99827,0.00000,0.00010,0.00163
50.10125,0.99750,0.99896,0.00000,0.00015,0.00089
50.20125,0.99750,0.99050,0.00000,0.00343,0.00607
50.30125,0.99750,0.84406,0.00000,0.13723,0.01871
50.40125,0.99750,0.30822,0.00001,0.68593,0.00584
50.50125,0.99750,0.24266,0.00005,0.75363,0.00367
50.60125,0.99750,0.86918,0.00002,0.12735,0.00345
50.70125,0.99750,0.99522,0.00000,0.00368,0.00109
50.80125,0.99750,0.99963,0.00000,0.00006,0.00031
50.90125,0.99750,0.99980,0.00000,0.00000,0.00019
51.00125,0.99750,0.99986,0.00000,0.00000,0.00014
51.10125,0.99750,0.99891,0.00000,0.00001,0.00107
51.20125,0.99750,0.99932,0.00000,0.00003,0.00065
51.30125,0.99750,0.99975,0.00000,0.00004,0.00021
51.40125,0.99750,0.99969,0.00000,0.00002,0.00029
51.50125,0.99750,0.99985,0.00000,0.00003,0.00012
51.60125,0.99750,0.99903,0.00000,0.00042,0.00055
51.70125,0.99750,0.96763,0.00000,0.03051,0.00186
51.80125,0.99750,0.56607,0.00001,0.43273,0.00119
51.90125,0.99750,0.48900,0.00001,0.51066,0.00032
52.00125,0.99750,0.64842,0.00005,0.35117,0.00036
52.10125,0.99750,0.96959,0.00003,0.03025,0.00014
52.20125,0.99750,0.99854,0.00002,0.00133,0.00011
52.30125,0.99750,0.99991,0.00000,0.00001,0.00007
52.40125,0.99750,0.99996,0.00000,0.00001,0.00003
52.50125,0.99750,0.99938,0.00000,0.00002,0.00060
52.60125,0.99750,0.99944,0.00001,0.00004,0.00051
52.70125,0.99750,0.99943,0.00000,0.00005,0.00051
52.80125,0.99750,0.99950,0.00000,0.00007,0.00043
52.90125,0.99750,0.99927,0.00000,0.00005,0.00067
53.00125,0.99750,0.99887,0.00000,0.00031,0.00081
53.10125,0.99750,0.99000,0.00000,0.00744,0.00256
53.20125,0.99750,0.69122,0.00000,0.30335,0.00542
53.30125,0.99750,0.13499,0.00000,0.86444,0.00057
53.40125,0.99750,0.09651,0.00001,0.90336,0.00012
53.50125,0.99750,0.28275,0.00001,0.71706,0.00018
53.60125,0.99750,0.60819,0.00003,0.39149,0.00030
53.70125,0.99750,0.97545,0.00008,0.02401,0.00047
53.80125,0.99750,0.99812,0.00025,0.00115,0.00049
53.90125,0.99750,0.99991,0.00000,0.00002,0.00007
54.00125,0.99750,0.99960,0.00002,0.00006,0.00032
54.10125,0.99750,0.99955,0.00000,0.00002,0.00042
54.20125,0.99750,0.99945,0.00000,0.00003,0.00052
54.30125,0.99750,0.99956,0.00000,0.00003,0.00041
54.40125,0.99750,0.99657,0.00000,0.00014,0.00329
54.50125,0.99750,0.99856,0.00000,0.00012,0.00132
54.60125,0.99750,0.99256,0.00000,0.00150,0.00595
54.70125,0.99750,0.94990,0.00000,0.03825,0.01185
54.80125,0.99750,0.28639,0.00000,0.70188,0.01173
54.90125,0.99750,0.13897,0.00000,0.86010,0.00093
55.00125,0.99750,0.72379,0.00000,0.27524,0.00097
55.10125,0.99750,0.63275,0.00000,0.36594,0.00131
55.20125,0.99750,0.95412,0.00000,0.04374,0.00214
55.30125,0.99750,0.99819,0.00001,0.00101,0.00078
55.40125,0.99750,0.99915,0.00000,0.00036,0.00049
55.50125,0.99750,0.99657,0.00010,0.00094,0.00240
55.60125,0.99750,0.99653,0.00011,0.00158,0.00179
55.70125,0.99750,0.99547,0.00002,0.00176,0.00276
55.80125,0.99750,0.99588,0.00000,0.00133,0.00279
55.90125,0.99750,0.96303,0.00000,0.00319,0.03378
56.00125,0.99750,0.96580,0.00000,0.00136,0.03284
56.10125,0.99750,0.91060,0.00000,0.00571,0.08369
56.20125,0.99750,0.64678,0.00000,0.15264,0.20057
56.30125,0.99750,0.44092,0.00001,0.45318,0.10589
56.40125,0.99750,0.61357,0.00003,0.27439,0.11201
56.50125,0.99750,0.94011,0.00000,0.02629,0.03360
56.60125,0.99750,0.97821,0.00000,0.00335,0.01844
56.70125,0.99750,0.98569,0.00000,0.00016,0.01415
56.80125,0.99750,0.99659,0.00000,0.00001,0.00340
56.90125,0.99750,0.99879,0.00000,0.00000,0.00121
57.00125,0.99750,0.99970,0.00000,0.00000,0.00030
57.10125,0.99750,0.99992,0.00000,0.00000,0.00008
57.20125,0.99750,0.99997,0.00000,0.00000,0.00003
57.30125,0.99750,0.99999,0.00000,0.00000,0.00001
57.40125,0.99750,0.99998,0.00000,0.00000,0.00002
57.50125,0.99750,0.99999,0.00000,0.00000,0.00001
57.60125,0.99750,0.99998,0.00000,0.00000,0.00002
57.70125,0.99750,0.99998,0.00000,0.00000,0.00002
57.80125,0.99750,0.99999,0.00000,0.00000,0.00001
57.90125,0.99750,0.99999,0.00000,0.00000,0.00001
58.00125,0.99750,0.99999,0.00000,0.00000,0.00001
58.10125,0.99750,0.99999,0.00000,0.00000,0.00001
58.20125,0.99750,0.99998,0.00000,0.00000,0.00002
58.30125,0.99750,0.99998,0.00000,0.00000,0.00002
58.40125,0.99750,0.99996,0.00000,0.00000,0.00004
58.50125,0.99750,0.99997,0.00000,0.00000,0.00003
58.60125,0.99750,0.99990,0.00000,0.00000,0.00010
58.70125,0.99750,0.99989,0.00000,0.00000,0.00011
58.80125,0.99750,0.99992,0.00000,0.00000,0.00008
58.90125,0.99750,0.99989,0.00000,0.00000,0.00011
59.00125,0.99750,0.99979,0.00000,0.00000,0.00021
59.10125,0.99750,0.99938,0.00000,0.00000,0.00062
59.20125,0.99750,0.99721,0.00000,0.00000,0.00279
59.30125,0.99750,0.98612,0.00000,0.00000,0.01388
59.40125,0.99750,0.96299,0.00000,0.00000,0.03701
59.50125,0.99750,0.96815,0.00000,0.00000,0.03185
59.60125,0.99750,0.75622,0.00001,0.00001,0.24377
59.70125,0.99750,0.62059,0.00005,0.00003,0.37933
59.80125,0.99750,0.88308,0.00009,0.00002,0.11682
59.90125,0.99750,0.98704,0.00001,0.00000,0.01294
60.00125,0.99750,0.99201,0.00001,0.00000,0.00798
60.10125,0.99750,0.99842,0.00000,0.00000,0.00157
60.20125,0.99750,0.99980,0.00000,0.00000,0.00020
60.30125,0.99750,0.99994,0.00000,0.00000,0.00006
60.40125,0.99750,0.99996,0.00000,0.00000,0.00004
60.50125,0.99750,0.99994,0.00000,0.00000,0.00006
60.60125,0.99750,0.99980,0.00000,0.00000,0.00020
60.70125,0.99750,0.99847,0.00000,0.00000,0.00153
60.80125,0.99750,0.97648,0.00000,0.00000,0.02352
60.90125,0.99750,0.96957,0.00000,0.00000,0.03043
61.00125,0.99750,0.67525,0.00001,0.00002,0.32472
61.10125,0.99750,0.67886,0.00005,0.00005,0.32105
61.20125,0.99750,0.85044,0.00006,0.00003,0.14947
61.30125,0.99750,0.95933,0.00000,0.00000,0.04066
61.40125,0.99750,0.96711,0.00002,0.00000,0.03287
61.50125,0.99750,0.98651,0.00001,0.00000,0.01348
61.60125,0.99750,0.99866,0.00000,0.00000,0.00134
61.70125,0.99750,0.99940,0.00000,0.00000,0.00060
61.80125,0.99750,0.99951,0.00000,0.00000,0.00049
61.90125,0.99750,0.99955,0.00000,0.00000,0.00045
62.00125,0.99750,0.99821,0.00000,0.00000,0.00179
62.10125,0.99750,0.98167,0.00000,0.00000,0.01832
62.20125,0.99750,0.92866,0.00000,0.00000,0.07134
62.30125,0.99750,0.90608,0.00000,0.00000,0.09391
62.40125,0.99750,0.65693,0.00001,0.00000,0.34305
62.50125,0.99750,0.57249,0.00003,0.00000,0.42747
62.60125,0.99750,0.83219,0.00002,0.00000,0.16779
62.70125,0.99750,0.97476,0.00000,0.00000,0.02524
62.80125,0.99750,0.99419,0.00000,0.00000,0.00581
62.90125,0.99750,0.99879,0.00000,0.00000,0.00121
63.00125,0.99750,0.99988,0.00000,0.00000,0.00012
63.10125,0.99750,0.99995,0.00000,0.00000,0.00005
63.20125,0.99751,0.99995,0.00000,0.00000,0.00005
63.30125,0.99750,0.99991,0.00000,0.00000,0.00009
63.40125,0.99750,0.99953,0.00000,0.00000,0.00047
63.50125,0.99750,0.99708,0.00000,0.00000,0.00292
63.60125,0.99750,0.98658,0.00000,0.00000,0.01342
63.70125,0.99751,0.91720,0.00000,0.00000,0.08279
63.80125,0.99750,0.59652,0.00001,0.00001,0.40345
63.90125,0.99750,0.57948,0.00002,0.00001,0.42048
64.00125,0.99750,0.75424,0.00001,0.00000,0.24574
64.10125,0.99750,0.92036,0.00001,0.00000,0.07963
64.20125,0.99751,0.97980,0.00000,0.00000,0.02020
64.30125,0.99751,0.99707,0.00000,0.00000,0.00293
64.40125,0.99750,0.99953,0.00000,0.00000,0.00047
64.50125,0.99750,0.99973,0.00000,0.00000,0.00027
64.60125,0.99750,0.99973,0.00000,0.00000,0.00027
64.70125,0.99751,0.99966,0.00000,0.00000,0.00034
64.80125,0.99751,0.99792,0.00000,0.00000,0.00208
64.90125,0.99750,0.99237,0.00000,0.00000,0.00763
65.00125,0.99750,0.97788,0.00000,0.00000,0.02212
65.10125,0.99750,0.90751,0.00000,0.00000,0.09248
65.20125,0.99751,0.46720,0.00004,0.00005,0.53271
65.30125,0.99751,0.77318,0.00005,0.00006,0.22671
65.40125,0.99750,0.93741,0.00001,0.00001,0.06256
65.50125,0.99750,0.96698,0.00001,0.00000,0.03301
65.60125,0.99750,0.98850,0.00000,0.00000,0.01150
65.70125,0.99751,0.99746,0.00000,0.00000,0.00254
65.80125,0.99751,0.99976,0.00000,0.00000,0.00024
65.90125,0.99750,0.99985,0.00000,0.00000,0.00015
66.00125,0.99750,0.99986,0.00000,0.00000,0.00014
66.10125,0.99750,0.99977,0.00000,0.00000,0.00023
66.20125,0.99751,0.99867,0.00000,0.00000,0.00133
66.30125,0.99751,0.99040,0.00000,0.00000,0.00960
66.40125,0.99750,0.97158,0.00000,0.00000,0.02842
66.50125,0.99750,0.93519,0.00000,0.00000,0.06481
66.60125,0.99750,0.67925,0.00002,0.00002,0.32071
66.70125,0.99751,0.71879,0.00003,0.00003,0.28114
66.80125,0.99751,0.92835,0.00001,0.00001,0.07164
66.90125,0.99750,0.98637,0.00000,0.00000,0.01362
67.00125,0.99750,0.99191,0.00001,0.00000,0.00808
67.10125,0.99750,0.99853,0.00000,0.00000,0.00147
67.20125,0.99751,0.99984,0.00000,0.00000,0.00016
67.30125,0.99751,0.99993,0.00000,0.00000,0.00007
67.40125,0.99750,0.99991,0.00000,0.00000,0.00009
67.50125,0.99750,0.99990,0.00000,0.00000,0.00010
67.60125,0.99750,0.99951,0.00000,0.00000,0.00049
67.70125,0.99751,0.99690,0.00000,0.00000,0.00310
67.80125,0.99751,0.97795,0.00000,0.00000,0.02205
67.90125,0.99750,0.94802,0.00000,0.00000,0.05198
68.00125,0.99750,0.72100,0.00000,0.00000,0.27900
68.10125,0.99750,0.40929,0.00001,0.00001,0.59069
68.20125,0.99751,0.57507,0.00001,0.00000,0.42492
68.30125,0.99751,0.89775,0.00000,0.00000,0.10225
68.40125,0.99750,0.95940,0.00001,0.00000,0.04059
68.50125,0.99750,0.97919,0.00001,0.00000,0.02080
68.60125,0.99750,0.99777,0.00000,0.00000,0.00223
68.70125,0.99751,0.99829,0.00000,0.00000,0.00171
68.80125,0.99751,0.99847,0.00000,0.00000,0.00153
68.90125,0.99750,0.99850,0.00000,0.00000,0.00150
69.00125,0.99750,0.99599,0.00000,0.00000,0.00401
69.10125,0.99750,0.98241,0.00000,0.00000,0.01758
69.20125,0.99751,0.93189,0.00000,0.00000,0.06811
69.30125,0.99751,0.87797,0.00000,0.00000,0.12203
69.40125,0.99750,0.61954,0.00001,0.00000,0.38045
69.50125,0.99750,0.89966,0.00002,0.00000,0.10031
69.60125,0.99750,0.98634,0.00003,0.00000,0.01364
69.70125,0.99751,0.99479,0.00008,0.00000,0.00513
69.80125,0.99751,0.99715,0.00007,0.00001,0.00277
69.90125,0.99750,0.99946,0.00001,0.00000,0.00053
70.00125,0.99750,0.99990,0.00000,0.00000,0.00010
70.10125,0.99750,0.99988,0.00000,0.00000,0.00012
70.20125,0.99751,0.99990,0.00000,0.00000,0.00010
70.30125,0.99751,0.99976,0.00000,0.00000,0.00023
70.40125,0.99750,0.99816,0.00003,0.00000,0.00181
70.50125,0.99750,0.97710,0.00011,0.00000,0.02280
70.60125,0.99750,0.89168,0.00016,0.00000,0.10816
70.70125,0.99751,0.66132,0.00041,0.00001,0.33826
70.80125,0.99751,0.49791,0.00177,0.00001,0.50030
70.90125,0.99750,0.80974,0.00930,0.00003,0.18092
71.00125,0.99750,0.98065,0.00113,0.00000,0.01821
71.10125,0.99750,0.98945,0.00060,0.00000,0.00994
71.20125,0.99751,0.99526,0.00014,0.00000,0.00460
71.30125,0.99751,0.99951,0.00001,0.00000,0.00049
71.40125,0.99750,0.99991,0.00000,0.00000,0.00009
71.50125,0.99750,0.99991,0.00000,0.00000,0.00009
71.60125,0.99750,0.99992,0.00000,0.00000,0.00008
71.70125,0.99751,0.99979,0.00000,0.00000,0.00021
71.80125,0.99751,0.99784,0.00000,0.00000,0.00216
71.90125,0.99750,0.97118,0.00000,0.00000,0.02882
72.00125,0.99750,0.91790,0.00000,0.00000,0.08210
72.10125,0.99750,0.75626,0.00000,0.00000,0.24373
72.20125,0.99751,0.70529,0.00001,0.00000,0.29470
72.30125,0.99751,0.80458,0.00001,0.00000,0.19541
72.40125,0.99750,0.95102,0.00000,0.00000,0.04898
72.50125,0.99750,0.98380,0.00000,0.00000,0.01619
72.60125,0.99750,0.99554,0.00000,0.00000,0.00446
72.70125,0.99751,0.99943,0.00000,0.00000,0.00057
72.80125,0.99751,0.99960,0.00000,0.00000,0.00040
72.90125,0.99750,0.99965,0.00000,0.00000,0.00035
73.00125,0.99750,0.99957,0.00000,0.00000,0.00043
73.10125,0.99750,0.99757,0.00000,0.00000,0.00243
73.20125,0.99751,0.98931,0.00000,0.00000,0.01069
73.30125,0.99751,0.96208,0.00000,0.00000,0.03792
73.40125,0.99750,0.80410,0.00003,0.00000,0.19587
73.50125,0.99750,0.69700,0.00002,0.00000,0.30298
73.60125,0.99750,0.80188,0.00007,0.00000,0.19805
73.70125,0.99751,0.94302,0.00003,0.00000,0.05695
73.80125,0.99751,0.97946,0.00008,0.00000,0.02045
73.90125,0.99750,0.99359,0.00002,0.00000,0.00639
74.00125,0.99750,0.99917,0.00000,0.00000,0.00083
74.10125,0.99750,0.99983,0.00000,0.00000,0.00017
74.20125,0.99751,0.99980,0.00000,0.00000,0.00020
74.30125,0.99751,0.99982,0.00000,0.00000,0.00018
74.40125,0.99750,0.99934,0.00000,0.00000,0.00066
74.50125,0.99750,0.99631,0.00000,0.00000,0.00369
74.60125,0.99750,0.97218,0.00000,0.00000,0.02781
74.70125,0.99751,0.95087,0.00000,0.00000,0.04913
74.80125,0.99751,0.66309,0.00000,0.00001,0.33690
74.90125,0.99750,0.42569,0.00001,0.00002,0.57428
75.00125,0.99750,0.77669,0.00000,0.00001,0.22330
75.10125,0.99750,0.94740,0.00000,0.00000,0.05260
75.20125,0.99751,0.96899,0.00001,0.00000,0.03099
75.30125,0.99751,0.99098,0.00000,0.00000,0.00902
75.40125,0.99750,0.99872,0.00000,0.00000,0.00128
75.50125,0.99750,0.99921,0.00000,0.00000,0.00079
75.60125,0.99750,0.99928,0.00000,0.00000,0.00072
75.70125,0.99751,0.99925,0.00000,0.00000,0.00075
75.80125,0.99751,0.99755,0.00000,0.00000,0.00245
75.90125,0.99750,0.98370,0.00002,0.00000,0.01629
76.00125,0.99750,0.89926,0.00001,0.00000,0.10073
76.10125,0.99750,0.73782,0.00002,0.00001,0.26215
76.20125,0.99751,0.61389,0.00007,0.00003,0.38601
76.30125,0.99751,0.87079,0.00004,0.00002,0.12915
76.40125,0.99750,0.97335,0.00001,0.00000,0.02663
76.50125,0.99750,0.99318,0.00001,0.00000,0.00681
76.60125,0.99750,0.99786,0.00000,0.00000,0.00214
76.70125,0.99751,0.99974,0.00000,0.00000,0.00026
76.80125,0.99751,0.99989,0.00000,0.00000,0.00011
76.90125,0.99750,0.99985,0.00000,0.00000,0.00015
77.00125,0.99750,0.99990,0.00000,0.00000,0.00010
77.10125,0.99750,0.99974,0.00000,0.00000,0.00026
77.20125,0.99751,0.99679,0.00000,0.00000,0.00321
77.30125,0.99751,0.96476,0.00000,0.00000,0.03524
77.40125,0.99750,0.86951,0.00000,0.00000,0.13049
77.50125,0.99750,0.58045,0.00001,0.00000,0.41954
77.60125,0.99750,0.31450,0.00002,0.00000,0.68548
77.70125,0.99751,0.75202,0.00000,0.00000,0.24798
77.80125,0.99751,0.85538,0.00000,0.00000,0.14462
77.90125,0.99750,0.86703,0.00000,0.00000,0.13297
78.00125,0.99750,0.96815,0.00000,0.00000,0.03185
78.10125,0.99750,0.99665,0.00000,0.00000,0.00335
78.20125,0.99751,0.99840,0.00000,0.00000,0.00160
78.30125,0.99751,0.99809,0.00000,0.00000,0.00191
78.40125,0.99750,0.99814,0.00000,0.00000,0.00186
78.50125,0.99750,0.99509,0.00000,0.00000,0.00491
78.60125,0.99750,0.96192,0.00000,0.00000,0.03808
78.70125,0.99751,0.92112,0.00001,0.00000,0.07887
78.80125,0.99751,0.91737,0.00000,0.00000,0.08263
78.90125,0.99750,0.46386,0.00003,0.00000,0.53611
79.00125,0.99750,0.38135,0.00006,0.00000,0.61858
79.10125,0.99750,0.82943,0.00006,0.00000,0.17051
79.20125,0.99751,0.96800,0.00001,0.00000,0.03199
79.30125,0.99751,0.96300,0.00002,0.00000,0.03697
79.40125,0.99750,0.98456,0.00001,0.00000,0.01543
79.50125,0.99750,0.99874,0.00000,0.00000,0.00126
79.60125,0.99750,0.99956,0.00000,0.00000,0.00044
79.70125,0.99751,0.99960,0.00000,0.00000,0.00040
79.80125,0.99751,0.99955,0.00000,0.00000,0.00045
79.90125,0.99750,0.99826,0.00000,0.00000,0.00174
80.00125,0.99750,0.98814,0.00002,0.00000,0.01184
80.10125,0.99750,0.89596,0.00020,0.00000,0.10384
80.20125,0.99751,0.93509,0.00000,0.00000,0.06490
80.30125,0.99751,0.70585,0.00000,0.00000,0.29415
80.40125,0.99750,0.23290,0.00000,0.00000,0.76709
80.50125,0.99750,0.68569,0.00000,0.00000,0.31431
80.60125,0.99750,0.94182,0.00000,0.00000,0.05818
80.70125,0.99751,0.97882,0.00000,0.00000,0.02118
80.80125,0.99751,0.99231,0.00000,0.00000,0.00769
80.90125,0.99750,0.99907,0.00000,0.00000,0.00093
81.00125,0.99750,0.99936,0.00000,0.00000,0.00064
81.10125,0.99750,0.99934,0.00000,0.00000,0.00066
81.20125,0.99751,0.99938,0.00000,0.00000,0.00062
81.30125,0.99751,0.99894,0.00000,0.00000,0.00106
81.40125,0.99750,0.99349,0.00000,0.00000,0.00651
81.50125,0.99750,0.93796,0.00000,0.00000,0.06204
81.60125,0.99750,0.77366,0.00002,0.00000,0.22633
81.70125,0.99751,0.63962,0.00005,0.00002,0.36032
81.80125,0.99751,0.90514,0.00005,0.00001,0.09480
81.90125,0.99750,0.98576,0.00001,0.00000,0.01422
82.00125,0.99750,0.99592,0.00002,0.00000,0.00405
82.10125,0.99750,0.99878,0.00001,0.00000,0.00121
82.20125,0.99751,0.99979,0.00000,0.00000,0.00021
82.30125,0.99751,0.99998,0.00000,0.00000,0.00002
82.40125,0.99750,0.99998,0.00000,0.00000,0.00002
82.50125,0.99750,0.99998,0.00000,0.00000,0.00002
82.60125,0.99750,0.99997,0.00000,0.00000,0.00003
82.70125,0.99751,0.99960,0.00000,0.00000,0.00040
82.80125,0.99751,0.99370,0.00000,0.00000,0.00630
82.90125,0.99750,0.96015,0.00001,0.00000,0.03984
83.00125,0.99750,0.82555,0.00006,0.00000,0.17439
83.10125,0.99750,0.90212,0.00022,0.00001,0.09765
83.20125,0.99751,0.94784,0.00068,0.00003,0.05146
83.30125,0.99751,0.99058,0.00008,0.00000,0.00933
83.40125,0.99750,0.99617,0.00007,0.00000,0.00375
83.50125,0.99750,0.99915,0.00000,0.00000,0.00084
83.60125,0.99750,0.99971,0.00000,0.00000,0.00029
83.70125,0.99751,0.99973,0.00000,0.00000,0.00027
83.80125,0.99751,0.99976,0.00000,0.00000,0.00023
83.90125,0.99750,0.99964,0.00000,0.00000,0.00036
84.00125,0.99750,0.99808,0.00000,0.00000,0.00192
84.10125,0.99750,0.97660,0.00000,0.00000,0.02340
84.20125,0.99751,0.83727,0.00000,0.00000,0.16272
84.30125,0.99751,0.73592,0.00000,0.00002,0.26406
84.40125,0.99750,0.33956,0.00000,0.00004,0.66039
84.50125,0.99750,0.65057,0.00000,0.00001,0.34942
84.60125,0.99750,0.93805,0.00000,0.00000,0.06194
84.70125,0.99751,0.98578,0.00000,0.00000,0.01422
84.80125,0.99751,0.99368,0.00000,0.00000,0.00632
84.90125,0.99750,0.99911,0.00000,0.00000,0.00089
85.00125,0.99750,0.99972,0.00000,0.00000,0.00028
85.10125,0.99750,0.99965,0.00000,0.00000,0.00035
85.20125,0.99751,0.99965,0.00000,0.00000,0.00035
85.30125,0.99751,0.99936,0.00000,0.00000,0.00064
85.40125,0.99750,0.99677,0.00000,0.00000,0.00323
85.50125,0.99750,0.98336,0.00000,0.00000,0.01664
85.60125,0.99750,0.81720,0.00001,0.00000,0.18279
85.70125,0.99751,0.59933,0.00005,0.00001,0.40062
85.80125,0.99751,0.67356,0.00007,0.00001,0.32636
85.90125,0.99750,0.94835,0.00005,0.00000,0.05159
86.00125,0.99750,0.98489,0.00006,0.00000,0.01505
86.10125,0.99750,0.97968,0.00024,0.00001,0.02007
86.20125,0.99751,0.97233,0.00051,0.00010,0.02707
86.30125,0.99751,0.99767,0.00002,0.00003,0.00229
86.40125,0.99750,0.99849,0.00000,0.00007,0.00144
86.50125,0.99750,0.99880,0.00000,0.00001,0.00119
86.60125,0.99750,0.99829,0.00000,0.00000,0.00171
86.70125,0.99751,0.99308,0.00000,0.00000,0.00692
86.80125,0.99751,0.95737,0.00001,0.00000,0.04263
86.90125,0.99750,0.79736,0.00001,0.00000,0.20263
87.00125,0.99750,0.74643,0.00000,0.00000,0.25356
87.10125,0.99750,0.57411,0.00001,0.00000,0.42588
87.20125,0.99751,0.67069,0.00001,0.00001,0.32929
87.30125,0.99751,0.87577,0.00001,0.00000,0.12422
87.40125,0.99750,0.98184,0.00000,0.00000,0.01816
87.50125,0.99750,0.99589,0.00000,0.00000,0.00410
87.60125,0.99750,0.99844,0.00000,0.00000,0.00156
87.70125,0.99751,0.99954,0.00000,0.00000,0.00045
87.80125,0.99751,0.99971,0.00000,0.00000,0.00029
87.90125,0.99750,0.99990,0.00000,0.00000,0.00010
88.00125,0.99750,0.99995,0.00000,0.00000,0.00005
88.10125,0.99750,0.99996,0.00000,0.00000,0.00004
88.20125,0.99751,0.99991,0.00000,0.00000,0.00009
88.30125,0.99751,0.99911,0.00000,0.00000,0.00089
88.40125,0.99750,0.99589,0.00000,0.00000,0.00411
88.50125,0.99750,0.99586,0.00000,0.00000,0.00414
88.60125,0.99750,0.99750,0.00000,0.00000,0.00250
