Time (seconds), Duration (seconds),pred_(unlabeled),pred_Jab_R,pred_Sidehook_R,pred_Uppercut_R
0.00125,0.69000,0.99965,0.00027,0.00007,0.00001
0.50125,0.69000,0.99935,0.00047,0.00014,0.00004
1.00125,0.69000,0.99899,0.00080,0.00020,0.00001
1.50125,0.69000,0.00359,0.99595,0.00046,0.00000
2.00125,0.69000,0.01214,0.96859,0.01925,0.00002
2.50125,0.69000,0.99664,0.00283,0.00050,0.00002
3.00125,0.69000,0.00022,0.99972,0.00006,0.00000
3.50125,0.69000,0.06909,0.89493,0.03596,0.00002
4.00125,0.69000,0.99767,0.00195,0.00037,0.00002
4.50125,0.69000,0.00276,0.99714,0.00010,0.00000
5.00125,0.69000,0.08883,0.87179,0.03933,0.00005
5.50125,0.69000,0.99774,0.00182,0.00041,0.00003
6.00125,0.69000,0.00023,0.99968,0.00009,0.00000
6.50125,0.69000,0.16993,0.80272,0.02730,0.00006
7.00125,0.69000,0.99183,0.00754,0.00057,0.00006
7.50125,0.69000,0.00002,0.99878,0.00120,0.00000
8.00125,0.69000,0.86028,0.08781,0.05180,0.00010
8.50125,0.69000,0.03443,0.96458,0.00098,0.00000
9.00125,0.69000,0.00008,0.99797,0.00196,0.00000
9.50125,0.69000,0.97471,0.02272,0.00249,0.00007
10.00125,0.69000,0.00015,0.99946,0.00039,0.00000
10.50125,0.69000,0.39146,0.40184,0.20654,0.00016
11.00125,0.69000,0.22814,0.76715,0.00468,0.00003
11.50125,0.69000,0.00016,0.99748,0.00235,0.00000
12.00125,0.69000,0.98790,0.00854,0.00351,0.00005
12.50125,0.69000,0.00024,0.99955,0.00021,0.00000
13.00125,0.69000,0.27463,0.48027,0.24495,0.00015
13.50125,0.69000,0.59457,0.40175,0.00365,0.00003
14.00125,0.69000,0.00008,0.99918,0.00074,0.00000
14.50125,0.69000,0.99010,0.00814,0.00174,0.00002
15.00125,0.69000,0.00359,0.99626,0.00015,0.00000
15.50125,0.69000,0.11708,0.52092,0.36195,0.00005
16.00125,0.69000,0.98802,0.01112,0.00084,0.00002
16.50125,0.69000,0.00004,0.99250,0.00746,0.00000
17.00125,0.69000,0.94129,0.03701,0.02161,0.00009
17.50125,0.69000,0.00299,0.99655,0.00046,0.00000
18.00125,0.69000,0.14960,0.55584,0.29448,0.00009
18.50125,0.69000,0.97402,0.02463,0.00134,0.00001
19.00125,0.69000,0.00008,0.99958,0.00034,0.00000
19.50125,0.69000,0.92333,0.06311,0.01338,0.00018
20.00125,0.69000,0.00097,0.99863,0.00040,0.00000
20.50125,0.69000,0.12538,0.75591,0.11860,0.00011
21.00125,0.69000,0.91301,0.08468,0.00229,0.00002
21.50125,0.69000,0.00002,0.99944,0.00053,0.00000
22.00125,0.69000,0.98227,0.01518,0.00251,0.00004
22.50125,0.69000,0.00088,0.99896,0.00016,0.00000
23.00125,0.69000,0.14631,0.75962,0.09399,0.00008
23.50125,0.69000,0.66177,0.32769,0.01050,0.00004
24.00125,0.69000,0.00006,0.99280,0.00714,0.00000
24.50125,0.69000,0.95440,0.04132,0.00422,0.00006
25.00125,0.69000,0.00013,0.99894,0.00093,0.00000
25.50125,0.69000,0.31193,0.61367,0.07426,0.00014
26.00125,0.69000,0.95428,0.04324,0.00247,0.00001
26.50125,0.69000,0.00005,0.99966,0.00029,0.00000
27.00125,0.69000,0.96439,0.02269,0.01283,0.00009
27.50125,0.69000,0.00148,0.99798,0.00054,0.00000
28.00125,0.69000,0.02344,0.95093,0.02559,0.00005
28.50125,0.69000,0.98041,0.01760,0.00191,0.00008
29.00125,0.69000,0.00001,0.99889,0.00110,0.00000
29.50125,0.69000,0.84138,0.03642,0.12202,0.00018
30.00125,0.69000,0.00297,0.99677,0.00026,0.00000
30.50125,0.69000,0.01399,0.85207,0.13391,0.00003
31.00125,0.69000,0.87879,0.11925,0.00189,0.00006
31.50125,0.69000,0.00004,0.99780,0.00216,0.00000
32.00125,0.69000,0.90761,0.07366,0.01859,0.00014
32.50125,0.69000,0.00044,0.99830,0.00126,0.00000
33.00125,0.69000,0.61342,0.20175,0.18460,0.00023
33.50125,0.69000,0.00193,0.99628,0.00179,0.00000
34.00125,0.69000,0.12822,0.74755,0.12415,0.00009
34.50125,0.69000,0.30358,0.69241,0.00397,0.00005
35.00125,0.69000,0.00028,0.99472,0.00501,0.00000
35.50125,0.69000,0.94863,0.04600,0.00532,0.00005
36.00125,0.69000,0.00006,0.99942,0.00052,0.00000
36.50125,0.69000,0.56035,0.25548,0.18395,0.00022
37.00125,0.69000,0.01758,0.98166,0.00076,0.00000
37.50125,0.69000,0.01328,0.94269,0.04395,0.00008
38.00125,0.69000,0.98149,0.01717,0.00133,0.00002
38.50125,0.69000,0.00032,0.99862,0.00106,0.00000
39.00125,0.69000,0.52874,0.32919,0.14170,0.00038
39.50125,0.69000,0.00007,0.99732,0.00261,0.00000
40.00125,0.69000,0.48378,0.14322,0.37256,0.00044
40.50125,0.69000,0.00480,0.99395,0.00125,0.00001
41.00125,0.69000,0.10588,0.21261,0.68140,0.00011
41.50125,0.69000,0.97321,0.02571,0.00105,0.00002
42.00125,0.69000,0.00038,0.99831,0.00131,0.00000
42.50125,0.69000,0.83189,0.13794,0.02990,0.00027
43.00125,0.69000,0.00008,0.99941,0.00051,0.00000
43.50125,0.69000,0.38834,0.11027,0.50114,0.00024
44.00125,0.69000,0.00904,0.99071,0.00025,0.00000
44.50125,0.69000,0.01515,0.75721,0.22758,0.00006
45.00125,0.69000,0.93937,0.05927,0.00133,0.00003
45.50125,0.69000,0.00008,0.99577,0.00415,0.00000
46.00125,0.69000,0.89673,0.05227,0.05064,0.00036
46.50125,0.69000,0.00005,0.99855,0.00140,0.00000
47.00125,0.69000,0.68730,0.05548,0.25678,0.00044
47.50125,0.69000,0.00380,0.99555,0.00064,0.00001
48.00125,0.69000,0.05664,0.67359,0.26956,0.00020
48.50125,0.69000,0.86085,0.13660,0.00250,0.00005
49.00125,0.69000,0.00004,0.99818,0.00178,0.00000
49.50125,0.69000,0.96244,0.03097,0.00651,0.00008
50.00125,0.69000,0.00006,0.99991,0.00003,0.00000
50.50125,0.69000,0.95953,0.03433,0.00597,0.00017
51.00125,0.69000,0.00036,0.99960,0.00005,0.00000
51.50125,0.69000,0.76238,0.22709,0.00998,0.00055
52.00125,0.69000,0.19702,0.79914,0.00379,0.00005
52.50125,0.69000,0.00014,0.99325,0.00661,0.00000
53.00125,0.69000,0.96068,0.03193,0.00731,0.00008
53.50125,0.69000,0.00009,0.99937,0.00055,0.00000
54.00125,0.69000,0.88325,0.06797,0.04864,0.00015
54.50125,0.69000,0.00810,0.99165,0.00025,0.00000
55.00125,0.69000,0.34302,0.64662,0.01029,0.00007
55.50125,0.69000,0.61740,0.37675,0.00581,0.00003
56.00125,0.69000,0.00003,0.99909,0.00088,0.00000
56.50125,0.69000,0.98030,0.01797,0.00167,0.00006
57.00125,0.69000,0.00005,0.99967,0.00028,0.00000
57.50125,0.69000,0.93236,0.03031,0.03724,0.00009
58.00125,0.69000,0.00614,0.99352,0.00034,0.00000
58.50125,0.69000,0.59251,0.36935,0.03807,0.00007
59.00125,0.69000,0.95340,0.04504,0.00155,0.00002
59.50125,0.69000,0.00019,0.99961,0.00021,0.00000
60.00125,0.69000,0.99200,0.00586,0.00208,0.00006
60.50125,0.69000,0.99952,0.00001,0.00019,0.00028
