Time (seconds), Duration (seconds),pred_(unlabeled),pred_Jab_R,pred_Sidehook_R,pred_Uppercut_R
0.00125,0.99750,0.99999,0.00000,0.00000,0.00001
0.10125,0.99750,1.00000,0.00000,0.00000,0.00000
0.20125,0.99750,1.00000,0.00000,0.00000,0.00000
0.30125,0.99750,1.00000,0.00000,0.00000,0.00000
0.40125,0.99750,0.99999,0.00000,0.00000,0.00000
0.50125,0.99750,1.00000,0.00000,0.00000,0.00000
0.60125,0.99750,0.99999,0.00000,0.00000,0.00001
0.70125,0.99750,0.99999,0.00000,0.00000,0.00001
0.80125,0.99750,0.99999,0.00000,0.00000,0.00001
0.90125,0.99750,0.99999,0.00000,0.00000,0.00001
1.00125,0.99750,0.99999,0.00000,0.00000,0.00001
1.10125,0.99750,0.99999,0.00000,0.00000,0.00001
1.20125,0.99750,0.99999,0.00000,0.00000,0.00001
1.30125,0.99750,0.99999,0.00000,0.00000,0.00001
1.40125,0.99750,0.99999,0.00000,0.00000,0.00001
1.50125,0.99750,1.00000,0.00000,0.00000,0.00000
1.60125,0.99750,1.00000,0.00000,0.00000,0.00000
1.70125,0.99750,1.00000,0.00000,0.00000,0.00000
1.80125,0.99750,1.00000,0.00000,0.00000,0.00000
1.90125,0.99750,1.00000,0.00000,0.00000,0.00000
2.00125,0.99750,1.00000,0.00000,0.00000,0.00000
2.10125,0.99750,1.00000,0.00000,0.00000,0.00000
2.20125,0.99750,1.00000,0.00000,0.00000,0.00000
2.30125,0.99750,1.00000,0.00000,0.00000,0.00000
2.40125,0.99750,1.00000,0.00000,0.00000,0.00000
2.50125,0.99750,1.00000,0.00000,0.00000,0.00000
2.60125,0.99750,0.99999,0.00000,0.00000,0.00001
2.70125,0.99750,0.99997,0.00000,0.00000,0.00002
2.80125,0.99750,0.99995,0.00000,0.00001,0.00004
2.90125,0.99750,0.99990,0.00000,0.00008,0.00002
3.00125,0.99750,0.99984,0.00000,0.00014,0.00002
3.10125,0.99750,0.99790,0.00001,0.00200,0.00009
3.20125,0.99750,0.90113,0.00013,0.09816,0.00058
3.30125,0.99750,0.60062,0.00049,0.39785,0.00105
3.40125,0.99750,0.96865,0.00011,0.03095,0.00030
3.50125,0.99750,0.99822,0.00001,0.00165,0.00012
3.60125,0.99750,0.99978,0.00000,0.00015,0.00007
3.70125,0.99750,0.99985,0.00001,0.00004,0.00010
3.80125,0.99750,0.99972,0.00001,0.00016,0.00011
3.90125,0.99750,0.99850,0.00001,0.00047,0.00103
4.00125,0.99750,0.99889,0.00000,0.00018,0.00093
4.10125,0.99750,0.99993,0.00000,0.00004,0.00003
4.20125,0.99750,0.99996,0.00000,0.00003,0.00001
4.30125,0.99750,0.99971,0.00000,0.00027,0.00002
4.40125,0.99750,0.99077,0.00001,0.00916,0.00006
4.50125,0.99750,0.83247,0.00004,0.16729,0.00019
4.60125,0.99750,0.74874,0.00005,0.25101,0.00020
4.70125,0.99750,0.98744,0.00001,0.01247,0.00009
4.80125,0.99750,0.99930,0.00000,0.00063,0.00006
4.90125,0.99750,0.99997,0.00000,0.00001,0.00002
5.00125,0.99750,0.99999,0.00000,0.00000,0.00001
5.10125,0.99750,0.99993,0.00000,0.00000,0.00007
5.20125,0.99750,0.99997,0.00000,0.00000,0.00003
5.30125,0.99750,0.99999,0.00000,0.00000,0.00001
5.40125,0.99750,1.00000,0.00000,0.00000,0.00000
5.50125,0.99750,1.00000,0.00000,0.00000,0.00000
5.60125,0.99750,1.00000,0.00000,0.00000,0.00000
5.70125,0.99750,1.00000,0.00000,0.00000,0.00000
5.80125,0.99750,1.00000,0.00000,0.00000,0.00000
5.90125,0.99750,0.99999,0.00000,0.00000,0.00001
6.00125,0.99750,0.99987,0.00000,0.00000,0.00013
6.10125,0.99750,0.99998,0.00000,0.00000,0.00002
6.20125,0.99750,0.99999,0.00000,0.00000,0.00001
6.30125,0.99750,0.99991,0.00000,0.00003,0.00006
6.40125,0.99750,0.99846,0.00002,0.00116,0.00036
6.50125,0.99750,0.95234,0.00018,0.04574,0.00173
6.60125,0.99750,0.88210,0.00051,0.11322,0.00417
6.70125,0.99750,0.99505,0.00004,0.00433,0.00058
6.80125,0.99750,0.99943,0.00000,0.00032,0.00024
6.90125,0.99750,0.99987,0.00000,0.00001,0.00012
7.00125,0.99750,0.99995,0.00000,0.00000,0.00005
7.10125,0.99750,0.99993,0.00000,0.00000,0.00007
7.20125,0.99750,0.99989,0.00000,0.00000,0.00011
7.30125,0.99750,0.99998,0.00000,0.00000,0.00002
7.40125,0.99750,1.00000,0.00000,0.00000,0.00000
7.50125,0.99750,1.00000,0.00000,0.00000,0.00000
7.60125,0.99750,1.00000,0.00000,0.00000,0.00000
7.70125,0.99750,1.00000,0.00000,0.00000,0.00000
7.80125,0.99750,1.00000,0.00000,0.00000,0.00000
7.90125,0.99750,1.00000,0.00000,0.00000,0.00000
8.00125,0.99750,0.99998,0.00000,0.00000,0.00002
8.10125,0.99750,1.00000,0.00000,0.00000,0.00000
8.20125,0.99750,1.00000,0.00000,0.00000,0.00000
8.30125,0.99750,0.99999,0.00000,0.00001,0.00000
8.40125,0.99750,0.99974,0.00000,0.00024,0.00002
8.50125,0.99750,0.99131,0.00002,0.00856,0.00010
8.60125,0.99750,0.92091,0.00009,0.07870,0.00030
8.70125,0.99750,0.99050,0.00001,0.00941,0.00009
8.80125,0.99750,0.99956,0.00000,0.00041,0.00003
8.90125,0.99750,0.99993,0.00000,0.00003,0.00003
9.00125,0.99750,0.99998,0.00000,0.00000,0.00002
9.10125,0.99750,0.99997,0.00000,0.00000,0.00003
9.20125,0.99750,0.99993,0.00000,0.00000,0.00007
9.30125,0.99750,0.99999,0.00000,0.00000,0.00001
9.40125,0.99750,1.00000,0.00000,0.00000,0.00000
9.50125,0.99750,1.00000,0.00000,0.00000,0.00000
9.60125,0.99750,1.00000,0.00000,0.00000,0.00000
9.70125,0.99750,1.00000,0.00000,0.00000,0.00000
9.80125,0.99750,1.00000,0.00000,0.00000,0.00000
9.90125,0.99750,1.00000,0.00000,0.00000,0.00000
10.00125,0.99750,1.00000,0.00000,0.00000,0.00000
10.10125,0.99750,1.00000,0.00000,0.00000,0.00000
10.20125,0.99750,0.99998,0.00000,0.00000,0.00002
10.30125,0.99750,1.00000,0.00000,0.00000,0.00000
10.40125,0.99750,0.99999,0.00000,0.00000,0.00001
10.50125,0.99750,0.99995,0.00000,0.00002,0.00002
10.60125,0.99750,0.99903,0.00000,0.00091,0.00006
10.70125,0.99750,0.95800,0.00000,0.04177,0.00022
10.80125,0.99750,0.51572,0.00001,0.48396,0.00030
10.90125,0.99750,0.75643,0.00000,0.24350,0.00007
11.00125,0.99750,0.98097,0.00000,0.01896,0.00007
11.10125,0.99750,0.99856,0.00000,0.00140,0.00004
11.20125,0.99750,0.99971,0.00000,0.00028,0.00001
11.30125,0.99750,0.99991,0.00000,0.00003,0.00007
11.40125,0.99750,0.99997,0.00000,0.00000,0.00003
11.50125,0.99750,0.99999,0.00000,0.00000,0.00001
11.60125,0.99750,1.00000,0.00000,0.00000,0.00000
11.70125,0.99750,1.00000,0.00000,0.00000,0.00000
11.80125,0.99750,1.00000,0.00000,0.00000,0.00000
11.90125,0.99750,0.99999,0.00000,0.00000,0.00001
12.00125,0.99750,0.99997,0.00000,0.00000,0.00003
12.10125,0.99750,0.99998,0.00000,0.00000,0.00002
12.20125,0.99750,0.99999,0.00000,0.00000,0.00001
12.30125,0.99750,0.99991,0.00000,0.00006,0.00003
12.40125,0.99750,0.99737,0.00004,0.00252,0.00007
12.50125,0.99750,0.87532,0.00071,0.12368,0.00029
12.60125,0.99750,0.25758,0.00168,0.74050,0.00024
12.70125,0.99750,0.51042,0.00034,0.48909,0.00015
12.80125,0.99750,0.91524,0.00005,0.08461,0.00011
12.90125,0.99750,0.98850,0.00001,0.01137,0.00011
13.00125,0.99750,0.99953,0.00003,0.00041,0.00003
13.10125,0.99750,0.99991,0.00000,0.00004,0.00004
13.20125,0.99750,0.99995,0.00000,0.00000,0.00005
13.30125,0.99750,0.99998,0.00000,0.00000,0.00002
13.40125,0.99750,0.99999,0.00000,0.00000,0.00001
13.50125,0.99750,1.00000,0.00000,0.00000,0.00000
13.60125,0.99750,1.00000,0.00000,0.00000,0.00000
13.70125,0.99750,1.00000,0.00000,0.00000,0.00000
13.80125,0.99750,0.99999,0.00000,0.00000,0.00001
13.90125,0.99750,0.99999,0.00000,0.00000,0.00000
14.00125,0.99750,1.00000,0.00000,0.00000,0.00000
14.10125,0.99750,0.99998,0.00000,0.00002,0.00000
14.20125,0.99750,0.99929,0.00002,0.00067,0.00002
14.30125,0.99750,0.97435,0.00013,0.02541,0.00011
14.40125,0.99750,0.76531,0.00033,0.23415,0.00021
14.50125,0.99750,0.77615,0.00018,0.22352,0.00015
14.60125,0.99750,0.98025,0.00002,0.01968,0.00005
14.70125,0.99750,0.99873,0.00000,0.00123,0.00004
14.80125,0.99750,0.99991,0.00001,0.00005,0.00002
14.90125,0.99750,0.99998,0.00000,0.00001,0.00001
15.00125,0.99750,0.99996,0.00000,0.00000,0.00004
15.10125,0.99750,0.99999,0.00000,0.00000,0.00001
15.20125,0.99750,0.99999,0.00000,0.00000,0.00001
15.30125,0.99750,0.99999,0.00000,0.00000,0.00001
15.40125,0.99750,0.99997,0.00000,0.00000,0.00003
15.50125,0.99750,0.99998,0.00000,0.00000,0.00002
15.60125,0.99750,1.00000,0.00000,0.00000,0.00000
15.70125,0.99750,0.99996,0.00000,0.00003,0.00000
15.80125,0.99750,0.99888,0.00003,0.00109,0.00000
15.90125,0.99750,0.96277,0.00017,0.03706,0.00000
16.00125,0.99750,0.61119,0.00032,0.38848,0.00001
16.10125,0.99750,0.57516,0.00023,0.42460,0.00000
16.20125,0.99750,0.93216,0.00006,0.06777,0.00000
16.30125,0.99750,0.99280,0.00001,0.00719,0.00000
16.40125,0.99750,0.99963,0.00011,0.00026,0.00000
16.50125,0.99750,0.99993,0.00001,0.00007,0.00000
16.60125,0.99750,0.99999,0.00000,0.00001,0.00000
16.70125,0.99750,0.99999,0.00000,0.00000,0.00001
16.80125,0.99750,0.99999,0.00000,0.00000,0.00001
16.90125,0.99750,0.99999,0.00000,0.00000,0.00001
17.00125,0.99750,0.99999,0.00000,0.00000,0.00001
17.10125,0.99750,0.99996,0.00000,0.00000,0.00004
17.20125,0.99750,1.00000,0.00000,0.00000,0.00000
17.30125,0.99750,0.99998,0.00000,0.00002,0.00000
17.40125,0.99750,0.99960,0.00000,0.00040,0.00000
17.50125,0.99750,0.99444,0.00000,0.00556,0.00000
17.60125,0.99750,0.90850,0.00001,0.09149,0.00001
17.70125,0.99750,0.40393,0.00001,0.59605,0.00001
17.80125,0.99750,0.78340,0.00000,0.21658,0.00001
17.90125,0.99750,0.98672,0.00000,0.01327,0.00000
18.00125,0.99750,0.99853,0.00000,0.00146,0.00000
18.10125,0.99750,0.99970,0.00000,0.00030,0.00000
18.20125,0.99750,0.99998,0.00000,0.00002,0.00000
18.30125,0.99750,0.99999,0.00000,0.00000,0.00001
18.40125,0.99750,0.99998,0.00000,0.00000,0.00002
18.50125,0.99750,0.99999,0.00000,0.00000,0.00000
18.60125,0.99750,1.00000,0.00000,0.00000,0.00000
18.70125,0.99750,1.00000,0.00000,0.00000,0.00000
18.80125,0.99750,1.00000,0.00000,0.00000,0.00000
18.90125,0.99750,0.99998,0.00000,0.00000,0.00001
19.00125,0.99750,0.99999,0.00000,0.00000,0.00001
19.10125,0.99750,0.99999,0.00000,0.00000,0.00000
19.20125,0.99750,0.99990,0.00002,0.00007,0.00001
19.30125,0.99750,0.99772,0.00008,0.00215,0.00005
19.40125,0.99750,0.92703,0.00033,0.07231,0.00032
19.50125,0.99750,0.73474,0.00091,0.26374,0.00062
19.60125,0.99750,0.97979,0.00020,0.01981,0.00021
19.70125,0.99750,0.99886,0.00003,0.00107,0.00004
19.80125,0.99750,0.99985,0.00001,0.00011,0.00004
19.90125,0.99750,0.99992,0.00004,0.00001,0.00003
20.00125,0.99750,0.99999,0.00000,0.00000,0.00001
20.10125,0.99750,0.99998,0.00000,0.00000,0.00002
20.20125,0.99750,1.00000,0.00000,0.00000,0.00000
20.30125,0.99750,1.00000,0.00000,0.00000,0.00000
20.40125,0.99750,1.00000,0.00000,0.00000,0.00000
20.50125,0.99750,1.00000,0.00000,0.00000,0.00000
20.60125,0.99750,0.99999,0.00000,0.00000,0.00000
20.70125,0.99750,1.00000,0.00000,0.00000,0.00000
20.80125,0.99750,0.99993,0.00000,0.00007,0.00000
20.90125,0.99750,0.99804,0.00003,0.00192,0.00000
21.00125,0.99750,0.93110,0.00045,0.06844,0.00000
21.10125,0.99750,0.47419,0.00090,0.52490,0.00001
21.20125,0.99750,0.49425,0.00096,0.50478,0.00000
21.30125,0.99750,0.91470,0.00057,0.08473,0.00000
21.40125,0.99750,0.99351,0.00010,0.00639,0.00000
21.50125,0.99750,0.99703,0.00242,0.00055,0.00000
21.60125,0.99750,0.99986,0.00008,0.00006,0.00000
21.70125,0.99750,0.99999,0.00000,0.00000,0.00000
21.80125,0.99750,0.99999,0.00000,0.00000,0.00001
21.90125,0.99750,0.99997,0.00000,0.00000,0.00003
22.00125,0.99750,0.99992,0.00000,0.00000,0.00007
22.10125,0.99750,0.99986,0.00000,0.00000,0.00014
22.20125,0.99750,0.99999,0.00000,0.00000,0.00001
22.30125,0.99750,0.99996,0.00002,0.00002,0.00000
22.40125,0.99750,0.99967,0.00009,0.00024,0.00000
22.50125,0.99750,0.99116,0.00110,0.00774,0.00000
22.60125,0.99750,0.79014,0.00445,0.20540,0.00001
22.70125,0.99750,0.25158,0.00256,0.74585,0.00001
22.80125,0.99750,0.64123,0.00181,0.35694,0.00001
22.90125,0.99750,0.97876,0.00036,0.02087,0.00001
23.00125,0.99750,0.99760,0.00027,0.00213,0.00000
23.10125,0.99750,0.99980,0.00006,0.00013,0.00000
23.20125,0.99750,0.99999,0.00000,0.00001,0.00000
23.30125,0.99750,0.99999,0.00000,0.00000,0.00001
23.40125,0.99750,0.99994,0.00000,0.00000,0.00006
23.50125,0.99750,0.99990,0.00000,0.00000,0.00010
23.60125,0.99750,0.99976,0.00000,0.00000,0.00024
23.70125,0.99750,0.99999,0.00000,0.00000,0.00001
23.80125,0.99750,0.99998,0.00000,0.00001,0.00001
23.90125,0.99750,0.99982,0.00000,0.00016,0.00001
24.00125,0.99750,0.99715,0.00000,0.00274,0.00011
24.10125,0.99750,0.90034,0.00002,0.09896,0.00067
24.20125,0.99750,0.68189,0.00003,0.31674,0.00133
24.30125,0.99750,0.95948,0.00001,0.03988,0.00063
24.40125,0.99750,0.99761,0.00000,0.00210,0.00029
24.50125,0.99750,0.99976,0.00000,0.00011,0.00013
24.60125,0.99750,0.99997,0.00000,0.00000,0.00003
24.70125,0.99750,0.99995,0.00000,0.00000,0.00005
24.80125,0.99750,0.99993,0.00000,0.00000,0.00007
24.90125,0.99750,0.99999,0.00000,0.00000,0.00001
25.00125,0.99750,1.00000,0.00000,0.00000,0.00000
25.10125,0.99750,1.00000,0.00000,0.00000,0.00000
25.20125,0.99750,0.99999,0.00000,0.00000,0.00001
25.30125,0.99750,0.99999,0.00000,0.00000,0.00001
25.40125,0.99750,1.00000,0.00000,0.00000,0.00000
25.50125,0.99750,1.00000,0.00000,0.00000,0.00000
25.60125,0.99750,0.99992,0.00000,0.00008,0.00000
25.70125,0.99750,0.99715,0.00001,0.00284,0.00000
25.80125,0.99750,0.93999,0.00005,0.05995,0.00001
25.90125,0.99750,0.34708,0.00013,0.65277,0.00002
26.00125,0.99750,0.87872,0.00002,0.12125,0.00001
26.10125,0.99750,0.99371,0.00000,0.00628,0.00001
26.20125,0.99750,0.99942,0.00003,0.00055,0.00000
26.30125,0.99750,0.99997,0.00000,0.00003,0.00000
26.40125,0.99750,0.99999,0.00000,0.00000,0.00001
26.50125,0.99750,0.99997,0.00000,0.00000,0.00003
26.60125,0.99750,0.99998,0.00000,0.00000,0.00002
26.70125,0.99750,1.00000,0.00000,0.00000,0.00000
26.80125,0.99750,1.00000,0.00000,0.00000,0.00000
26.90125,0.99750,1.00000,0.00000,0.00000,0.00000
27.00125,0.99750,0.99998,0.00000,0.00000,0.00002
27.10125,0.99750,0.99997,0.00000,0.00000,0.00003
27.20125,0.99750,1.00000,0.00000,0.00000,0.00000
27.30125,0.99750,0.99998,0.00000,0.00002,0.00000
27.40125,0.99750,0.99948,0.00000,0.00051,0.00001
27.50125,0.99750,0.98667,0.00001,0.01330,0.00003
27.60125,0.99750,0.84212,0.00001,0.15780,0.00007
27.70125,0.99750,0.58857,0.00001,0.41131,0.00011
27.80125,0.99750,0.97299,0.00000,0.02697,0.00004
27.90125,0.99750,0.99882,0.00000,0.00116,0.00002
28.00125,0.99750,0.99993,0.00000,0.00006,0.00001
28.10125,0.99750,0.99999,0.00000,0.00001,0.00000
28.20125,0.99750,0.99997,0.00000,0.00000,0.00003
28.30125,0.99750,0.99994,0.00000,0.00000,0.00006
28.40125,0.99750,0.99997,0.00000,0.00000,0.00003
28.50125,0.99750,0.99998,0.00000,0.00000,0.00002
28.60125,0.99750,0.99992,0.00000,0.00000,0.00008
28.70125,0.99750,0.99999,0.00000,0.00000,0.00001
28.80125,0.99750,0.99999,0.00000,0.00001,0.00000
28.90125,0.99750,0.99979,0.00000,0.00021,0.00000
29.00125,0.99750,0.99284,0.00002,0.00714,0.00000
29.10125,0.99750,0.79666,0.00006,0.20326,0.00002
29.20125,0.99750,0.30820,0.00003,0.69175,0.00001
29.30125,0.99750,0.34786,0.00001,0.65211,0.00001
29.40125,0.99750,0.86680,0.00001,0.13317,0.00002
29.50125,0.99750,0.98926,0.00000,0.01073,0.00001
29.60125,0.99750,0.99922,0.00001,0.00077,0.00001
29.70125,0.99750,0.99994,0.00000,0.00006,0.00001
29.80125,0.99750,0.99996,0.00000,0.00000,0.00003
29.90125,0.99750,0.99995,0.00000,0.00000,0.00005
30.00125,0.99750,0.99998,0.00000,0.00000,0.00002
30.10125,0.99750,0.99998,0.00000,0.00000,0.00002
30.20125,0.99750,0.99999,0.00000,0.00000,0.00001
30.30125,0.99750,0.99994,0.00000,0.00000,0.00006
30.40125,0.99750,0.99999,0.00000,0.00000,0.00001
30.50125,0.99750,0.99999,0.00000,0.00001,0.00001
30.60125,0.99750,0.99972,0.00000,0.00027,0.00000
30.70125,0.99750,0.98850,0.00000,0.01149,0.00001
30.80125,0.99750,0.67918,0.00001,0.32078,0.00004
30.90125,0.99750,0.21086,0.00000,0.78912,0.00001
31.00125,0.99750,0.22605,0.00001,0.77394,0.00001
31.10125,0.99750,0.80148,0.00000,0.19851,0.00001
31.20125,0.99750,0.98303,0.00001,0.01695,0.00001
31.30125,0.99750,0.99897,0.00008,0.00095,0.00000
31.40125,0.99750,0.99994,0.00000,0.00005,0.00001
31.50125,0.99750,0.99998,0.00000,0.00000,0.00002
31.60125,0.99750,0.99995,0.00000,0.00000,0.00005
31.70125,0.99750,0.99995,0.00000,0.00000,0.00004
31.80125,0.99750,0.99994,0.00000,0.00000,0.00006
31.90125,0.99750,0.99995,0.00000,0.00000,0.00005
32.00125,0.99750,0.99981,0.00000,0.00000,0.00019
32.10125,0.99750,0.99958,0.00000,0.00001,0.00041
32.20125,0.99750,0.99956,0.00001,0.00035,0.00008
32.30125,0.99750,0.98769,0.00009,0.01189,0.00034
32.40125,0.99750,0.69503,0.00035,0.30357,0.00106
32.50125,0.99750,0.31314,0.00029,0.68576,0.00082
32.60125,0.99750,0.14866,0.00062,0.85037,0.00036
32.70125,0.99750,0.82023,0.00052,0.17855,0.00070
32.80125,0.99750,0.98028,0.00007,0.01926,0.00039
32.90125,0.99750,0.99849,0.00004,0.00128,0.00020
33.00125,0.99750,0.99990,0.00003,0.00002,0.00004
33.10125,0.99750,0.99998,0.00000,0.00000,0.00002
33.20125,0.99750,0.99993,0.00000,0.00000,0.00007
33.30125,0.99750,0.99995,0.00000,0.00000,0.00005
33.40125,0.99750,0.99997,0.00000,0.00000,0.00003
33.50125,0.99750,0.99993,0.00000,0.00000,0.00006
33.60125,0.99750,0.99968,0.00000,0.00000,0.00032
33.70125,0.99750,0.99994,0.00000,0.00000,0.00005
33.80125,0.99750,0.99998,0.00000,0.00002,0.00001
33.90125,0.99750,0.99955,0.00002,0.00043,0.00000
34.00125,0.99750,0.98057,0.00014,0.01928,0.00001
34.10125,0.99750,0.77205,0.00019,0.22774,0.00002
34.20125,0.99750,0.56321,0.00012,0.43666,0.00001
34.30125,0.99750,0.63635,0.00024,0.36339,0.00002
34.40125,0.99750,0.96637,0.00003,0.03358,0.00001
34.50125,0.99750,0.99778,0.00006,0.00215,0.00001
34.60125,0.99750,0.99961,0.00002,0.00037,0.00000
34.70125,0.99750,0.99997,0.00000,0.00002,0.00001
34.80125,0.99750,0.99996,0.00000,0.00000,0.00004
34.90125,0.99750,0.99987,0.00000,0.00000,0.00013
35.00125,0.99750,0.99991,0.00000,0.00000,0.00009
35.10125,0.99750,0.99996,0.00000,0.00000,0.00004
35.20125,0.99750,0.99990,0.00000,0.00000,0.00010
35.30125,0.99750,0.99994,0.00000,0.00000,0.00006
35.40125,0.99750,0.99995,0.00000,0.00001,0.00004
35.50125,0.99750,0.99953,0.00000,0.00038,0.00009
35.60125,0.99750,0.99296,0.00000,0.00672,0.00032
35.70125,0.99750,0.84081,0.00001,0.15812,0.00106
35.80125,0.99750,0.45664,0.00001,0.54234,0.00101
35.90125,0.99750,0.59644,0.00001,0.40267,0.00089
36.00125,0.99750,0.97246,0.00000,0.02697,0.00057
36.10125,0.99750,0.99749,0.00000,0.00221,0.00030
36.20125,0.99750,0.99963,0.00000,0.00028,0.00009
36.30125,0.99750,0.99980,0.00000,0.00002,0.00018
36.40125,0.99750,0.99979,0.00000,0.00000,0.00021
36.50125,0.99750,0.99993,0.00000,0.00000,0.00007
36.60125,0.99750,0.99999,0.00000,0.00000,0.00001
36.70125,0.99750,1.00000,0.00000,0.00000,0.00000
36.80125,0.99750,1.00000,0.00000,0.00000,0.00000
36.90125,0.99750,1.00000,0.00000,0.00000,0.00000
37.00125,0.99750,1.00000,0.00000,0.00000,0.00000
37.10125,0.99750,0.99999,0.00000,0.00000,0.00001
37.20125,0.99750,0.99996,0.00000,0.00000,0.00004
37.30125,0.99750,0.99995,0.00000,0.00002,0.00003
37.40125,0.99750,0.99940,0.00001,0.00058,0.00001
37.50125,0.99750,0.98270,0.00006,0.01724,0.00000
37.60125,0.99750,0.78674,0.00004,0.21321,0.00001
37.70125,0.99750,0.28098,0.00001,0.71900,0.00001
37.80125,0.99750,0.06926,0.00000,0.93073,0.00000
37.90125,0.99750,0.12511,0.00000,0.87489,0.00000
38.00125,0.99750,0.50874,0.00001,0.49122,0.00003
38.10125,0.99750,0.93925,0.00021,0.06051,0.00002
38.20125,0.99750,0.99823,0.00000,0.00176,0.00000
38.30125,0.99750,0.99987,0.00000,0.00011,0.00002
38.40125,0.99750,0.99990,0.00000,0.00001,0.00009
38.50125,0.99750,0.99988,0.00000,0.00000,0.00012
38.60125,0.99750,0.99995,0.00000,0.00000,0.00005
38.70125,0.99750,0.99992,0.00000,0.00000,0.00007
38.80125,0.99750,0.99983,0.00000,0.00000,0.00017
38.90125,0.99750,0.99997,0.00000,0.00001,0.00003
39.00125,0.99750,0.99993,0.00000,0.00006,0.00001
39.10125,0.99750,0.99827,0.00000,0.00172,0.00001
39.20125,0.99750,0.96197,0.00001,0.03800,0.00002
39.30125,0.99750,0.50073,0.00002,0.49921,0.00004
39.40125,0.99750,0.10441,0.00001,0.89557,0.00002
39.50125,0.99750,0.27777,0.00001,0.72220,0.00002
39.60125,0.99750,0.80725,0.00001,0.19268,0.00006
39.70125,0.99750,0.97758,0.00038,0.02201,0.00003
39.80125,0.99750,0.99422,0.00027,0.00550,0.00001
39.90125,0.99750,0.99953,0.00003,0.00040,0.00004
40.00125,0.99750,0.99984,0.00001,0.00003,0.00013
40.10125,0.99750,0.99972,0.00000,0.00000,0.00027
40.20125,0.99750,0.99993,0.00000,0.00000,0.00007
40.30125,0.99750,0.99997,0.00000,0.00000,0.00003
40.40125,0.99750,0.99996,0.00000,0.00000,0.00004
40.50125,0.99750,0.99985,0.00000,0.00000,0.00015
40.60125,0.99750,0.99960,0.00000,0.00000,0.00040
40.70125,0.99750,0.99995,0.00000,0.00002,0.00003
40.80125,0.99750,0.99984,0.00000,0.00014,0.00002
40.90125,0.99750,0.99732,0.00000,0.00262,0.00006
41.00125,0.99750,0.97336,0.00000,0.02646,0.00018
41.10125,0.99750,0.58863,0.00001,0.41101,0.00035
41.20125,0.99750,0.79172,0.00001,0.20803,0.00025
41.30125,0.99750,0.99001,0.00000,0.00987,0.00012
41.40125,0.99750,0.99792,0.00000,0.00196,0.00011
41.50125,0.99750,0.99977,0.00002,0.00016,0.00005
41.60125,0.99750,0.99996,0.00000,0.00002,0.00002
41.70125,0.99750,0.99991,0.00000,0.00000,0.00009
41.80125,0.99750,0.99992,0.00000,0.00000,0.00008
41.90125,0.99750,0.99997,0.00000,0.00000,0.00003
42.00125,0.99750,0.99999,0.00000,0.00000,0.00001
42.10125,0.99750,0.99999,0.00000,0.00000,0.00001
42.20125,0.99750,0.99997,0.00000,0.00000,0.00003
42.30125,0.99750,0.99989,0.00000,0.00000,0.00011
42.40125,0.99750,0.99999,0.00000,0.00000,0.00001
42.50125,0.99750,0.99999,0.00000,0.00001,0.00000
42.60125,0.99750,0.99984,0.00001,0.00015,0.00000
42.70125,0.99750,0.99660,0.00004,0.00336,0.00000
42.80125,0.99750,0.95675,0.00006,0.04318,0.00001
42.90125,0.99750,0.58693,0.00019,0.41286,0.00002
43.00125,0.99750,0.85934,0.00007,0.14058,0.00001
43.10125,0.99750,0.99679,0.00000,0.00320,0.00001
43.20125,0.99750,0.99952,0.00001,0.00047,0.00001
43.30125,0.99750,0.99987,0.00003,0.00010,0.00000
43.40125,0.99750,0.99998,0.00000,0.00001,0.00001
43.50125,0.99750,0.99993,0.00000,0.00000,0.00007
43.60125,0.99750,0.99993,0.00000,0.00000,0.00007
43.70125,0.99750,0.99998,0.00000,0.00000,0.00002
43.80125,0.99750,0.99999,0.00000,0.00000,0.00001
43.90125,0.99750,0.99998,0.00000,0.00000,0.00002
44.00125,0.99750,0.99983,0.00000,0.00000,0.00017
44.10125,0.99750,0.99999,0.00000,0.00000,0.00001
44.20125,0.99750,0.99998,0.00000,0.00001,0.00000
44.30125,0.99750,0.99963,0.00002,0.00035,0.00000
44.40125,0.99750,0.98213,0.00032,0.01754,0.00001
44.50125,0.99750,0.60292,0.00085,0.39620,0.00002
44.60125,0.99750,0.12806,0.00074,0.87119,0.00001
44.70125,0.99750,0.73217,0.00025,0.26757,0.00001
44.80125,0.99750,0.96716,0.00005,0.03277,0.00001
44.90125,0.99750,0.99766,0.00061,0.00172,0.00001
45.00125,0.99750,0.99979,0.00004,0.00017,0.00000
45.10125,0.99750,0.99999,0.00000,0.00001,0.00001
45.20125,0.99750,0.99998,0.00000,0.00000,0.00002
45.30125,0.99750,0.99997,0.00000,0.00000,0.00003
45.40125,0.99750,0.99999,0.00000,0.00000,0.00001
45.50125,0.99750,0.99999,0.00000,0.00000,0.00001
45.60125,0.99750,0.99997,0.00000,0.00000,0.00003
45.70125,0.99750,0.99986,0.00000,0.00000,0.00014
45.80125,0.99750,0.99999,0.00000,0.00000,0.00001
45.90125,0.99750,0.99998,0.00000,0.00001,0.00001
46.00125,0.99750,0.99938,0.00007,0.00054,0.00001
46.10125,0.99750,0.98941,0.00035,0.01019,0.00005
46.20125,0.99750,0.80000,0.00086,0.19900,0.00015
46.30125,0.99750,0.22960,0.00057,0.76973,0.00009
46.40125,0.99750,0.55285,0.00016,0.44693,0.00007
46.50125,0.99750,0.93396,0.00004,0.06591,0.00009
46.60125,0.99750,0.99770,0.00007,0.00220,0.00003
46.70125,0.99750,0.99953,0.00001,0.00045,0.00001
46.80125,0.99750,0.99988,0.00000,0.00002,0.00010
46.90125,0.99750,0.99984,0.00000,0.00000,0.00016
47.00125,0.99750,0.99995,0.00000,0.00000,0.00005
47.10125,0.99750,0.99997,0.00000,0.00000,0.00003
47.20125,0.99750,0.99999,0.00000,0.00000,0.00001
47.30125,0.99750,0.99997,0.00000,0.00000,0.00003
47.40125,0.99750,0.99997,0.00000,0.00000,0.00003
47.50125,0.99750,0.99999,0.00000,0.00000,0.00001
47.60125,0.99750,0.99997,0.00000,0.00002,0.00000
47.70125,0.99750,0.99898,0.00003,0.00099,0.00001
47.80125,0.99750,0.97230,0.00010,0.02758,0.00002
47.90125,0.99750,0.55149,0.00017,0.44829,0.00005
48.00125,0.99750,0.60656,0.00006,0.39334,0.00004
48.10125,0.99750,0.96083,0.00001,0.03914,0.00002
48.20125,0.99750,0.98851,0.00000,0.01148,0.00001
48.30125,0.99750,0.99914,0.00014,0.00071,0.00001
48.40125,0.99750,0.99995,0.00000,0.00004,0.00000
48.50125,0.99750,0.99998,0.00000,0.00000,0.00002
48.60125,0.99750,0.99995,0.00000,0.00000,0.00005
48.70125,0.99750,0.99997,0.00000,0.00000,0.00003
48.80125,0.99750,0.99998,0.00000,0.00000,0.00002
48.90125,0.99750,0.99998,0.00000,0.00000,0.00002
49.00125,0.99750,0.99993,0.00000,0.00000,0.00007
49.10125,0.99750,0.99968,0.00000,0.00000,0.00032
49.20125,0.99750,0.99983,0.00000,0.00000,0.00016
49.30125,0.99750,0.99974,0.00001,0.00010,0.00015
49.40125,0.99750,0.99804,0.00003,0.00181,0.00013
49.50125,0.99750,0.94966,0.00009,0.04981,0.00043
49.60125,0.99750,0.52383,0.00014,0.47535,0.00067
49.70125,0.99750,0.20067,0.00012,0.79891,0.00031
49.80125,0.99750,0.50305,0.00009,0.49659,0.00027
49.90125,0.99750,0.89187,0.00005,0.10752,0.00056
50.00125,0.99750,0.99419,0.00096,0.00465,0.00019
50.10125,0.99750,0.99936,0.00009,0.00050,0.00005
50.20125,0.99750,0.99990,0.00001,0.00002,0.00007
50.30125,0.99750,0.99988,0.00000,0.00000,0.00012
50.40125,0.99750,0.99986,0.00000,0.00000,0.00014
50.50125,0.99750,0.99990,0.00000,0.00000,0.00010
50.60125,0.99750,0.99987,0.00000,0.00000,0.00013
50.70125,0.99750,0.99995,0.00000,0.00000,0.00005
50.80125,0.99750,0.99998,0.00000,0.00001,0.00001
50.90125,0.99750,0.99982,0.00000,0.00017,0.00001
51.00125,0.99750,0.99529,0.00002,0.00468,0.00001
51.10125,0.99750,0.84992,0.00017,0.14989,0.00003
51.20125,0.99750,0.37259,0.00013,0.62725,0.00003
51.30125,0.99750,0.24486,0.00008,0.75505,0.00002
51.40125,0.99750,0.59961,0.00018,0.40017,0.00003
51.50125,0.99750,0.94619,0.00019,0.05358,0.00004
51.60125,0.99750,0.98099,0.00814,0.01085,0.00002
51.70125,0.99750,0.99916,0.00017,0.00067,0.00001
51.80125,0.99750,0.99992,0.00002,0.00003,0.00003
51.90125,0.99750,0.99993,0.00000,0.00000,0.00007
52.00125,0.99750,0.99985,0.00000,0.00000,0.00014
52.10125,0.99750,0.99994,0.00001,0.00001,0.00005
52.20125,0.99750,0.99996,0.00000,0.00001,0.00003
52.30125,0.99750,0.99997,0.00000,0.00001,0.00002
52.40125,0.99750,0.99987,0.00000,0.00011,0.00002
52.50125,0.99750,0.99907,0.00000,0.00092,0.00001
52.60125,0.99750,0.97607,0.00003,0.02389,0.00001
52.70125,0.99750,0.54849,0.00008,0.45141,0.00002
52.80125,0.99750,0.10256,0.00006,0.89737,0.00001
52.90125,0.99750,0.29254,0.00010,0.70735,0.00001
53.00125,0.99750,0.88142,0.00004,0.11853,0.00001
53.10125,0.99750,0.99162,0.00003,0.00831,0.00003
53.20125,0.99750,0.99921,0.00053,0.00025,0.00001
53.30125,0.99750,0.99997,0.00001,0.00002,0.00000
53.40125,0.99750,0.99999,0.00000,0.00000,0.00001
53.50125,0.99750,0.99997,0.00000,0.00000,0.00003
53.60125,0.99750,0.99999,0.00000,0.00000,0.00001
53.70125,0.99750,1.00000,0.00000,0.00000,0.00000
53.80125,0.99750,1.00000,0.00000,0.00000,0.00000
53.90125,0.99750,0.99999,0.00000,0.00000,0.00001
54.00125,0.99750,0.99996,0.00000,0.00000,0.00004
54.10125,0.99750,0.99999,0.00000,0.00000,0.00001
54.20125,0.99750,0.99998,0.00000,0.00000,0.00001
54.30125,0.99750,0.99995,0.00001,0.00002,0.00001
54.40125,0.99750,0.99876,0.00013,0.00109,0.00001
54.50125,0.99750,0.96420,0.00067,0.03510,0.00003
54.60125,0.99750,0.45588,0.00229,0.54178,0.00006
54.70125,0.99750,0.61952,0.00161,0.37882,0.00005
54.80125,0.99750,0.97058,0.00029,0.02909,0.00003
54.90125,0.99750,0.99418,0.00041,0.00535,0.00006
55.00125,0.99750,0.99842,0.00116,0.00041,0.00002
55.10125,0.99750,0.99991,0.00003,0.00002,0.00003
55.20125,0.99750,0.99991,0.00001,0.00000,0.00008
55.30125,0.99750,0.99997,0.00000,0.00000,0.00003
55.40125,0.99750,0.99996,0.00000,0.00000,0.00004
55.50125,0.99750,0.99998,0.00000,0.00000,0.00002
55.60125,0.99750,0.99997,0.00000,0.00000,0.00003
55.70125,0.99750,0.99990,0.00000,0.00000,0.00010
55.80125,0.99750,0.99998,0.00000,0.00000,0.00002
55.90125,0.99750,0.99996,0.00000,0.00004,0.00000
56.00125,0.99750,0.99915,0.00000,0.00085,0.00001
56.10125,0.99750,0.97204,0.00001,0.02792,0.00002
56.20125,0.99750,0.50763,0.00002,0.49229,0.00006
56.30125,0.99750,0.19653,0.00002,0.80341,0.00003
56.40125,0.99750,0.88622,0.00001,0.11374,0.00003
56.50125,0.99750,0.98991,0.00000,0.01004,0.00004
56.60125,0.99750,0.99850,0.00061,0.00087,0.00002
56.70125,0.99750,0.99992,0.00002,0.00006,0.00000
56.80125,0.99750,0.99998,0.00000,0.00000,0.00002
56.90125,0.99750,0.99991,0.00000,0.00000,0.00009
57.00125,0.99750,0.99994,0.00000,0.00000,0.00006
57.10125,0.99750,0.99999,0.00000,0.00000,0.00001
57.20125,0.99750,0.99999,0.00000,0.00000,0.00001
57.30125,0.99750,0.99999,0.00000,0.00000,0.00001
57.40125,0.99750,0.99999,0.00000,0.00000,0.00001
57.50125,0.99750,0.99992,0.00000,0.00000,0.00008
57.60125,0.99750,0.99995,0.00000,0.00000,0.00005
57.70125,0.99750,0.99996,0.00000,0.00001,0.00003
57.80125,0.99750,0.99972,0.00002,0.00024,0.00002
57.90125,0.99750,0.99031,0.00027,0.00938,0.00004
58.00125,0.99750,0.76093,0.00178,0.23718,0.00012
58.10125,0.99750,0.24291,0.00239,0.75461,0.00008
58.20125,0.99750,0.21644,0.00197,0.78154,0.00005
58.30125,0.99750,0.80604,0.00090,0.19300,0.00005
58.40125,0.99750,0.95979,0.00096,0.03920,0.00006
58.50125,0.99750,0.99014,0.00753,0.00231,0.00002
58.60125,0.99750,0.99970,0.00020,0.00009,0.00002
58.70125,0.99750,0.99995,0.00001,0.00000,0.00004
58.80125,0.99750,0.99996,0.00000,0.00000,0.00004
58.90125,0.99750,0.99999,0.00000,0.00000,0.00001
59.00125,0.99750,0.99999,0.00000,0.00000,0.00001
59.10125,0.99750,0.99999,0.00000,0.00000,0.00001
59.20125,0.99750,0.99998,0.00000,0.00000,0.00002
59.30125,0.99750,0.99996,0.00000,0.00000,0.00004
59.40125,0.99750,0.99957,0.00000,0.00000,0.00043
59.50125,0.99750,0.99975,0.00000,0.00000,0.00024
59.60125,0.99750,0.99988,0.00000,0.00009,0.00002
59.70125,0.99750,0.99627,0.00001,0.00370,0.00003
59.80125,0.99750,0.85914,0.00007,0.14069,0.00010
59.90125,0.99750,0.33460,0.00008,0.66524,0.00008
60.00125,0.99750,0.32722,0.00013,0.67259,0.00006
60.10125,0.99750,0.80439,0.00009,0.19548,0.00005
60.20125,0.99750,0.97712,0.00001,0.02283,0.00004
60.30125,0.99750,0.99828,0.00005,0.00163,0.00004
60.40125,0.99750,0.99987,0.00005,0.00007,0.00001
60.50125,0.99750,0.99999,0.00000,0.00000,0.00000
60.60125,0.99750,0.99995,0.00000,0.00000,0.00005
60.70125,0.99750,0.99997,0.00000,0.00000,0.00003
60.80125,0.99750,0.99999,0.00000,0.00000,0.00001
60.90125,0.99750,0.99999,0.00000,0.00000,0.00001
61.00125,0.99750,0.99999,0.00000,0.00000,0.00001
61.10125,0.99750,0.99999,0.00000,0.00000,0.00001
61.20125,0.99750,0.99998,0.00000,0.00000,0.00002
61.30125,0.99750,0.99999,0.00000,0.00000,0.00000
61.40125,0.99750,0.99992,0.00001,0.00006,0.00001
61.50125,0.99750,0.99884,0.00003,0.00112,0.00000
61.60125,0.99750,0.96407,0.00033,0.03560,0.00000
61.70125,0.99750,0.72100,0.00039,0.27860,0.00000
61.80125,0.99750,0.37038,0.00054,0.62908,0.00000
61.90125,0.99750,0.26196,0.00046,0.73758,0.00000
62.00125,0.99750,0.92290,0.00023,0.07687,0.00001
62.10125,0.99750,0.99472,0.00188,0.00340,0.00000
62.20125,0.99750,0.99952,0.00023,0.00024,0.00000
62.30125,0.99750,0.99994,0.00003,0.00001,0.00001
62.40125,0.99750,0.99997,0.00000,0.00000,0.00003
62.50125,0.99750,0.99996,0.00000,0.00000,0.00004
62.60125,0.99750,0.99998,0.00000,0.00000,0.00002
62.70125,0.99750,0.99999,0.00000,0.00000,0.00001
62.80125,0.99750,0.99999,0.00000,0.00000,0.00001
62.90125,0.99750,0.99992,0.00000,0.00000,0.00008
63.00125,0.99750,0.99992,0.00000,0.00000,0.00008
63.10125,0.99750,0.99998,0.00000,0.00000,0.00002
63.20125,0.99751,0.99991,0.00000,0.00008,0.00001
63.30125,0.99750,0.99689,0.00001,0.00307,0.00003
63.40125,0.99750,0.95406,0.00002,0.04582,0.00009
63.50125,0.99750,0.60313,0.00005,0.39659,0.00022
63.60125,0.99750,0.82791,0.00007,0.17196,0.00006
63.70125,0.99751,0.98958,0.00002,0.01036,0.00004
63.80125,0.99750,0.99860,0.00007,0.00126,0.00007
63.90125,0.99750,0.99964,0.00010,0.00022,0.00003
64.00125,0.99750,0.99996,0.00000,0.00003,0.00001
64.10125,0.99750,0.99997,0.00000,0.00000,0.00003
64.20125,0.99751,0.99996,0.00000,0.00000,0.00004
64.30125,0.99751,0.99997,0.00000,0.00000,0.00003
64.40125,0.99750,0.99998,0.00000,0.00000,0.00002
64.50125,0.99750,0.99994,0.00000,0.00000,0.00006
64.60125,0.99750,0.99996,0.00000,0.00000,0.00004
64.70125,0.99751,0.99999,0.00000,0.00000,0.00000
64.80125,0.99751,0.99998,0.00000,0.00002,0.00000
64.90125,0.99750,0.99927,0.00000,0.00072,0.00000
65.00125,0.99750,0.97294,0.00002,0.02703,0.00001
65.10125,0.99750,0.50942,0.00010,0.49046,0.00003
65.20125,0.99751,0.75669,0.00007,0.24323,0.00001
65.30125,0.99751,0.98506,0.00001,0.01492,0.00000
65.40125,0.99750,0.99838,0.00001,0.00161,0.00000
65.50125,0.99750,0.99956,0.00016,0.00028,0.00000
65.60125,0.99750,0.99998,0.00000,0.00002,0.00000
65.70125,0.99751,0.99998,0.00000,0.00000,0.00002
65.80125,0.99751,0.99996,0.00000,0.00000,0.00003
65.90125,0.99750,0.99999,0.00000,0.00000,0.00001
66.00125,0.99750,1.00000,0.00000,0.00000,0.00000
66.10125,0.99750,0.99999,0.00000,0.00000,0.00001
66.20125,0.99751,0.99997,0.00000,0.00000,0.00003
66.30125,0.99751,0.99987,0.00000,0.00000,0.00013
66.40125,0.99750,0.99998,0.00000,0.00000,0.00002
66.50125,0.99750,0.99995,0.00000,0.00004,0.00002
66.60125,0.99750,0.99842,0.00002,0.00154,0.00003
66.70125,0.99751,0.94002,0.00019,0.05966,0.00012
66.80125,0.99751,0.35801,0.00111,0.64067,0.00021
66.90125,0.99750,0.54874,0.00125,0.44987,0.00014
67.00125,0.99750,0.95827,0.00032,0.04131,0.00010
67.10125,0.99750,0.99861,0.00003,0.00130,0.00006
67.20125,0.99751,0.99958,0.00035,0.00005,0.00002
67.30125,0.99751,0.99995,0.00004,0.00001,0.00001
67.40125,0.99750,0.99997,0.00000,0.00000,0.00003
67.50125,0.99750,0.99996,0.00000,0.00000,0.00004
67.60125,0.99750,0.99999,0.00000,0.00000,0.00001
67.70125,0.99751,0.99999,0.00000,0.00000,0.00001
67.80125,0.99751,0.99999,0.00000,0.00000,0.00001
67.90125,0.99750,0.99992,0.00000,0.00000,0.00008
68.00125,0.99750,0.99998,0.00000,0.00000,0.00002
68.10125,0.99750,0.99998,0.00000,0.00001,0.00001
68.20125,0.99751,0.99983,0.00000,0.00013,0.00005
68.30125,0.99751,0.99713,0.00000,0.00269,0.00018
68.40125,0.99750,0.91241,0.00002,0.08687,0.00071
68.50125,0.99750,0.40574,0.00002,0.59350,0.00074
68.60125,0.99750,0.56704,0.00000,0.43245,0.00051
68.70125,0.99751,0.79660,0.00000,0.20261,0.00079
68.80125,0.99751,0.93218,0.00000,0.06596,0.00186
