Time (seconds), Duration (seconds),pred_(unlabeled),pred_Jab_R,pred_Sidehook_R,pred_Uppercut_R
0.00125,0.84000,0.99993,0.00000,0.00004,0.00003
0.12125,0.84000,0.99984,0.00003,0.00012,0.00001
0.24125,0.84000,0.99975,0.00004,0.00020,0.00000
0.36125,0.84000,0.99966,0.00001,0.00033,0.00000
0.48125,0.84000,0.99967,0.00000,0.00033,0.00000
0.60125,0.84000,0.99956,0.00000,0.00044,0.00000
0.72125,0.84000,0.99961,0.00000,0.00039,0.00000
0.84125,0.84000,0.99980,0.00000,0.00020,0.00000
0.96125,0.84000,0.99948,0.00000,0.00051,0.00001
1.08125,0.84000,0.99908,0.00000,0.00091,0.00001
1.20125,0.84000,0.99911,0.00001,0.00088,0.00000
1.32125,0.84000,0.99947,0.00001,0.00052,0.00000
1.44125,0.84000,0.99969,0.00002,0.00030,0.00000
1.56125,0.84000,0.99980,0.00001,0.00018,0.00000
1.68125,0.84000,0.99985,0.00001,0.00014,0.00000
1.80125,0.84000,0.99979,0.00001,0.00020,0.00000
1.92125,0.84000,0.99966,0.00001,0.00033,0.00001
2.04125,0.84000,0.99969,0.00000,0.00029,0.00002
2.16125,0.84000,0.99982,0.00002,0.00015,0.00001
2.28125,0.84000,0.99904,0.00018,0.00076,0.00002
2.40125,0.84000,0.99264,0.00340,0.00357,0.00039
2.52125,0.84000,0.99169,0.00631,0.00051,0.00149
2.64125,0.84000,0.99192,0.00772,0.00015,0.00020
2.76125,0.84000,0.99311,0.00678,0.00007,0.00004
2.88125,0.84000,0.99893,0.00098,0.00004,0.00005
3.00125,0.84000,0.99984,0.00006,0.00004,0.00006
3.12125,0.84000,0.99997,0.00002,0.00001,0.00000
3.24125,0.84000,1.00000,0.00000,0.00000,0.00000
3.36125,0.84000,1.00000,0.00000,0.00000,0.00000
3.48125,0.84000,1.00000,0.00000,0.00000,0.00000
3.60125,0.84000,1.00000,0.00000,0.00000,0.00000
3.72125,0.84000,0.99999,0.00000,0.00000,0.00000
3.84125,0.84000,0.99999,0.00000,0.00001,0.00000
3.96125,0.84000,0.99998,0.00000,0.00001,0.00000
4.08125,0.84000,0.99993,0.00000,0.00006,0.00001
4.20125,0.84000,0.99991,0.00000,0.00006,0.00002
4.32125,0.84000,0.99991,0.00000,0.00007,0.00002
4.44125,0.84000,0.99996,0.00000,0.00002,0.00001
4.56125,0.84000,0.99999,0.00000,0.00000,0.00000
4.68125,0.84000,1.00000,0.00000,0.00000,0.00000
4.80125,0.84000,1.00000,0.00000,0.00000,0.00000
4.92125,0.84000,1.00000,0.00000,0.00000,0.00000
5.04125,0.84000,1.00000,0.00000,0.00000,0.00000
5.16125,0.84000,1.00000,0.00000,0.00000,0.00000
5.28125,0.84000,1.00000,0.00000,0.00000,0.00000
5.40125,0.84000,0.99998,0.00000,0.00001,0.00001
5.52125,0.84000,0.99996,0.00000,0.00002,0.00001
5.64125,0.84000,0.99994,0.00000,0.00003,0.00002
5.76125,0.84000,0.99989,0.00000,0.00005,0.00006
5.88125,0.84000,0.99976,0.00000,0.00010,0.00013
6.00125,0.84000,0.99946,0.00000,0.00044,0.00010
6.12125,0.84000,0.99983,0.00001,0.00015,0.00002
6.24125,0.84000,0.99934,0.00003,0.00056,0.00007
6.36125,0.84000,0.99735,0.00013,0.00219,0.00033
6.48125,0.84000,0.99133,0.00158,0.00653,0.00057
6.60125,0.84000,0.98986,0.00455,0.00526,0.00033
6.72125,0.84000,0.99661,0.00171,0.00150,0.00017
6.84125,0.84000,0.99825,0.00038,0.00088,0.00049
6.96125,0.84000,0.99883,0.00002,0.00086,0.00029
7.08125,0.84000,0.99988,0.00000,0.00009,0.00002
7.20125,0.84000,0.99996,0.00000,0.00003,0.00000
7.32125,0.84000,0.99993,0.00000,0.00006,0.00001
7.44125,0.84000,0.99995,0.00000,0.00004,0.00001
7.56125,0.84000,0.99991,0.00000,0.00007,0.00002
7.68125,0.84000,0.99995,0.00000,0.00004,0.00001
7.80125,0.84000,0.99989,0.00000,0.00009,0.00002
7.92125,0.84000,0.99977,0.00000,0.00016,0.00007
8.04125,0.84000,0.99983,0.00000,0.00010,0.00007
8.16125,0.84000,0.99964,0.00000,0.00016,0.00020
8.28125,0.84000,0.99966,0.00000,0.00013,0.00021
8.40125,0.84000,0.99955,0.00000,0.00016,0.00029
8.52125,0.84000,0.99938,0.00001,0.00007,0.00054
8.64125,0.84000,0.99991,0.00000,0.00002,0.00007
8.76125,0.84000,0.99998,0.00000,0.00001,0.00001
8.88125,0.84000,0.99999,0.00000,0.00000,0.00001
9.00125,0.84000,0.99992,0.00000,0.00003,0.00005
9.12125,0.84000,0.99986,0.00000,0.00007,0.00007
9.24125,0.84000,0.99984,0.00000,0.00012,0.00003
9.36125,0.84000,0.99966,0.00000,0.00026,0.00008
9.48125,0.84000,0.99597,0.00000,0.00222,0.00180
9.60125,0.84000,0.99596,0.00000,0.00325,0.00078
9.72125,0.84000,0.99953,0.00001,0.00020,0.00026
9.84125,0.84000,0.99993,0.00000,0.00002,0.00005
9.96125,0.84000,0.99989,0.00002,0.00002,0.00007
10.08125,0.84000,0.99946,0.00007,0.00011,0.00036
10.20125,0.84000,0.99990,0.00001,0.00003,0.00006
10.32125,0.84000,0.99993,0.00001,0.00003,0.00004
10.44125,0.84000,0.99971,0.00000,0.00019,0.00010
10.56125,0.84000,0.99930,0.00000,0.00066,0.00004
10.68125,0.84000,0.99913,0.00000,0.00077,0.00010
10.80125,0.84000,0.99990,0.00000,0.00009,0.00001
10.92125,0.84000,0.99993,0.00000,0.00006,0.00000
11.04125,0.84000,0.99990,0.00000,0.00010,0.00000
11.16125,0.84000,0.99992,0.00000,0.00007,0.00000
11.28125,0.84000,0.99994,0.00000,0.00005,0.00000
11.40125,0.84000,0.99998,0.00000,0.00001,0.00000
11.52125,0.84000,0.99991,0.00000,0.00003,0.00005
11.64125,0.84000,0.99981,0.00002,0.00007,0.00010
11.76125,0.84000,0.99968,0.00001,0.00002,0.00029
11.88125,0.84000,0.99960,0.00002,0.00005,0.00032
12.00125,0.84000,0.99903,0.00055,0.00031,0.00011
12.12125,0.84000,0.99249,0.00461,0.00290,0.00001
12.24125,0.84000,0.99417,0.00237,0.00345,0.00000
12.36125,0.84000,0.99781,0.00045,0.00173,0.00000
12.48125,0.84000,0.99837,0.00014,0.00148,0.00001
12.60125,0.84000,0.99656,0.00015,0.00326,0.00003
12.72125,0.84000,0.99787,0.00003,0.00195,0.00015
12.84125,0.84000,0.99789,0.00000,0.00101,0.00110
12.96125,0.84000,0.99530,0.00000,0.00140,0.00330
13.08125,0.84000,0.99643,0.00001,0.00156,0.00201
13.20125,0.84000,0.99670,0.00001,0.00271,0.00059
13.32125,0.84000,0.99727,0.00001,0.00259,0.00014
13.44125,0.84000,0.99854,0.00001,0.00142,0.00003
13.56125,0.84000,0.99885,0.00001,0.00113,0.00001
13.68125,0.84000,0.99928,0.00001,0.00070,0.00000
13.80125,0.84000,0.99953,0.00000,0.00046,0.00000
13.92125,0.84000,0.99919,0.00001,0.00080,0.00000
14.04125,0.84000,0.99764,0.00010,0.00226,0.00000
14.16125,0.84000,0.99381,0.00059,0.00561,0.00000
14.28125,0.84000,0.99726,0.00038,0.00236,0.00000
14.40125,0.84000,0.99845,0.00013,0.00142,0.00000
14.52125,0.84000,0.99822,0.00009,0.00169,0.00000
14.64125,0.84000,0.99867,0.00037,0.00096,0.00000
14.76125,0.84000,0.99976,0.00010,0.00014,0.00001
14.88125,0.84000,0.99996,0.00001,0.00003,0.00000
15.00125,0.84000,0.99999,0.00000,0.00001,0.00000
15.12125,0.84000,0.99998,0.00000,0.00001,0.00001
15.24125,0.84000,0.99999,0.00000,0.00000,0.00000
15.36125,0.84000,1.00000,0.00000,0.00000,0.00000
15.48125,0.84000,1.00000,0.00000,0.00000,0.00000
15.60125,0.84000,1.00000,0.00000,0.00000,0.00000
15.72125,0.84000,1.00000,0.00000,0.00000,0.00000
15.84125,0.84000,1.00000,0.00000,0.00000,0.00000
15.96125,0.84000,1.00000,0.00000,0.00000,0.00000
16.08125,0.84000,0.99998,0.00000,0.00002,0.00000
16.20125,0.84000,0.99996,0.00000,0.00004,0.00000
16.32125,0.84000,0.99998,0.00000,0.00001,0.00000
16.44125,0.84000,0.99999,0.00000,0.00001,0.00000
16.56125,0.84000,0.99999,0.00000,0.00001,0.00000
16.68125,0.84000,0.99999,0.00000,0.00001,0.00000
16.80125,0.84000,1.00000,0.00000,0.00000,0.00000
16.92125,0.84000,1.00000,0.00000,0.00000,0.00000
17.04125,0.84000,1.00000,0.00000,0.00000,0.00000
17.16125,0.84000,0.99999,0.00000,0.00001,0.00000
17.28125,0.84000,0.99996,0.00000,0.00004,0.00000
17.40125,0.84000,0.99994,0.00000,0.00006,0.00000
17.52125,0.84000,0.99993,0.00000,0.00007,0.00000
17.64125,0.84000,0.99992,0.00000,0.00008,0.00000
17.76125,0.84000,0.99993,0.00000,0.00007,0.00000
17.88125,0.84000,0.99996,0.00000,0.00004,0.00000
18.00125,0.84000,0.99998,0.00000,0.00002,0.00000
18.12125,0.84000,0.99999,0.00000,0.00001,0.00000
18.24125,0.84000,0.99999,0.00000,0.00001,0.00000
18.36125,0.84000,0.99999,0.00000,0.00001,0.00000
18.48125,0.84000,0.99997,0.00000,0.00003,0.00000
18.60125,0.84000,0.99996,0.00000,0.00004,0.00000
18.72125,0.84000,0.99997,0.00001,0.00001,0.00001
18.84125,0.84000,0.99998,0.00001,0.00000,0.00001
18.96125,0.84000,0.99997,0.00000,0.00000,0.00003
19.08125,0.84000,0.99997,0.00000,0.00000,0.00002
19.20125,0.84000,0.99998,0.00000,0.00000,0.00002
19.32125,0.84000,0.99999,0.00000,0.00000,0.00001
19.44125,0.84000,0.99997,0.00000,0.00002,0.00001
19.56125,0.84000,0.99926,0.00000,0.00073,0.00001
19.68125,0.84000,0.99709,0.00003,0.00287,0.00001
19.80125,0.84000,0.98795,0.00040,0.01156,0.00009
19.92125,0.84000,0.99425,0.00198,0.00351,0.00026
20.04125,0.84000,0.98780,0.01003,0.00060,0.00157
20.16125,0.84000,0.98482,0.01245,0.00015,0.00258
20.28125,0.84000,0.99228,0.00213,0.00002,0.00558
20.40125,0.84000,0.99493,0.00029,0.00000,0.00478
20.52125,0.84000,0.99878,0.00007,0.00000,0.00115
20.64125,0.84000,0.99981,0.00004,0.00000,0.00015
20.76125,0.84000,0.99976,0.00003,0.00009,0.00013
20.88125,0.84000,0.99982,0.00001,0.00016,0.00002
21.00125,0.84000,0.99972,0.00001,0.00026,0.00001
21.12125,0.84000,0.99952,0.00000,0.00047,0.00001
21.24125,0.84000,0.99821,0.00001,0.00176,0.00002
21.36125,0.84000,0.99873,0.00001,0.00121,0.00005
21.48125,0.84000,0.99934,0.00001,0.00058,0.00007
21.60125,0.84000,0.99957,0.00003,0.00032,0.00009
21.72125,0.84000,0.99952,0.00005,0.00040,0.00004
21.84125,0.84000,0.99898,0.00015,0.00085,0.00002
21.96125,0.84000,0.99907,0.00014,0.00077,0.00002
22.08125,0.84000,0.99945,0.00006,0.00044,0.00005
22.20125,0.84000,0.99972,0.00002,0.00016,0.00009
22.32125,0.84000,0.99972,0.00000,0.00020,0.00008
22.44125,0.84000,0.99973,0.00000,0.00010,0.00017
22.56125,0.84000,0.99965,0.00000,0.00003,0.00031
22.68125,0.84000,0.99981,0.00000,0.00002,0.00017
22.80125,0.84000,0.99995,0.00000,0.00002,0.00003
22.92125,0.84000,0.99995,0.00000,0.00005,0.00000
23.04125,0.84000,0.99993,0.00001,0.00006,0.00000
23.16125,0.84000,0.99978,0.00001,0.00021,0.00000
23.28125,0.84000,0.99975,0.00000,0.00024,0.00000
23.40125,0.84000,0.99986,0.00000,0.00014,0.00000
23.52125,0.84000,0.99978,0.00000,0.00021,0.00000
23.64125,0.84000,0.99978,0.00000,0.00022,0.00000
23.76125,0.84000,0.99984,0.00000,0.00015,0.00000
23.88125,0.84000,0.99989,0.00000,0.00010,0.00000
24.00125,0.84000,0.99995,0.00000,0.00005,0.00000
24.12125,0.84000,0.99996,0.00000,0.00004,0.00000
24.24125,0.84000,0.99997,0.00000,0.00003,0.00000
24.36125,0.84000,0.99997,0.00000,0.00003,0.00000
24.48125,0.84000,0.99996,0.00000,0.00004,0.00000
24.60125,0.84000,0.99994,0.00000,0.00006,0.00000
24.72125,0.84000,0.99986,0.00000,0.00014,0.00000
24.84125,0.84000,0.99969,0.00000,0.00031,0.00000
24.96125,0.84000,0.99959,0.00000,0.00041,0.00000
25.08125,0.84000,0.99977,0.00000,0.00023,0.00000
25.20125,0.84000,0.99978,0.00000,0.00022,0.00000
25.32125,0.84000,0.99982,0.00000,0.00018,0.00000
25.44125,0.84000,0.99985,0.00000,0.00015,0.00000
25.56125,0.84000,0.99990,0.00000,0.00010,0.00000
25.68125,0.84000,0.99994,0.00000,0.00006,0.00000
25.80125,0.84000,0.99990,0.00000,0.00010,0.00000
25.92125,0.84000,0.99991,0.00000,0.00008,0.00000
26.04125,0.84000,0.99996,0.00000,0.00004,0.00000
26.16125,0.84000,0.99998,0.00000,0.00001,0.00000
26.28125,0.84000,0.99999,0.00000,0.00001,0.00000
26.40125,0.84000,0.99999,0.00000,0.00001,0.00000
26.52125,0.84000,0.99998,0.00000,0.00002,0.00000
26.64125,0.84000,1.00000,0.00000,0.00000,0.00000
26.76125,0.84000,1.00000,0.00000,0.00000,0.00000
26.88125,0.84000,0.99999,0.00000,0.00001,0.00000
27.00125,0.84000,0.99999,0.00000,0.00001,0.00000
27.12125,0.84000,0.99999,0.00000,0.00001,0.00000
27.24125,0.84000,1.00000,0.00000,0.00000,0.00000
27.36125,0.84000,1.00000,0.00000,0.00000,0.00000
27.48125,0.84000,0.99999,0.00000,0.00001,0.00000
27.60125,0.84000,0.99999,0.00000,0.00000,0.00000
27.72125,0.84000,0.99999,0.00000,0.00001,0.00000
27.84125,0.84000,0.99999,0.00000,0.00001,0.00000
27.96125,0.84000,0.99999,0.00000,0.00001,0.00000
28.08125,0.84000,0.99999,0.00000,0.00001,0.00000
28.20125,0.84000,0.99998,0.00000,0.00002,0.00000
28.32125,0.84000,0.99993,0.00000,0.00007,0.00000
28.44125,0.84000,0.99980,0.00000,0.00020,0.00000
28.56125,0.84000,0.99980,0.00000,0.00020,0.00000
28.68125,0.84000,0.99983,0.00000,0.00016,0.00000
28.80125,0.84000,0.99982,0.00000,0.00017,0.00000
28.92125,0.84000,0.99981,0.00000,0.00018,0.00000
29.04125,0.84000,0.99988,0.00000,0.00012,0.00000
29.16125,0.84000,0.99997,0.00000,0.00003,0.00000
29.28125,0.84000,0.99999,0.00000,0.00001,0.00000
29.40125,0.84000,0.99999,0.00000,0.00000,0.00000
29.52125,0.84000,1.00000,0.00000,0.00000,0.00000
29.64125,0.84000,1.00000,0.00000,0.00000,0.00000
29.76125,0.84000,1.00000,0.00000,0.00000,0.00000
29.88125,0.84000,1.00000,0.00000,0.00000,0.00000
30.00125,0.84000,1.00000,0.00000,0.00000,0.00000
30.12125,0.84000,1.00000,0.00000,0.00000,0.00000
30.24125,0.84000,1.00000,0.00000,0.00000,0.00000
30.36125,0.84000,1.00000,0.00000,0.00000,0.00000
30.48125,0.84000,1.00000,0.00000,0.00000,0.00000
30.60125,0.84000,1.00000,0.00000,0.00000,0.00000
30.72125,0.84000,1.00000,0.00000,0.00000,0.00000
30.84125,0.84000,1.00000,0.00000,0.00000,0.00000
30.96125,0.84000,0.99999,0.00000,0.00001,0.00000
31.08125,0.84000,0.99999,0.00000,0.00001,0.00000
31.20125,0.84000,0.99999,0.00000,0.00001,0.00000
31.32125,0.84000,0.99999,0.00000,0.00001,0.00000
31.44125,0.84000,0.99999,0.00000,0.00001,0.00000
31.56125,0.84000,0.99999,0.00000,0.00001,0.00000
31.68125,0.84000,1.00000,0.00000,0.00000,0.00000
31.80125,0.84000,1.00000,0.00000,0.00000,0.00000
31.92125,0.84000,1.00000,0.00000,0.00000,0.00000
32.04125,0.84000,1.00000,0.00000,0.00000,0.00000
32.16125,0.84000,1.00000,0.00000,0.00000,0.00000
32.28125,0.84000,1.00000,0.00000,0.00000,0.00000
32.40125,0.84000,1.00000,0.00000,0.00000,0.00000
32.52125,0.84000,1.00000,0.00000,0.00000,0.00000
32.64125,0.84000,1.00000,0.00000,0.00000,0.00000
32.76125,0.84000,1.00000,0.00000,0.00000,0.00000
32.88125,0.84000,1.00000,0.00000,0.00000,0.00000
33.00125,0.84000,1.00000,0.00000,0.00000,0.00000
33.12125,0.84000,1.00000,0.00000,0.00000,0.00000
33.24125,0.84000,1.00000,0.00000,0.00000,0.00000
33.36125,0.84000,1.00000,0.00000,0.00000,0.00000
33.48125,0.84000,0.99999,0.00000,0.00001,0.00000
33.60125,0.84000,0.99999,0.00000,0.00001,0.00000
33.72125,0.84000,1.00000,0.00000,0.00000,0.00000
33.84125,0.84000,0.99999,0.00000,0.00000,0.00000
33.96125,0.84000,1.00000,0.00000,0.00000,0.00000
34.08125,0.84000,0.99999,0.00000,0.00001,0.00000
34.20125,0.84000,0.99999,0.00000,0.00001,0.00000
34.32125,0.84000,0.99999,0.00000,0.00001,0.00000
34.44125,0.84000,1.00000,0.00000,0.00000,0.00000
34.56125,0.84000,1.00000,0.00000,0.00000,0.00000
34.68125,0.84000,1.00000,0.00000,0.00000,0.00000
34.80125,0.84000,0.99999,0.00000,0.00001,0.00000
34.92125,0.84000,1.00000,0.00000,0.00000,0.00000
35.04125,0.84000,1.00000,0.00000,0.00000,0.00000
35.16125,0.84000,1.00000,0.00000,0.00000,0.00000
35.28125,0.84000,1.00000,0.00000,0.00000,0.00000
35.40125,0.84000,0.99999,0.00000,0.00000,0.00000
35.52125,0.84000,0.99999,0.00000,0.00001,0.00000
35.64125,0.84000,0.99998,0.00000,0.00002,0.00000
35.76125,0.84000,0.99997,0.00000,0.00003,0.00000
35.88125,0.84000,0.99994,0.00000,0.00006,0.00000
36.00125,0.84000,0.99992,0.00000,0.00007,0.00000
36.12125,0.84000,0.99991,0.00000,0.00009,0.00000
36.24125,0.84000,0.99995,0.00000,0.00005,0.00000
36.36125,0.84000,0.99998,0.00000,0.00002,0.00000
36.48125,0.84000,0.99999,0.00000,0.00001,0.00000
36.60125,0.84000,0.99999,0.00000,0.00001,0.00000
36.72125,0.84000,0.99999,0.00000,0.00001,0.00000
36.84125,0.84000,1.00000,0.00000,0.00000,0.00000
36.96125,0.84000,1.00000,0.00000,0.00000,0.00000
37.08125,0.84000,1.00000,0.00000,0.00000,0.00000
37.20125,0.84000,1.00000,0.00000,0.00000,0.00000
37.32125,0.84000,1.00000,0.00000,0.00000,0.00000
37.44125,0.84000,1.00000,0.00000,0.00000,0.00000
37.56125,0.84000,1.00000,0.00000,0.00000,0.00000
37.68125,0.84000,1.00000,0.00000,0.00000,0.00000
37.80125,0.84000,1.00000,0.00000,0.00000,0.00000
37.92125,0.84000,1.00000,0.00000,0.00000,0.00000
38.04125,0.84000,1.00000,0.00000,0.00000,0.00000
38.16125,0.84000,1.00000,0.00000,0.00000,0.00000
38.28125,0.84000,1.00000,0.00000,0.00000,0.00000
38.40125,0.84000,1.00000,0.00000,0.00000,0.00000
38.52125,0.84000,1.00000,0.00000,0.00000,0.00000
38.64125,0.84000,1.00000,0.00000,0.00000,0.00000
38.76125,0.84000,1.00000,0.00000,0.00000,0.00000
38.88125,0.84000,1.00000,0.00000,0.00000,0.00000
39.00125,0.84000,1.00000,0.00000,0.00000,0.00000
39.12125,0.84000,1.00000,0.00000,0.00000,0.00000
39.24125,0.84000,1.00000,0.00000,0.00000,0.00000
39.36125,0.84000,1.00000,0.00000,0.00000,0.00000
39.48125,0.84000,1.00000,0.00000,0.00000,0.00000
39.60125,0.84000,1.00000,0.00000,0.00000,0.00000
39.72125,0.84000,1.00000,0.00000,0.00000,0.00000
39.84125,0.84000,1.00000,0.00000,0.00000,0.00000
39.96125,0.84000,1.00000,0.00000,0.00000,0.00000
40.08125,0.84000,1.00000,0.00000,0.00000,0.00000
40.20125,0.84000,1.00000,0.00000,0.00000,0.00000
40.32125,0.84000,1.00000,0.00000,0.00000,0.00000
40.44125,0.84000,1.00000,0.00000,0.00000,0.00000
40.56125,0.84000,1.00000,0.00000,0.00000,0.00000
40.68125,0.84000,1.00000,0.00000,0.00000,0.00000
40.80125,0.84000,1.00000,0.00000,0.00000,0.00000
40.92125,0.84000,1.00000,0.00000,0.00000,0.00000
41.04125,0.84000,1.00000,0.00000,0.00000,0.00000
41.16125,0.84000,1.00000,0.00000,0.00000,0.00000
41.28125,0.84000,1.00000,0.00000,0.00000,0.00000
41.40125,0.84000,1.00000,0.00000,0.00000,0.00000
41.52125,0.84000,1.00000,0.00000,0.00000,0.00000
41.64125,0.84000,1.00000,0.00000,0.00000,0.00000
41.76125,0.84000,1.00000,0.00000,0.00000,0.00000
41.88125,0.84000,1.00000,0.00000,0.00000,0.00000
42.00125,0.84000,1.00000,0.00000,0.00000,0.00000
42.12125,0.84000,1.00000,0.00000,0.00000,0.00000
42.24125,0.84000,1.00000,0.00000,0.00000,0.00000
42.36125,0.84000,1.00000,0.00000,0.00000,0.00000
42.48125,0.84000,1.00000,0.00000,0.00000,0.00000
42.60125,0.84000,1.00000,0.00000,0.00000,0.00000
42.72125,0.84000,1.00000,0.00000,0.00000,0.00000
42.84125,0.84000,1.00000,0.00000,0.00000,0.00000
42.96125,0.84000,1.00000,0.00000,0.00000,0.00000
43.08125,0.84000,1.00000,0.00000,0.00000,0.00000
43.20125,0.84000,1.00000,0.00000,0.00000,0.00000
43.32125,0.84000,1.00000,0.00000,0.00000,0.00000
43.44125,0.84000,1.00000,0.00000,0.00000,0.00000
43.56125,0.84000,1.00000,0.00000,0.00000,0.00000
43.68125,0.84000,1.00000,0.00000,0.00000,0.00000
43.80125,0.84000,1.00000,0.00000,0.00000,0.00000
43.92125,0.84000,1.00000,0.00000,0.00000,0.00000
44.04125,0.84000,1.00000,0.00000,0.00000,0.00000
44.16125,0.84000,1.00000,0.00000,0.00000,0.00000
44.28125,0.84000,1.00000,0.00000,0.00000,0.00000
44.40125,0.84000,1.00000,0.00000,0.00000,0.00000
44.52125,0.84000,1.00000,0.00000,0.00000,0.00000
44.64125,0.84000,1.00000,0.00000,0.00000,0.00000
44.76125,0.84000,1.00000,0.00000,0.00000,0.00000
44.88125,0.84000,1.00000,0.00000,0.00000,0.00000
45.00125,0.84000,1.00000,0.00000,0.00000,0.00000
45.12125,0.84000,1.00000,0.00000,0.00000,0.00000
45.24125,0.84000,1.00000,0.00000,0.00000,0.00000
45.36125,0.84000,1.00000,0.00000,0.00000,0.00000
45.48125,0.84000,1.00000,0.00000,0.00000,0.00000
45.60125,0.84000,1.00000,0.00000,0.00000,0.00000
45.72125,0.84000,1.00000,0.00000,0.00000,0.00000
45.84125,0.84000,1.00000,0.00000,0.00000,0.00000
45.96125,0.84000,1.00000,0.00000,0.00000,0.00000
46.08125,0.84000,1.00000,0.00000,0.00000,0.00000
46.20125,0.84000,1.00000,0.00000,0.00000,0.00000
46.32125,0.84000,1.00000,0.00000,0.00000,0.00000
46.44125,0.84000,1.00000,0.00000,0.00000,0.00000
46.56125,0.84000,1.00000,0.00000,0.00000,0.00000
46.68125,0.84000,1.00000,0.00000,0.00000,0.00000
46.80125,0.84000,1.00000,0.00000,0.00000,0.00000
46.92125,0.84000,1.00000,0.00000,0.00000,0.00000
47.04125,0.84000,1.00000,0.00000,0.00000,0.00000
47.16125,0.84000,1.00000,0.00000,0.00000,0.00000
47.28125,0.84000,1.00000,0.00000,0.00000,0.00000
47.40125,0.84000,1.00000,0.00000,0.00000,0.00000
47.52125,0.84000,1.00000,0.00000,0.00000,0.00000
47.64125,0.84000,1.00000,0.00000,0.00000,0.00000
47.76125,0.84000,1.00000,0.00000,0.00000,0.00000
47.88125,0.84000,1.00000,0.00000,0.00000,0.00000
48.00125,0.84000,1.00000,0.00000,0.00000,0.00000
48.12125,0.84000,1.00000,0.00000,0.00000,0.00000
48.24125,0.84000,1.00000,0.00000,0.00000,0.00000
48.36125,0.84000,1.00000,0.00000,0.00000,0.00000
48.48125,0.84000,1.00000,0.00000,0.00000,0.00000
48.60125,0.84000,1.00000,0.00000,0.00000,0.00000
48.72125,0.84000,1.00000,0.00000,0.00000,0.00000
48.84125,0.84000,1.00000,0.00000,0.00000,0.00000
48.96125,0.84000,1.00000,0.00000,0.00000,0.00000
49.08125,0.84000,1.00000,0.00000,0.00000,0.00000
49.20125,0.84000,1.00000,0.00000,0.00000,0.00000
49.32125,0.84000,1.00000,0.00000,0.00000,0.00000
49.44125,0.84000,1.00000,0.00000,0.00000,0.00000
49.56125,0.84000,1.00000,0.00000,0.00000,0.00000
49.68125,0.84000,1.00000,0.00000,0.00000,0.00000
49.80125,0.84000,1.00000,0.00000,0.00000,0.00000
49.92125,0.84000,1.00000,0.00000,0.00000,0.00000
50.04125,0.84000,1.00000,0.00000,0.00000,0.00000
50.16125,0.84000,1.00000,0.00000,0.00000,0.00000
50.28125,0.84000,1.00000,0.00000,0.00000,0.00000
50.40125,0.84000,1.00000,0.00000,0.00000,0.00000
50.52125,0.84000,1.00000,0.00000,0.00000,0.00000
50.64125,0.84000,1.00000,0.00000,0.00000,0.00000
50.76125,0.84000,1.00000,0.00000,0.00000,0.00000
50.88125,0.84000,1.00000,0.00000,0.00000,0.00000
51.00125,0.84000,1.00000,0.00000,0.00000,0.00000
51.12125,0.84000,1.00000,0.00000,0.00000,0.00000
51.24125,0.84000,1.00000,0.00000,0.00000,0.00000
51.36125,0.84000,1.00000,0.00000,0.00000,0.00000
51.48125,0.84000,1.00000,0.00000,0.00000,0.00000
51.60125,0.84000,1.00000,0.00000,0.00000,0.00000
51.72125,0.84000,1.00000,0.00000,0.00000,0.00000
51.84125,0.84000,1.00000,0.00000,0.00000,0.00000
51.96125,0.84000,1.00000,0.00000,0.00000,0.00000
52.08125,0.84000,1.00000,0.00000,0.00000,0.00000
52.20125,0.84000,1.00000,0.00000,0.00000,0.00000
52.32125,0.84000,0.99998,0.00000,0.00002,0.00000
52.44125,0.84000,0.99987,0.00000,0.00013,0.00000
52.56125,0.84000,0.99897,0.00004,0.00099,0.00000
52.68125,0.84000,0.99874,0.00007,0.00119,0.00000
52.80125,0.84000,0.99819,0.00009,0.00172,0.00000
52.92125,0.84000,0.99839,0.00008,0.00153,0.00000
53.04125,0.84000,0.99947,0.00002,0.00051,0.00000
53.16125,0.84000,0.99995,0.00000,0.00005,0.00000
53.28125,0.84000,0.99999,0.00000,0.00001,0.00000
53.40125,0.84000,1.00000,0.00000,0.00000,0.00000
53.52125,0.84000,1.00000,0.00000,0.00000,0.00000
53.64125,0.84000,1.00000,0.00000,0.00000,0.00000
53.76125,0.84000,1.00000,0.00000,0.00000,0.00000
53.88125,0.84000,1.00000,0.00000,0.00000,0.00000
54.00125,0.84000,1.00000,0.00000,0.00000,0.00000
54.12125,0.84000,1.00000,0.00000,0.00000,0.00000
54.24125,0.84000,1.00000,0.00000,0.00000,0.00000
54.36125,0.84000,0.99999,0.00000,0.00001,0.00000
54.48125,0.84000,0.99999,0.00000,0.00001,0.00000
54.60125,0.84000,1.00000,0.00000,0.00000,0.00000
54.72125,0.84000,0.99999,0.00000,0.00001,0.00000
54.84125,0.84000,1.00000,0.00000,0.00000,0.00000
54.96125,0.84000,1.00000,0.00000,0.00000,0.00000
55.08125,0.84000,1.00000,0.00000,0.00000,0.00000
55.20125,0.84000,1.00000,0.00000,0.00000,0.00000
55.32125,0.84000,1.00000,0.00000,0.00000,0.00000
55.44125,0.84000,0.99999,0.00000,0.00000,0.00000
55.56125,0.84000,0.99995,0.00004,0.00002,0.00000
55.68125,0.84000,0.99970,0.00025,0.00005,0.00000
55.80125,0.84000,0.99913,0.00075,0.00012,0.00000
55.92125,0.84000,0.99778,0.00194,0.00028,0.00000
56.04125,0.84000,0.99713,0.00280,0.00008,0.00000
56.16125,0.84000,0.99862,0.00137,0.00001,0.00000
56.28125,0.84000,0.99841,0.00156,0.00001,0.00002
56.40125,0.84000,0.99681,0.00280,0.00001,0.00038
56.52125,0.84000,0.99442,0.00360,0.00001,0.00197
56.64125,0.84000,0.99172,0.00114,0.00001,0.00714
56.76125,0.84000,0.99082,0.00181,0.00007,0.00730
56.88125,0.84000,0.99673,0.00218,0.00080,0.00029
57.00125,0.84000,0.99192,0.00263,0.00536,0.00009
57.12125,0.84000,0.99470,0.00097,0.00429,0.00003
57.24125,0.84000,0.99264,0.00103,0.00632,0.00000
57.36125,0.84000,0.91930,0.01029,0.07041,0.00000
57.48125,0.84000,0.82512,0.07265,0.10222,0.00000
57.60125,0.84000,0.76458,0.12151,0.11391,0.00000
57.72125,0.84000,0.90130,0.05807,0.04064,0.00000
57.84125,0.84000,0.98305,0.00940,0.00755,0.00000
57.96125,0.84000,0.99849,0.00083,0.00067,0.00000
58.08125,0.84000,0.99974,0.00019,0.00008,0.00000
58.20125,0.84000,0.99981,0.00018,0.00001,0.00000
58.32125,0.84000,0.99988,0.00011,0.00000,0.00000
58.44125,0.84000,0.99972,0.00026,0.00000,0.00002
58.56125,0.84000,0.99683,0.00240,0.00000,0.00077
58.68125,0.84000,0.95076,0.00994,0.00000,0.03930
58.80125,0.84000,0.92112,0.07301,0.00000,0.00587
58.92125,0.84000,0.87650,0.12308,0.00000,0.00041
59.04125,0.84000,0.92410,0.07441,0.00000,0.00149
59.16125,0.84000,0.99909,0.00080,0.00000,0.00011
59.28125,0.84000,0.99942,0.00057,0.00001,0.00001
59.40125,0.84000,0.99968,0.00030,0.00001,0.00001
59.52125,0.84000,0.99960,0.00037,0.00000,0.00003
59.64125,0.84000,0.99740,0.00048,0.00001,0.00211
59.76125,0.84000,0.99980,0.00007,0.00005,0.00007
59.88125,0.84000,0.99735,0.00260,0.00003,0.00002
60.00125,0.84000,0.99484,0.00426,0.00034,0.00056
60.12125,0.84000,0.99959,0.00026,0.00012,0.00003
60.24125,0.84000,0.99940,0.00058,0.00001,0.00001
60.36125,0.84000,0.99847,0.00145,0.00007,0.00001
60.48125,0.84000,0.99708,0.00285,0.00006,0.00001
60.60125,0.84000,0.99601,0.00393,0.00000,0.00005
60.72125,0.84000,0.99510,0.00485,0.00001,0.00005
60.84125,0.84000,0.95179,0.04796,0.00000,0.00024
60.96125,0.84000,0.99342,0.00519,0.00022,0.00117
61.08125,0.84000,0.99881,0.00078,0.00004,0.00038
61.20125,0.84000,0.99984,0.00007,0.00001,0.00007
61.32125,0.84000,0.99982,0.00001,0.00005,0.00012
61.44125,0.84000,0.99956,0.00000,0.00010,0.00033
61.56125,0.84000,0.99916,0.00000,0.00008,0.00076
61.68125,0.84000,0.99936,0.00001,0.00006,0.00057
61.80125,0.84000,0.99961,0.00001,0.00009,0.00028
61.92125,0.84000,0.99944,0.00003,0.00034,0.00019
62.04125,0.84000,0.99843,0.00034,0.00114,0.00010
62.16125,0.84000,0.99874,0.00031,0.00094,0.00002
62.28125,0.84000,0.99742,0.00064,0.00192,0.00002
62.40125,0.84000,0.99901,0.00041,0.00057,0.00001
62.52125,0.84000,0.99886,0.00067,0.00046,0.00002
62.64125,0.84000,0.99958,0.00031,0.00008,0.00003
62.76125,0.84000,0.99994,0.00002,0.00001,0.00002
62.88125,0.84000,0.99992,0.00001,0.00001,0.00005
63.00125,0.84000,0.99998,0.00000,0.00000,0.00001
63.12125,0.84000,0.99999,0.00000,0.00000,0.00000
63.24125,0.84000,0.99999,0.00000,0.00001,0.00000
63.36125,0.84000,0.99999,0.00000,0.00001,0.00000
63.48125,0.84000,0.99999,0.00000,0.00001,0.00000
63.60125,0.84000,0.99999,0.00000,0.00001,0.00000
63.72125,0.84000,0.99999,0.00000,0.00001,0.00000
63.84125,0.84000,0.99998,0.00000,0.00001,0.00000
63.96125,0.84000,0.99999,0.00000,0.00001,0.00000
64.08125,0.84000,0.99999,0.00000,0.00001,0.00000
64.20125,0.84000,0.99998,0.00000,0.00002,0.00000
64.32125,0.84000,0.99999,0.00000,0.00001,0.00000
64.44125,0.84000,1.00000,0.00000,0.00000,0.00000
64.56125,0.84000,1.00000,0.00000,0.00000,0.00000
64.68125,0.84000,1.00000,0.00000,0.00000,0.00000
64.80125,0.84000,1.00000,0.00000,0.00000,0.00000
64.92125,0.84000,1.00000,0.00000,0.00000,0.00000
65.04125,0.84000,1.00000,0.00000,0.00000,0.00000
65.16125,0.84000,1.00000,0.00000,0.00000,0.00000
65.28125,0.84000,1.00000,0.00000,0.00000,0.00000
65.40125,0.84000,0.99999,0.00000,0.00000,0.00000
65.52125,0.84000,0.99998,0.00000,0.00002,0.00000
65.64125,0.84000,0.99996,0.00000,0.00004,0.00000
65.76125,0.84000,0.99997,0.00000,0.00003,0.00000
65.88125,0.84000,0.99999,0.00000,0.00001,0.00000
66.00125,0.84000,0.99999,0.00000,0.00001,0.00000
66.12125,0.84000,1.00000,0.00000,0.00000,0.00000
66.24125,0.84000,0.99999,0.00000,0.00000,0.00000
66.36125,0.84000,0.99999,0.00000,0.00000,0.00000
66.48125,0.84000,0.99999,0.00000,0.00001,0.00000
66.60125,0.84000,0.99987,0.00000,0.00012,0.00001
66.72125,0.84000,0.99863,0.00005,0.00115,0.00017
66.84125,0.84000,0.99636,0.00050,0.00156,0.00157
66.96125,0.84000,0.98522,0.00368,0.00045,0.01064
67.08125,0.84000,0.96704,0.00463,0.00035,0.02798
67.20125,0.84000,0.96679,0.01293,0.00075,0.01954
67.32125,0.84000,0.99517,0.00407,0.00015,0.00061
67.44125,0.84000,0.99923,0.00071,0.00002,0.00004
67.56125,0.84000,0.99977,0.00021,0.00001,0.00000
67.68125,0.84000,0.99995,0.00002,0.00002,0.00000
67.80125,0.84000,0.99998,0.00000,0.00002,0.00000
67.92125,0.84000,0.99999,0.00000,0.00001,0.00000
68.04125,0.84000,1.00000,0.00000,0.00000,0.00000
68.16125,0.84000,1.00000,0.00000,0.00000,0.00000
68.28125,0.84000,1.00000,0.00000,0.00000,0.00000
68.40125,0.84000,1.00000,0.00000,0.00000,0.00000
68.52125,0.84000,0.99999,0.00000,0.00001,0.00000
68.64125,0.84000,0.99998,0.00000,0.00002,0.00000
68.76125,0.84000,0.99997,0.00000,0.00002,0.00000
68.88125,0.84000,0.99994,0.00000,0.00005,0.00000
69.00125,0.84000,0.99993,0.00000,0.00006,0.00001
69.12125,0.84000,0.99996,0.00000,0.00003,0.00000
69.24125,0.84000,0.99998,0.00000,0.00001,0.00000
69.36125,0.84000,1.00000,0.00000,0.00000,0.00000
69.48125,0.84000,1.00000,0.00000,0.00000,0.00000
69.60125,0.84000,1.00000,0.00000,0.00000,0.00000
69.72125,0.84000,1.00000,0.00000,0.00000,0.00000
69.84125,0.84000,1.00000,0.00000,0.00000,0.00000
69.96125,0.84000,1.00000,0.00000,0.00000,0.00000
70.08125,0.84000,1.00000,0.00000,0.00000,0.00000
70.20125,0.84000,1.00000,0.00000,0.00000,0.00000
70.32125,0.84000,1.00000,0.00000,0.00000,0.00000
70.44125,0.84000,1.00000,0.00000,0.00000,0.00000
70.56125,0.84000,1.00000,0.00000,0.00000,0.00000
70.68125,0.84000,1.00000,0.00000,0.00000,0.00000
70.80125,0.84000,1.00000,0.00000,0.00000,0.00000
70.92125,0.84000,1.00000,0.00000,0.00000,0.00000
71.04125,0.84000,1.00000,0.00000,0.00000,0.00000
71.16125,0.84000,1.00000,0.00000,0.00000,0.00000
71.28125,0.84000,1.00000,0.00000,0.00000,0.00000
71.40125,0.84000,1.00000,0.00000,0.00000,0.00000
71.52125,0.84000,1.00000,0.00000,0.00000,0.00000
71.64125,0.84000,1.00000,0.00000,0.00000,0.00000
71.76125,0.84000,1.00000,0.00000,0.00000,0.00000
71.88125,0.84000,1.00000,0.00000,0.00000,0.00000
72.00125,0.84000,1.00000,0.00000,0.00000,0.00000
72.12125,0.84000,1.00000,0.00000,0.00000,0.00000
72.24125,0.84000,1.00000,0.00000,0.00000,0.00000
72.36125,0.84000,1.00000,0.00000,0.00000,0.00000
72.48125,0.84000,1.00000,0.00000,0.00000,0.00000
72.60125,0.84000,1.00000,0.00000,0.00000,0.00000
72.72125,0.84000,1.00000,0.00000,0.00000,0.00000
72.84125,0.84000,1.00000,0.00000,0.00000,0.00000
72.96125,0.84000,1.00000,0.00000,0.00000,0.00000
73.08125,0.84000,1.00000,0.00000,0.00000,0.00000
73.20125,0.84000,1.00000,0.00000,0.00000,0.00000
73.32125,0.84000,1.00000,0.00000,0.00000,0.00000
73.44125,0.84000,1.00000,0.00000,0.00000,0.00000
73.56125,0.84000,1.00000,0.00000,0.00000,0.00000
73.68125,0.84000,1.00000,0.00000,0.00000,0.00000
73.80125,0.84000,1.00000,0.00000,0.00000,0.00000
73.92125,0.84000,1.00000,0.00000,0.00000,0.00000
74.04125,0.84000,1.00000,0.00000,0.00000,0.00000
74.16125,0.84000,1.00000,0.00000,0.00000,0.00000
74.28125,0.84000,1.00000,0.00000,0.00000,0.00000
74.40125,0.84000,1.00000,0.00000,0.00000,0.00000
74.52125,0.84000,1.00000,0.00000,0.00000,0.00000
74.64125,0.84000,1.00000,0.00000,0.00000,0.00000
74.76125,0.84000,1.00000,0.00000,0.00000,0.00000
74.88125,0.84000,0.99999,0.00000,0.00001,0.00000
75.00125,0.84000,0.99998,0.00000,0.00002,0.00000
75.12125,0.84000,0.99994,0.00000,0.00006,0.00000
75.24125,0.84000,0.99980,0.00000,0.00019,0.00000
75.36125,0.84000,0.99959,0.00000,0.00041,0.00000
75.48125,0.84000,0.99967,0.00000,0.00032,0.00000
75.60125,0.84000,0.99938,0.00000,0.00062,0.00000
75.72125,0.84000,0.99914,0.00004,0.00081,0.00001
75.84125,0.84000,0.99926,0.00011,0.00062,0.00001
75.96125,0.84000,0.99939,0.00004,0.00051,0.00006
76.08125,0.84000,0.99753,0.00011,0.00215,0.00020
76.20125,0.84000,0.99487,0.00062,0.00429,0.00023
76.32125,0.84000,0.99920,0.00014,0.00064,0.00003
76.44125,0.84000,0.99931,0.00004,0.00064,0.00001
76.56125,0.84000,0.99968,0.00004,0.00027,0.00001
76.68125,0.84000,0.99831,0.00137,0.00029,0.00003
76.80125,0.84000,0.99891,0.00098,0.00007,0.00004
76.92125,0.84000,0.99962,0.00015,0.00004,0.00020
77.04125,0.84000,0.99590,0.00082,0.00045,0.00283
77.16125,0.84000,0.97373,0.01668,0.00323,0.00637
77.28125,0.84000,0.99240,0.00272,0.00190,0.00298
77.40125,0.84000,0.99871,0.00011,0.00105,0.00014
77.52125,0.84000,0.99949,0.00001,0.00049,0.00001
77.64125,0.84000,0.99976,0.00000,0.00024,0.00000
77.76125,0.84000,0.99998,0.00000,0.00002,0.00000
77.88125,0.84000,1.00000,0.00000,0.00000,0.00000
78.00125,0.84000,1.00000,0.00000,0.00000,0.00000
78.12125,0.84000,1.00000,0.00000,0.00000,0.00000
78.24125,0.84000,0.99999,0.00000,0.00000,0.00000
78.36125,0.84000,0.99998,0.00000,0.00002,0.00000
78.48125,0.84000,0.99990,0.00000,0.00009,0.00002
78.60125,0.84000,0.99958,0.00001,0.00032,0.00009
78.72125,0.84000,0.99967,0.00000,0.00023,0.00010
78.84125,0.84000,0.99992,0.00000,0.00005,0.00002
78.96125,0.84000,0.99994,0.00000,0.00004,0.00001
79.08125,0.84000,0.99998,0.00000,0.00002,0.00000
79.20125,0.84000,1.00000,0.00000,0.00000,0.00000
79.32125,0.84000,1.00000,0.00000,0.00000,0.00000
79.44125,0.84000,1.00000,0.00000,0.00000,0.00000
79.56125,0.84000,1.00000,0.00000,0.00000,0.00000
79.68125,0.84000,0.99999,0.00000,0.00001,0.00000
79.80125,0.84000,0.99998,0.00000,0.00002,0.00000
79.92125,0.84000,0.99997,0.00001,0.00002,0.00000
80.04125,0.84000,0.99994,0.00002,0.00004,0.00000
80.16125,0.84000,0.99989,0.00004,0.00007,0.00000
80.28125,0.84000,0.99993,0.00001,0.00006,0.00000
80.40125,0.84000,0.99995,0.00000,0.00005,0.00000
80.52125,0.84000,0.99997,0.00000,0.00003,0.00000
80.64125,0.84000,0.99999,0.00000,0.00001,0.00000
80.76125,0.84000,0.99998,0.00000,0.00002,0.00000
80.88125,0.84000,0.99999,0.00000,0.00001,0.00000
81.00125,0.84000,0.99999,0.00000,0.00001,0.00000
81.12125,0.84000,1.00000,0.00000,0.00000,0.00000
81.24125,0.84000,1.00000,0.00000,0.00000,0.00000
81.36125,0.84000,0.99999,0.00000,0.00001,0.00000
81.48125,0.84000,0.99998,0.00000,0.00002,0.00000
81.60125,0.84000,0.99996,0.00000,0.00004,0.00000
81.72125,0.84000,0.99993,0.00000,0.00007,0.00000
81.84125,0.84000,0.99967,0.00000,0.00033,0.00000
81.96125,0.84000,0.99904,0.00000,0.00096,0.00000
82.08125,0.84000,0.99922,0.00000,0.00078,0.00000
82.20125,0.84000,0.99964,0.00000,0.00035,0.00000
82.32125,0.84000,0.99991,0.00000,0.00008,0.00001
82.44125,0.84000,0.99994,0.00000,0.00004,0.00002
82.56125,0.84000,0.99994,0.00000,0.00003,0.00003
82.68125,0.84000,0.99991,0.00000,0.00001,0.00008
82.80125,0.84000,0.99986,0.00000,0.00001,0.00013
82.92125,0.84000,0.99985,0.00003,0.00005,0.00007
83.04125,0.84000,0.99810,0.00041,0.00147,0.00001
83.16125,0.84000,0.98225,0.00403,0.01371,0.00001
83.28125,0.84000,0.97430,0.00458,0.02111,0.00001
83.40125,0.84000,0.97761,0.00294,0.01944,0.00001
83.52125,0.84000,0.97359,0.00605,0.02036,0.00000
83.64125,0.84000,0.99385,0.00112,0.00502,0.00000
83.76125,0.84000,0.99949,0.00009,0.00042,0.00000
83.88125,0.84000,0.99996,0.00000,0.00003,0.00000
84.00125,0.84000,0.99999,0.00000,0.00001,0.00000
84.12125,0.84000,1.00000,0.00000,0.00000,0.00000
84.24125,0.84000,1.00000,0.00000,0.00000,0.00000
84.36125,0.84000,1.00000,0.00000,0.00000,0.00000
84.48125,0.84000,1.00000,0.00000,0.00000,0.00000
84.60125,0.84000,1.00000,0.00000,0.00000,0.00000
84.72125,0.84000,0.99999,0.00000,0.00001,0.00000
84.84125,0.84000,0.99998,0.00000,0.00002,0.00000
84.96125,0.84000,0.99994,0.00000,0.00006,0.00000
85.08125,0.84000,0.99977,0.00001,0.00022,0.00001
85.20125,0.84000,0.99965,0.00002,0.00031,0.00002
85.32125,0.84000,0.99983,0.00001,0.00013,0.00002
85.44125,0.84000,0.99993,0.00001,0.00006,0.00000
85.56125,0.84000,0.99997,0.00001,0.00002,0.00000
85.68125,0.84000,0.99999,0.00000,0.00001,0.00000
85.80125,0.84000,1.00000,0.00000,0.00000,0.00000
85.92125,0.84000,1.00000,0.00000,0.00000,0.00000
86.04125,0.84000,0.99999,0.00000,0.00001,0.00000
86.16125,0.84000,0.99998,0.00000,0.00002,0.00000
86.28125,0.84000,0.99997,0.00000,0.00003,0.00000
86.40125,0.84000,0.99991,0.00000,0.00009,0.00000
86.52125,0.84000,0.99976,0.00000,0.00024,0.00000
86.64125,0.84000,0.99967,0.00000,0.00033,0.00000
86.76125,0.84000,0.99954,0.00000,0.00046,0.00000
86.88125,0.84000,0.99950,0.00000,0.00050,0.00000
87.00125,0.84000,0.99953,0.00000,0.00047,0.00000
87.12125,0.84000,0.99954,0.00000,0.00046,0.00000
87.24125,0.84000,0.99960,0.00000,0.00039,0.00000
87.36125,0.84000,0.99980,0.00000,0.00019,0.00000
87.48125,0.84000,0.99988,0.00000,0.00011,0.00000
87.60125,0.84000,0.99990,0.00000,0.00010,0.00000
87.72125,0.84000,0.99988,0.00000,0.00011,0.00000
87.84125,0.84000,0.99996,0.00000,0.00004,0.00000
87.96125,0.84000,0.99996,0.00000,0.00004,0.00000
88.08125,0.84000,0.99995,0.00000,0.00005,0.00000
88.20125,0.84000,0.99991,0.00000,0.00008,0.00000
88.32125,0.84000,0.99985,0.00000,0.00014,0.00000
88.44125,0.84000,0.99994,0.00000,0.00006,0.00000
88.56125,0.84000,0.99996,0.00000,0.00004,0.00000
88.68125,0.84000,0.99997,0.00000,0.00003,0.00000
88.80125,0.84000,0.99998,0.00000,0.00001,0.00000
88.92125,0.84000,0.99999,0.00000,0.00001,0.00000
89.04125,0.84000,0.99999,0.00000,0.00001,0.00000
89.16125,0.84000,0.99999,0.00000,0.00001,0.00000
89.28125,0.84000,0.99999,0.00000,0.00001,0.00000
89.40125,0.84000,0.99998,0.00000,0.00002,0.00000
89.52125,0.84000,0.99998,0.00000,0.00002,0.00000
89.64125,0.84000,0.99998,0.00000,0.00002,0.00000
89.76125,0.84000,0.99999,0.00000,0.00001,0.00000
89.88125,0.84000,0.99999,0.00000,0.00001,0.00000
90.00125,0.84000,0.99999,0.00000,0.00001,0.00000
90.12125,0.84000,0.99996,0.00000,0.00004,0.00000
90.24125,0.84000,0.99984,0.00004,0.00012,0.00000
90.36125,0.84000,0.99943,0.00029,0.00027,0.00000
90.48125,0.84000,0.99981,0.00010,0.00009,0.00000
90.60125,0.84000,0.99937,0.00030,0.00033,0.00000
90.72125,0.84000,0.99867,0.00048,0.00085,0.00000
90.84125,0.84000,0.99876,0.00022,0.00101,0.00001
90.96125,0.84000,0.99962,0.00002,0.00034,0.00003
91.08125,0.84000,0.99968,0.00000,0.00022,0.00010
91.20125,0.84000,0.99865,0.00000,0.00069,0.00066
91.32125,0.84000,0.99259,0.00002,0.00421,0.00318
91.44125,0.84000,0.99211,0.00007,0.00197,0.00586
91.56125,0.84000,0.98794,0.00031,0.00109,0.01066
91.68125,0.84000,0.98903,0.00040,0.00137,0.00920
91.80125,0.84000,0.99149,0.00127,0.00195,0.00528
91.92125,0.84000,0.98801,0.00223,0.00201,0.00775
92.04125,0.84000,0.99000,0.00101,0.00160,0.00738
92.16125,0.84000,0.99872,0.00020,0.00064,0.00043
92.28125,0.84000,0.99972,0.00001,0.00026,0.00001
92.40125,0.84000,0.99996,0.00000,0.00004,0.00000
92.52125,0.84000,0.99998,0.00000,0.00002,0.00000
92.64125,0.84000,0.99999,0.00000,0.00001,0.00000
92.76125,0.84000,0.99999,0.00000,0.00001,0.00000
92.88125,0.84000,0.99999,0.00000,0.00001,0.00000
93.00125,0.84000,0.99999,0.00000,0.00001,0.00000
93.12125,0.84000,0.99999,0.00000,0.00001,0.00000
93.24125,0.84000,0.99999,0.00000,0.00001,0.00000
93.36125,0.84000,0.99999,0.00000,0.00001,0.00000
93.48125,0.84000,0.99999,0.00000,0.00001,0.00000
93.60125,0.84000,0.99998,0.00000,0.00002,0.00000
93.72125,0.84000,0.99991,0.00000,0.00008,0.00000
93.84125,0.84000,0.99993,0.00000,0.00006,0.00000
93.96125,0.84000,0.99985,0.00002,0.00013,0.00000
94.08125,0.84000,0.99918,0.00015,0.00067,0.00000
94.20125,0.84000,0.99456,0.00212,0.00332,0.00000
94.32125,0.84000,0.99690,0.00205,0.00105,0.00000
94.44125,0.84000,0.99979,0.00009,0.00012,0.00000
94.56125,0.84000,0.99986,0.00004,0.00010,0.00000
94.68125,0.84000,0.99992,0.00002,0.00007,0.00000
94.80125,0.84000,0.99998,0.00000,0.00001,0.00000
94.92125,0.84000,1.00000,0.00000,0.00000,0.00000
95.04125,0.84000,0.99999,0.00000,0.00001,0.00000
95.16125,0.84000,0.99996,0.00001,0.00002,0.00001
95.28125,0.84000,0.99991,0.00004,0.00001,0.00004
95.40125,0.84000,0.99932,0.00035,0.00000,0.00032
95.52125,0.84000,0.99695,0.00171,0.00000,0.00134
95.64125,0.84000,0.99402,0.00399,0.00001,0.00199
95.76125,0.84000,0.98709,0.01188,0.00001,0.00101
95.88125,0.84000,0.99626,0.00371,0.00000,0.00003
96.00125,0.84000,0.99962,0.00037,0.00001,0.00000
96.12125,0.84000,0.99985,0.00009,0.00006,0.00000
96.24125,0.84000,0.99978,0.00003,0.00019,0.00000
96.36125,0.84000,0.99980,0.00004,0.00016,0.00000
96.48125,0.84000,0.99994,0.00001,0.00005,0.00000
96.60125,0.84000,0.99998,0.00000,0.00001,0.00000
96.72125,0.84000,0.99999,0.00000,0.00000,0.00000
96.84125,0.84000,0.99999,0.00000,0.00000,0.00000
96.96125,0.84000,1.00000,0.00000,0.00000,0.00000
97.08125,0.84000,1.00000,0.00000,0.00000,0.00000
97.20125,0.84000,1.00000,0.00000,0.00000,0.00000
97.32125,0.84000,1.00000,0.00000,0.00000,0.00000
97.44125,0.84000,0.99999,0.00000,0.00001,0.00000
97.56125,0.84000,0.99999,0.00000,0.00001,0.00000
97.68125,0.84000,0.99998,0.00000,0.00001,0.00001
97.80125,0.84000,0.99999,0.00000,0.00001,0.00000
97.92125,0.84000,1.00000,0.00000,0.00000,0.00000
98.04125,0.84000,1.00000,0.00000,0.00000,0.00000
98.16125,0.84000,1.00000,0.00000,0.00000,0.00000
98.28125,0.84000,0.99999,0.00000,0.00001,0.00000
98.40125,0.84000,0.99998,0.00000,0.00001,0.00001
98.52125,0.84000,0.99998,0.00000,0.00001,0.00001
98.64125,0.84000,0.99997,0.00000,0.00003,0.00000
98.76125,0.84000,0.99995,0.00000,0.00003,0.00002
98.88125,0.84000,0.99997,0.00000,0.00002,0.00001
99.00125,0.84000,0.99998,0.00000,0.00002,0.00001
99.12125,0.84000,0.99997,0.00000,0.00003,0.00000
99.24125,0.84000,0.99993,0.00000,0.00007,0.00000
99.36125,0.84000,0.99979,0.00001,0.00020,0.00000
99.48125,0.84000,0.99979,0.00001,0.00019,0.00001
99.60125,0.84000,0.99935,0.00026,0.00034,0.00005
99.72125,0.84000,0.99832,0.00130,0.00033,0.00005
99.84125,0.84000,0.99959,0.00023,0.00012,0.00006
99.96125,0.84000,0.99935,0.00030,0.00025,0.00009
100.08125,0.84000,0.99982,0.00010,0.00007,0.00001
100.20125,0.84000,0.99991,0.00003,0.00005,0.00001
100.32125,0.84000,0.99996,0.00001,0.00004,0.00000
100.44125,0.84000,0.99999,0.00000,0.00001,0.00000
100.56125,0.84000,0.99998,0.00000,0.00002,0.00000
100.68125,0.84000,0.99997,0.00000,0.00002,0.00000
100.80125,0.84000,0.99998,0.00000,0.00002,0.00000
100.92125,0.84000,0.99992,0.00000,0.00007,0.00001
101.04125,0.84000,0.99974,0.00001,0.00019,0.00006
101.16125,0.84000,0.99923,0.00001,0.00050,0.00025
101.28125,0.84000,0.99903,0.00003,0.00071,0.00024
101.40125,0.84000,0.99981,0.00001,0.00016,0.00002
101.52125,0.84000,0.99996,0.00000,0.00004,0.00000
101.64125,0.84000,0.99998,0.00000,0.00001,0.00000
101.76125,0.84000,0.99999,0.00000,0.00001,0.00000
101.88125,0.84000,0.99998,0.00000,0.00001,0.00000
102.00125,0.84000,0.99999,0.00000,0.00001,0.00000
102.12125,0.84000,0.99997,0.00000,0.00002,0.00001
102.24125,0.84000,0.99990,0.00000,0.00008,0.00002
102.36125,0.84000,0.99976,0.00000,0.00020,0.00004
102.48125,0.84000,0.99985,0.00000,0.00012,0.00003
102.60125,0.84000,0.99994,0.00000,0.00005,0.00001
102.72125,0.84000,0.99995,0.00000,0.00005,0.00000
102.84125,0.84000,0.99999,0.00000,0.00001,0.00000
102.96125,0.84000,1.00000,0.00000,0.00000,0.00000
103.08125,0.84000,1.00000,0.00000,0.00000,0.00000
103.20125,0.84000,1.00000,0.00000,0.00000,0.00000
103.32125,0.84000,1.00000,0.00000,0.00000,0.00000
103.44125,0.84000,1.00000,0.00000,0.00000,0.00000
103.56125,0.84000,0.99999,0.00000,0.00001,0.00000
103.68125,0.84000,0.99998,0.00000,0.00002,0.00000
103.80125,0.84000,0.99997,0.00000,0.00003,0.00000
103.92125,0.84000,0.99996,0.00000,0.00003,0.00000
104.04125,0.84000,0.99992,0.00000,0.00007,0.00000
104.16125,0.84000,0.99996,0.00000,0.00004,0.00000
104.28125,0.84000,0.99998,0.00000,0.00002,0.00000
104.40125,0.84000,0.99999,0.00000,0.00001,0.00000
104.52125,0.84000,0.99999,0.00000,0.00001,0.00000
104.64125,0.84000,0.99999,0.00000,0.00001,0.00000
104.76125,0.84000,0.99999,0.00000,0.00001,0.00000
104.88125,0.84000,0.99999,0.00000,0.00001,0.00000
105.00125,0.84000,0.99999,0.00000,0.00001,0.00000
105.12125,0.84000,0.99998,0.00000,0.00002,0.00000
105.24125,0.84000,0.99998,0.00000,0.00002,0.00000
105.36125,0.84000,0.99995,0.00000,0.00005,0.00000
105.48125,0.84000,0.99991,0.00000,0.00008,0.00000
105.60125,0.84000,0.99950,0.00000,0.00050,0.00000
105.72125,0.84000,0.99651,0.00005,0.00344,0.00000
105.84125,0.84000,0.98295,0.00078,0.01627,0.00000
105.96125,0.84000,0.91511,0.01345,0.07144,0.00000
106.08125,0.84000,0.88040,0.04781,0.07178,0.00000
106.20125,0.84000,0.95045,0.03056,0.01899,0.00000
106.32125,0.84000,0.99327,0.00414,0.00260,0.00000
106.44125,0.84000,0.99964,0.00019,0.00017,0.00000
106.56125,0.84000,0.99997,0.00001,0.00002,0.00000
106.68125,0.84000,1.00000,0.00000,0.00000,0.00000
106.80125,0.84000,1.00000,0.00000,0.00000,0.00000
106.92125,0.84000,1.00000,0.00000,0.00000,0.00000
107.04125,0.84000,1.00000,0.00000,0.00000,0.00000
107.16125,0.84000,1.00000,0.00000,0.00000,0.00000
107.28125,0.84000,1.00000,0.00000,0.00000,0.00000
107.40125,0.84000,1.00000,0.00000,0.00000,0.00000
107.52125,0.84000,1.00000,0.00000,0.00000,0.00000
107.64125,0.84000,1.00000,0.00000,0.00000,0.00000
107.76125,0.84000,0.99995,0.00003,0.00002,0.00000
107.88125,0.84000,0.99931,0.00061,0.00003,0.00005
108.00125,0.84000,0.99763,0.00217,0.00000,0.00019
108.12125,0.84000,0.98033,0.01730,0.00000,0.00237
108.24125,0.84000,0.97372,0.01651,0.00000,0.00977
108.36125,0.84000,0.99046,0.00362,0.00000,0.00592
108.48125,0.84000,0.99689,0.00260,0.00001,0.00050
108.60125,0.84000,0.99985,0.00014,0.00000,0.00001
108.72125,0.84000,0.99998,0.00001,0.00000,0.00000
108.84125,0.84000,0.99996,0.00000,0.00004,0.00000
108.96125,0.84000,0.99994,0.00000,0.00006,0.00000
109.08125,0.84000,0.99995,0.00000,0.00005,0.00000
109.20125,0.84000,0.99998,0.00000,0.00002,0.00000
109.32125,0.84000,0.99999,0.00000,0.00001,0.00000
109.44125,0.84000,0.99998,0.00000,0.00001,0.00000
109.56125,0.84000,0.99997,0.00000,0.00003,0.00000
109.68125,0.84000,0.99998,0.00000,0.00002,0.00000
109.80125,0.84000,0.99997,0.00000,0.00003,0.00000
109.92125,0.84000,0.99998,0.00000,0.00002,0.00000
110.04125,0.84000,0.99997,0.00000,0.00003,0.00000
110.16125,0.84000,0.99995,0.00000,0.00005,0.00000
110.28125,0.84000,0.99993,0.00000,0.00007,0.00000
110.40125,0.84000,0.99993,0.00000,0.00007,0.00000
110.52125,0.84000,0.99992,0.00000,0.00008,0.00000
110.64125,0.84000,0.99997,0.00000,0.00003,0.00000
110.76125,0.84000,0.99998,0.00000,0.00002,0.00000
110.88125,0.84000,0.99999,0.00000,0.00001,0.00000
111.00125,0.84000,0.99999,0.00000,0.00000,0.00000
111.12125,0.84000,1.00000,0.00000,0.00000,0.00000
111.24125,0.84000,1.00000,0.00000,0.00000,0.00000
111.36125,0.84000,1.00000,0.00000,0.00000,0.00000
111.48125,0.84000,1.00000,0.00000,0.00000,0.00000
111.60125,0.84000,0.99999,0.00000,0.00001,0.00000
111.72125,0.84000,0.99999,0.00000,0.00001,0.00000
111.84125,0.84000,0.99998,0.00000,0.00002,0.00000
111.96125,0.84000,0.99998,0.00000,0.00002,0.00000
112.08125,0.84000,0.99999,0.00000,0.00001,0.00000
112.20125,0.84000,0.99999,0.00000,0.00001,0.00000
112.32125,0.84000,0.99999,0.00000,0.00001,0.00000
112.44125,0.84000,0.99999,0.00000,0.00001,0.00000
112.56125,0.84000,0.99999,0.00000,0.00001,0.00000
112.68125,0.84000,0.99999,0.00000,0.00001,0.00000
112.80125,0.84000,0.99999,0.00000,0.00001,0.00000
112.92125,0.84000,0.99998,0.00000,0.00002,0.00000
113.04125,0.84000,0.99999,0.00000,0.00001,0.00000
113.16125,0.84000,0.99998,0.00000,0.00002,0.00000
113.28125,0.84000,0.99997,0.00000,0.00003,0.00000
113.40125,0.84000,0.99995,0.00000,0.00005,0.00000
113.52125,0.84000,0.99987,0.00000,0.00013,0.00000
113.64125,0.84000,0.99994,0.00000,0.00006,0.00000
113.76125,0.84000,0.99995,0.00000,0.00004,0.00000
113.88125,0.84000,0.99998,0.00000,0.00002,0.00000
114.00125,0.84000,0.99999,0.00000,0.00001,0.00000
114.12125,0.84000,1.00000,0.00000,0.00000,0.00000
114.24125,0.84000,1.00000,0.00000,0.00000,0.00000
114.36125,0.84000,1.00000,0.00000,0.00000,0.00000
114.48125,0.84000,1.00000,0.00000,0.00000,0.00000
114.60125,0.84000,1.00000,0.00000,0.00000,0.00000
114.72125,0.84000,1.00000,0.00000,0.00000,0.00000
114.84125,0.84000,0.99999,0.00000,0.00001,0.00000
114.96125,0.84000,0.99998,0.00000,0.00001,0.00001
115.08125,0.84000,0.99997,0.00000,0.00002,0.00001
115.20125,0.84000,0.99996,0.00000,0.00004,0.00000
115.32125,0.84000,0.99998,0.00000,0.00002,0.00000
115.44125,0.84000,0.99999,0.00000,0.00001,0.00000
115.56125,0.84000,0.99999,0.00000,0.00001,0.00000
115.68125,0.84000,0.99998,0.00000,0.00002,0.00000
115.80125,0.84000,0.99997,0.00000,0.00003,0.00000
115.92125,0.84000,0.99996,0.00000,0.00004,0.00000
116.04125,0.84000,0.99993,0.00000,0.00007,0.00000
116.16125,0.84000,0.99990,0.00000,0.00009,0.00000
116.28125,0.84000,0.99994,0.00000,0.00006,0.00000
116.40125,0.84000,0.99996,0.00000,0.00004,0.00000
116.52125,0.84000,0.99997,0.00000,0.00003,0.00000
116.64125,0.84000,0.99997,0.00000,0.00003,0.00000
116.76125,0.84000,0.99998,0.00000,0.00002,0.00000
116.88125,0.84000,0.99999,0.00000,0.00001,0.00000
117.00125,0.84000,0.99999,0.00000,0.00001,0.00000
117.12125,0.84000,0.99999,0.00000,0.00001,0.00000
117.24125,0.84000,0.99999,0.00000,0.00001,0.00000
117.36125,0.84000,0.99999,0.00000,0.00001,0.00000
117.48125,0.84000,0.99999,0.00000,0.00001,0.00000
117.60125,0.84000,0.99998,0.00000,0.00002,0.00000
117.72125,0.84000,0.99997,0.00000,0.00002,0.00000
117.84125,0.84000,0.99996,0.00000,0.00004,0.00000
117.96125,0.84000,0.99984,0.00000,0.00015,0.00000
118.08125,0.84000,0.99959,0.00002,0.00039,0.00000
118.20125,0.84000,0.99996,0.00001,0.00003,0.00000
118.32125,0.84000,0.99989,0.00010,0.00001,0.00000
118.44125,0.84000,0.99987,0.00004,0.00001,0.00008
118.56125,0.84000,0.99974,0.00003,0.00001,0.00022
118.68125,0.84000,0.99946,0.00005,0.00001,0.00049
118.80125,0.84000,0.99962,0.00001,0.00000,0.00037
118.92125,0.84000,0.99847,0.00001,0.00001,0.00151
119.04125,0.84000,0.99790,0.00001,0.00057,0.00152
119.16125,0.84000,0.99922,0.00002,0.00061,0.00015
119.28125,0.84000,0.99971,0.00002,0.00021,0.00006
119.40125,0.84000,0.99951,0.00002,0.00043,0.00004
119.52125,0.84000,0.99884,0.00004,0.00110,0.00002
119.64125,0.84000,0.99955,0.00001,0.00043,0.00001
119.76125,0.84000,0.99977,0.00001,0.00022,0.00001
119.88125,0.84000,0.99984,0.00000,0.00010,0.00006
120.00125,0.84000,0.99982,0.00000,0.00016,0.00002
120.12125,0.84000,0.99962,0.00001,0.00034,0.00003
120.24125,0.84000,0.99965,0.00001,0.00031,0.00004
120.36125,0.84000,0.99929,0.00001,0.00059,0.00011
120.48125,0.84000,0.99921,0.00002,0.00067,0.00010
120.60125,0.84000,0.99927,0.00005,0.00061,0.00007
120.72125,0.84000,0.99929,0.00008,0.00045,0.00018
120.84125,0.84000,0.99909,0.00001,0.00029,0.00061
120.96125,0.84000,0.99910,0.00002,0.00024,0.00064
121.08125,0.84000,0.99885,0.00001,0.00025,0.00089
121.20125,0.84000,0.99912,0.00000,0.00014,0.00074
121.32125,0.84000,0.99990,0.00000,0.00003,0.00007
121.44125,0.84000,0.99998,0.00000,0.00001,0.00001
121.56125,0.84000,0.99999,0.00000,0.00000,0.00000
121.68125,0.84000,1.00000,0.00000,0.00000,0.00000
121.80125,0.84000,1.00000,0.00000,0.00000,0.00000
121.92125,0.84000,1.00000,0.00000,0.00000,0.00000
122.04125,0.84000,1.00000,0.00000,0.00000,0.00000
122.16125,0.84000,0.99999,0.00000,0.00001,0.00000
122.28125,0.84000,0.99993,0.00000,0.00005,0.00001
122.40125,0.84000,0.99975,0.00002,0.00014,0.00009
122.52125,0.84000,0.99977,0.00002,0.00012,0.00009
122.64125,0.84000,0.99993,0.00000,0.00004,0.00003
122.76125,0.84000,0.99997,0.00000,0.00001,0.00002
122.88125,0.84000,0.99998,0.00000,0.00001,0.00000
123.00125,0.84000,1.00000,0.00000,0.00000,0.00000
123.12125,0.84000,1.00000,0.00000,0.00000,0.00000
123.24125,0.84000,1.00000,0.00000,0.00000,0.00000
123.36125,0.84000,0.99998,0.00000,0.00002,0.00000
123.48125,0.84000,0.99990,0.00002,0.00008,0.00000
123.60125,0.84000,0.99984,0.00006,0.00010,0.00001
123.72125,0.84000,0.99985,0.00002,0.00009,0.00003
123.84125,0.84000,0.99987,0.00002,0.00008,0.00003
123.96125,0.84000,0.99994,0.00001,0.00004,0.00002
124.08125,0.84000,0.99999,0.00000,0.00000,0.00000
124.20125,0.84000,1.00000,0.00000,0.00000,0.00000
124.32125,0.84000,1.00000,0.00000,0.00000,0.00000
124.44125,0.84000,1.00000,0.00000,0.00000,0.00000
124.56125,0.84000,1.00000,0.00000,0.00000,0.00000
124.68125,0.84000,1.00000,0.00000,0.00000,0.00000
124.80125,0.84000,0.99999,0.00000,0.00001,0.00000
124.92125,0.84000,0.99996,0.00000,0.00003,0.00000
125.04125,0.84000,0.99973,0.00000,0.00020,0.00008
125.16125,0.84000,0.99903,0.00000,0.00053,0.00044
125.28125,0.84000,0.99862,0.00002,0.00115,0.00021
125.40125,0.84000,0.99878,0.00005,0.00108,0.00010
125.52125,0.84000,0.99990,0.00000,0.00009,0.00001
125.64125,0.84000,0.99998,0.00000,0.00002,0.00000
125.76125,0.84000,0.99999,0.00000,0.00001,0.00000
125.88125,0.84000,0.99999,0.00000,0.00001,0.00000
126.00125,0.84000,0.99999,0.00000,0.00001,0.00000
126.12125,0.84000,0.99999,0.00000,0.00001,0.00000
126.24125,0.84000,0.99998,0.00000,0.00002,0.00000
126.36125,0.84000,0.99993,0.00000,0.00006,0.00000
126.48125,0.84000,0.99975,0.00001,0.00023,0.00002
126.60125,0.84000,0.99986,0.00000,0.00012,0.00001
126.72125,0.84000,0.99994,0.00000,0.00006,0.00000
126.84125,0.84000,0.99998,0.00000,0.00002,0.00000
126.96125,0.84000,0.99998,0.00000,0.00002,0.00000
127.08125,0.84000,0.99999,0.00000,0.00001,0.00000
127.20125,0.84000,1.00000,0.00000,0.00000,0.00000
127.32125,0.84000,0.99999,0.00000,0.00001,0.00000
127.44125,0.84000,0.99999,0.00000,0.00001,0.00000
127.56125,0.84000,0.99992,0.00000,0.00008,0.00000
127.68125,0.84000,0.99986,0.00000,0.00013,0.00000
127.80125,0.84000,0.99986,0.00000,0.00014,0.00001
127.92125,0.84000,0.99977,0.00000,0.00022,0.00001
128.04124,0.84001,0.99985,0.00000,0.00015,0.00000
128.16125,0.84000,0.99997,0.00000,0.00003,0.00000
128.28125,0.84000,0.99999,0.00000,0.00001,0.00000
128.40125,0.84001,1.00000,0.00000,0.00000,0.00000
128.52126,0.84000,1.00000,0.00000,0.00000,0.00000
128.64125,0.84000,1.00000,0.00000,0.00000,0.00000
128.76125,0.84001,1.00000,0.00000,0.00000,0.00000
128.88126,0.84000,1.00000,0.00000,0.00000,0.00000
129.00125,0.84000,0.99999,0.00000,0.00001,0.00000
129.12125,0.84000,0.99997,0.00000,0.00002,0.00000
129.24126,0.84000,0.99997,0.00000,0.00003,0.00000
129.36125,0.84000,0.99997,0.00000,0.00003,0.00000
129.48125,0.84000,0.99994,0.00000,0.00006,0.00000
129.60126,0.84000,0.99997,0.00000,0.00003,0.00000
129.72125,0.84000,0.99990,0.00000,0.00009,0.00000
129.84125,0.84000,0.99991,0.00000,0.00009,0.00000
129.96124,0.84001,0.99991,0.00000,0.00009,0.00000
130.08125,0.84000,0.99992,0.00000,0.00007,0.00000
130.20125,0.84000,0.99998,0.00000,0.00002,0.00000
130.32124,0.84001,0.99999,0.00000,0.00001,0.00000
130.44125,0.84000,0.99999,0.00000,0.00001,0.00000
130.56125,0.84000,1.00000,0.00000,0.00000,0.00000
130.68124,0.84001,1.00000,0.00000,0.00000,0.00000
130.80125,0.84000,1.00000,0.00000,0.00000,0.00000
130.92125,0.84000,0.99999,0.00000,0.00001,0.00000
131.04124,0.84001,0.99999,0.00000,0.00001,0.00000
131.16125,0.84000,0.99997,0.00000,0.00003,0.00000
131.28125,0.84000,0.99998,0.00000,0.00002,0.00000
131.40125,0.84001,0.99998,0.00000,0.00002,0.00000
131.52126,0.84000,0.99998,0.00000,0.00002,0.00000
131.64125,0.84000,0.99999,0.00000,0.00001,0.00000
131.76125,0.84001,0.99999,0.00000,0.00001,0.00000
131.88126,0.84000,0.99999,0.00000,0.00001,0.00000
132.00125,0.84000,0.99999,0.00000,0.00001,0.00000
132.12125,0.84000,0.99998,0.00000,0.00002,0.00000
132.24126,0.84000,0.99996,0.00000,0.00004,0.00000
132.36125,0.84000,0.99996,0.00000,0.00004,0.00000
132.48125,0.84000,0.99987,0.00001,0.00012,0.00000
132.60126,0.84000,0.99983,0.00002,0.00016,0.00000
132.72125,0.84000,0.99979,0.00002,0.00019,0.00000
132.84125,0.84000,0.99948,0.00009,0.00042,0.00000
132.96124,0.84001,0.99969,0.00004,0.00027,0.00000
133.08125,0.84000,0.99965,0.00002,0.00033,0.00000
133.20125,0.84000,0.99980,0.00002,0.00018,0.00000
133.32124,0.84001,0.99994,0.00000,0.00005,0.00000
133.44125,0.84000,0.99994,0.00000,0.00006,0.00000
133.56125,0.84000,0.99995,0.00000,0.00004,0.00000
133.68124,0.84001,0.99998,0.00000,0.00002,0.00000
133.80125,0.84000,0.99998,0.00000,0.00002,0.00000
133.92125,0.84000,0.99998,0.00000,0.00002,0.00000
134.04124,0.84001,0.99999,0.00000,0.00001,0.00000
134.16125,0.84000,0.99999,0.00000,0.00001,0.00000
134.28125,0.84000,1.00000,0.00000,0.00000,0.00000
134.40125,0.84001,1.00000,0.00000,0.00000,0.00000
134.52126,0.84000,1.00000,0.00000,0.00000,0.00000
134.64125,0.84000,1.00000,0.00000,0.00000,0.00000
134.76125,0.84001,1.00000,0.00000,0.00000,0.00000
134.88126,0.84000,0.99999,0.00000,0.00001,0.00000
135.00125,0.84000,0.99998,0.00000,0.00002,0.00000
135.12125,0.84000,0.99993,0.00000,0.00007,0.00000
135.24126,0.84000,0.99987,0.00000,0.00013,0.00000
135.36125,0.84000,0.99985,0.00000,0.00015,0.00000
135.48125,0.84000,0.99991,0.00000,0.00009,0.00000
135.60126,0.84000,0.99995,0.00000,0.00005,0.00000
135.72125,0.84000,0.99998,0.00000,0.00002,0.00000
135.84125,0.84000,0.99999,0.00000,0.00001,0.00000
135.96124,0.84001,1.00000,0.00000,0.00000,0.00000
136.08125,0.84000,1.00000,0.00000,0.00000,0.00000
136.20125,0.84000,1.00000,0.00000,0.00000,0.00000
136.32124,0.84001,1.00000,0.00000,0.00000,0.00000
136.44125,0.84000,0.99999,0.00000,0.00001,0.00000
136.56125,0.84000,0.99998,0.00000,0.00002,0.00000
136.68124,0.84001,0.99994,0.00000,0.00006,0.00000
136.80125,0.84000,0.99987,0.00001,0.00013,0.00000
136.92125,0.84000,0.99985,0.00001,0.00015,0.00000
137.04124,0.84001,0.99974,0.00002,0.00024,0.00000
137.16125,0.84000,0.99977,0.00002,0.00021,0.00000
137.28125,0.84000,0.99988,0.00001,0.00012,0.00000
137.40125,0.84001,0.99986,0.00001,0.00013,0.00000
137.52126,0.84000,0.99986,0.00001,0.00013,0.00000
137.64125,0.84000,0.99991,0.00000,0.00008,0.00000
137.76125,0.84001,0.99980,0.00002,0.00018,0.00000
137.88126,0.84000,0.99983,0.00001,0.00016,0.00000
138.00125,0.84000,0.99990,0.00000,0.00009,0.00000
138.12125,0.84000,0.99987,0.00001,0.00012,0.00000
138.24126,0.84000,0.99997,0.00000,0.00003,0.00000
138.36125,0.84000,0.99998,0.00000,0.00002,0.00000
138.48125,0.84000,0.99998,0.00000,0.00002,0.00000
138.60126,0.84000,0.99999,0.00000,0.00001,0.00000
138.72125,0.84000,0.99999,0.00000,0.00001,0.00000
138.84125,0.84000,0.99999,0.00000,0.00001,0.00000
138.96124,0.84001,0.99999,0.00000,0.00001,0.00000
139.08125,0.84000,0.99999,0.00000,0.00001,0.00000
139.20125,0.84000,0.99999,0.00000,0.00001,0.00000
139.32124,0.84001,0.99999,0.00000,0.00001,0.00000
139.44125,0.84000,0.99999,0.00000,0.00000,0.00000
139.56125,0.84000,1.00000,0.00000,0.00000,0.00000
139.68124,0.84001,1.00000,0.00000,0.00000,0.00000
139.80125,0.84000,1.00000,0.00000,0.00000,0.00000
139.92125,0.84000,0.99999,0.00000,0.00000,0.00000
140.04124,0.84001,0.99999,0.00000,0.00001,0.00000
140.16125,0.84000,0.99999,0.00000,0.00001,0.00000
140.28125,0.84000,0.99999,0.00000,0.00001,0.00000
140.40125,0.84001,0.99999,0.00000,0.00001,0.00000
140.52126,0.84000,0.99999,0.00000,0.00001,0.00000
140.64125,0.84000,0.99999,0.00000,0.00001,0.00000
140.76125,0.84001,0.99999,0.00000,0.00000,0.00000
140.88126,0.84000,1.00000,0.00000,0.00000,0.00000
141.00125,0.84000,1.00000,0.00000,0.00000,0.00000
141.12125,0.84000,1.00000,0.00000,0.00000,0.00000
141.24126,0.84000,1.00000,0.00000,0.00000,0.00000
141.36125,0.84000,0.99999,0.00000,0.00001,0.00000
141.48125,0.84000,0.99999,0.00000,0.00001,0.00000
141.60126,0.84000,0.99999,0.00000,0.00001,0.00000
141.72125,0.84000,0.99999,0.00000,0.00001,0.00000
141.84125,0.84000,0.99999,0.00000,0.00001,0.00000
141.96124,0.84001,0.99999,0.00000,0.00001,0.00000
142.08125,0.84000,0.99999,0.00000,0.00001,0.00000
142.20125,0.84000,0.99999,0.00000,0.00001,0.00000
142.32124,0.84001,1.00000,0.00000,0.00000,0.00000
142.44125,0.84000,1.00000,0.00000,0.00000,0.00000
142.56125,0.84000,1.00000,0.00000,0.00000,0.00000
142.68124,0.84001,1.00000,0.00000,0.00000,0.00000
142.80125,0.84000,0.99999,0.00000,0.00001,0.00000
142.92125,0.84000,0.99999,0.00000,0.00001,0.00000
143.04124,0.84001,0.99999,0.00000,0.00001,0.00000
143.16125,0.84000,0.99999,0.00000,0.00001,0.00000
143.28125,0.84000,0.99999,0.00000,0.00001,0.00000
143.40125,0.84001,0.99999,0.00000,0.00001,0.00000
143.52126,0.84000,0.99999,0.00000,0.00001,0.00000
143.64125,0.84000,0.99999,0.00000,0.00001,0.00000
143.76125,0.84001,0.99998,0.00000,0.00002,0.00000
143.88126,0.84000,0.99998,0.00000,0.00002,0.00000
144.00125,0.84000,0.99997,0.00000,0.00003,0.00000
144.12125,0.84000,0.99998,0.00000,0.00002,0.00000
144.24126,0.84000,0.99998,0.00000,0.00002,0.00000
144.36125,0.84000,0.99999,0.00000,0.00001,0.00000
144.48125,0.84000,0.99999,0.00000,0.00001,0.00000
144.60126,0.84000,1.00000,0.00000,0.00000,0.00000
144.72125,0.84000,1.00000,0.00000,0.00000,0.00000
144.84125,0.84000,0.99999,0.00000,0.00001,0.00000
144.96124,0.84001,0.99999,0.00000,0.00001,0.00000
145.08125,0.84000,0.99999,0.00000,0.00001,0.00000
145.20125,0.84000,0.99999,0.00000,0.00001,0.00000
145.32124,0.84001,0.99999,0.00000,0.00001,0.00000
145.44125,0.84000,0.99999,0.00000,0.00001,0.00000
145.56125,0.84000,0.99999,0.00000,0.00000,0.00000
145.68124,0.84001,1.00000,0.00000,0.00000,0.00000
145.80125,0.84000,1.00000,0.00000,0.00000,0.00000
145.92125,0.84000,1.00000,0.00000,0.00000,0.00000
146.04124,0.84001,1.00000,0.00000,0.00000,0.00000
146.16125,0.84000,1.00000,0.00000,0.00000,0.00000
146.28125,0.84000,1.00000,0.00000,0.00000,0.00000
146.40125,0.84001,0.99999,0.00000,0.00001,0.00000
146.52126,0.84000,0.99999,0.00000,0.00001,0.00000
146.64125,0.84000,0.99999,0.00000,0.00001,0.00000
146.76125,0.84001,0.99998,0.00000,0.00002,0.00000
146.88126,0.84000,0.99998,0.00000,0.00002,0.00000
147.00125,0.84000,0.99998,0.00000,0.00002,0.00000
147.12125,0.84000,0.99999,0.00000,0.00001,0.00000
147.24126,0.84000,0.99999,0.00000,0.00001,0.00000
147.36125,0.84000,1.00000,0.00000,0.00000,0.00000
147.48125,0.84000,1.00000,0.00000,0.00000,0.00000
147.60126,0.84000,0.99999,0.00000,0.00001,0.00000
147.72125,0.84000,0.99999,0.00000,0.00001,0.00000
147.84125,0.84000,0.99999,0.00000,0.00001,0.00000
147.96124,0.84001,0.99999,0.00000,0.00001,0.00000
148.08125,0.84000,0.99999,0.00000,0.00001,0.00000
148.20125,0.84000,0.99997,0.00000,0.00003,0.00000
148.32124,0.84001,0.99999,0.00000,0.00001,0.00000
148.44125,0.84000,0.99999,0.00000,0.00001,0.00000
148.56125,0.84000,1.00000,0.00000,0.00000,0.00000
148.68124,0.84001,1.00000,0.00000,0.00000,0.00000
148.80125,0.84000,1.00000,0.00000,0.00000,0.00000
148.92125,0.84000,1.00000,0.00000,0.00000,0.00000
149.04124,0.84001,0.99999,0.00000,0.00001,0.00000
149.16125,0.84000,0.99999,0.00000,0.00001,0.00000
149.28125,0.84000,0.99998,0.00000,0.00002,0.00000
149.40125,0.84001,0.99997,0.00000,0.00003,0.00000
149.52126,0.84000,0.99998,0.00000,0.00002,0.00000
149.64125,0.84000,0.99997,0.00000,0.00003,0.00000
149.76125,0.84001,0.99996,0.00000,0.00004,0.00000
149.88126,0.84000,0.99998,0.00000,0.00002,0.00000
150.00125,0.84000,0.99998,0.00000,0.00002,0.00000
150.12125,0.84000,0.99999,0.00000,0.00001,0.00000
150.24126,0.84000,0.99999,0.00000,0.00001,0.00000
150.36125,0.84000,0.99999,0.00000,0.00001,0.00000
150.48125,0.84000,0.99999,0.00000,0.00001,0.00000
150.60126,0.84000,0.99999,0.00000,0.00001,0.00000
150.72125,0.84000,0.99999,0.00000,0.00001,0.00000
150.84125,0.84000,0.99999,0.00000,0.00001,0.00000
150.96124,0.84001,0.99999,0.00000,0.00001,0.00000
151.08125,0.84000,0.99999,0.00000,0.00001,0.00000
151.20125,0.84000,1.00000,0.00000,0.00000,0.00000
151.32124,0.84001,1.00000,0.00000,0.00000,0.00000
151.44125,0.84000,1.00000,0.00000,0.00000,0.00000
151.56125,0.84000,1.00000,0.00000,0.00000,0.00000
151.68124,0.84001,1.00000,0.00000,0.00000,0.00000
151.80125,0.84000,1.00000,0.00000,0.00000,0.00000
151.92125,0.84000,1.00000,0.00000,0.00000,0.00000
152.04124,0.84001,1.00000,0.00000,0.00000,0.00000
152.16125,0.84000,1.00000,0.00000,0.00000,0.00000
152.28125,0.84000,1.00000,0.00000,0.00000,0.00000
152.40125,0.84001,1.00000,0.00000,0.00000,0.00000
152.52126,0.84000,1.00000,0.00000,0.00000,0.00000
152.64125,0.84000,1.00000,0.00000,0.00000,0.00000
152.76125,0.84001,1.00000,0.00000,0.00000,0.00000
152.88126,0.84000,1.00000,0.00000,0.00000,0.00000
153.00125,0.84000,1.00000,0.00000,0.00000,0.00000
153.12125,0.84000,1.00000,0.00000,0.00000,0.00000
153.24126,0.84000,1.00000,0.00000,0.00000,0.00000
153.36125,0.84000,1.00000,0.00000,0.00000,0.00000
153.48125,0.84000,1.00000,0.00000,0.00000,0.00000
153.60126,0.84000,1.00000,0.00000,0.00000,0.00000
153.72125,0.84000,1.00000,0.00000,0.00000,0.00000
153.84125,0.84000,1.00000,0.00000,0.00000,0.00000
153.96124,0.84001,1.00000,0.00000,0.00000,0.00000
154.08125,0.84000,1.00000,0.00000,0.00000,0.00000
154.20125,0.84000,1.00000,0.00000,0.00000,0.00000
154.32124,0.84001,1.00000,0.00000,0.00000,0.00000
154.44125,0.84000,1.00000,0.00000,0.00000,0.00000
154.56125,0.84000,1.00000,0.00000,0.00000,0.00000
154.68124,0.84001,1.00000,0.00000,0.00000,0.00000
154.80125,0.84000,1.00000,0.00000,0.00000,0.00000
154.92125,0.84000,1.00000,0.00000,0.00000,0.00000
155.04124,0.84001,1.00000,0.00000,0.00000,0.00000
155.16125,0.84000,1.00000,0.00000,0.00000,0.00000
155.28125,0.84000,1.00000,0.00000,0.00000,0.00000
155.40125,0.84001,1.00000,0.00000,0.00000,0.00000
155.52126,0.84000,1.00000,0.00000,0.00000,0.00000
155.64125,0.84000,1.00000,0.00000,0.00000,0.00000
155.76125,0.84001,1.00000,0.00000,0.00000,0.00000
155.88126,0.84000,1.00000,0.00000,0.00000,0.00000
156.00125,0.84000,1.00000,0.00000,0.00000,0.00000
156.12125,0.84000,1.00000,0.00000,0.00000,0.00000
156.24126,0.84000,1.00000,0.00000,0.00000,0.00000
156.36125,0.84000,1.00000,0.00000,0.00000,0.00000
156.48125,0.84000,1.00000,0.00000,0.00000,0.00000
156.60126,0.84000,1.00000,0.00000,0.00000,0.00000
156.72125,0.84000,1.00000,0.00000,0.00000,0.00000
156.84125,0.84000,1.00000,0.00000,0.00000,0.00000
156.96124,0.84001,1.00000,0.00000,0.00000,0.00000
157.08125,0.84000,1.00000,0.00000,0.00000,0.00000
157.20125,0.84000,1.00000,0.00000,0.00000,0.00000
157.32124,0.84001,1.00000,0.00000,0.00000,0.00000
157.44125,0.84000,1.00000,0.00000,0.00000,0.00000
157.56125,0.84000,1.00000,0.00000,0.00000,0.00000
157.68124,0.84001,1.00000,0.00000,0.00000,0.00000
157.80125,0.84000,1.00000,0.00000,0.00000,0.00000
157.92125,0.84000,1.00000,0.00000,0.00000,0.00000
158.04124,0.84001,1.00000,0.00000,0.00000,0.00000
158.16125,0.84000,1.00000,0.00000,0.00000,0.00000
158.28125,0.84000,1.00000,0.00000,0.00000,0.00000
158.40125,0.84001,1.00000,0.00000,0.00000,0.00000
158.52126,0.84000,1.00000,0.00000,0.00000,0.00000
158.64125,0.84000,1.00000,0.00000,0.00000,0.00000
158.76125,0.84001,1.00000,0.00000,0.00000,0.00000
158.88126,0.84000,1.00000,0.00000,0.00000,0.00000
159.00125,0.84000,1.00000,0.00000,0.00000,0.00000
159.12125,0.84000,1.00000,0.00000,0.00000,0.00000
159.24126,0.84000,1.00000,0.00000,0.00000,0.00000
159.36125,0.84000,1.00000,0.00000,0.00000,0.00000
159.48125,0.84000,1.00000,0.00000,0.00000,0.00000
159.60126,0.84000,1.00000,0.00000,0.00000,0.00000
159.72125,0.84000,1.00000,0.00000,0.00000,0.00000
159.84125,0.84000,1.00000,0.00000,0.00000,0.00000
159.96124,0.84001,1.00000,0.00000,0.00000,0.00000
160.08125,0.84000,1.00000,0.00000,0.00000,0.00000
160.20125,0.84000,0.99999,0.00000,0.00001,0.00000
160.32124,0.84001,0.99998,0.00000,0.00002,0.00000
160.44125,0.84000,0.99996,0.00000,0.00004,0.00000
160.56125,0.84000,0.99993,0.00000,0.00007,0.00000
160.68124,0.84001,0.99997,0.00000,0.00002,0.00000
160.80125,0.84000,0.99990,0.00003,0.00003,0.00003
160.92125,0.84000,0.99944,0.00024,0.00011,0.00022
161.04124,0.84001,0.99977,0.00006,0.00003,0.00014
161.16125,0.84000,0.99986,0.00006,0.00002,0.00006
161.28125,0.84000,0.99982,0.00014,0.00002,0.00002
161.40125,0.84001,0.99952,0.00039,0.00007,0.00002
161.52126,0.84000,0.99944,0.00008,0.00048,0.00000
161.64125,0.84000,0.99983,0.00001,0.00016,0.00000
161.76125,0.84001,0.99974,0.00000,0.00026,0.00000
161.88126,0.84000,0.99983,0.00000,0.00017,0.00000
162.00125,0.84000,0.99972,0.00000,0.00028,0.00000
162.12125,0.84000,0.99987,0.00000,0.00013,0.00000
162.24126,0.84000,0.99993,0.00000,0.00007,0.00000
162.36125,0.84000,0.99998,0.00000,0.00002,0.00000
162.48125,0.84000,0.99999,0.00000,0.00000,0.00000
162.60126,0.84000,1.00000,0.00000,0.00000,0.00000
162.72125,0.84000,1.00000,0.00000,0.00000,0.00000
162.84125,0.84000,1.00000,0.00000,0.00000,0.00000
162.96124,0.84001,1.00000,0.00000,0.00000,0.00000
163.08125,0.84000,0.99999,0.00000,0.00001,0.00000
163.20125,0.84000,0.99991,0.00000,0.00009,0.00000
163.32124,0.84001,0.99921,0.00000,0.00079,0.00001
163.44125,0.84000,0.99720,0.00001,0.00277,0.00002
163.56125,0.84000,0.99897,0.00009,0.00081,0.00013
163.68124,0.84001,0.99863,0.00019,0.00048,0.00070
163.80125,0.84000,0.99963,0.00004,0.00007,0.00025
163.92125,0.84000,0.99974,0.00001,0.00006,0.00019
164.04124,0.84001,0.99987,0.00000,0.00001,0.00011
164.16125,0.84000,0.99997,0.00000,0.00000,0.00003
164.28125,0.84000,0.99998,0.00000,0.00001,0.00001
164.40125,0.84001,0.99998,0.00000,0.00002,0.00000
164.52126,0.84000,0.99999,0.00000,0.00001,0.00000
164.64125,0.84000,0.99999,0.00000,0.00001,0.00000
164.76125,0.84001,0.99999,0.00000,0.00001,0.00000
164.88126,0.84000,0.99999,0.00000,0.00001,0.00000
165.00125,0.84000,0.99998,0.00000,0.00002,0.00000
165.12125,0.84000,0.99998,0.00000,0.00002,0.00000
165.24126,0.84000,0.99999,0.00000,0.00001,0.00000
165.36125,0.84000,0.99999,0.00000,0.00001,0.00000
165.48125,0.84000,0.99999,0.00000,0.00001,0.00000
165.60126,0.84000,0.99999,0.00000,0.00000,0.00000
165.72125,0.84000,1.00000,0.00000,0.00000,0.00000
165.84125,0.84000,1.00000,0.00000,0.00000,0.00000
165.96124,0.84001,1.00000,0.00000,0.00000,0.00000
166.08125,0.84000,1.00000,0.00000,0.00000,0.00000
166.20125,0.84000,1.00000,0.00000,0.00000,0.00000
166.32124,0.84001,1.00000,0.00000,0.00000,0.00000
166.44125,0.84000,1.00000,0.00000,0.00000,0.00000
