Time (seconds), Duration (seconds),pred_(unlabeled),pred_Jab_R,pred_Sidehook_R,pred_Uppercut_R
0.00125,0.49750,0.99889,0.00009,0.00008,0.00094
0.10125,0.49750,0.99897,0.00004,0.00007,0.00092
0.20125,0.49750,0.99953,0.00005,0.00008,0.00034
0.30125,0.49750,0.99952,0.00022,0.00018,0.00007
0.40125,0.49750,0.99895,0.00061,0.00040,0.00003
0.50125,0.49750,0.99505,0.00388,0.00106,0.00002
0.60125,0.49750,0.97854,0.01956,0.00189,0.00001
0.70125,0.49750,0.98148,0.01686,0.00160,0.00006
0.80125,0.49750,0.99145,0.00692,0.00128,0.00036
0.90125,0.49750,0.99471,0.00213,0.00108,0.00207
1.00125,0.49750,0.99269,0.00091,0.00062,0.00578
1.10125,0.49750,0.99308,0.00212,0.00124,0.00355
1.20125,0.49750,0.98041,0.01197,0.00535,0.00228
1.30125,0.49750,0.93912,0.04867,0.01164,0.00056
1.40125,0.49750,0.87057,0.11840,0.01097,0.00006
1.50125,0.49750,0.85357,0.13509,0.01131,0.00002
1.60125,0.49750,0.94214,0.05259,0.00524,0.00003
1.70125,0.49750,0.99337,0.00578,0.00084,0.00001
1.80125,0.49750,0.99958,0.00026,0.00015,0.00002
1.90125,0.49750,0.99965,0.00018,0.00015,0.00002
2.00125,0.49750,0.99892,0.00064,0.00043,0.00001
2.10125,0.49750,0.99691,0.00148,0.00156,0.00005
2.20125,0.49750,0.99153,0.00259,0.00557,0.00031
2.30125,0.49750,0.95853,0.01194,0.02782,0.00170
2.40125,0.49750,0.89979,0.01275,0.06464,0.02283
2.50125,0.49750,0.86932,0.01151,0.00685,0.11232
2.60125,0.49750,0.88116,0.02011,0.00442,0.09431
2.70125,0.49750,0.85929,0.12134,0.00627,0.01310
2.80125,0.49750,0.38147,0.61456,0.00127,0.00269
2.90125,0.49750,0.40970,0.58890,0.00078,0.00062
3.00125,0.49750,0.64414,0.35107,0.00456,0.00023
3.10125,0.49750,0.92927,0.06867,0.00196,0.00010
3.20125,0.49750,0.99284,0.00660,0.00044,0.00012
3.30125,0.49750,0.99852,0.00102,0.00043,0.00003
3.40125,0.49750,0.99815,0.00134,0.00049,0.00002
3.50125,0.49750,0.99892,0.00063,0.00044,0.00001
3.60125,0.49750,0.99866,0.00078,0.00055,0.00001
3.70125,0.49750,0.99667,0.00235,0.00097,0.00001
3.80125,0.49750,0.99738,0.00175,0.00086,0.00001
3.90125,0.49750,0.99875,0.00076,0.00048,0.00001
4.00125,0.49750,0.99834,0.00124,0.00037,0.00005
4.10125,0.49750,0.99631,0.00292,0.00051,0.00025
4.20125,0.49750,0.99736,0.00133,0.00030,0.00101
4.30125,0.49750,0.99669,0.00084,0.00022,0.00226
4.40125,0.49750,0.99703,0.00029,0.00014,0.00254
4.50125,0.49750,0.99880,0.00006,0.00007,0.00106
4.60125,0.49750,0.99968,0.00002,0.00005,0.00025
4.70125,0.49750,0.99985,0.00001,0.00006,0.00008
4.80125,0.49750,0.99986,0.00002,0.00009,0.00003
4.90125,0.49750,0.99957,0.00011,0.00030,0.00001
5.00125,0.49750,0.99882,0.00051,0.00066,0.00001
5.10125,0.49750,0.99902,0.00045,0.00052,0.00001
5.20125,0.49750,0.99930,0.00035,0.00031,0.00003
5.30125,0.49750,0.99939,0.00031,0.00021,0.00009
5.40125,0.49750,0.99959,0.00011,0.00010,0.00020
5.50125,0.49750,0.99955,0.00006,0.00006,0.00033
5.60125,0.49750,0.99852,0.00027,0.00012,0.00108
5.70125,0.49750,0.99836,0.00028,0.00013,0.00123
5.80125,0.49750,0.99911,0.00008,0.00008,0.00072
5.90125,0.49750,0.99921,0.00003,0.00007,0.00070
6.00125,0.49750,0.99939,0.00001,0.00006,0.00054
6.10125,0.49750,0.99974,0.00000,0.00004,0.00021
6.20125,0.49750,0.99957,0.00003,0.00018,0.00021
6.30125,0.49750,0.99604,0.00108,0.00249,0.00038
6.40125,0.49750,0.95811,0.03581,0.00514,0.00094
6.50125,0.49750,0.77809,0.21086,0.00939,0.00165
6.60125,0.49750,0.60079,0.38623,0.01199,0.00099
6.70125,0.49750,0.74808,0.24388,0.00747,0.00057
6.80125,0.49750,0.92491,0.07256,0.00179,0.00074
6.90125,0.49750,0.99467,0.00419,0.00095,0.00018
7.00125,0.49750,0.99900,0.00054,0.00037,0.00008
7.10125,0.49750,0.99955,0.00019,0.00019,0.00007
7.20125,0.49750,0.99978,0.00003,0.00012,0.00007
7.30125,0.49750,0.99990,0.00000,0.00006,0.00004
7.40125,0.49750,0.99989,0.00000,0.00005,0.00005
7.50125,0.49750,0.99953,0.00001,0.00021,0.00025
7.60125,0.49750,0.99916,0.00003,0.00039,0.00043
7.70125,0.49750,0.99897,0.00011,0.00067,0.00026
7.80125,0.49750,0.99880,0.00017,0.00071,0.00032
7.90125,0.49750,0.99906,0.00009,0.00060,0.00025
8.00125,0.49750,0.99977,0.00003,0.00015,0.00005
8.10125,0.49750,0.99983,0.00001,0.00007,0.00009
8.20125,0.49750,0.99973,0.00001,0.00005,0.00021
8.30125,0.49750,0.99967,0.00001,0.00006,0.00026
8.40125,0.49750,0.99959,0.00002,0.00009,0.00031
8.50125,0.49750,0.99966,0.00001,0.00007,0.00027
8.60125,0.49750,0.99964,0.00001,0.00006,0.00029
8.70125,0.49750,0.99829,0.00001,0.00033,0.00137
8.80125,0.49750,0.99452,0.00021,0.00049,0.00478
8.90125,0.49750,0.99459,0.00121,0.00120,0.00299
9.00125,0.49750,0.99098,0.00459,0.00236,0.00208
9.10125,0.49750,0.99556,0.00212,0.00180,0.00051
9.20125,0.49750,0.99877,0.00065,0.00052,0.00006
9.30125,0.49750,0.99939,0.00008,0.00053,0.00001
9.40125,0.49750,0.99940,0.00004,0.00055,0.00000
9.50125,0.49750,0.99968,0.00001,0.00031,0.00000
9.60125,0.49750,0.99979,0.00000,0.00020,0.00001
9.70125,0.49750,0.99980,0.00001,0.00018,0.00001
9.80125,0.49750,0.99978,0.00001,0.00012,0.00009
9.90125,0.49750,0.99816,0.00005,0.00078,0.00102
10.00125,0.49750,0.98927,0.00142,0.00132,0.00800
10.10125,0.49750,0.95146,0.02401,0.00681,0.01772
10.20125,0.49750,0.94981,0.03579,0.01071,0.00368
10.30125,0.49750,0.97710,0.01450,0.00674,0.00166
10.40125,0.49750,0.99298,0.00508,0.00180,0.00015
10.50125,0.49750,0.99891,0.00018,0.00090,0.00001
10.60125,0.49750,0.99944,0.00007,0.00048,0.00001
10.70125,0.49750,0.99960,0.00005,0.00034,0.00001
10.80125,0.49750,0.99956,0.00010,0.00033,0.00002
10.90125,0.49750,0.99950,0.00017,0.00026,0.00007
11.00125,0.49750,0.99797,0.00140,0.00051,0.00012
11.10125,0.49750,0.99705,0.00233,0.00054,0.00008
11.20125,0.49750,0.98818,0.01045,0.00133,0.00004
11.30125,0.49750,0.96334,0.03352,0.00313,0.00002
11.40125,0.49750,0.96978,0.02759,0.00261,0.00002
11.50125,0.49750,0.96827,0.02872,0.00289,0.00012
11.60125,0.49750,0.97258,0.02028,0.00553,0.00161
11.70125,0.49750,0.98502,0.00440,0.00267,0.00791
11.80125,0.49750,0.94473,0.00151,0.00144,0.05232
11.90125,0.49750,0.85813,0.00293,0.00271,0.13623
12.00125,0.49750,0.94846,0.00107,0.00113,0.04933
12.10125,0.49750,0.99223,0.00303,0.00100,0.00374
12.20125,0.49750,0.97976,0.01723,0.00244,0.00057
12.30125,0.49750,0.95949,0.03694,0.00346,0.00011
12.40125,0.49750,0.94353,0.05182,0.00463,0.00003
12.50125,0.49750,0.93886,0.05631,0.00479,0.00003
12.60125,0.49750,0.95662,0.03887,0.00420,0.00031
12.70125,0.49750,0.96632,0.02512,0.00466,0.00390
12.80125,0.49750,0.95614,0.00989,0.00543,0.02855
12.90125,0.49750,0.86003,0.01186,0.01932,0.10880
13.00125,0.49750,0.61546,0.02741,0.09191,0.26523
13.10125,0.49750,0.64703,0.01590,0.09427,0.24279
13.20125,0.49750,0.75810,0.01394,0.07238,0.15559
13.30125,0.49750,0.82057,0.02147,0.04396,0.11400
13.40125,0.49750,0.94583,0.00576,0.00490,0.04350
13.50125,0.49750,0.98844,0.00184,0.00077,0.00894
13.60125,0.49750,0.99608,0.00162,0.00039,0.00192
13.70125,0.49750,0.99776,0.00142,0.00030,0.00051
13.80125,0.49750,0.99873,0.00086,0.00022,0.00020
13.90125,0.49750,0.99870,0.00082,0.00023,0.00026
14.00125,0.49750,0.99828,0.00098,0.00026,0.00047
14.10125,0.49750,0.99826,0.00087,0.00028,0.00060
14.20125,0.49750,0.99762,0.00165,0.00043,0.00030
14.30125,0.49750,0.99096,0.00753,0.00133,0.00018
14.40125,0.49750,0.95706,0.03839,0.00448,0.00007
14.50125,0.49750,0.89883,0.09343,0.00772,0.00002
14.60125,0.49750,0.85985,0.13196,0.00817,0.00001
14.70125,0.49750,0.94017,0.05481,0.00498,0.00004
14.80125,0.49750,0.96444,0.03116,0.00415,0.00026
14.90125,0.49750,0.95724,0.03539,0.00382,0.00354
15.00125,0.49750,0.93555,0.02639,0.00304,0.03503
15.10125,0.49750,0.94080,0.01053,0.00182,0.04684
15.20125,0.49750,0.96875,0.01597,0.00197,0.01331
15.30125,0.49750,0.99583,0.00214,0.00053,0.00150
15.40125,0.49750,0.99950,0.00020,0.00018,0.00013
15.50125,0.49750,0.99971,0.00009,0.00016,0.00003
15.60125,0.49750,0.99953,0.00017,0.00027,0.00003
15.70125,0.49750,0.99894,0.00048,0.00055,0.00002
15.80125,0.49750,0.99285,0.00536,0.00177,0.00002
15.90125,0.49750,0.95679,0.03881,0.00439,0.00001
16.00125,0.49750,0.92923,0.06584,0.00492,0.00000
16.10125,0.49750,0.97349,0.02402,0.00249,0.00001
16.20125,0.49750,0.99072,0.00794,0.00133,0.00000
16.30125,0.49750,0.98828,0.00984,0.00187,0.00000
16.40125,0.49750,0.98484,0.01236,0.00279,0.00000
16.50125,0.49750,0.96488,0.02975,0.00537,0.00000
16.60125,0.49750,0.95259,0.04143,0.00598,0.00000
16.70125,0.49750,0.99300,0.00498,0.00202,0.00000
16.80125,0.49750,0.99945,0.00025,0.00029,0.00001
16.90125,0.49750,0.99988,0.00004,0.00007,0.00001
17.00125,0.49750,0.99994,0.00001,0.00003,0.00002
17.10125,0.49750,0.99990,0.00002,0.00004,0.00003
17.20125,0.49750,0.99979,0.00009,0.00007,0.00005
17.30125,0.49750,0.99967,0.00018,0.00008,0.00007
17.40125,0.49750,0.99967,0.00016,0.00007,0.00011
17.50125,0.49750,0.99969,0.00011,0.00005,0.00016
17.60125,0.49750,0.99960,0.00014,0.00006,0.00021
17.70125,0.49750,0.99954,0.00019,0.00008,0.00019
17.80125,0.49750,0.99950,0.00024,0.00009,0.00018
17.90125,0.49750,0.99950,0.00028,0.00010,0.00012
18.00125,0.49750,0.99954,0.00029,0.00009,0.00008
18.10125,0.49750,0.99976,0.00014,0.00005,0.00005
18.20125,0.49750,0.99978,0.00013,0.00005,0.00004
18.30125,0.49750,0.99980,0.00012,0.00005,0.00003
18.40125,0.49750,0.99975,0.00016,0.00006,0.00003
18.50125,0.49750,0.99960,0.00028,0.00009,0.00002
18.60125,0.49750,0.99924,0.00059,0.00016,0.00002
18.70125,0.49750,0.99853,0.00118,0.00027,0.00002
18.80125,0.49750,0.99588,0.00296,0.00107,0.00008
18.90125,0.49750,0.99213,0.00499,0.00236,0.00052
19.00125,0.49750,0.96465,0.02525,0.00662,0.00347
19.10125,0.49750,0.94529,0.04026,0.00914,0.00530
19.20125,0.49750,0.97311,0.01501,0.00621,0.00567
19.30125,0.49750,0.98698,0.00935,0.00206,0.00162
19.40125,0.49750,0.99456,0.00414,0.00080,0.00050
19.50125,0.49750,0.99935,0.00030,0.00021,0.00014
19.60125,0.49750,0.99950,0.00018,0.00016,0.00016
19.70125,0.49750,0.99818,0.00122,0.00043,0.00017
19.80125,0.49750,0.99081,0.00727,0.00172,0.00020
19.90125,0.49750,0.95707,0.03699,0.00586,0.00009
20.00125,0.49750,0.84927,0.14073,0.00994,0.00005
20.10125,0.49750,0.72639,0.25957,0.01380,0.00024
20.20125,0.49750,0.66207,0.32406,0.01167,0.00220
20.30125,0.49750,0.91048,0.06395,0.00675,0.01882
20.40125,0.49750,0.85982,0.00968,0.00470,0.12581
20.50125,0.49750,0.56852,0.00332,0.00355,0.42461
20.60125,0.49750,0.72621,0.00244,0.00297,0.26838
20.70125,0.49750,0.91309,0.00080,0.00220,0.08391
20.80125,0.49750,0.98881,0.00173,0.00253,0.00693
20.90125,0.49750,0.98376,0.01211,0.00325,0.00088
21.00125,0.49750,0.95728,0.03832,0.00428,0.00012
21.10125,0.49750,0.92567,0.06749,0.00681,0.00003
21.20125,0.49750,0.92804,0.06383,0.00809,0.00004
21.30125,0.49750,0.95356,0.03240,0.01360,0.00044
21.40125,0.49750,0.97324,0.01032,0.01382,0.00262
21.50125,0.49750,0.96507,0.00508,0.01834,0.01150
21.60125,0.49750,0.96163,0.00275,0.01549,0.02013
21.70125,0.49750,0.97609,0.00222,0.00873,0.01296
21.80125,0.49750,0.97360,0.00797,0.00516,0.01327
21.90125,0.49750,0.96741,0.01842,0.00356,0.01061
22.00125,0.49750,0.98188,0.01366,0.00141,0.00306
22.10125,0.49750,0.94871,0.04772,0.00275,0.00081
22.20125,0.49750,0.75937,0.22800,0.01213,0.00049
22.30125,0.49750,0.90247,0.08211,0.01505,0.00038
22.40125,0.49750,0.93255,0.04243,0.02400,0.00102
22.50125,0.49750,0.96072,0.01938,0.01528,0.00462
22.60125,0.49750,0.97106,0.00372,0.00489,0.02033
22.70125,0.49750,0.97301,0.00050,0.00078,0.02571
22.80125,0.49750,0.98799,0.00030,0.00027,0.01145
22.90125,0.49750,0.99730,0.00031,0.00014,0.00224
23.00125,0.49750,0.99847,0.00072,0.00025,0.00056
23.10125,0.49750,0.99690,0.00244,0.00056,0.00011
23.20125,0.49750,0.98492,0.01328,0.00177,0.00003
23.30125,0.49750,0.94811,0.04764,0.00425,0.00001
23.40125,0.49750,0.94364,0.05187,0.00448,0.00002
23.50125,0.49750,0.93651,0.05830,0.00502,0.00016
23.60125,0.49750,0.96073,0.03408,0.00392,0.00127
23.70125,0.49750,0.98762,0.00722,0.00131,0.00385
23.80125,0.49750,0.98898,0.00303,0.00068,0.00731
23.90125,0.49750,0.99343,0.00373,0.00067,0.00217
24.00125,0.49750,0.99775,0.00155,0.00032,0.00038
24.10125,0.49750,0.99895,0.00070,0.00019,0.00015
24.20125,0.49750,0.99879,0.00085,0.00024,0.00012
24.30125,0.49750,0.99879,0.00085,0.00025,0.00011
24.40125,0.49750,0.99910,0.00056,0.00019,0.00016
24.50125,0.49750,0.99901,0.00067,0.00019,0.00013
24.60125,0.49750,0.99845,0.00124,0.00022,0.00009
24.70125,0.49750,0.99848,0.00123,0.00021,0.00008
24.80125,0.49750,0.99876,0.00097,0.00018,0.00009
24.90125,0.49750,0.99896,0.00078,0.00016,0.00010
25.00125,0.49750,0.99900,0.00069,0.00015,0.00016
25.10125,0.49750,0.99879,0.00068,0.00016,0.00037
25.20125,0.49750,0.99870,0.00085,0.00018,0.00027
25.30125,0.49750,0.99850,0.00110,0.00021,0.00019
25.40125,0.49750,0.99773,0.00185,0.00030,0.00012
25.50125,0.49750,0.99547,0.00402,0.00047,0.00004
25.60125,0.49750,0.99428,0.00517,0.00053,0.00002
25.70125,0.49750,0.99589,0.00361,0.00045,0.00004
25.80125,0.49750,0.99615,0.00324,0.00047,0.00013
25.90125,0.49750,0.99739,0.00208,0.00033,0.00020
26.00125,0.49750,0.99844,0.00105,0.00020,0.00030
26.10125,0.49750,0.99908,0.00039,0.00013,0.00040
26.20125,0.49750,0.99964,0.00009,0.00007,0.00020
26.30125,0.49750,0.99984,0.00003,0.00005,0.00008
26.40125,0.49750,0.99985,0.00001,0.00005,0.00009
26.50125,0.49750,0.99986,0.00002,0.00007,0.00006
26.60125,0.49750,0.99973,0.00007,0.00015,0.00004
26.70125,0.49750,0.99761,0.00143,0.00092,0.00004
26.80125,0.49750,0.98666,0.01096,0.00236,0.00002
26.90125,0.49750,0.97717,0.01949,0.00334,0.00001
27.00125,0.49750,0.98134,0.01522,0.00343,0.00000
27.10125,0.49750,0.98608,0.01125,0.00267,0.00000
27.20125,0.49750,0.99626,0.00282,0.00092,0.00000
27.30125,0.49750,0.99943,0.00029,0.00027,0.00000
27.40125,0.49750,0.99970,0.00016,0.00013,0.00001
27.50125,0.49750,0.99972,0.00017,0.00009,0.00002
27.60125,0.49750,0.99985,0.00007,0.00005,0.00003
27.70125,0.49750,0.99987,0.00006,0.00004,0.00003
27.80125,0.49750,0.99973,0.00018,0.00007,0.00003
27.90125,0.49750,0.99960,0.00029,0.00008,0.00002
28.00125,0.49750,0.99936,0.00051,0.00012,0.00001
28.10125,0.49750,0.99869,0.00111,0.00018,0.00001
28.20125,0.49750,0.99836,0.00141,0.00022,0.00001
28.30125,0.49750,0.99813,0.00162,0.00024,0.00001
28.40125,0.49750,0.99846,0.00129,0.00023,0.00001
28.50125,0.49750,0.99882,0.00088,0.00027,0.00003
28.60125,0.49750,0.99853,0.00067,0.00061,0.00019
28.70125,0.49750,0.99394,0.00094,0.00353,0.00159
28.80125,0.49750,0.97394,0.00102,0.01397,0.01107
28.90125,0.49750,0.97466,0.00077,0.01167,0.01290
29.00125,0.49750,0.98723,0.00052,0.00633,0.00593
29.10125,0.49750,0.99536,0.00077,0.00289,0.00098
29.20125,0.49750,0.99876,0.00059,0.00053,0.00012
29.30125,0.49750,0.99904,0.00073,0.00020,0.00003
29.40125,0.49750,0.99850,0.00119,0.00028,0.00002
29.50125,0.49750,0.99808,0.00160,0.00030,0.00002
29.60125,0.49750,0.99867,0.00108,0.00023,0.00002
29.70125,0.49750,0.99883,0.00094,0.00021,0.00002
29.80125,0.49750,0.99934,0.00051,0.00013,0.00002
29.90125,0.49750,0.99958,0.00032,0.00009,0.00002
30.00125,0.49750,0.99962,0.00028,0.00008,0.00002
30.10125,0.49750,0.99969,0.00022,0.00007,0.00002
30.20125,0.49750,0.99974,0.00017,0.00006,0.00003
30.30125,0.49750,0.99974,0.00016,0.00006,0.00003
30.40125,0.49750,0.99973,0.00017,0.00007,0.00004
30.50125,0.49750,0.99973,0.00016,0.00007,0.00004
30.60125,0.49750,0.99974,0.00016,0.00006,0.00003
30.70125,0.49750,0.99972,0.00018,0.00007,0.00003
30.80125,0.49750,0.99975,0.00016,0.00006,0.00003
30.90125,0.49750,0.99976,0.00016,0.00006,0.00002
31.00125,0.49750,0.99975,0.00016,0.00006,0.00002
31.10125,0.49750,0.99973,0.00018,0.00006,0.00003
31.20125,0.49750,0.99964,0.00024,0.00008,0.00003
31.30125,0.49750,0.99953,0.00032,0.00011,0.00004
31.40125,0.49750,0.99941,0.00041,0.00014,0.00004
31.50125,0.49750,0.99938,0.00044,0.00014,0.00004
31.60125,0.49750,0.99943,0.00041,0.00012,0.00003
31.70125,0.49750,0.99955,0.00033,0.00010,0.00003
31.80125,0.49750,0.99961,0.00029,0.00008,0.00002
31.90125,0.49750,0.99963,0.00028,0.00008,0.00002
32.00125,0.49750,0.99964,0.00027,0.00008,0.00002
32.10125,0.49750,0.99965,0.00026,0.00008,0.00001
32.20125,0.49750,0.99964,0.00027,0.00008,0.00001
32.30125,0.49750,0.99966,0.00025,0.00007,0.00001
32.40125,0.49750,0.99966,0.00025,0.00007,0.00002
32.50125,0.49750,0.99969,0.00022,0.00007,0.00002
32.60125,0.49750,0.99970,0.00021,0.00007,0.00002
32.70125,0.49750,0.99970,0.00022,0.00007,0.00002
32.80125,0.49750,0.99969,0.00022,0.00007,0.00002
32.90125,0.49750,0.99968,0.00024,0.00007,0.00002
33.00125,0.49750,0.99961,0.00029,0.00008,0.00001
33.10125,0.49750,0.99960,0.00031,0.00008,0.00001
33.20125,0.49750,0.99955,0.00035,0.00009,0.00001
33.30125,0.49750,0.99954,0.00035,0.00009,0.00001
33.40125,0.49750,0.99957,0.00033,0.00009,0.00002
33.50125,0.49750,0.99956,0.00034,0.00009,0.00002
33.60125,0.49750,0.99955,0.00035,0.00009,0.00002
33.70125,0.49750,0.99955,0.00035,0.00009,0.00002
33.80125,0.49750,0.99948,0.00040,0.00010,0.00002
33.90125,0.49750,0.99950,0.00038,0.00010,0.00002
34.00125,0.49750,0.99953,0.00036,0.00009,0.00002
34.10125,0.49750,0.99945,0.00043,0.00011,0.00002
34.20125,0.49750,0.99946,0.00042,0.00010,0.00002
34.30125,0.49750,0.99947,0.00041,0.00010,0.00001
34.40125,0.49750,0.99913,0.00071,0.00014,0.00001
34.50125,0.49750,0.99774,0.00197,0.00029,0.00001
34.60125,0.49750,0.99756,0.00212,0.00031,0.00001
34.70125,0.49750,0.99806,0.00166,0.00027,0.00001
34.80125,0.49750,0.99846,0.00129,0.00024,0.00001
34.90125,0.49750,0.99896,0.00085,0.00018,0.00001
35.00125,0.49750,0.99931,0.00055,0.00013,0.00001
35.10125,0.49750,0.99906,0.00077,0.00016,0.00001
35.20125,0.49750,0.99873,0.00107,0.00019,0.00001
35.30125,0.49750,0.99843,0.00134,0.00022,0.00001
35.40125,0.49750,0.99871,0.00109,0.00019,0.00001
35.50125,0.49750,0.99937,0.00049,0.00011,0.00002
35.60125,0.49750,0.99958,0.00027,0.00010,0.00004
35.70125,0.49750,0.99960,0.00025,0.00009,0.00005
35.80125,0.49750,0.99957,0.00026,0.00010,0.00007
35.90125,0.49750,0.99936,0.00041,0.00015,0.00008
36.00125,0.49750,0.99898,0.00073,0.00022,0.00007
36.10125,0.49750,0.99851,0.00115,0.00028,0.00006
36.20125,0.49750,0.99885,0.00074,0.00028,0.00013
36.30125,0.49750,0.99883,0.00053,0.00036,0.00029
36.40125,0.49750,0.99860,0.00037,0.00040,0.00062
36.50125,0.49750,0.99817,0.00028,0.00044,0.00110
36.60125,0.49750,0.99786,0.00023,0.00045,0.00146
36.70125,0.49750,0.99801,0.00037,0.00059,0.00102
36.80125,0.49750,0.99857,0.00039,0.00046,0.00057
36.90125,0.49750,0.99896,0.00034,0.00033,0.00037
37.00125,0.49750,0.99911,0.00031,0.00029,0.00029
37.10125,0.49750,0.99922,0.00030,0.00026,0.00023
37.20125,0.49750,0.99929,0.00027,0.00023,0.00020
37.30125,0.49750,0.99930,0.00028,0.00023,0.00019
37.40125,0.49750,0.99929,0.00030,0.00023,0.00018
37.50125,0.49750,0.99940,0.00026,0.00019,0.00015
37.60125,0.49750,0.99944,0.00025,0.00018,0.00014
37.70125,0.49750,0.99934,0.00032,0.00021,0.00012
37.80125,0.49750,0.99925,0.00038,0.00024,0.00013
37.90125,0.49750,0.99929,0.00035,0.00023,0.00012
38.00125,0.49750,0.99922,0.00042,0.00025,0.00011
38.10125,0.49750,0.99913,0.00048,0.00028,0.00010
38.20125,0.49750,0.99913,0.00047,0.00029,0.00012
38.30125,0.49750,0.99920,0.00040,0.00027,0.00013
38.40125,0.49750,0.99917,0.00039,0.00029,0.00015
38.50125,0.49750,0.99923,0.00031,0.00026,0.00019
38.60125,0.49750,0.99934,0.00022,0.00021,0.00023
38.70125,0.49750,0.99947,0.00016,0.00016,0.00021
38.80125,0.49750,0.99952,0.00015,0.00014,0.00018
38.90125,0.49750,0.99957,0.00014,0.00013,0.00016
39.00125,0.49750,0.99958,0.00016,0.00013,0.00013
39.10125,0.49750,0.99958,0.00017,0.00014,0.00011
39.20125,0.49750,0.99957,0.00019,0.00014,0.00010
39.30125,0.49750,0.99958,0.00019,0.00014,0.00009
39.40125,0.49750,0.99960,0.00018,0.00013,0.00009
39.50125,0.49750,0.99961,0.00018,0.00013,0.00009
39.60125,0.49750,0.99958,0.00018,0.00014,0.00009
39.70125,0.49750,0.99954,0.00019,0.00015,0.00011
39.80125,0.49750,0.99950,0.00021,0.00017,0.00012
39.90125,0.49750,0.99946,0.00023,0.00019,0.00013
40.00125,0.49750,0.99945,0.00022,0.00019,0.00014
40.10125,0.49750,0.99947,0.00023,0.00019,0.00012
40.20125,0.49750,0.99940,0.00030,0.00021,0.00009
40.30125,0.49750,0.99935,0.00034,0.00023,0.00008
40.40125,0.49750,0.99926,0.00038,0.00026,0.00010
40.50125,0.49750,0.99910,0.00046,0.00033,0.00011
40.60125,0.49750,0.99889,0.00057,0.00041,0.00012
40.70125,0.49750,0.99911,0.00045,0.00033,0.00011
40.80125,0.49750,0.99953,0.00021,0.00019,0.00007
40.90125,0.49750,0.99978,0.00008,0.00010,0.00004
41.00125,0.49750,0.99984,0.00007,0.00007,0.00002
41.10125,0.49750,0.99974,0.00014,0.00010,0.00001
41.20125,0.49750,0.99971,0.00016,0.00011,0.00002
41.30125,0.49750,0.99961,0.00025,0.00012,0.00002
41.40125,0.49750,0.99927,0.00054,0.00016,0.00003
41.50125,0.49750,0.99925,0.00054,0.00016,0.00005
41.60125,0.49750,0.99952,0.00030,0.00012,0.00006
41.70125,0.49750,0.99922,0.00051,0.00020,0.00007
41.80125,0.49750,0.99854,0.00100,0.00038,0.00008
41.90125,0.49750,0.99813,0.00125,0.00051,0.00010
42.00125,0.49750,0.99841,0.00103,0.00044,0.00011
42.10125,0.49750,0.99876,0.00080,0.00034,0.00010
42.20125,0.49750,0.99914,0.00052,0.00024,0.00010
42.30125,0.49750,0.99937,0.00037,0.00017,0.00009
42.40125,0.49750,0.99942,0.00037,0.00014,0.00007
42.50125,0.49750,0.99942,0.00038,0.00014,0.00006
42.60125,0.49750,0.99948,0.00030,0.00014,0.00008
42.70125,0.49750,0.99944,0.00028,0.00017,0.00011
42.80125,0.49750,0.99954,0.00020,0.00015,0.00012
42.90125,0.49750,0.99961,0.00013,0.00012,0.00014
43.00125,0.49750,0.99965,0.00008,0.00010,0.00017
43.10125,0.49750,0.99966,0.00009,0.00010,0.00015
43.20125,0.49750,0.99965,0.00012,0.00011,0.00012
43.30125,0.49750,0.99951,0.00020,0.00016,0.00013
43.40125,0.49750,0.99928,0.00031,0.00026,0.00015
43.50125,0.49750,0.99916,0.00036,0.00031,0.00017
43.60125,0.49750,0.99920,0.00034,0.00030,0.00016
43.70125,0.49750,0.99927,0.00028,0.00028,0.00017
43.80125,0.49750,0.99926,0.00031,0.00028,0.00016
43.90125,0.49750,0.99939,0.00025,0.00021,0.00014
44.00125,0.49750,0.99937,0.00031,0.00021,0.00011
44.10125,0.49750,0.99939,0.00030,0.00020,0.00011
44.20125,0.49750,0.99939,0.00028,0.00020,0.00012
44.30125,0.49750,0.99944,0.00024,0.00018,0.00013
44.40125,0.49750,0.99942,0.00025,0.00020,0.00013
44.50125,0.49750,0.99948,0.00019,0.00018,0.00015
44.60125,0.49750,0.99951,0.00018,0.00016,0.00015
44.70125,0.49750,0.99955,0.00016,0.00014,0.00014
44.80125,0.49750,0.99956,0.00016,0.00014,0.00015
44.90125,0.49750,0.99960,0.00014,0.00013,0.00014
45.00125,0.49750,0.99961,0.00014,0.00012,0.00013
45.10125,0.49750,0.99963,0.00013,0.00011,0.00013
45.20125,0.49750,0.99959,0.00014,0.00013,0.00014
45.30125,0.49750,0.99952,0.00019,0.00016,0.00014
45.40125,0.49750,0.99939,0.00023,0.00021,0.00017
45.50125,0.49750,0.99934,0.00026,0.00023,0.00017
45.60125,0.49750,0.99933,0.00028,0.00023,0.00016
45.70125,0.49750,0.99947,0.00019,0.00017,0.00017
45.80125,0.49750,0.99953,0.00014,0.00014,0.00020
45.90125,0.49750,0.99955,0.00011,0.00011,0.00022
46.00125,0.49750,0.99952,0.00013,0.00013,0.00023
46.10125,0.49750,0.99949,0.00015,0.00015,0.00021
46.20125,0.49750,0.99951,0.00014,0.00015,0.00021
46.30125,0.49750,0.99950,0.00017,0.00015,0.00017
46.40125,0.49750,0.99942,0.00022,0.00019,0.00017
46.50125,0.49750,0.99942,0.00019,0.00019,0.00020
46.60125,0.49750,0.99939,0.00021,0.00020,0.00020
46.70125,0.49750,0.99933,0.00026,0.00021,0.00019
46.80125,0.49750,0.99932,0.00025,0.00022,0.00022
46.90125,0.49750,0.99942,0.00020,0.00017,0.00020
47.00125,0.49750,0.99946,0.00017,0.00015,0.00022
47.10125,0.49750,0.99947,0.00015,0.00015,0.00024
47.20125,0.49750,0.99946,0.00017,0.00016,0.00022
47.30125,0.49750,0.99945,0.00016,0.00016,0.00023
47.40125,0.49750,0.99940,0.00019,0.00018,0.00022
47.50125,0.49750,0.99938,0.00022,0.00019,0.00021
47.60125,0.49750,0.99936,0.00022,0.00019,0.00023
47.70125,0.49750,0.99935,0.00022,0.00019,0.00023
47.80125,0.49750,0.99937,0.00022,0.00019,0.00022
47.90125,0.49750,0.99937,0.00021,0.00018,0.00024
48.00125,0.49750,0.99936,0.00020,0.00018,0.00026
48.10125,0.49750,0.99936,0.00021,0.00018,0.00025
48.20125,0.49750,0.99937,0.00020,0.00018,0.00025
48.30125,0.49750,0.99939,0.00019,0.00018,0.00024
48.40125,0.49750,0.99941,0.00019,0.00017,0.00023
48.50125,0.49750,0.99944,0.00019,0.00017,0.00020
48.60125,0.49750,0.99946,0.00018,0.00016,0.00019
48.70125,0.49750,0.99946,0.00018,0.00016,0.00019
48.80125,0.49750,0.99944,0.00020,0.00017,0.00019
48.90125,0.49750,0.99942,0.00020,0.00018,0.00020
49.00125,0.49750,0.99940,0.00020,0.00019,0.00021
49.10125,0.49750,0.99938,0.00024,0.00020,0.00018
49.20125,0.49750,0.99936,0.00025,0.00020,0.00019
49.30125,0.49750,0.99939,0.00021,0.00019,0.00020
49.40125,0.49750,0.99939,0.00025,0.00020,0.00017
49.50125,0.49750,0.99941,0.00024,0.00019,0.00017
49.60125,0.49750,0.99944,0.00021,0.00018,0.00018
49.70125,0.49750,0.99946,0.00021,0.00018,0.00016
49.80125,0.49750,0.99943,0.00024,0.00018,0.00015
49.90125,0.49750,0.99939,0.00025,0.00020,0.00016
50.00125,0.49750,0.99932,0.00027,0.00021,0.00019
50.10125,0.49750,0.99937,0.00023,0.00020,0.00020
50.20125,0.49750,0.99942,0.00020,0.00018,0.00020
50.30125,0.49750,0.99945,0.00020,0.00017,0.00018
50.40125,0.49750,0.99947,0.00020,0.00016,0.00016
50.50125,0.49750,0.99951,0.00019,0.00015,0.00015
50.60125,0.49750,0.99949,0.00019,0.00016,0.00016
50.70125,0.49750,0.99948,0.00019,0.00016,0.00016
50.80125,0.49750,0.99948,0.00017,0.00016,0.00019
50.90125,0.49750,0.99948,0.00019,0.00017,0.00016
51.00125,0.49750,0.99949,0.00018,0.00017,0.00016
51.10125,0.49750,0.99946,0.00022,0.00018,0.00014
51.20125,0.49750,0.99945,0.00021,0.00018,0.00016
51.30125,0.49750,0.99950,0.00019,0.00016,0.00016
51.40125,0.49750,0.99949,0.00018,0.00015,0.00017
51.50125,0.49750,0.99949,0.00017,0.00015,0.00019
51.60125,0.49750,0.99946,0.00017,0.00015,0.00022
51.70125,0.49750,0.99950,0.00017,0.00013,0.00020
51.80125,0.49750,0.99942,0.00016,0.00014,0.00028
51.90125,0.49750,0.99939,0.00020,0.00015,0.00026
52.00125,0.49750,0.99934,0.00018,0.00015,0.00033
52.10125,0.49750,0.99931,0.00017,0.00015,0.00036
52.20125,0.49750,0.99917,0.00019,0.00019,0.00046
52.30125,0.49750,0.99925,0.00017,0.00016,0.00042
52.40125,0.49750,0.99921,0.00013,0.00015,0.00050
52.50125,0.49750,0.99895,0.00038,0.00035,0.00032
52.60125,0.49750,0.99676,0.00149,0.00147,0.00028
52.70125,0.49750,0.96525,0.01212,0.02224,0.00038
52.80125,0.49750,0.64706,0.08647,0.26608,0.00039
52.90125,0.49750,0.29225,0.14973,0.55782,0.00020
53.00125,0.49750,0.37824,0.08638,0.53478,0.00060
53.10125,0.49750,0.70839,0.03618,0.25330,0.00213
53.20125,0.49750,0.96074,0.00582,0.02947,0.00397
53.30125,0.49750,0.99057,0.00061,0.00266,0.00616
53.40125,0.49750,0.99107,0.00022,0.00083,0.00789
53.50125,0.49750,0.99185,0.00022,0.00061,0.00733
53.60125,0.49750,0.99376,0.00026,0.00057,0.00541
53.70125,0.49750,0.99572,0.00028,0.00044,0.00355
53.80125,0.49750,0.99719,0.00026,0.00030,0.00225
53.90125,0.49750,0.99790,0.00021,0.00022,0.00167
54.00125,0.49750,0.99919,0.00011,0.00012,0.00057
54.10125,0.49750,0.99966,0.00012,0.00011,0.00011
54.20125,0.49750,0.99967,0.00017,0.00014,0.00002
54.30125,0.49750,0.99957,0.00026,0.00016,0.00001
54.40125,0.49750,0.99931,0.00046,0.00021,0.00001
54.50125,0.49750,0.99894,0.00076,0.00028,0.00002
54.60125,0.49750,0.99687,0.00241,0.00064,0.00008
54.70125,0.49750,0.99585,0.00325,0.00070,0.00020
54.80125,0.49750,0.99711,0.00214,0.00064,0.00011
54.90125,0.49750,0.99748,0.00182,0.00068,0.00003
55.00125,0.49750,0.99485,0.00404,0.00111,0.00001
55.10125,0.49750,0.99801,0.00152,0.00047,0.00000
55.20125,0.49750,0.99783,0.00168,0.00049,0.00000
55.30125,0.49750,0.99587,0.00348,0.00065,0.00000
55.40125,0.49750,0.99556,0.00384,0.00060,0.00000
55.50125,0.49750,0.99685,0.00263,0.00051,0.00001
55.60125,0.49750,0.99411,0.00489,0.00096,0.00004
55.70125,0.49750,0.98246,0.01452,0.00288,0.00014
55.80125,0.49750,0.96012,0.03184,0.00747,0.00058
55.90125,0.49750,0.89022,0.08560,0.02248,0.00170
56.00125,0.49750,0.77957,0.17219,0.04539,0.00285
56.10125,0.49750,0.83959,0.11779,0.03796,0.00466
56.20125,0.49750,0.94873,0.03130,0.01408,0.00590
56.30125,0.49750,0.97599,0.01093,0.00523,0.00786
56.40125,0.49750,0.97241,0.00592,0.00326,0.01840
56.50125,0.49750,0.93812,0.00334,0.00335,0.05519
56.60125,0.49750,0.87436,0.00568,0.01786,0.10209
56.70125,0.49750,0.68969,0.01638,0.21232,0.08162
56.80125,0.49750,0.30947,0.04225,0.63331,0.01497
56.90125,0.49750,0.44980,0.04458,0.50342,0.00220
57.00125,0.49750,0.34969,0.07658,0.57343,0.00030
57.10125,0.49750,0.40407,0.18190,0.41393,0.00010
57.20125,0.49750,0.79417,0.15143,0.05434,0.00005
57.30125,0.49750,0.92619,0.05640,0.01735,0.00007
57.40125,0.49750,0.90506,0.05659,0.03802,0.00033
57.50125,0.49750,0.84244,0.11380,0.04353,0.00023
57.60125,0.49750,0.80325,0.15296,0.04359,0.00020
57.70125,0.49750,0.54524,0.37384,0.08071,0.00021
57.80125,0.49750,0.25791,0.65409,0.08788,0.00012
57.90125,0.49750,0.20262,0.75418,0.04319,0.00002
58.00125,0.49750,0.53215,0.44518,0.02266,0.00002
58.10125,0.49750,0.81063,0.17922,0.01013,0.00001
58.20125,0.49750,0.95323,0.04345,0.00331,0.00001
58.30125,0.49750,0.99532,0.00406,0.00061,0.00001
58.40125,0.49750,0.99409,0.00505,0.00075,0.00012
58.50125,0.49750,0.98235,0.01531,0.00097,0.00137
58.60125,0.49750,0.92590,0.03934,0.00054,0.03423
58.70125,0.49750,0.62266,0.07145,0.00046,0.30542
58.80125,0.49750,0.30708,0.10068,0.00032,0.59192
58.90125,0.49750,0.51925,0.20853,0.00050,0.27172
59.00125,0.49750,0.74256,0.08718,0.00128,0.16897
59.10125,0.49750,0.87764,0.05018,0.00234,0.06985
59.20125,0.49750,0.85256,0.11621,0.00077,0.03046
59.30125,0.49750,0.57409,0.41748,0.00032,0.00812
59.40125,0.49750,0.89798,0.09948,0.00057,0.00198
59.50125,0.49750,0.74183,0.25709,0.00019,0.00089
59.60125,0.49750,0.54695,0.45219,0.00006,0.00080
59.70125,0.49750,0.86791,0.12985,0.00062,0.00162
59.80125,0.49750,0.97449,0.01947,0.00100,0.00504
59.90125,0.49750,0.63718,0.13983,0.00069,0.22230
60.00125,0.49750,0.45004,0.05523,0.00141,0.49332
60.10125,0.49750,0.52084,0.04868,0.00208,0.42840
60.20125,0.49750,0.59341,0.28057,0.00029,0.12573
60.30125,0.49750,0.90214,0.08676,0.00021,0.01089
60.40125,0.49750,0.97484,0.02379,0.00023,0.00114
60.50125,0.49750,0.91828,0.08057,0.00002,0.00112
60.60125,0.49750,0.97066,0.02839,0.00006,0.00089
60.70125,0.49750,0.97551,0.02386,0.00038,0.00025
60.80125,0.49750,0.83810,0.15905,0.00064,0.00221
60.90125,0.49750,0.51527,0.48118,0.00009,0.00345
61.00125,0.49750,0.50677,0.49179,0.00027,0.00117
61.10125,0.49750,0.40859,0.59041,0.00028,0.00071
61.20125,0.49750,0.75564,0.23660,0.00025,0.00751
61.30125,0.49750,0.88661,0.10039,0.00061,0.01239
61.40125,0.49750,0.95191,0.02277,0.00654,0.01877
61.50125,0.49750,0.97210,0.00353,0.00512,0.01925
61.60125,0.49750,0.96421,0.00137,0.00288,0.03154
61.70125,0.49750,0.98192,0.00064,0.00115,0.01629
61.80125,0.49750,0.99087,0.00103,0.00052,0.00759
61.90125,0.49750,0.98991,0.00210,0.00033,0.00767
62.00125,0.49750,0.99145,0.00168,0.00034,0.00654
62.10125,0.49750,0.98827,0.00860,0.00100,0.00213
62.20125,0.49750,0.93855,0.05604,0.00431,0.00109
62.30125,0.49750,0.85964,0.13065,0.00948,0.00024
62.40125,0.49750,0.86786,0.12134,0.01076,0.00003
62.50125,0.49750,0.87747,0.11440,0.00808,0.00005
62.60125,0.49750,0.85480,0.13785,0.00681,0.00054
62.70125,0.49750,0.90042,0.09426,0.00323,0.00209
62.80125,0.49750,0.96699,0.02372,0.00115,0.00814
62.90125,0.49750,0.95307,0.01028,0.00074,0.03591
63.00125,0.49750,0.96453,0.00822,0.00057,0.02668
63.10125,0.49750,0.99500,0.00139,0.00022,0.00339
63.20125,0.49750,0.99801,0.00115,0.00029,0.00055
63.30125,0.49750,0.99649,0.00280,0.00060,0.00010
63.40125,0.49750,0.98670,0.01175,0.00153,0.00002
63.50125,0.49750,0.94797,0.04786,0.00416,0.00001
63.60125,0.49750,0.87761,0.11515,0.00723,0.00000
63.70125,0.49751,0.89947,0.09463,0.00590,0.00000
63.80125,0.49750,0.94004,0.05657,0.00338,0.00000
63.90125,0.49750,0.98221,0.01641,0.00138,0.00001
64.00125,0.49750,0.99569,0.00379,0.00051,0.00001
64.10125,0.49750,0.99825,0.00147,0.00026,0.00002
64.20125,0.49751,0.99918,0.00063,0.00015,0.00005
64.30125,0.49751,0.99916,0.00058,0.00014,0.00012
64.40125,0.49750,0.99881,0.00083,0.00020,0.00016
64.50125,0.49750,0.99895,0.00067,0.00026,0.00012
64.60125,0.49750,0.99841,0.00110,0.00041,0.00008
64.70125,0.49751,0.99855,0.00099,0.00040,0.00005
64.80125,0.49751,0.99917,0.00052,0.00029,0.00002
64.90125,0.49750,0.99887,0.00078,0.00034,0.00001
65.00125,0.49750,0.99918,0.00057,0.00024,0.00001
65.10125,0.49750,0.99962,0.00022,0.00017,0.00000
65.20125,0.49751,0.99975,0.00011,0.00014,0.00000
65.30125,0.49751,0.99975,0.00009,0.00015,0.00001
65.40125,0.49750,0.99980,0.00004,0.00013,0.00003
65.50125,0.49750,0.99965,0.00005,0.00018,0.00012
65.60125,0.49750,0.99902,0.00007,0.00027,0.00064
65.70125,0.49751,0.99762,0.00017,0.00062,0.00159
65.80125,0.49751,0.99739,0.00025,0.00081,0.00155
65.90125,0.49750,0.99769,0.00025,0.00073,0.00134
66.00125,0.49750,0.99829,0.00022,0.00053,0.00096
66.10125,0.49750,0.99910,0.00021,0.00030,0.00039
66.20125,0.49751,0.99948,0.00020,0.00017,0.00015
66.30125,0.49751,0.99964,0.00020,0.00011,0.00006
66.40125,0.49750,0.99963,0.00025,0.00009,0.00003
66.50125,0.49750,0.99949,0.00039,0.00010,0.00002
66.60125,0.49750,0.99921,0.00063,0.00013,0.00002
66.70125,0.49751,0.99926,0.00058,0.00013,0.00003
66.80125,0.49751,0.99920,0.00042,0.00023,0.00015
66.90125,0.49750,0.99741,0.00043,0.00089,0.00127
67.00125,0.49750,0.98266,0.00066,0.00297,0.01371
67.10125,0.49750,0.85677,0.00151,0.00477,0.13696
67.20125,0.49751,0.39379,0.00743,0.00395,0.59483
67.30125,0.49751,0.22339,0.03455,0.00208,0.73998
67.40125,0.49750,0.49156,0.07270,0.00129,0.43445
67.50125,0.49750,0.76807,0.16539,0.00123,0.06532
67.60125,0.49750,0.89868,0.09628,0.00103,0.00401
67.70125,0.49751,0.98018,0.01853,0.00101,0.00028
67.80125,0.49751,0.99198,0.00706,0.00094,0.00002
67.90125,0.49750,0.98732,0.01122,0.00145,0.00001
68.00125,0.49750,0.99589,0.00331,0.00079,0.00001
68.10125,0.49750,0.99862,0.00087,0.00050,0.00001
68.20125,0.49751,0.99899,0.00059,0.00041,0.00002
68.30125,0.49751,0.99921,0.00043,0.00034,0.00002
68.40125,0.49750,0.99948,0.00025,0.00024,0.00002
68.50125,0.49750,0.99939,0.00034,0.00024,0.00002
68.60125,0.49750,0.99890,0.00076,0.00029,0.00005
68.70125,0.49751,0.99859,0.00095,0.00030,0.00016
68.80125,0.49751,0.99808,0.00099,0.00028,0.00065
68.90125,0.49750,0.99690,0.00102,0.00029,0.00179
69.00125,0.49750,0.99643,0.00139,0.00036,0.00181
69.10125,0.49750,0.99649,0.00201,0.00044,0.00106
69.20125,0.49751,0.99767,0.00134,0.00037,0.00061
69.30125,0.49751,0.99862,0.00064,0.00028,0.00046
69.40125,0.49750,0.99870,0.00065,0.00028,0.00037
69.50125,0.49750,0.99875,0.00053,0.00026,0.00047
69.60125,0.49750,0.99869,0.00057,0.00030,0.00044
69.70125,0.49751,0.99869,0.00066,0.00032,0.00033
69.80125,0.49751,0.99873,0.00073,0.00030,0.00024
69.90125,0.49750,0.99834,0.00114,0.00037,0.00015
70.00125,0.49750,0.99809,0.00138,0.00042,0.00012
70.10125,0.49750,0.99799,0.00148,0.00043,0.00010
70.20125,0.49751,0.99728,0.00212,0.00053,0.00008
70.30125,0.49751,0.99696,0.00241,0.00055,0.00007
70.40125,0.49750,0.99775,0.00174,0.00043,0.00009
70.50125,0.49750,0.99831,0.00126,0.00032,0.00011
70.60125,0.49750,0.99866,0.00094,0.00027,0.00014
70.70125,0.49751,0.99878,0.00081,0.00025,0.00015
70.80125,0.49751,0.99856,0.00101,0.00030,0.00013
70.90125,0.49750,0.99821,0.00132,0.00036,0.00011
71.00125,0.49750,0.99850,0.00104,0.00032,0.00014
71.10125,0.49750,0.99861,0.00091,0.00030,0.00018
71.20125,0.49751,0.99861,0.00091,0.00030,0.00018
71.30125,0.49751,0.99894,0.00059,0.00024,0.00024
71.40125,0.49750,0.99907,0.00037,0.00019,0.00037
71.50125,0.49750,0.99896,0.00049,0.00023,0.00032
71.60125,0.49750,0.99883,0.00066,0.00028,0.00022
71.70125,0.49751,0.99860,0.00089,0.00035,0.00016
71.80125,0.49751,0.99810,0.00137,0.00042,0.00012
71.90125,0.49750,0.99769,0.00174,0.00048,0.00009
72.00125,0.49750,0.99782,0.00166,0.00044,0.00008
72.10125,0.49750,0.99825,0.00129,0.00036,0.00011
72.20125,0.49751,0.99864,0.00092,0.00029,0.00016
72.30125,0.49751,0.99886,0.00070,0.00025,0.00019
72.40125,0.49750,0.99892,0.00062,0.00023,0.00022
72.50125,0.49750,0.99893,0.00062,0.00022,0.00023
72.60125,0.49750,0.99894,0.00062,0.00022,0.00022
72.70125,0.49751,0.99899,0.00057,0.00021,0.00023
72.80125,0.49751,0.99896,0.00060,0.00023,0.00021
72.90125,0.49750,0.99874,0.00081,0.00029,0.00016
73.00125,0.49750,0.99865,0.00087,0.00033,0.00015
73.10125,0.49750,0.99865,0.00088,0.00032,0.00015
73.20125,0.49751,0.99846,0.00106,0.00035,0.00013
73.30125,0.49751,0.99832,0.00120,0.00036,0.00012
73.40125,0.49750,0.99834,0.00120,0.00034,0.00012
73.50125,0.49750,0.99826,0.00126,0.00036,0.00013
73.60125,0.49750,0.99849,0.00104,0.00031,0.00016
73.70125,0.49751,0.99865,0.00086,0.00027,0.00021
73.80125,0.49751,0.99868,0.00082,0.00027,0.00024
73.90125,0.49750,0.99883,0.00067,0.00023,0.00027
74.00125,0.49750,0.99880,0.00073,0.00023,0.00024
74.10125,0.49750,0.99818,0.00132,0.00036,0.00014
74.20125,0.49751,0.99720,0.00219,0.00053,0.00008
74.30125,0.49751,0.99596,0.00329,0.00070,0.00005
74.40125,0.49750,0.99334,0.00561,0.00102,0.00003
74.50125,0.49750,0.99029,0.00836,0.00133,0.00002
74.60125,0.49750,0.99129,0.00749,0.00120,0.00002
74.70125,0.49751,0.99374,0.00532,0.00091,0.00003
74.80125,0.49751,0.99666,0.00270,0.00057,0.00007
74.90125,0.49750,0.99836,0.00121,0.00032,0.00012
75.00125,0.49750,0.99879,0.00077,0.00021,0.00022
75.10125,0.49750,0.99887,0.00070,0.00018,0.00025
75.20125,0.49751,0.99891,0.00073,0.00016,0.00020
75.30125,0.49751,0.99873,0.00093,0.00017,0.00016
75.40125,0.49750,0.99811,0.00148,0.00022,0.00019
75.50125,0.49750,0.99698,0.00260,0.00032,0.00010
75.60125,0.49750,0.99293,0.00638,0.00064,0.00005
75.70125,0.49751,0.98568,0.01320,0.00109,0.00003
75.80125,0.49751,0.98738,0.01160,0.00099,0.00003
75.90125,0.49750,0.98098,0.01784,0.00111,0.00007
76.00125,0.49750,0.96859,0.02950,0.00132,0.00060
76.10125,0.49750,0.98738,0.00918,0.00074,0.00270
76.20125,0.49751,0.99003,0.00488,0.00062,0.00447
76.30125,0.49751,0.96227,0.02979,0.00237,0.00557
76.40125,0.49750,0.92956,0.06280,0.00618,0.00146
76.50125,0.49750,0.92478,0.06674,0.00829,0.00018
76.60125,0.49750,0.85947,0.12832,0.01216,0.00004
76.70125,0.49751,0.88613,0.10372,0.01008,0.00007
76.80125,0.49751,0.93198,0.06358,0.00434,0.00010
76.90125,0.49750,0.92814,0.06937,0.00183,0.00066
77.00125,0.49750,0.87945,0.11368,0.00108,0.00579
77.10125,0.49750,0.94146,0.04447,0.00067,0.01340
77.20125,0.49751,0.90814,0.07798,0.00096,0.01292
77.30125,0.49751,0.87023,0.12173,0.00212,0.00592
77.40125,0.49750,0.87977,0.11404,0.00483,0.00136
77.50125,0.49750,0.91832,0.07256,0.00888,0.00024
77.60125,0.49750,0.71907,0.26734,0.01344,0.00015
77.70125,0.49751,0.85397,0.13601,0.00996,0.00006
77.80125,0.49751,0.96217,0.03313,0.00468,0.00003
77.90125,0.49750,0.99400,0.00472,0.00126,0.00002
78.00125,0.49750,0.99880,0.00082,0.00037,0.00001
78.10125,0.49750,0.99918,0.00052,0.00029,0.00000
78.20125,0.49751,0.99882,0.00082,0.00036,0.00001
78.30125,0.49751,0.99778,0.00170,0.00052,0.00001
78.40125,0.49750,0.99776,0.00166,0.00057,0.00001
78.50125,0.49750,0.99855,0.00100,0.00043,0.00002
78.60125,0.49750,0.99782,0.00140,0.00058,0.00021
78.70125,0.49751,0.99844,0.00065,0.00033,0.00059
78.80125,0.49751,0.99803,0.00028,0.00019,0.00150
78.90125,0.49750,0.99407,0.00077,0.00042,0.00474
79.00125,0.49750,0.99369,0.00102,0.00046,0.00484
79.10125,0.49750,0.99880,0.00014,0.00013,0.00093
79.20125,0.49751,0.99954,0.00005,0.00012,0.00029
79.30125,0.49751,0.99974,0.00004,0.00017,0.00005
79.40125,0.49750,0.99981,0.00002,0.00017,0.00001
79.50125,0.49750,0.99955,0.00005,0.00040,0.00000
79.60125,0.49750,0.99877,0.00027,0.00095,0.00000
79.70125,0.49751,0.99848,0.00067,0.00085,0.00000
79.80125,0.49751,0.99758,0.00174,0.00065,0.00003
79.90125,0.49750,0.98576,0.01300,0.00077,0.00047
80.00125,0.49750,0.96824,0.02605,0.00092,0.00478
80.10125,0.49750,0.95229,0.04199,0.00124,0.00448
80.20125,0.49751,0.87923,0.11654,0.00244,0.00178
80.30125,0.49751,0.93594,0.06150,0.00199,0.00057
80.40125,0.49750,0.98535,0.01354,0.00103,0.00007
80.50125,0.49750,0.99398,0.00539,0.00060,0.00003
80.60125,0.49750,0.99791,0.00175,0.00027,0.00007
80.70125,0.49751,0.99913,0.00056,0.00013,0.00018
80.80125,0.49751,0.99936,0.00027,0.00008,0.00029
80.90125,0.49750,0.99938,0.00019,0.00007,0.00036
81.00125,0.49750,0.99937,0.00032,0.00011,0.00019
81.10125,0.49750,0.99915,0.00057,0.00018,0.00009
81.20125,0.49751,0.99867,0.00100,0.00028,0.00005
81.30125,0.49751,0.99806,0.00152,0.00038,0.00004
81.40125,0.49750,0.99830,0.00131,0.00035,0.00004
81.50125,0.49750,0.99898,0.00074,0.00023,0.00005
81.60125,0.49750,0.99923,0.00053,0.00017,0.00007
81.70125,0.49751,0.99931,0.00047,0.00014,0.00008
81.80125,0.49751,0.99939,0.00039,0.00011,0.00011
81.90125,0.49750,0.99912,0.00056,0.00012,0.00020
82.00125,0.49750,0.99883,0.00067,0.00015,0.00035
82.10125,0.49750,0.99822,0.00130,0.00023,0.00025
82.20125,0.49751,0.99474,0.00445,0.00064,0.00017
82.30125,0.49751,0.98340,0.01501,0.00152,0.00007
82.40125,0.49750,0.98195,0.01626,0.00174,0.00005
82.50125,0.49750,0.97912,0.01710,0.00357,0.00022
82.60125,0.49750,0.98624,0.00858,0.00347,0.00171
82.70125,0.49751,0.99109,0.00233,0.00128,0.00531
82.80125,0.49751,0.98648,0.00092,0.00069,0.01191
82.90125,0.49750,0.98877,0.00067,0.00047,0.01009
83.00125,0.49750,0.99681,0.00041,0.00019,0.00259
83.10125,0.49750,0.99850,0.00087,0.00026,0.00037
83.20125,0.49751,0.99564,0.00351,0.00074,0.00012
83.30125,0.49751,0.98440,0.01360,0.00197,0.00004
83.40125,0.49750,0.93111,0.06229,0.00659,0.00002
83.50125,0.49750,0.74033,0.24388,0.01578,0.00001
83.60125,0.49750,0.85476,0.12499,0.02021,0.00004
83.70125,0.49751,0.94834,0.03137,0.02003,0.00026
83.80125,0.49751,0.97788,0.01206,0.00972,0.00034
83.90125,0.49750,0.99514,0.00215,0.00237,0.00034
84.00125,0.49750,0.99904,0.00022,0.00046,0.00028
84.10125,0.49750,0.99972,0.00009,0.00013,0.00007
84.20125,0.49751,0.99990,0.00004,0.00004,0.00003
84.30125,0.49751,0.99992,0.00002,0.00003,0.00004
84.40125,0.49750,0.99990,0.00002,0.00003,0.00006
84.50125,0.49750,0.99988,0.00003,0.00003,0.00006
84.60125,0.49750,0.99985,0.00004,0.00004,0.00006
84.70125,0.49751,0.99980,0.00008,0.00006,0.00005
84.80125,0.49751,0.99977,0.00012,0.00007,0.00004
84.90125,0.49750,0.99974,0.00015,0.00007,0.00004
85.00125,0.49750,0.99956,0.00022,0.00008,0.00014
85.10125,0.49750,0.99885,0.00044,0.00019,0.00052
85.20125,0.49751,0.99722,0.00067,0.00033,0.00178
85.30125,0.49751,0.99452,0.00084,0.00043,0.00420
85.40125,0.49750,0.99171,0.00119,0.00059,0.00652
85.50125,0.49750,0.99450,0.00085,0.00042,0.00423
85.60125,0.49750,0.99778,0.00072,0.00027,0.00122
85.70125,0.49751,0.99773,0.00169,0.00038,0.00020
85.80125,0.49751,0.99555,0.00373,0.00067,0.00005
85.90125,0.49750,0.99378,0.00527,0.00093,0.00001
86.00125,0.49750,0.99203,0.00681,0.00116,0.00001
86.10125,0.49750,0.99428,0.00489,0.00082,0.00001
86.20125,0.49751,0.99854,0.00113,0.00030,0.00004
86.30125,0.49751,0.99943,0.00034,0.00012,0.00011
86.40125,0.49750,0.99949,0.00021,0.00008,0.00023
86.50125,0.49750,0.99944,0.00020,0.00006,0.00030
86.60125,0.49750,0.99929,0.00044,0.00010,0.00017
86.70125,0.49751,0.99862,0.00112,0.00018,0.00008
86.80125,0.49751,0.99848,0.00126,0.00019,0.00007
86.90125,0.49750,0.99833,0.00135,0.00021,0.00010
87.00125,0.49750,0.99813,0.00153,0.00023,0.00010
87.10125,0.49750,0.99756,0.00206,0.00029,0.00009
87.20125,0.49751,0.99694,0.00263,0.00036,0.00007
87.30125,0.49751,0.99619,0.00333,0.00042,0.00006
87.40125,0.49750,0.99579,0.00373,0.00043,0.00005
87.50125,0.49750,0.99558,0.00381,0.00047,0.00014
87.60125,0.49750,0.99804,0.00132,0.00024,0.00041
87.70125,0.49751,0.99845,0.00050,0.00014,0.00091
87.80125,0.49751,0.99857,0.00045,0.00017,0.00081
87.90125,0.49750,0.99776,0.00162,0.00041,0.00021
88.00125,0.49750,0.99500,0.00418,0.00078,0.00005
88.10125,0.49750,0.98713,0.01125,0.00159,0.00002
88.20125,0.49751,0.98778,0.01064,0.00156,0.00002
88.30125,0.49751,0.98780,0.01071,0.00143,0.00006
88.40125,0.49750,0.99575,0.00342,0.00064,0.00019
88.50125,0.49750,0.99833,0.00081,0.00023,0.00063
88.60125,0.49750,0.99800,0.00036,0.00013,0.00151
88.70125,0.49751,0.99778,0.00048,0.00012,0.00161
88.80125,0.49751,0.99903,0.00028,0.00009,0.00060
88.90125,0.49750,0.99942,0.00026,0.00010,0.00022
89.00125,0.49750,0.99898,0.00073,0.00024,0.00006
89.10125,0.49750,0.99693,0.00246,0.00060,0.00002
89.20125,0.49751,0.99108,0.00754,0.00137,0.00001
89.30125,0.49751,0.98735,0.01112,0.00151,0.00001
89.40125,0.49750,0.98456,0.01390,0.00149,0.00005
89.50125,0.49750,0.98847,0.01013,0.00109,0.00031
89.60125,0.49750,0.99516,0.00322,0.00052,0.00109
89.70125,0.49751,0.99664,0.00155,0.00035,0.00146
89.80125,0.49751,0.99577,0.00301,0.00062,0.00060
89.90125,0.49750,0.99563,0.00359,0.00067,0.00011
90.00125,0.49750,0.99605,0.00327,0.00065,0.00003
90.10125,0.49750,0.99525,0.00402,0.00071,0.00002
90.20125,0.49751,0.99282,0.00633,0.00084,0.00001
90.30125,0.49751,0.98942,0.00959,0.00099,0.00001
90.40125,0.49750,0.98260,0.01606,0.00134,0.00001
90.50125,0.49750,0.95040,0.04675,0.00285,0.00001
90.60125,0.49750,0.81010,0.18411,0.00578,0.00001
90.70125,0.49751,0.90111,0.09433,0.00454,0.00001
90.80125,0.49751,0.98103,0.01697,0.00198,0.00003
90.90125,0.49750,0.99149,0.00549,0.00280,0.00022
91.00125,0.49750,0.98454,0.00279,0.01161,0.00105
91.10125,0.49750,0.98700,0.00042,0.01049,0.00208
91.20125,0.49751,0.96315,0.00032,0.01907,0.01747
91.30125,0.49751,0.86060,0.00057,0.06954,0.06928
91.40125,0.49750,0.88722,0.00046,0.04298,0.06934
91.50125,0.49750,0.94457,0.00021,0.00781,0.04742
91.60125,0.49750,0.92243,0.00040,0.00859,0.06858
91.70125,0.49751,0.89864,0.00362,0.01986,0.07789
91.80125,0.49751,0.89363,0.05891,0.02192,0.02554
91.90125,0.49750,0.74804,0.22109,0.02553,0.00533
92.00125,0.49750,0.77209,0.20875,0.01767,0.00149
92.10125,0.49750,0.77300,0.21422,0.01237,0.00041
92.20125,0.49751,0.98438,0.01279,0.00267,0.00016
92.30125,0.49751,0.99861,0.00053,0.00068,0.00017
92.40125,0.49750,0.99870,0.00058,0.00056,0.00016
92.50125,0.49750,0.99757,0.00159,0.00076,0.00008
92.60125,0.49750,0.99845,0.00104,0.00047,0.00005
92.70125,0.49751,0.99658,0.00277,0.00058,0.00007
92.80125,0.49751,0.99642,0.00296,0.00056,0.00006
92.90125,0.49750,0.99865,0.00097,0.00027,0.00011
93.00125,0.49750,0.99937,0.00026,0.00011,0.00026
93.10125,0.49750,0.99934,0.00021,0.00009,0.00036
93.20125,0.49751,0.99943,0.00018,0.00008,0.00031
93.30125,0.49751,0.99946,0.00016,0.00008,0.00030
93.40125,0.49750,0.99953,0.00017,0.00009,0.00021
93.50125,0.49750,0.99934,0.00041,0.00016,0.00009
93.60125,0.49750,0.99864,0.00101,0.00031,0.00003
93.70125,0.49751,0.99796,0.00158,0.00044,0.00002
93.80125,0.49751,0.99813,0.00141,0.00043,0.00003
93.90125,0.49750,0.99458,0.00455,0.00086,0.00002
94.00125,0.49750,0.99083,0.00789,0.00126,0.00002
94.10125,0.49750,0.99013,0.00866,0.00119,0.00002
94.20125,0.49751,0.97638,0.02166,0.00195,0.00001
94.30125,0.49751,0.93041,0.06598,0.00361,0.00000
94.40125,0.49750,0.90029,0.09421,0.00549,0.00000
94.50125,0.49750,0.92047,0.07497,0.00455,0.00000
94.60125,0.49750,0.95452,0.04211,0.00337,0.00000
94.70125,0.49751,0.98621,0.01185,0.00193,0.00002
94.80125,0.49751,0.99619,0.00282,0.00091,0.00009
94.90125,0.49750,0.99922,0.00035,0.00024,0.00018
95.00125,0.49750,0.99929,0.00009,0.00013,0.00049
95.10125,0.49750,0.99892,0.00011,0.00019,0.00078
95.20125,0.49751,0.99924,0.00014,0.00022,0.00040
95.30125,0.49751,0.99903,0.00015,0.00026,0.00056
95.40125,0.49750,0.99518,0.00114,0.00133,0.00234
95.50125,0.49750,0.97453,0.01184,0.00314,0.01049
95.60125,0.49750,0.88873,0.05263,0.00269,0.05595
95.70125,0.49751,0.52589,0.24126,0.00259,0.23026
95.80125,0.49751,0.35226,0.42085,0.00200,0.22489
95.90125,0.49750,0.69978,0.22901,0.00100,0.07021
96.00125,0.49750,0.87565,0.11442,0.00109,0.00883
96.10125,0.49750,0.91729,0.08003,0.00206,0.00063
96.20125,0.49751,0.95372,0.04340,0.00284,0.00004
96.30125,0.49751,0.94788,0.04867,0.00344,0.00001
96.40125,0.49750,0.97325,0.02431,0.00243,0.00001
96.50125,0.49750,0.98963,0.00904,0.00127,0.00005
96.60125,0.49750,0.99598,0.00311,0.00062,0.00029
96.70125,0.49751,0.99775,0.00082,0.00026,0.00117
96.80125,0.49751,0.99724,0.00041,0.00017,0.00219
96.90125,0.49750,0.99809,0.00067,0.00024,0.00101
97.00125,0.49750,0.99905,0.00051,0.00025,0.00019
97.10125,0.49750,0.99915,0.00051,0.00029,0.00004
97.20125,0.49751,0.99886,0.00073,0.00040,0.00001
97.30125,0.49751,0.99913,0.00049,0.00037,0.00001
97.40125,0.49750,0.99928,0.00037,0.00031,0.00004
97.50125,0.49750,0.99909,0.00047,0.00029,0.00016
97.60125,0.49750,0.99923,0.00018,0.00016,0.00043
97.70125,0.49751,0.99905,0.00009,0.00011,0.00076
97.80125,0.49751,0.99904,0.00019,0.00014,0.00063
97.90125,0.49750,0.99937,0.00020,0.00014,0.00029
98.00125,0.49750,0.99955,0.00014,0.00012,0.00018
98.10125,0.49750,0.99938,0.00031,0.00018,0.00013
98.20125,0.49751,0.99821,0.00130,0.00042,0.00006
98.30125,0.49751,0.99773,0.00170,0.00054,0.00003
98.40125,0.49750,0.99893,0.00063,0.00041,0.00003
98.50125,0.49750,0.99930,0.00033,0.00033,0.00003
98.60125,0.49750,0.99970,0.00008,0.00018,0.00004
98.70125,0.49751,0.99986,0.00001,0.00006,0.00008
98.80125,0.49751,0.99982,0.00000,0.00004,0.00014
98.90125,0.49750,0.99980,0.00003,0.00009,0.00008
99.00125,0.49750,0.99981,0.00004,0.00012,0.00003
99.10125,0.49750,0.99981,0.00004,0.00013,0.00003
99.20125,0.49751,0.99970,0.00008,0.00018,0.00004
99.30125,0.49751,0.99928,0.00029,0.00038,0.00005
99.40125,0.49750,0.99884,0.00052,0.00059,0.00005
99.50125,0.49750,0.99713,0.00191,0.00090,0.00006
99.60125,0.49750,0.98551,0.01262,0.00172,0.00016
99.70125,0.49751,0.97133,0.02601,0.00241,0.00025
99.80125,0.49751,0.99073,0.00771,0.00091,0.00066
99.90125,0.49750,0.98717,0.00751,0.00054,0.00478
100.00125,0.49750,0.97719,0.00728,0.00053,0.01500
100.10125,0.49750,0.98949,0.00318,0.00031,0.00702
100.20125,0.49751,0.98916,0.00836,0.00058,0.00191
100.30125,0.49751,0.97311,0.02510,0.00142,0.00037
100.40125,0.49750,0.97276,0.02499,0.00221,0.00005
100.50125,0.49750,0.92175,0.07361,0.00463,0.00001
100.60125,0.49750,0.86953,0.12387,0.00659,0.00001
100.70125,0.49751,0.96678,0.03044,0.00277,0.00002
100.80125,0.49751,0.99088,0.00795,0.00111,0.00006
100.90125,0.49750,0.99612,0.00310,0.00056,0.00023
101.00125,0.49750,0.99816,0.00096,0.00027,0.00061
101.10125,0.49750,0.99766,0.00062,0.00020,0.00151
101.20125,0.49751,0.99707,0.00069,0.00022,0.00203
101.30125,0.49751,0.99816,0.00023,0.00013,0.00148
101.40125,0.49750,0.99888,0.00009,0.00008,0.00095
101.50125,0.49750,0.99905,0.00023,0.00015,0.00056
101.60125,0.49750,0.99833,0.00102,0.00043,0.00021
101.70125,0.49751,0.99336,0.00529,0.00129,0.00006
101.80125,0.49751,0.97768,0.01883,0.00347,0.00002
101.90125,0.49750,0.98215,0.01309,0.00476,0.00001
102.00125,0.49750,0.99609,0.00148,0.00243,0.00000
102.10125,0.49750,0.99911,0.00011,0.00078,0.00001
102.20125,0.49751,0.99973,0.00001,0.00025,0.00001
102.30125,0.49751,0.99981,0.00001,0.00014,0.00005
102.40125,0.49750,0.99975,0.00001,0.00010,0.00014
102.50125,0.49750,0.99949,0.00003,0.00008,0.00039
102.60125,0.49750,0.99915,0.00007,0.00008,0.00070
102.70125,0.49751,0.99869,0.00014,0.00009,0.00108
102.80125,0.49751,0.99906,0.00007,0.00006,0.00082
102.90125,0.49750,0.99945,0.00014,0.00008,0.00033
103.00125,0.49750,0.99928,0.00043,0.00020,0.00009
103.10125,0.49750,0.99862,0.00092,0.00043,0.00003
103.20125,0.49751,0.99832,0.00103,0.00065,0.00001
103.30125,0.49751,0.99644,0.00246,0.00109,0.00001
103.40125,0.49750,0.99730,0.00180,0.00088,0.00001
103.50125,0.49750,0.99916,0.00046,0.00036,0.00002
103.60125,0.49750,0.99939,0.00030,0.00021,0.00010
103.70125,0.49751,0.99896,0.00051,0.00018,0.00036
103.80125,0.49751,0.99862,0.00044,0.00014,0.00079
103.90125,0.49750,0.99842,0.00040,0.00011,0.00106
104.00125,0.49750,0.99838,0.00047,0.00012,0.00103
104.10125,0.49750,0.99901,0.00026,0.00009,0.00063
104.20125,0.49751,0.99950,0.00017,0.00009,0.00024
104.30125,0.49751,0.99927,0.00045,0.00018,0.00009
104.40125,0.49750,0.99830,0.00127,0.00039,0.00004
104.50125,0.49750,0.99761,0.00177,0.00059,0.00002
104.60125,0.49750,0.99646,0.00276,0.00076,0.00002
104.70125,0.49751,0.99445,0.00465,0.00088,0.00002
104.80125,0.49751,0.99672,0.00266,0.00060,0.00003
104.90125,0.49750,0.99890,0.00078,0.00026,0.00006
105.00125,0.49750,0.99882,0.00078,0.00022,0.00018
105.10125,0.49750,0.99831,0.00112,0.00026,0.00031
105.20125,0.49751,0.99876,0.00056,0.00019,0.00049
105.30125,0.49751,0.99871,0.00064,0.00020,0.00044
105.40125,0.49750,0.99827,0.00116,0.00029,0.00028
105.50125,0.49750,0.99875,0.00086,0.00022,0.00017
105.60125,0.49750,0.99913,0.00057,0.00017,0.00012
105.70125,0.49751,0.99889,0.00081,0.00020,0.00010
105.80125,0.49751,0.99711,0.00235,0.00047,0.00007
105.90125,0.49750,0.98704,0.01111,0.00180,0.00006
106.00125,0.49750,0.87945,0.10883,0.01168,0.00004
106.10125,0.49750,0.39955,0.56578,0.03465,0.00002
106.20125,0.49751,0.16843,0.78830,0.04324,0.00003
106.30125,0.49751,0.25603,0.70383,0.04009,0.00005
106.40125,0.49750,0.51761,0.45348,0.02883,0.00009
106.50125,0.49750,0.92582,0.06665,0.00736,0.00016
106.60125,0.49750,0.99154,0.00655,0.00167,0.00024
106.70125,0.49751,0.99786,0.00109,0.00062,0.00043
106.80125,0.49751,0.99766,0.00033,0.00033,0.00168
106.90125,0.49750,0.99707,0.00015,0.00024,0.00254
107.00125,0.49750,0.99686,0.00017,0.00026,0.00271
107.10125,0.49750,0.99827,0.00014,0.00019,0.00140
107.20125,0.49751,0.99926,0.00009,0.00010,0.00055
107.30125,0.49751,0.99953,0.00008,0.00008,0.00031
107.40125,0.49750,0.99951,0.00011,0.00009,0.00029
107.50125,0.49750,0.99952,0.00013,0.00009,0.00026
107.60125,0.49750,0.99937,0.00020,0.00011,0.00031
107.70125,0.49751,0.99927,0.00028,0.00012,0.00032
107.80125,0.49751,0.99904,0.00039,0.00014,0.00043
107.90125,0.49750,0.99718,0.00134,0.00035,0.00113
108.00125,0.49750,0.98011,0.01649,0.00201,0.00139
108.10125,0.49750,0.79096,0.20350,0.00446,0.00107
108.20125,0.49751,0.29046,0.70593,0.00287,0.00074
108.30125,0.49751,0.17192,0.82532,0.00173,0.00102
108.40125,0.49750,0.41938,0.57723,0.00149,0.00190
108.50125,0.49750,0.92301,0.07253,0.00056,0.00391
108.60125,0.49750,0.98988,0.00644,0.00029,0.00339
108.70125,0.49751,0.99586,0.00306,0.00049,0.00058
108.80125,0.49751,0.99313,0.00566,0.00112,0.00009
108.90125,0.49750,0.98639,0.01164,0.00195,0.00002
109.00125,0.49750,0.98324,0.01465,0.00209,0.00001
109.10125,0.49750,0.99089,0.00774,0.00135,0.00002
109.20125,0.49751,0.99735,0.00203,0.00053,0.00009
109.30125,0.49751,0.99891,0.00053,0.00022,0.00034
109.40125,0.49750,0.99888,0.00028,0.00014,0.00070
109.50125,0.49750,0.99861,0.00067,0.00021,0.00051
109.60125,0.49750,0.99810,0.00132,0.00032,0.00026
109.70125,0.49751,0.99831,0.00128,0.00031,0.00011
109.80125,0.49751,0.99818,0.00147,0.00030,0.00006
109.90125,0.49750,0.99854,0.00111,0.00026,0.00009
110.00125,0.49750,0.99904,0.00064,0.00019,0.00013
110.10125,0.49750,0.99887,0.00082,0.00021,0.00010
110.20125,0.49751,0.99825,0.00138,0.00029,0.00008
110.30125,0.49751,0.99792,0.00165,0.00036,0.00007
110.40125,0.49750,0.99709,0.00243,0.00044,0.00004
110.50125,0.49750,0.99720,0.00235,0.00040,0.00005
110.60125,0.49750,0.99817,0.00144,0.00028,0.00011
110.70125,0.49751,0.99843,0.00112,0.00022,0.00023
110.80125,0.49751,0.99840,0.00091,0.00019,0.00051
110.90125,0.49750,0.99817,0.00068,0.00016,0.00099
111.00125,0.49750,0.99828,0.00075,0.00019,0.00078
111.10125,0.49750,0.99832,0.00109,0.00029,0.00030
111.20125,0.49751,0.99758,0.00184,0.00047,0.00011
111.30125,0.49751,0.99583,0.00341,0.00073,0.00003
111.40125,0.49750,0.99471,0.00437,0.00091,0.00001
111.50125,0.49750,0.99690,0.00248,0.00059,0.00002
111.60125,0.49750,0.99835,0.00124,0.00032,0.00008
111.70125,0.49751,0.99889,0.00066,0.00020,0.00025
111.80125,0.49751,0.99899,0.00037,0.00012,0.00052
111.90125,0.49750,0.99889,0.00030,0.00010,0.00071
112.00125,0.49750,0.99924,0.00017,0.00010,0.00049
112.10125,0.49750,0.99936,0.00033,0.00016,0.00015
112.20125,0.49751,0.99897,0.00069,0.00030,0.00004
112.30125,0.49751,0.99917,0.00049,0.00032,0.00003
112.40125,0.49750,0.99914,0.00050,0.00032,0.00004
112.50125,0.49750,0.99845,0.00110,0.00037,0.00009
112.60125,0.49750,0.99867,0.00091,0.00029,0.00013
112.70125,0.49751,0.99890,0.00066,0.00020,0.00025
112.80125,0.49751,0.99842,0.00106,0.00021,0.00031
112.90125,0.49750,0.99839,0.00119,0.00022,0.00021
113.00125,0.49750,0.99872,0.00095,0.00020,0.00013
113.10125,0.49750,0.99923,0.00043,0.00013,0.00021
113.20125,0.49751,0.99935,0.00026,0.00010,0.00029
113.30125,0.49751,0.99928,0.00040,0.00015,0.00016
113.40125,0.49750,0.99848,0.00116,0.00029,0.00007
113.50125,0.49750,0.99696,0.00252,0.00048,0.00004
113.60125,0.49750,0.99695,0.00253,0.00048,0.00004
113.70125,0.49751,0.99575,0.00364,0.00055,0.00006
113.80125,0.49751,0.99606,0.00316,0.00052,0.00026
113.90125,0.49750,0.99843,0.00061,0.00021,0.00075
114.00125,0.49750,0.99862,0.00018,0.00013,0.00107
114.10125,0.49750,0.99890,0.00015,0.00015,0.00081
114.20125,0.49751,0.99935,0.00015,0.00017,0.00033
114.30125,0.49751,0.99947,0.00023,0.00022,0.00007
114.40125,0.49750,0.99887,0.00068,0.00042,0.00003
114.50125,0.49750,0.99694,0.00227,0.00077,0.00002
114.60125,0.49750,0.99417,0.00469,0.00113,0.00001
114.70125,0.49751,0.99629,0.00283,0.00087,0.00001
114.80125,0.49751,0.99826,0.00123,0.00049,0.00002
114.90125,0.49750,0.99908,0.00059,0.00026,0.00007
115.00125,0.49750,0.99915,0.00028,0.00017,0.00039
115.10125,0.49750,0.99658,0.00041,0.00023,0.00277
115.20125,0.49751,0.98861,0.00098,0.00039,0.01003
115.30125,0.49751,0.99105,0.00113,0.00043,0.00739
115.40125,0.49750,0.99396,0.00324,0.00087,0.00192
115.50125,0.49750,0.98891,0.00932,0.00146,0.00032
115.60125,0.49750,0.98257,0.01571,0.00169,0.00003
115.70125,0.49751,0.97652,0.02131,0.00217,0.00000
115.80125,0.49751,0.97372,0.02407,0.00220,0.00001
115.90125,0.49750,0.98922,0.00968,0.00108,0.00002
116.00125,0.49750,0.99650,0.00299,0.00045,0.00006
116.10125,0.49750,0.99816,0.00119,0.00026,0.00039
116.20125,0.49751,0.99720,0.00073,0.00020,0.00187
116.30125,0.49751,0.99637,0.00081,0.00022,0.00261
116.40125,0.49750,0.99659,0.00180,0.00039,0.00122
116.50125,0.49750,0.99635,0.00270,0.00056,0.00038
116.60125,0.49750,0.99613,0.00318,0.00059,0.00010
116.70125,0.49751,0.99498,0.00430,0.00069,0.00003
116.80125,0.49751,0.99683,0.00262,0.00052,0.00003
116.90125,0.49750,0.99854,0.00107,0.00029,0.00010
117.00125,0.49750,0.99875,0.00078,0.00021,0.00026
117.10125,0.49750,0.99881,0.00071,0.00018,0.00030
117.20125,0.49751,0.99880,0.00074,0.00020,0.00026
117.30125,0.49751,0.99820,0.00135,0.00031,0.00014
117.40125,0.49750,0.99744,0.00208,0.00043,0.00006
117.50125,0.49750,0.99713,0.00235,0.00048,0.00004
117.60125,0.49750,0.99826,0.00135,0.00032,0.00007
117.70125,0.49751,0.99854,0.00098,0.00026,0.00022
117.80125,0.49751,0.99894,0.00054,0.00018,0.00035
117.90125,0.49750,0.99858,0.00094,0.00025,0.00023
118.00125,0.49750,0.99750,0.00195,0.00043,0.00012
118.10125,0.49750,0.99650,0.00287,0.00057,0.00007
118.20125,0.49751,0.99693,0.00254,0.00049,0.00005
118.30125,0.49751,0.99476,0.00457,0.00055,0.00012
118.40125,0.49750,0.99629,0.00274,0.00049,0.00048
118.50125,0.49750,0.99069,0.00418,0.00024,0.00489
118.60125,0.49750,0.95530,0.02782,0.00011,0.01676
118.70125,0.49751,0.97912,0.01334,0.00015,0.00739
118.80125,0.49751,0.99421,0.00384,0.00013,0.00183
118.90125,0.49750,0.99626,0.00209,0.00007,0.00158
119.00125,0.49750,0.99826,0.00060,0.00013,0.00100
119.10125,0.49750,0.99818,0.00014,0.00036,0.00131
119.20125,0.49751,0.99062,0.00082,0.00053,0.00803
119.30125,0.49751,0.97941,0.00359,0.00114,0.01585
119.40125,0.49750,0.94893,0.03358,0.00498,0.01250
119.50125,0.49750,0.96374,0.02794,0.00481,0.00350
119.60125,0.49750,0.99411,0.00370,0.00145,0.00074
119.70125,0.49751,0.99708,0.00180,0.00090,0.00022
119.80125,0.49751,0.99913,0.00031,0.00031,0.00026
119.90125,0.49750,0.99978,0.00001,0.00006,0.00015
120.00125,0.49750,0.99980,0.00001,0.00005,0.00014
120.10125,0.49750,0.99978,0.00001,0.00006,0.00016
120.20125,0.49751,0.99964,0.00002,0.00010,0.00025
120.30125,0.49751,0.99933,0.00015,0.00035,0.00016
120.40125,0.49750,0.99849,0.00060,0.00073,0.00017
120.50125,0.49750,0.99845,0.00063,0.00071,0.00021
120.60125,0.49750,0.99812,0.00083,0.00079,0.00026
120.70125,0.49751,0.99906,0.00028,0.00038,0.00028
120.80125,0.49751,0.99946,0.00005,0.00013,0.00037
120.90125,0.49750,0.99948,0.00001,0.00006,0.00045
121.00125,0.49750,0.99943,0.00002,0.00006,0.00049
121.10125,0.49750,0.99960,0.00001,0.00005,0.00033
121.20125,0.49751,0.99969,0.00001,0.00004,0.00026
121.30125,0.49751,0.99961,0.00001,0.00004,0.00034
121.40125,0.49750,0.99929,0.00002,0.00004,0.00065
121.50125,0.49750,0.99918,0.00010,0.00008,0.00064
121.60125,0.49750,0.99852,0.00090,0.00028,0.00030
121.70125,0.49751,0.99438,0.00466,0.00088,0.00009
121.80125,0.49751,0.97004,0.02702,0.00291,0.00003
121.90125,0.49750,0.91876,0.07492,0.00632,0.00001
122.00125,0.49750,0.97284,0.02247,0.00468,0.00000
122.10125,0.49750,0.99558,0.00269,0.00173,0.00000
122.20125,0.49751,0.99784,0.00119,0.00095,0.00002
122.30125,0.49751,0.99899,0.00045,0.00049,0.00006
122.40125,0.49750,0.99930,0.00017,0.00022,0.00031
122.50125,0.49750,0.99761,0.00057,0.00023,0.00160
122.60125,0.49750,0.98502,0.00479,0.00057,0.00962
122.70125,0.49751,0.98386,0.00341,0.00045,0.01229
122.80125,0.49751,0.98984,0.00345,0.00045,0.00626
122.90125,0.49750,0.98847,0.00817,0.00090,0.00246
123.00125,0.49750,0.98738,0.01074,0.00140,0.00047
123.10125,0.49750,0.98029,0.01771,0.00193,0.00007
123.20125,0.49751,0.93184,0.06367,0.00448,0.00002
123.30125,0.49751,0.93169,0.06315,0.00515,0.00001
123.40125,0.49750,0.98147,0.01579,0.00272,0.00001
123.50125,0.49750,0.99222,0.00629,0.00146,0.00004
123.60125,0.49750,0.99673,0.00235,0.00082,0.00010
123.70125,0.49751,0.99786,0.00112,0.00047,0.00055
123.80125,0.49751,0.99372,0.00200,0.00052,0.00377
123.90125,0.49750,0.98863,0.00349,0.00057,0.00731
124.00125,0.49750,0.99396,0.00154,0.00037,0.00413
124.10125,0.49750,0.99644,0.00176,0.00040,0.00140
124.20125,0.49751,0.99635,0.00269,0.00057,0.00039
124.30125,0.49751,0.99384,0.00513,0.00097,0.00006
124.40125,0.49750,0.97639,0.02109,0.00250,0.00002
124.50125,0.49750,0.95544,0.04053,0.00402,0.00001
124.60125,0.49750,0.98539,0.01165,0.00295,0.00001
124.70125,0.49751,0.99531,0.00264,0.00205,0.00000
124.80125,0.49751,0.99874,0.00029,0.00097,0.00000
124.90125,0.49750,0.99956,0.00004,0.00040,0.00000
125.00125,0.49750,0.99956,0.00005,0.00037,0.00002
125.10125,0.49750,0.99945,0.00010,0.00038,0.00006
125.20125,0.49751,0.99927,0.00014,0.00025,0.00034
125.30125,0.49751,0.99764,0.00043,0.00025,0.00168
125.40125,0.49750,0.99481,0.00069,0.00025,0.00424
125.50125,0.49750,0.99689,0.00032,0.00015,0.00263
125.60125,0.49750,0.99818,0.00086,0.00026,0.00070
125.70125,0.49751,0.99786,0.00151,0.00050,0.00014
125.80125,0.49751,0.99832,0.00101,0.00065,0.00002
125.90125,0.49750,0.99575,0.00266,0.00159,0.00001
126.00125,0.49750,0.99268,0.00487,0.00244,0.00000
126.10125,0.49750,0.99716,0.00165,0.00118,0.00001
126.20125,0.49751,0.99712,0.00195,0.00089,0.00005
126.30125,0.49751,0.99237,0.00604,0.00104,0.00055
126.40125,0.49750,0.99330,0.00390,0.00056,0.00224
126.50125,0.49750,0.99279,0.00253,0.00038,0.00430
126.60125,0.49750,0.99287,0.00341,0.00040,0.00332
126.70125,0.49751,0.99722,0.00133,0.00021,0.00125
126.80125,0.49751,0.99900,0.00044,0.00012,0.00045
126.90125,0.49750,0.99907,0.00045,0.00014,0.00035
127.00125,0.49750,0.99871,0.00085,0.00025,0.00019
127.10125,0.49750,0.99763,0.00179,0.00049,0.00008
127.20125,0.49751,0.99369,0.00526,0.00099,0.00005
127.30125,0.49751,0.97175,0.02546,0.00277,0.00002
127.40125,0.49750,0.96511,0.03184,0.00304,0.00001
127.50125,0.49750,0.98775,0.01077,0.00145,0.00003
127.60125,0.49751,0.98845,0.01019,0.00122,0.00013
127.70125,0.49750,0.99625,0.00287,0.00066,0.00022
127.80125,0.49751,0.99804,0.00120,0.00037,0.00039
127.90125,0.49749,0.99721,0.00185,0.00047,0.00047
128.00125,0.49750,0.99723,0.00194,0.00043,0.00040
128.10126,0.49750,0.99858,0.00087,0.00026,0.00029
128.20125,0.49750,0.99846,0.00105,0.00024,0.00026
128.30125,0.49750,0.99861,0.00093,0.00023,0.00023
128.40125,0.49750,0.99889,0.00073,0.00022,0.00016
128.50125,0.49750,0.99898,0.00067,0.00028,0.00007
128.60126,0.49750,0.99862,0.00093,0.00043,0.00003
128.70125,0.49750,0.99805,0.00137,0.00056,0.00001
128.80125,0.49750,0.99903,0.00060,0.00034,0.00003
128.90125,0.49750,0.99917,0.00049,0.00027,0.00008
129.00125,0.49750,0.99899,0.00059,0.00023,0.00019
129.10126,0.49750,0.99885,0.00071,0.00021,0.00023
129.20125,0.49750,0.99884,0.00068,0.00019,0.00029
129.30125,0.49750,0.99862,0.00087,0.00021,0.00030
129.40125,0.49750,0.99910,0.00051,0.00016,0.00022
129.50125,0.49750,0.99924,0.00044,0.00015,0.00017
129.60126,0.49750,0.99907,0.00060,0.00018,0.00015
129.70125,0.49750,0.99776,0.00178,0.00039,0.00008
129.80125,0.49750,0.99393,0.00525,0.00079,0.00003
129.90125,0.49750,0.98922,0.00966,0.00110,0.00002
130.00125,0.49750,0.98717,0.01162,0.00117,0.00005
130.10126,0.49750,0.98888,0.00969,0.00113,0.00030
130.20125,0.49750,0.99567,0.00297,0.00052,0.00085
130.30125,0.49750,0.99681,0.00182,0.00036,0.00102
130.40125,0.49750,0.99575,0.00310,0.00055,0.00060
130.50125,0.49750,0.99730,0.00206,0.00045,0.00019
130.60126,0.49750,0.99881,0.00086,0.00028,0.00005
130.70125,0.49750,0.99884,0.00083,0.00029,0.00004
130.80125,0.49750,0.99897,0.00071,0.00027,0.00005
130.90125,0.49750,0.99913,0.00058,0.00023,0.00006
131.00125,0.49750,0.99916,0.00055,0.00021,0.00008
131.10126,0.49750,0.99892,0.00071,0.00023,0.00014
131.20125,0.49750,0.99859,0.00105,0.00026,0.00010
131.30125,0.49750,0.99873,0.00092,0.00023,0.00012
131.40125,0.49750,0.99884,0.00075,0.00018,0.00023
131.50125,0.49750,0.99888,0.00075,0.00017,0.00021
131.60126,0.49750,0.99910,0.00061,0.00015,0.00014
131.70125,0.49750,0.99913,0.00054,0.00016,0.00017
131.80125,0.49750,0.99943,0.00028,0.00012,0.00018
131.90125,0.49750,0.99964,0.00012,0.00009,0.00015
132.00125,0.49750,0.99957,0.00020,0.00014,0.00010
132.10126,0.49750,0.99877,0.00082,0.00034,0.00006
132.20125,0.49750,0.99800,0.00149,0.00048,0.00003
132.30125,0.49750,0.99643,0.00292,0.00062,0.00003
132.40125,0.49750,0.98841,0.01050,0.00102,0.00006
132.50125,0.49750,0.98428,0.01439,0.00105,0.00028
132.60126,0.49750,0.99515,0.00360,0.00042,0.00083
132.70125,0.49750,0.99540,0.00310,0.00039,0.00111
132.80125,0.49750,0.98675,0.01163,0.00105,0.00057
132.90125,0.49750,0.97827,0.01991,0.00173,0.00010
133.00125,0.49750,0.97558,0.02242,0.00198,0.00002
133.10126,0.49750,0.96875,0.02907,0.00216,0.00003
133.20125,0.49750,0.97375,0.02411,0.00198,0.00016
133.30125,0.49750,0.99149,0.00711,0.00087,0.00053
133.40125,0.49750,0.99483,0.00387,0.00055,0.00075
133.50125,0.49750,0.99553,0.00321,0.00055,0.00070
133.60126,0.49750,0.99588,0.00337,0.00059,0.00016
133.70125,0.49750,0.99710,0.00238,0.00048,0.00004
133.80125,0.49750,0.99775,0.00175,0.00044,0.00005
133.90125,0.49750,0.99882,0.00082,0.00027,0.00008
134.00125,0.49750,0.99889,0.00076,0.00024,0.00011
134.10126,0.49750,0.99923,0.00034,0.00015,0.00028
134.20125,0.49750,0.99913,0.00027,0.00013,0.00047
134.30125,0.49750,0.99938,0.00022,0.00011,0.00028
134.40125,0.49750,0.99935,0.00029,0.00014,0.00022
134.50125,0.49750,0.99909,0.00055,0.00023,0.00013
134.60126,0.49750,0.99889,0.00076,0.00030,0.00005
134.70125,0.49750,0.99826,0.00128,0.00044,0.00002
134.80125,0.49750,0.99654,0.00277,0.00067,0.00002
134.90125,0.49750,0.99756,0.00192,0.00050,0.00003
135.00125,0.49750,0.99844,0.00119,0.00032,0.00005
135.10126,0.49750,0.99852,0.00113,0.00025,0.00010
135.20125,0.49750,0.99862,0.00085,0.00019,0.00033
135.30125,0.49750,0.99861,0.00077,0.00016,0.00047
135.40125,0.49750,0.99846,0.00100,0.00019,0.00035
135.50125,0.49750,0.99852,0.00092,0.00018,0.00038
135.60126,0.49750,0.99851,0.00090,0.00019,0.00040
135.70125,0.49750,0.99901,0.00060,0.00015,0.00024
135.80125,0.49750,0.99913,0.00051,0.00014,0.00022
135.90125,0.49750,0.99899,0.00064,0.00019,0.00018
136.00125,0.49750,0.99925,0.00045,0.00019,0.00011
136.10126,0.49750,0.99950,0.00027,0.00016,0.00007
136.20125,0.49750,0.99918,0.00051,0.00027,0.00004
136.30125,0.49750,0.99862,0.00094,0.00041,0.00003
136.40125,0.49750,0.99830,0.00119,0.00049,0.00002
136.50125,0.49750,0.99721,0.00217,0.00061,0.00002
136.60126,0.49750,0.99442,0.00472,0.00082,0.00003
136.70125,0.49750,0.99357,0.00543,0.00082,0.00017
136.80125,0.49750,0.99626,0.00247,0.00050,0.00078
136.90125,0.49750,0.99647,0.00195,0.00039,0.00120
137.00125,0.49750,0.99221,0.00633,0.00081,0.00065
137.10126,0.49750,0.98595,0.01259,0.00129,0.00017
137.20125,0.49750,0.98662,0.01209,0.00126,0.00003
137.30125,0.49750,0.98747,0.01133,0.00118,0.00002
137.40125,0.49750,0.98820,0.01055,0.00114,0.00011
137.50125,0.49750,0.99326,0.00531,0.00077,0.00066
137.60126,0.49750,0.99632,0.00210,0.00038,0.00120
137.70125,0.49750,0.99502,0.00340,0.00054,0.00104
137.80125,0.49750,0.98981,0.00881,0.00105,0.00032
137.90125,0.49750,0.98809,0.01066,0.00120,0.00005
138.00125,0.49750,0.99061,0.00833,0.00104,0.00002
138.10126,0.49750,0.98999,0.00882,0.00113,0.00006
138.20125,0.49750,0.99416,0.00470,0.00081,0.00034
138.30125,0.49750,0.99707,0.00191,0.00040,0.00062
138.40125,0.49750,0.99670,0.00224,0.00043,0.00063
138.50125,0.49750,0.99461,0.00448,0.00069,0.00021
138.60126,0.49750,0.99572,0.00359,0.00063,0.00005
138.70125,0.49750,0.99531,0.00401,0.00066,0.00002
138.80125,0.49750,0.99672,0.00269,0.00056,0.00002
138.90125,0.49750,0.99869,0.00094,0.00029,0.00008
139.00125,0.49750,0.99914,0.00047,0.00016,0.00023
139.10126,0.49750,0.99897,0.00052,0.00016,0.00035
139.20125,0.49750,0.99903,0.00049,0.00016,0.00033
139.30125,0.49750,0.99899,0.00065,0.00018,0.00018
139.40125,0.49750,0.99844,0.00122,0.00027,0.00008
139.50125,0.49750,0.99802,0.00157,0.00035,0.00005
139.60126,0.49750,0.99898,0.00072,0.00023,0.00007
139.70125,0.49750,0.99922,0.00049,0.00018,0.00011
139.80125,0.49750,0.99906,0.00061,0.00021,0.00012
139.90125,0.49750,0.99899,0.00068,0.00022,0.00010
140.00125,0.49750,0.99868,0.00099,0.00027,0.00007
140.10126,0.49750,0.99828,0.00134,0.00033,0.00006
140.20125,0.49750,0.99832,0.00129,0.00033,0.00006
140.30125,0.49750,0.99868,0.00100,0.00025,0.00007
140.40125,0.49750,0.99906,0.00064,0.00018,0.00012
140.50125,0.49750,0.99920,0.00046,0.00015,0.00019
140.60126,0.49750,0.99920,0.00047,0.00014,0.00019
140.70125,0.49750,0.99918,0.00052,0.00014,0.00015
140.80125,0.49750,0.99907,0.00063,0.00017,0.00013
140.90125,0.49750,0.99889,0.00080,0.00022,0.00010
141.00125,0.49750,0.99920,0.00052,0.00018,0.00010
141.10126,0.49750,0.99923,0.00050,0.00018,0.00010
141.20125,0.49750,0.99907,0.00063,0.00021,0.00009
141.30125,0.49750,0.99905,0.00065,0.00022,0.00008
141.40125,0.49750,0.99895,0.00075,0.00023,0.00007
141.50125,0.49750,0.99860,0.00106,0.00027,0.00007
141.60126,0.49750,0.99863,0.00101,0.00027,0.00009
141.70125,0.49750,0.99880,0.00088,0.00023,0.00009
141.80125,0.49750,0.99895,0.00074,0.00019,0.00012
141.90125,0.49750,0.99906,0.00060,0.00017,0.00017
142.00125,0.49750,0.99910,0.00057,0.00016,0.00017
142.10126,0.49750,0.99907,0.00064,0.00016,0.00012
142.20125,0.49750,0.99892,0.00078,0.00020,0.00011
142.30125,0.49750,0.99907,0.00063,0.00018,0.00012
142.40125,0.49750,0.99935,0.00038,0.00014,0.00013
142.50125,0.49750,0.99929,0.00044,0.00016,0.00011
142.60126,0.49750,0.99904,0.00066,0.00022,0.00008
142.70125,0.49750,0.99898,0.00071,0.00024,0.00007
142.80125,0.49750,0.99881,0.00086,0.00028,0.00005
142.90125,0.49750,0.99843,0.00119,0.00032,0.00005
143.00125,0.49750,0.99855,0.00107,0.00029,0.00009
143.10126,0.49750,0.99879,0.00087,0.00023,0.00011
143.20125,0.49750,0.99909,0.00057,0.00016,0.00018
143.30125,0.49750,0.99908,0.00053,0.00015,0.00024
143.40125,0.49750,0.99917,0.00047,0.00014,0.00022
143.50125,0.49750,0.99925,0.00046,0.00014,0.00015
143.60126,0.49750,0.99910,0.00059,0.00018,0.00014
143.70125,0.49750,0.99823,0.00139,0.00032,0.00006
143.80125,0.49750,0.99681,0.00267,0.00049,0.00003
143.90125,0.49750,0.99586,0.00355,0.00057,0.00003
144.00125,0.49750,0.99555,0.00377,0.00060,0.00007
144.10126,0.49750,0.99765,0.00180,0.00037,0.00019
144.20125,0.49750,0.99848,0.00095,0.00023,0.00033
144.30125,0.49750,0.99830,0.00112,0.00026,0.00031
144.40125,0.49750,0.99824,0.00128,0.00030,0.00019
144.50125,0.49750,0.99914,0.00056,0.00019,0.00010
144.60126,0.49750,0.99931,0.00043,0.00019,0.00006
144.70125,0.49750,0.99925,0.00047,0.00021,0.00006
144.80125,0.49750,0.99912,0.00058,0.00025,0.00005
144.90125,0.49750,0.99881,0.00085,0.00031,0.00004
145.00125,0.49750,0.99809,0.00147,0.00039,0.00005
145.10126,0.49750,0.99797,0.00159,0.00036,0.00009
145.20125,0.49750,0.99863,0.00101,0.00024,0.00013
145.30125,0.49750,0.99904,0.00055,0.00015,0.00025
145.40125,0.49750,0.99907,0.00043,0.00013,0.00036
145.50125,0.49750,0.99923,0.00041,0.00012,0.00024
145.60126,0.49750,0.99906,0.00064,0.00017,0.00013
145.70125,0.49750,0.99891,0.00078,0.00021,0.00010
145.80125,0.49750,0.99922,0.00050,0.00020,0.00008
145.90125,0.49750,0.99933,0.00041,0.00018,0.00008
146.00125,0.49750,0.99931,0.00042,0.00018,0.00009
146.10126,0.49750,0.99943,0.00030,0.00016,0.00010
146.20125,0.49750,0.99939,0.00035,0.00017,0.00009
146.30125,0.49750,0.99899,0.00071,0.00024,0.00007
146.40125,0.49750,0.99889,0.00078,0.00027,0.00007
146.50125,0.49750,0.99883,0.00083,0.00026,0.00008
146.60126,0.49750,0.99847,0.00118,0.00029,0.00007
146.70125,0.49750,0.99877,0.00091,0.00022,0.00010
146.80125,0.49750,0.99892,0.00074,0.00018,0.00016
146.90125,0.49750,0.99894,0.00075,0.00016,0.00015
147.00125,0.49750,0.99898,0.00071,0.00015,0.00015
147.10126,0.49750,0.99894,0.00075,0.00016,0.00015
147.20125,0.49750,0.99909,0.00061,0.00016,0.00014
147.30125,0.49750,0.99932,0.00040,0.00014,0.00014
147.40125,0.49750,0.99931,0.00042,0.00015,0.00012
147.50125,0.49750,0.99918,0.00054,0.00019,0.00009
147.60126,0.49750,0.99903,0.00067,0.00023,0.00007
147.70125,0.49750,0.99850,0.00113,0.00034,0.00003
147.80125,0.49750,0.99794,0.00161,0.00042,0.00003
147.90125,0.49750,0.99773,0.00175,0.00045,0.00007
148.00125,0.49750,0.99841,0.00116,0.00032,0.00011
148.10126,0.49750,0.99856,0.00103,0.00027,0.00014
148.20125,0.49750,0.99855,0.00100,0.00024,0.00021
148.30125,0.49750,0.99865,0.00091,0.00023,0.00021
148.40125,0.49750,0.99899,0.00070,0.00018,0.00013
148.50125,0.49750,0.99892,0.00077,0.00019,0.00012
148.60126,0.49750,0.99915,0.00053,0.00016,0.00016
148.70125,0.49750,0.99934,0.00035,0.00013,0.00018
148.80125,0.49750,0.99928,0.00043,0.00015,0.00014
148.90125,0.49750,0.99890,0.00079,0.00023,0.00008
149.00125,0.49750,0.99863,0.00103,0.00028,0.00006
149.10126,0.49750,0.99808,0.00151,0.00037,0.00004
149.20125,0.49750,0.99729,0.00222,0.00046,0.00003
149.30125,0.49750,0.99696,0.00250,0.00048,0.00007
149.40125,0.49750,0.99776,0.00161,0.00037,0.00026
149.50125,0.49750,0.99842,0.00086,0.00023,0.00050
149.60126,0.49750,0.99804,0.00122,0.00028,0.00046
149.70125,0.49750,0.99588,0.00338,0.00057,0.00017
149.80125,0.49750,0.99454,0.00470,0.00071,0.00004
149.90125,0.49750,0.99475,0.00454,0.00069,0.00002
150.00125,0.49750,0.99480,0.00444,0.00071,0.00005
150.10126,0.49750,0.99716,0.00216,0.00047,0.00021
150.20125,0.49750,0.99834,0.00092,0.00025,0.00049
150.30125,0.49750,0.99798,0.00127,0.00030,0.00045
150.40125,0.49750,0.99631,0.00297,0.00055,0.00017
150.50125,0.49750,0.99560,0.00372,0.00064,0.00004
150.60126,0.49750,0.99580,0.00354,0.00063,0.00002
150.70125,0.49750,0.99716,0.00231,0.00049,0.00003
150.80125,0.49750,0.99869,0.00097,0.00026,0.00008
150.90125,0.49750,0.99920,0.00047,0.00014,0.00019
151.00125,0.49750,0.99923,0.00032,0.00010,0.00034
151.10126,0.49750,0.99921,0.00037,0.00011,0.00031
151.20125,0.49750,0.99917,0.00051,0.00014,0.00019
151.30125,0.49750,0.99898,0.00071,0.00018,0.00012
151.40125,0.49750,0.99881,0.00088,0.00022,0.00009
151.50125,0.49750,0.99864,0.00102,0.00026,0.00007
151.60126,0.49750,0.99865,0.00101,0.00026,0.00007
151.70125,0.49750,0.99879,0.00089,0.00024,0.00008
151.80125,0.49750,0.99903,0.00067,0.00020,0.00011
151.90125,0.49750,0.99914,0.00056,0.00018,0.00012
152.00125,0.49750,0.99915,0.00055,0.00017,0.00013
152.10126,0.49750,0.99913,0.00057,0.00018,0.00012
152.20125,0.49750,0.99911,0.00058,0.00018,0.00012
152.30125,0.49750,0.99907,0.00062,0.00019,0.00012
152.40125,0.49750,0.99907,0.00062,0.00019,0.00012
152.50125,0.49750,0.99905,0.00064,0.00019,0.00012
152.60126,0.49750,0.99899,0.00070,0.00020,0.00011
152.70125,0.49750,0.99895,0.00074,0.00021,0.00010
152.80125,0.49750,0.99891,0.00078,0.00022,0.00009
152.90125,0.49750,0.99888,0.00080,0.00022,0.00009
153.00125,0.49750,0.99890,0.00078,0.00022,0.00010
153.10126,0.49750,0.99895,0.00074,0.00020,0.00010
153.20125,0.49750,0.99900,0.00070,0.00019,0.00011
153.30125,0.49750,0.99900,0.00070,0.00019,0.00011
153.40125,0.49750,0.99911,0.00060,0.00018,0.00012
153.50125,0.49750,0.99915,0.00056,0.00017,0.00012
153.60126,0.49750,0.99914,0.00057,0.00017,0.00012
153.70125,0.49750,0.99918,0.00053,0.00017,0.00012
153.80125,0.49750,0.99920,0.00051,0.00016,0.00012
153.90125,0.49750,0.99910,0.00061,0.00018,0.00011
154.00125,0.49750,0.99907,0.00064,0.00019,0.00010
154.10126,0.49750,0.99910,0.00061,0.00019,0.00010
154.20125,0.49750,0.99913,0.00058,0.00019,0.00011
154.30125,0.49750,0.99914,0.00056,0.00018,0.00012
154.40125,0.49750,0.99911,0.00060,0.00018,0.00011
154.50125,0.49750,0.99910,0.00061,0.00018,0.00011
154.60126,0.49750,0.99917,0.00054,0.00017,0.00012
154.70125,0.49750,0.99914,0.00057,0.00017,0.00012
154.80125,0.49750,0.99904,0.00066,0.00019,0.00011
154.90125,0.49750,0.99908,0.00062,0.00019,0.00011
155.00125,0.49750,0.99918,0.00053,0.00017,0.00012
155.10126,0.49750,0.99906,0.00065,0.00019,0.00011
155.20125,0.49750,0.99897,0.00072,0.00020,0.00010
155.30125,0.49750,0.99909,0.00061,0.00018,0.00012
155.40125,0.49750,0.99915,0.00056,0.00017,0.00012
155.50125,0.49750,0.99901,0.00069,0.00019,0.00011
155.60126,0.49750,0.99899,0.00071,0.00019,0.00011
155.70125,0.49750,0.99909,0.00062,0.00018,0.00011
155.80125,0.49750,0.99907,0.00064,0.00018,0.00011
155.90125,0.49750,0.99898,0.00072,0.00020,0.00010
156.00125,0.49750,0.99906,0.00065,0.00019,0.00011
156.10126,0.49750,0.99917,0.00054,0.00017,0.00012
156.20125,0.49750,0.99912,0.00059,0.00018,0.00011
156.30125,0.49750,0.99908,0.00063,0.00019,0.00011
156.40125,0.49750,0.99913,0.00058,0.00018,0.00011
156.50125,0.49750,0.99912,0.00059,0.00018,0.00011
156.60126,0.49750,0.99901,0.00069,0.00020,0.00010
156.70125,0.49750,0.99901,0.00069,0.00020,0.00011
156.80125,0.49750,0.99909,0.00062,0.00018,0.00012
156.90125,0.49750,0.99907,0.00064,0.00018,0.00012
157.00125,0.49750,0.99900,0.00069,0.00019,0.00011
157.10126,0.49750,0.99901,0.00069,0.00019,0.00011
157.20125,0.49750,0.99904,0.00066,0.00019,0.00011
157.30125,0.49750,0.99904,0.00066,0.00019,0.00011
157.40125,0.49750,0.99906,0.00064,0.00019,0.00011
157.50125,0.49750,0.99911,0.00060,0.00018,0.00012
157.60126,0.49750,0.99912,0.00058,0.00018,0.00012
157.70125,0.49750,0.99911,0.00059,0.00018,0.00012
157.80125,0.49750,0.99910,0.00060,0.00018,0.00012
157.90125,0.49750,0.99906,0.00064,0.00019,0.00012
158.00125,0.49750,0.99904,0.00066,0.00019,0.00011
158.10126,0.49750,0.99907,0.00063,0.00018,0.00012
158.20125,0.49750,0.99906,0.00064,0.00019,0.00011
158.30125,0.49750,0.99900,0.00069,0.00020,0.00011
158.40125,0.49750,0.99903,0.00066,0.00019,0.00011
158.50125,0.49750,0.99906,0.00064,0.00019,0.00012
158.60126,0.49750,0.99903,0.00067,0.00019,0.00011
158.70125,0.49750,0.99904,0.00065,0.00019,0.00012
158.80125,0.49750,0.99911,0.00059,0.00018,0.00013
158.90125,0.49750,0.99911,0.00059,0.00018,0.00012
159.00125,0.49750,0.99907,0.00063,0.00019,0.00011
159.10126,0.49750,0.99907,0.00062,0.00019,0.00012
159.20125,0.49750,0.99910,0.00060,0.00019,0.00012
159.30125,0.49750,0.99905,0.00065,0.00019,0.00011
159.40125,0.49750,0.99901,0.00068,0.00020,0.00011
159.50125,0.49750,0.99905,0.00065,0.00019,0.00011
159.60126,0.49750,0.99904,0.00066,0.00019,0.00011
159.70125,0.49750,0.99897,0.00072,0.00021,0.00010
159.80125,0.49750,0.99904,0.00065,0.00019,0.00011
159.90125,0.49750,0.99915,0.00056,0.00017,0.00012
160.00125,0.49750,0.99912,0.00058,0.00017,0.00012
160.10126,0.49750,0.99915,0.00055,0.00017,0.00013
160.20125,0.49750,0.99917,0.00053,0.00017,0.00013
160.30125,0.49750,0.99915,0.00055,0.00017,0.00013
160.40125,0.49750,0.99880,0.00088,0.00022,0.00010
160.50125,0.49750,0.99545,0.00380,0.00058,0.00018
160.60126,0.49750,0.98026,0.01805,0.00135,0.00034
160.70125,0.49750,0.98117,0.01700,0.00152,0.00031
160.80125,0.49750,0.98628,0.01180,0.00175,0.00017
160.90125,0.49750,0.98926,0.00867,0.00179,0.00029
161.00125,0.49750,0.98819,0.01075,0.00039,0.00066
161.10126,0.49750,0.99422,0.00471,0.00018,0.00088
161.20125,0.49750,0.98078,0.01472,0.00034,0.00415
161.30125,0.49750,0.95054,0.02561,0.00032,0.02353
161.40125,0.49750,0.95032,0.03689,0.00041,0.01238
161.50125,0.49750,0.98043,0.01653,0.00159,0.00145
161.60126,0.49750,0.98065,0.01727,0.00180,0.00028
161.70125,0.49750,0.97996,0.01832,0.00170,0.00003
161.80125,0.49750,0.96571,0.03186,0.00242,0.00001
161.90125,0.49750,0.97667,0.02152,0.00180,0.00001
162.00125,0.49750,0.98968,0.00925,0.00099,0.00008
162.10126,0.49750,0.98787,0.01030,0.00102,0.00081
162.20125,0.49750,0.99125,0.00521,0.00062,0.00292
162.30125,0.49750,0.99178,0.00505,0.00064,0.00253
162.40125,0.49750,0.99376,0.00443,0.00057,0.00125
162.50125,0.49750,0.99756,0.00159,0.00033,0.00052
162.60126,0.49750,0.99925,0.00050,0.00019,0.00006
162.70125,0.49750,0.99879,0.00086,0.00033,0.00002
162.80125,0.49750,0.99862,0.00094,0.00043,0.00001
162.90125,0.49750,0.99721,0.00196,0.00083,0.00001
163.00125,0.49750,0.99650,0.00233,0.00116,0.00000
163.10126,0.49750,0.99895,0.00043,0.00062,0.00000
163.20125,0.49750,0.99862,0.00063,0.00073,0.00002
163.30125,0.49750,0.99937,0.00016,0.00045,0.00002
163.40125,0.49750,0.99949,0.00011,0.00037,0.00004
163.50125,0.49750,0.99745,0.00110,0.00136,0.00009
163.60126,0.49750,0.94807,0.03581,0.01589,0.00024
163.70125,0.49750,0.95551,0.02588,0.01833,0.00029
163.80125,0.49750,0.94870,0.03421,0.01496,0.00213
163.90125,0.49750,0.92644,0.05365,0.01159,0.00832
164.00125,0.49750,0.97589,0.01078,0.00294,0.01039
164.10126,0.49750,0.99273,0.00097,0.00032,0.00598
164.20125,0.49750,0.99660,0.00091,0.00021,0.00228
164.30125,0.49750,0.99697,0.00215,0.00031,0.00056
164.40125,0.49750,0.99764,0.00185,0.00042,0.00009
164.50125,0.49750,0.99711,0.00234,0.00049,0.00006
164.60126,0.49750,0.99503,0.00430,0.00062,0.00005
164.70125,0.49750,0.99773,0.00178,0.00038,0.00011
164.80125,0.49750,0.99902,0.00059,0.00018,0.00021
164.90125,0.49750,0.99911,0.00037,0.00013,0.00039
165.00125,0.49750,0.99897,0.00027,0.00011,0.00065
165.10126,0.49750,0.99900,0.00029,0.00012,0.00059
165.20125,0.49750,0.99909,0.00039,0.00015,0.00037
165.30125,0.49750,0.99900,0.00060,0.00020,0.00021
165.40125,0.49750,0.99876,0.00087,0.00025,0.00012
165.50125,0.49750,0.99869,0.00094,0.00027,0.00010
165.60126,0.49750,0.99888,0.00076,0.00024,0.00011
165.70125,0.49750,0.99898,0.00067,0.00022,0.00013
165.80125,0.49750,0.99909,0.00057,0.00019,0.00015
165.90125,0.49750,0.99912,0.00053,0.00019,0.00016
166.00125,0.49750,0.99903,0.00062,0.00021,0.00014
166.10126,0.49750,0.99897,0.00067,0.00022,0.00013
166.20125,0.49750,0.99899,0.00065,0.00022,0.00013
166.30125,0.49750,0.99901,0.00063,0.00022,0.00014
166.40125,0.49750,0.99905,0.00060,0.00021,0.00014
166.50125,0.49750,0.99905,0.00060,0.00020,0.00014
166.60126,0.49750,0.99903,0.00062,0.00021,0.00014
166.70125,0.49750,0.99895,0.00070,0.00023,0.00012
166.80125,0.49750,0.99884,0.00081,0.00025,0.00010
166.90125,0.49750,0.99882,0.00083,0.00028,0.00007
