Time(Seconds),Length(Seconds),Label(string),Confidence(double),Comment(string)
0.867718,1.5259264,Sidehook_R,1,
2.9230475,1.2456542,Sidehook_R,1,
4.542398,1.3390782,Sidehook_R,1,
6.2240312,1.3079369,Sidehook_R,1,
7.9056644,1.3079369,Sidehook_R,1,
9.6807216,1.3079369,Sidehook_R,1,
11.3623548,1.2145128,Sidehook_R,1,
12.8571399,1.2767955,Sidehook_R,1,
14.5076318,1.2456542,Sidehook_R,1,
16.189265,1.494785,Sidehook_R,1,
17.9643222,1.2767955,Sidehook_R,1,
19.7082381,1.2456542,Sidehook_R,1,
21.4210127,1.2767955,Sidehook_R,1,
23.19607,1.2145128,Sidehook_R,1,
24.8073914,1.2456542,Sidehook_R,1,
26.3333179,1.401361,Sidehook_R,1,
28.0149511,1.3390782,Sidehook_R,1,
29.6965843,1.2456542,Sidehook_R,1,
31.253652,1.3390782,Sidehook_R,1,
32.8730025,1.1833715,Sidehook_R,1,
34.492353,1.2767955,Sidehook_R,1,
36.1117035,1.401361,Sidehook_R,1,
37.8244781,1.2767955,Sidehook_R,1,
39.3815458,1.2767955,Sidehook_R,1,
41.8723478,1.2767955,Sidehook_R,1,
43.6785464,1.4636437,Sidehook_R,1,
45.484745,1.3702196,Sidehook_R,1,
47.322085,1.3702196,Sidehook_R,1,
49.0660009,1.3702196,Sidehook_R,1,
50.7476341,1.4325023,Sidehook_R,1,
52.6161155,1.3079369,Sidehook_R,1,
54.2977487,1.3079369,Sidehook_R,1,
55.9793819,1.4325023,Sidehook_R,1,
57.7544391,1.2456542,Sidehook_R,1,
59.4672137,1.3079369,Sidehook_R,1,
63.0433406,0.6652018,Uppercut_R,1,
64.5820293,0.7147221999999999,Uppercut_R,1,
66.4021666,0.6961668,Uppercut_R,1,
68.172607,0.7238675999999998,Uppercut_R,1,
69.9384307,0.7204270000000002,Uppercut_R,1,
71.72607389999999,0.678964,Uppercut_R,1,
73.45169899999999,0.8034413,Uppercut_R,1,
75.35593850000001,0.7018716999999999,Uppercut_R,1,
77.0489814,0.6962550000000001,Uppercut_R,1,
78.7142829,0.7740285,Uppercut_R,1,
80.3503923,0.6894005999999999,Uppercut_R,1,
82.046408,0.7525167000000001,Uppercut_R,1,
83.5076753,0.7405107,Uppercut_R,1,
85.0759156,0.7308812,Uppercut_R,1,
86.7128584,0.6838143,Uppercut_R,1,
88.3618073,0.8505699,Uppercut_R,1,
89.9500164,0.8434405999999999,Uppercut_R,1,
91.7250737,0.7556027999999999,Uppercut_R,1,
93.3738987,0.7164986999999998,Uppercut_R,1,
94.90191,0.9497040999999999,Uppercut_R,1,
96.6881398,0.7875775999999999,Uppercut_R,1,
98.4535675,0.9298591,Uppercut_R,1,
100.2582231,0.8657857999999999,Uppercut_R,1,
102.10506889999999,0.8027934000000001,Uppercut_R,1,
103.9063908,0.7525167000000001,Uppercut_R,1,
105.6264185,0.8275151000000001,Uppercut_R,1,
107.3879267,0.788411,Uppercut_R,1,
109.1365955,0.7613129000000001,Uppercut_R,1,
110.8669624,0.7733188999999998,Uppercut_R,1,
112.6403528,0.75656,Uppercut_R,1,
114.4046872,0.7645228,Uppercut_R,1,
116.2236015,0.7885347999999999,Uppercut_R,1,
117.9962823,0.7213754000000001,Uppercut_R,1,
119.7098903,0.7781956000000001,Uppercut_R,1,
