Time (seconds), Duration (seconds),pred_(unlabeled),pred_Jab_R,pred_Sidehook_R,pred_Uppercut_R
0.00125,0.99750,0.99845,0.00000,0.00000,0.00155
0.10125,0.99750,0.99844,0.00000,0.00000,0.00156
0.20125,0.99750,0.99844,0.00000,0.00000,0.00156
0.30125,0.99750,0.99843,0.00000,0.00000,0.00157
0.40125,0.99750,0.99842,0.00000,0.00000,0.00158
0.50125,0.99750,0.99843,0.00000,0.00000,0.00157
0.60125,0.99750,0.99843,0.00000,0.00000,0.00157
0.70125,0.99750,0.99844,0.00000,0.00000,0.00156
0.80125,0.99750,0.99846,0.00000,0.00000,0.00154
0.90125,0.99750,0.99848,0.00000,0.00000,0.00152
1.00125,0.99750,0.99849,0.00000,0.00000,0.00151
1.10125,0.99750,0.99850,0.00000,0.00000,0.00150
1.20125,0.99750,0.99850,0.00000,0.00000,0.00150
1.30125,0.99750,0.99850,0.00000,0.00000,0.00150
1.40125,0.99750,0.99850,0.00000,0.00000,0.00150
1.50125,0.99750,0.99850,0.00000,0.00000,0.00150
1.60125,0.99750,0.99849,0.00000,0.00000,0.00151
1.70125,0.99750,0.99848,0.00000,0.00000,0.00152
1.80125,0.99750,0.99844,0.00000,0.00000,0.00156
1.90125,0.99750,0.99844,0.00000,0.00000,0.00156
2.00125,0.99750,0.99843,0.00000,0.00000,0.00157
2.10125,0.99750,0.99843,0.00000,0.00000,0.00157
2.20125,0.99750,0.99842,0.00000,0.00000,0.00158
2.30125,0.99750,0.99842,0.00000,0.00000,0.00158
2.40125,0.99750,0.99843,0.00000,0.00000,0.00157
2.50125,0.99750,0.99843,0.00000,0.00000,0.00157
2.60125,0.99750,0.99844,0.00000,0.00000,0.00156
2.70125,0.99750,0.99844,0.00000,0.00000,0.00156
2.80125,0.99750,0.99845,0.00000,0.00000,0.00155
2.90125,0.99750,0.99846,0.00000,0.00000,0.00154
3.00125,0.99750,0.99855,0.00000,0.00000,0.00145
3.10125,0.99750,0.99843,0.00000,0.00000,0.00157
3.20125,0.99750,0.99810,0.00000,0.00000,0.00190
3.30125,0.99750,0.99772,0.00000,0.00000,0.00228
3.40125,0.99750,0.99511,0.00000,0.00000,0.00489
3.50125,0.99750,0.99656,0.00000,0.00000,0.00344
3.60125,0.99750,0.99496,0.00000,0.00000,0.00504
3.70125,0.99750,0.99462,0.00000,0.00000,0.00538
3.80125,0.99750,0.99483,0.00000,0.00000,0.00517
3.90125,0.99750,0.99508,0.00000,0.00000,0.00492
4.00125,0.99750,0.99388,0.00000,0.00000,0.00612
4.10125,0.99750,0.99361,0.00000,0.00000,0.00639
4.20125,0.99750,0.99434,0.00000,0.00000,0.00566
4.30125,0.99750,0.99740,0.00000,0.00000,0.00260
4.40125,0.99750,0.99803,0.00000,0.00000,0.00197
4.50125,0.99750,0.99647,0.00000,0.00000,0.00353
4.60125,0.99750,0.99636,0.00000,0.00000,0.00364
4.70125,0.99750,0.99674,0.00000,0.00000,0.00326
4.80125,0.99750,0.99668,0.00000,0.00000,0.00332
4.90125,0.99750,0.99573,0.00000,0.00000,0.00427
5.00125,0.99750,0.99510,0.00000,0.00000,0.00490
5.10125,0.99750,0.99574,0.00000,0.00000,0.00426
5.20125,0.99750,0.99609,0.00000,0.00000,0.00391
5.30125,0.99750,0.99487,0.00000,0.00000,0.00513
5.40125,0.99750,0.99575,0.00000,0.00000,0.00425
5.50125,0.99750,0.99730,0.00000,0.00000,0.00270
5.60125,0.99750,0.99775,0.00000,0.00000,0.00225
5.70125,0.99750,0.99694,0.00000,0.00000,0.00306
5.80125,0.99750,0.99744,0.00000,0.00000,0.00256
5.90125,0.99750,0.99827,0.00000,0.00000,0.00173
6.00125,0.99750,0.99870,0.00000,0.00000,0.00130
6.10125,0.99750,0.99833,0.00000,0.00000,0.00167
6.20125,0.99750,0.99828,0.00000,0.00000,0.00172
6.30125,0.99750,0.99867,0.00000,0.00000,0.00133
6.40125,0.99750,0.99878,0.00000,0.00000,0.00122
6.50125,0.99750,0.99869,0.00000,0.00000,0.00131
6.60125,0.99750,0.99872,0.00000,0.00000,0.00128
6.70125,0.99750,0.99871,0.00000,0.00000,0.00129
6.80125,0.99750,0.99871,0.00000,0.00000,0.00129
6.90125,0.99750,0.99870,0.00000,0.00000,0.00130
7.00125,0.99750,0.99870,0.00000,0.00000,0.00130
7.10125,0.99750,0.99867,0.00000,0.00000,0.00133
7.20125,0.99750,0.99857,0.00000,0.00000,0.00143
7.30125,0.99750,0.99850,0.00000,0.00000,0.00150
7.40125,0.99750,0.99846,0.00000,0.00000,0.00154
7.50125,0.99750,0.99843,0.00000,0.00000,0.00157
7.60125,0.99750,0.99842,0.00000,0.00000,0.00158
7.70125,0.99750,0.99843,0.00000,0.00000,0.00157
7.80125,0.99750,0.99842,0.00000,0.00000,0.00158
7.90125,0.99750,0.99844,0.00000,0.00000,0.00156
8.00125,0.99750,0.99844,0.00000,0.00000,0.00156
8.10125,0.99750,0.99844,0.00000,0.00000,0.00156
8.20125,0.99750,0.99844,0.00000,0.00000,0.00156
8.30125,0.99750,0.99844,0.00000,0.00000,0.00156
8.40125,0.99750,0.99843,0.00000,0.00000,0.00157
8.50125,0.99750,0.99842,0.00000,0.00000,0.00158
8.60125,0.99750,0.99842,0.00000,0.00000,0.00158
8.70125,0.99750,0.99842,0.00000,0.00000,0.00158
8.80125,0.99750,0.99841,0.00000,0.00000,0.00159
8.90125,0.99750,0.99841,0.00000,0.00000,0.00159
9.00125,0.99750,0.99840,0.00000,0.00000,0.00160
9.10125,0.99750,0.99841,0.00000,0.00000,0.00159
9.20125,0.99750,0.99841,0.00000,0.00000,0.00159
9.30125,0.99750,0.99841,0.00000,0.00000,0.00159
9.40125,0.99750,0.99842,0.00000,0.00000,0.00158
9.50125,0.99750,0.99842,0.00000,0.00000,0.00158
9.60125,0.99750,0.99842,0.00000,0.00000,0.00158
9.70125,0.99750,0.99842,0.00000,0.00000,0.00158
9.80125,0.99750,0.99842,0.00000,0.00000,0.00158
9.90125,0.99750,0.99842,0.00000,0.00000,0.00158
10.00125,0.99750,0.99842,0.00000,0.00000,0.00158
10.10125,0.99750,0.99843,0.00000,0.00000,0.00157
10.20125,0.99750,0.99843,0.00000,0.00000,0.00157
10.30125,0.99750,0.99843,0.00000,0.00000,0.00157
10.40125,0.99750,0.99843,0.00000,0.00000,0.00157
10.50125,0.99750,0.99842,0.00000,0.00000,0.00158
10.60125,0.99750,0.99842,0.00000,0.00000,0.00158
10.70125,0.99750,0.99842,0.00000,0.00000,0.00158
10.80125,0.99750,0.99842,0.00000,0.00000,0.00158
10.90125,0.99750,0.99842,0.00000,0.00000,0.00158
11.00125,0.99750,0.99842,0.00000,0.00000,0.00158
11.10125,0.99750,0.99841,0.00000,0.00000,0.00159
11.20125,0.99750,0.99841,0.00000,0.00000,0.00159
11.30125,0.99750,0.99841,0.00000,0.00000,0.00159
11.40125,0.99750,0.99841,0.00000,0.00000,0.00159
11.50125,0.99750,0.99840,0.00000,0.00000,0.00160
11.60125,0.99750,0.99840,0.00000,0.00000,0.00160
11.70125,0.99750,0.99840,0.00000,0.00000,0.00160
11.80125,0.99750,0.99840,0.00000,0.00000,0.00160
11.90125,0.99750,0.99840,0.00000,0.00000,0.00160
12.00125,0.99750,0.99841,0.00000,0.00000,0.00159
12.10125,0.99750,0.99841,0.00000,0.00000,0.00159
12.20125,0.99750,0.99841,0.00000,0.00000,0.00159
12.30125,0.99750,0.99841,0.00000,0.00000,0.00159
12.40125,0.99750,0.99842,0.00000,0.00000,0.00158
12.50125,0.99750,0.99842,0.00000,0.00000,0.00158
12.60125,0.99750,0.99842,0.00000,0.00000,0.00158
12.70125,0.99750,0.99842,0.00000,0.00000,0.00158
12.80125,0.99750,0.99842,0.00000,0.00000,0.00158
12.90125,0.99750,0.99842,0.00000,0.00000,0.00158
13.00125,0.99750,0.99841,0.00000,0.00000,0.00159
13.10125,0.99750,0.99841,0.00000,0.00000,0.00159
13.20125,0.99750,0.99841,0.00000,0.00000,0.00159
13.30125,0.99750,0.99841,0.00000,0.00000,0.00159
13.40125,0.99750,0.99841,0.00000,0.00000,0.00159
13.50125,0.99750,0.99841,0.00000,0.00000,0.00159
13.60125,0.99750,0.99842,0.00000,0.00000,0.00158
13.70125,0.99750,0.99841,0.00000,0.00000,0.00159
13.80125,0.99750,0.99842,0.00000,0.00000,0.00158
13.90125,0.99750,0.99842,0.00000,0.00000,0.00158
14.00125,0.99750,0.99842,0.00000,0.00000,0.00158
14.10125,0.99750,0.99842,0.00000,0.00000,0.00158
14.20125,0.99750,0.99842,0.00000,0.00000,0.00158
14.30125,0.99750,0.99842,0.00000,0.00000,0.00158
14.40125,0.99750,0.99842,0.00000,0.00000,0.00158
14.50125,0.99750,0.99842,0.00000,0.00000,0.00158
14.60125,0.99750,0.99842,0.00000,0.00000,0.00158
14.70125,0.99750,0.99841,0.00000,0.00000,0.00159
14.80125,0.99750,0.99842,0.00000,0.00000,0.00158
14.90125,0.99750,0.99841,0.00000,0.00000,0.00159
15.00125,0.99750,0.99840,0.00000,0.00000,0.00160
15.10125,0.99750,0.99840,0.00000,0.00000,0.00160
15.20125,0.99750,0.99840,0.00000,0.00000,0.00160
15.30125,0.99750,0.99840,0.00000,0.00000,0.00160
15.40125,0.99750,0.99840,0.00000,0.00000,0.00160
15.50125,0.99750,0.99840,0.00000,0.00000,0.00160
15.60125,0.99750,0.99840,0.00000,0.00000,0.00160
15.70125,0.99750,0.99840,0.00000,0.00000,0.00160
15.80125,0.99750,0.99840,0.00000,0.00000,0.00160
15.90125,0.99750,0.99840,0.00000,0.00000,0.00160
16.00125,0.99750,0.99840,0.00000,0.00000,0.00160
16.10125,0.99750,0.99840,0.00000,0.00000,0.00160
16.20125,0.99750,0.99840,0.00000,0.00000,0.00160
16.30125,0.99750,0.99840,0.00000,0.00000,0.00160
16.40125,0.99750,0.99840,0.00000,0.00000,0.00160
16.50125,0.99750,0.99840,0.00000,0.00000,0.00160
16.60125,0.99750,0.99840,0.00000,0.00000,0.00160
16.70125,0.99750,0.99840,0.00000,0.00000,0.00160
16.80125,0.99750,0.99840,0.00000,0.00000,0.00160
16.90125,0.99750,0.99841,0.00000,0.00000,0.00159
17.00125,0.99750,0.99841,0.00000,0.00000,0.00159
17.10125,0.99750,0.99841,0.00000,0.00000,0.00159
17.20125,0.99750,0.99841,0.00000,0.00000,0.00159
17.30125,0.99750,0.99841,0.00000,0.00000,0.00159
17.40125,0.99750,0.99841,0.00000,0.00000,0.00159
17.50125,0.99750,0.99841,0.00000,0.00000,0.00159
17.60125,0.99750,0.99841,0.00000,0.00000,0.00159
17.70125,0.99750,0.99840,0.00000,0.00000,0.00160
17.80125,0.99750,0.99841,0.00000,0.00000,0.00159
17.90125,0.99750,0.99840,0.00000,0.00000,0.00160
18.00125,0.99750,0.99840,0.00000,0.00000,0.00160
18.10125,0.99750,0.99840,0.00000,0.00000,0.00160
18.20125,0.99750,0.99840,0.00000,0.00000,0.00160
18.30125,0.99750,0.99840,0.00000,0.00000,0.00160
18.40125,0.99750,0.99840,0.00000,0.00000,0.00160
18.50125,0.99750,0.99840,0.00000,0.00000,0.00160
18.60125,0.99750,0.99840,0.00000,0.00000,0.00160
18.70125,0.99750,0.99840,0.00000,0.00000,0.00160
18.80125,0.99750,0.99840,0.00000,0.00000,0.00160
18.90125,0.99750,0.99841,0.00000,0.00000,0.00159
19.00125,0.99750,0.99840,0.00000,0.00000,0.00160
19.10125,0.99750,0.99840,0.00000,0.00000,0.00160
19.20125,0.99750,0.99841,0.00000,0.00000,0.00159
19.30125,0.99750,0.99841,0.00000,0.00000,0.00159
19.40125,0.99750,0.99841,0.00000,0.00000,0.00159
19.50125,0.99750,0.99840,0.00000,0.00000,0.00160
19.60125,0.99750,0.99841,0.00000,0.00000,0.00159
19.70125,0.99750,0.99840,0.00000,0.00000,0.00160
19.80125,0.99750,0.99841,0.00000,0.00000,0.00159
19.90125,0.99750,0.99841,0.00000,0.00000,0.00159
20.00125,0.99750,0.99841,0.00000,0.00000,0.00159
20.10125,0.99750,0.99841,0.00000,0.00000,0.00159
20.20125,0.99750,0.99840,0.00000,0.00000,0.00160
20.30125,0.99750,0.99841,0.00000,0.00000,0.00159
20.40125,0.99750,0.99841,0.00000,0.00000,0.00159
20.50125,0.99750,0.99840,0.00000,0.00000,0.00160
20.60125,0.99750,0.99840,0.00000,0.00000,0.00160
20.70125,0.99750,0.99840,0.00000,0.00000,0.00160
20.80125,0.99750,0.99840,0.00000,0.00000,0.00160
20.90125,0.99750,0.99840,0.00000,0.00000,0.00160
21.00125,0.99750,0.99841,0.00000,0.00000,0.00159
21.10125,0.99750,0.99840,0.00000,0.00000,0.00160
21.20125,0.99750,0.99840,0.00000,0.00000,0.00160
21.30125,0.99750,0.99840,0.00000,0.00000,0.00160
21.40125,0.99750,0.99840,0.00000,0.00000,0.00160
21.50125,0.99750,0.99840,0.00000,0.00000,0.00160
21.60125,0.99750,0.99840,0.00000,0.00000,0.00160
21.70125,0.99750,0.99840,0.00000,0.00000,0.00160
21.80125,0.99750,0.99840,0.00000,0.00000,0.00160
21.90125,0.99750,0.99840,0.00000,0.00000,0.00160
22.00125,0.99750,0.99840,0.00000,0.00000,0.00160
22.10125,0.99750,0.99840,0.00000,0.00000,0.00160
22.20125,0.99750,0.99840,0.00000,0.00000,0.00160
22.30125,0.99750,0.99841,0.00000,0.00000,0.00159
22.40125,0.99750,0.99841,0.00000,0.00000,0.00159
22.50125,0.99750,0.99841,0.00000,0.00000,0.00159
22.60125,0.99750,0.99841,0.00000,0.00000,0.00159
22.70125,0.99750,0.99841,0.00000,0.00000,0.00159
22.80125,0.99750,0.99841,0.00000,0.00000,0.00159
22.90125,0.99750,0.99841,0.00000,0.00000,0.00159
23.00125,0.99750,0.99841,0.00000,0.00000,0.00159
23.10125,0.99750,0.99841,0.00000,0.00000,0.00159
23.20125,0.99750,0.99840,0.00000,0.00000,0.00160
23.30125,0.99750,0.99840,0.00000,0.00000,0.00160
23.40125,0.99750,0.99840,0.00000,0.00000,0.00160
23.50125,0.99750,0.99840,0.00000,0.00000,0.00160
23.60125,0.99750,0.99840,0.00000,0.00000,0.00160
23.70125,0.99750,0.99840,0.00000,0.00000,0.00160
23.80125,0.99750,0.99840,0.00000,0.00000,0.00160
23.90125,0.99750,0.99840,0.00000,0.00000,0.00160
24.00125,0.99750,0.99840,0.00000,0.00000,0.00160
24.10125,0.99750,0.99840,0.00000,0.00000,0.00160
24.20125,0.99750,0.99840,0.00000,0.00000,0.00160
24.30125,0.99750,0.99840,0.00000,0.00000,0.00160
24.40125,0.99750,0.99840,0.00000,0.00000,0.00160
24.50125,0.99750,0.99840,0.00000,0.00000,0.00160
24.60125,0.99750,0.99840,0.00000,0.00000,0.00160
24.70125,0.99750,0.99840,0.00000,0.00000,0.00160
24.80125,0.99750,0.99840,0.00000,0.00000,0.00160
24.90125,0.99750,0.99840,0.00000,0.00000,0.00160
25.00125,0.99750,0.99840,0.00000,0.00000,0.00160
25.10125,0.99750,0.99840,0.00000,0.00000,0.00160
25.20125,0.99750,0.99840,0.00000,0.00000,0.00160
25.30125,0.99750,0.99840,0.00000,0.00000,0.00160
25.40125,0.99750,0.99840,0.00000,0.00000,0.00160
25.50125,0.99750,0.99840,0.00000,0.00000,0.00160
25.60125,0.99750,0.99840,0.00000,0.00000,0.00160
25.70125,0.99750,0.99840,0.00000,0.00000,0.00160
25.80125,0.99750,0.99841,0.00000,0.00000,0.00159
25.90125,0.99750,0.99841,0.00000,0.00000,0.00159
26.00125,0.99750,0.99841,0.00000,0.00000,0.00159
26.10125,0.99750,0.99841,0.00000,0.00000,0.00159
26.20125,0.99750,0.99841,0.00000,0.00000,0.00159
26.30125,0.99750,0.99841,0.00000,0.00000,0.00159
26.40125,0.99750,0.99841,0.00000,0.00000,0.00159
26.50125,0.99750,0.99841,0.00000,0.00000,0.00159
26.60125,0.99750,0.99841,0.00000,0.00000,0.00159
26.70125,0.99750,0.99841,0.00000,0.00000,0.00159
26.80125,0.99750,0.99841,0.00000,0.00000,0.00159
26.90125,0.99750,0.99841,0.00000,0.00000,0.00159
27.00125,0.99750,0.99841,0.00000,0.00000,0.00159
27.10125,0.99750,0.99841,0.00000,0.00000,0.00159
27.20125,0.99750,0.99840,0.00000,0.00000,0.00160
27.30125,0.99750,0.99840,0.00000,0.00000,0.00160
27.40125,0.99750,0.99840,0.00000,0.00000,0.00160
27.50125,0.99750,0.99840,0.00000,0.00000,0.00160
27.60125,0.99750,0.99840,0.00000,0.00000,0.00160
27.70125,0.99750,0.99840,0.00000,0.00000,0.00160
27.80125,0.99750,0.99840,0.00000,0.00000,0.00160
27.90125,0.99750,0.99840,0.00000,0.00000,0.00160
28.00125,0.99750,0.99840,0.00000,0.00000,0.00160
28.10125,0.99750,0.99840,0.00000,0.00000,0.00160
28.20125,0.99750,0.99841,0.00000,0.00000,0.00159
28.30125,0.99750,0.99841,0.00000,0.00000,0.00159
28.40125,0.99750,0.99841,0.00000,0.00000,0.00159
28.50125,0.99750,0.99841,0.00000,0.00000,0.00159
28.60125,0.99750,0.99841,0.00000,0.00000,0.00159
28.70125,0.99750,0.99841,0.00000,0.00000,0.00159
28.80125,0.99750,0.99840,0.00000,0.00000,0.00160
28.90125,0.99750,0.99841,0.00000,0.00000,0.00159
29.00125,0.99750,0.99841,0.00000,0.00000,0.00159
29.10125,0.99750,0.99840,0.00000,0.00000,0.00160
29.20125,0.99750,0.99840,0.00000,0.00000,0.00160
29.30125,0.99750,0.99840,0.00000,0.00000,0.00160
29.40125,0.99750,0.99839,0.00000,0.00000,0.00161
29.50125,0.99750,0.99839,0.00000,0.00000,0.00161
29.60125,0.99750,0.99839,0.00000,0.00000,0.00161
29.70125,0.99750,0.99839,0.00000,0.00000,0.00161
29.80125,0.99750,0.99839,0.00000,0.00000,0.00161
29.90125,0.99750,0.99839,0.00000,0.00000,0.00161
30.00125,0.99750,0.99839,0.00000,0.00000,0.00161
30.10125,0.99750,0.99839,0.00000,0.00000,0.00161
30.20125,0.99750,0.99840,0.00000,0.00000,0.00160
30.30125,0.99750,0.99840,0.00000,0.00000,0.00160
30.40125,0.99750,0.99841,0.00000,0.00000,0.00159
30.50125,0.99750,0.99841,0.00000,0.00000,0.00159
30.60125,0.99750,0.99841,0.00000,0.00000,0.00159
30.70125,0.99750,0.99841,0.00000,0.00000,0.00159
30.80125,0.99750,0.99841,0.00000,0.00000,0.00159
30.90125,0.99750,0.99841,0.00000,0.00000,0.00159
31.00125,0.99750,0.99841,0.00000,0.00000,0.00159
31.10125,0.99750,0.99841,0.00000,0.00000,0.00159
31.20125,0.99750,0.99841,0.00000,0.00000,0.00159
31.30125,0.99750,0.99840,0.00000,0.00000,0.00160
31.40125,0.99750,0.99840,0.00000,0.00000,0.00160
31.50125,0.99750,0.99840,0.00000,0.00000,0.00160
31.60125,0.99750,0.99840,0.00000,0.00000,0.00160
31.70125,0.99750,0.99840,0.00000,0.00000,0.00160
31.80125,0.99750,0.99839,0.00000,0.00000,0.00161
31.90125,0.99750,0.99840,0.00000,0.00000,0.00160
32.00125,0.99750,0.99840,0.00000,0.00000,0.00160
32.10125,0.99750,0.99840,0.00000,0.00000,0.00160
32.20125,0.99750,0.99839,0.00000,0.00000,0.00161
32.30125,0.99750,0.99839,0.00000,0.00000,0.00161
32.40125,0.99750,0.99839,0.00000,0.00000,0.00161
32.50125,0.99750,0.99839,0.00000,0.00000,0.00161
32.60125,0.99750,0.99839,0.00000,0.00000,0.00161
32.70125,0.99750,0.99839,0.00000,0.00000,0.00161
32.80125,0.99750,0.99839,0.00000,0.00000,0.00161
32.90125,0.99750,0.99839,0.00000,0.00000,0.00161
33.00125,0.99750,0.99839,0.00000,0.00000,0.00161
33.10125,0.99750,0.99839,0.00000,0.00000,0.00161
33.20125,0.99750,0.99839,0.00000,0.00000,0.00161
33.30125,0.99750,0.99839,0.00000,0.00000,0.00161
33.40125,0.99750,0.99839,0.00000,0.00000,0.00161
33.50125,0.99750,0.99839,0.00000,0.00000,0.00161
33.60125,0.99750,0.99839,0.00000,0.00000,0.00161
33.70125,0.99750,0.99839,0.00000,0.00000,0.00161
33.80125,0.99750,0.99839,0.00000,0.00000,0.00161
33.90125,0.99750,0.99839,0.00000,0.00000,0.00161
34.00125,0.99750,0.99839,0.00000,0.00000,0.00161
34.10125,0.99750,0.99839,0.00000,0.00000,0.00161
34.20125,0.99750,0.99839,0.00000,0.00000,0.00161
34.30125,0.99750,0.99839,0.00000,0.00000,0.00161
34.40125,0.99750,0.99839,0.00000,0.00000,0.00161
34.50125,0.99750,0.99840,0.00000,0.00000,0.00160
34.60125,0.99750,0.99840,0.00000,0.00000,0.00160
34.70125,0.99750,0.99840,0.00000,0.00000,0.00160
34.80125,0.99750,0.99840,0.00000,0.00000,0.00160
34.90125,0.99750,0.99840,0.00000,0.00000,0.00160
35.00125,0.99750,0.99840,0.00000,0.00000,0.00160
35.10125,0.99750,0.99840,0.00000,0.00000,0.00160
35.20125,0.99750,0.99840,0.00000,0.00000,0.00160
35.30125,0.99750,0.99840,0.00000,0.00000,0.00160
35.40125,0.99750,0.99840,0.00000,0.00000,0.00160
35.50125,0.99750,0.99840,0.00000,0.00000,0.00160
35.60125,0.99750,0.99840,0.00000,0.00000,0.00160
35.70125,0.99750,0.99840,0.00000,0.00000,0.00160
35.80125,0.99750,0.99840,0.00000,0.00000,0.00160
35.90125,0.99750,0.99841,0.00000,0.00000,0.00159
36.00125,0.99750,0.99841,0.00000,0.00000,0.00159
36.10125,0.99750,0.99841,0.00000,0.00000,0.00159
36.20125,0.99750,0.99840,0.00000,0.00000,0.00160
36.30125,0.99750,0.99840,0.00000,0.00000,0.00160
36.40125,0.99750,0.99841,0.00000,0.00000,0.00159
36.50125,0.99750,0.99840,0.00000,0.00000,0.00160
36.60125,0.99750,0.99840,0.00000,0.00000,0.00160
36.70125,0.99750,0.99840,0.00000,0.00000,0.00160
36.80125,0.99750,0.99840,0.00000,0.00000,0.00160
36.90125,0.99750,0.99840,0.00000,0.00000,0.00160
37.00125,0.99750,0.99840,0.00000,0.00000,0.00160
37.10125,0.99750,0.99840,0.00000,0.00000,0.00160
37.20125,0.99750,0.99840,0.00000,0.00000,0.00160
37.30125,0.99750,0.99840,0.00000,0.00000,0.00160
37.40125,0.99750,0.99841,0.00000,0.00000,0.00159
37.50125,0.99750,0.99841,0.00000,0.00000,0.00159
37.60125,0.99750,0.99841,0.00000,0.00000,0.00159
37.70125,0.99750,0.99840,0.00000,0.00000,0.00160
37.80125,0.99750,0.99840,0.00000,0.00000,0.00160
37.90125,0.99750,0.99840,0.00000,0.00000,0.00160
38.00125,0.99750,0.99840,0.00000,0.00000,0.00160
38.10125,0.99750,0.99840,0.00000,0.00000,0.00160
38.20125,0.99750,0.99840,0.00000,0.00000,0.00160
38.30125,0.99750,0.99840,0.00000,0.00000,0.00160
38.40125,0.99750,0.99840,0.00000,0.00000,0.00160
38.50125,0.99750,0.99840,0.00000,0.00000,0.00160
38.60125,0.99750,0.99841,0.00000,0.00000,0.00159
38.70125,0.99750,0.99840,0.00000,0.00000,0.00160
38.80125,0.99750,0.99841,0.00000,0.00000,0.00159
38.90125,0.99750,0.99840,0.00000,0.00000,0.00160
39.00125,0.99750,0.99840,0.00000,0.00000,0.00160
39.10125,0.99750,0.99841,0.00000,0.00000,0.00159
39.20125,0.99750,0.99841,0.00000,0.00000,0.00159
39.30125,0.99750,0.99841,0.00000,0.00000,0.00159
39.40125,0.99750,0.99840,0.00000,0.00000,0.00160
39.50125,0.99750,0.99841,0.00000,0.00000,0.00159
39.60125,0.99750,0.99840,0.00000,0.00000,0.00160
39.70125,0.99750,0.99840,0.00000,0.00000,0.00160
39.80125,0.99750,0.99840,0.00000,0.00000,0.00160
39.90125,0.99750,0.99840,0.00000,0.00000,0.00160
40.00125,0.99750,0.99841,0.00000,0.00000,0.00159
40.10125,0.99750,0.99840,0.00000,0.00000,0.00160
40.20125,0.99750,0.99840,0.00000,0.00000,0.00160
40.30125,0.99750,0.99840,0.00000,0.00000,0.00160
40.40125,0.99750,0.99841,0.00000,0.00000,0.00159
40.50125,0.99750,0.99840,0.00000,0.00000,0.00160
40.60125,0.99750,0.99840,0.00000,0.00000,0.00160
40.70125,0.99750,0.99841,0.00000,0.00000,0.00159
40.80125,0.99750,0.99841,0.00000,0.00000,0.00159
40.90125,0.99750,0.99841,0.00000,0.00000,0.00159
41.00125,0.99750,0.99841,0.00000,0.00000,0.00159
41.10125,0.99750,0.99842,0.00000,0.00000,0.00158
41.20125,0.99750,0.99842,0.00000,0.00000,0.00158
41.30125,0.99750,0.99842,0.00000,0.00000,0.00158
41.40125,0.99750,0.99843,0.00000,0.00000,0.00157
41.50125,0.99750,0.99843,0.00000,0.00000,0.00157
41.60125,0.99750,0.99843,0.00000,0.00000,0.00157
41.70125,0.99750,0.99842,0.00000,0.00000,0.00158
41.80125,0.99750,0.99842,0.00000,0.00000,0.00158
41.90125,0.99750,0.99842,0.00000,0.00000,0.00158
42.00125,0.99750,0.99842,0.00000,0.00000,0.00158
42.10125,0.99750,0.99842,0.00000,0.00000,0.00158
42.20125,0.99750,0.99842,0.00000,0.00000,0.00158
42.30125,0.99750,0.99842,0.00000,0.00000,0.00158
42.40125,0.99750,0.99842,0.00000,0.00000,0.00158
42.50125,0.99750,0.99842,0.00000,0.00000,0.00158
42.60125,0.99750,0.99842,0.00000,0.00000,0.00158
42.70125,0.99750,0.99842,0.00000,0.00000,0.00158
42.80125,0.99750,0.99842,0.00000,0.00000,0.00158
42.90125,0.99750,0.99843,0.00000,0.00000,0.00157
43.00125,0.99750,0.99843,0.00000,0.00000,0.00157
43.10125,0.99750,0.99842,0.00000,0.00000,0.00158
43.20125,0.99750,0.99841,0.00000,0.00000,0.00159
43.30125,0.99750,0.99843,0.00000,0.00000,0.00157
43.40125,0.99750,0.99843,0.00000,0.00000,0.00157
43.50125,0.99750,0.99843,0.00000,0.00000,0.00157
43.60125,0.99750,0.99843,0.00000,0.00000,0.00157
43.70125,0.99750,0.99842,0.00000,0.00000,0.00158
43.80125,0.99750,0.99842,0.00000,0.00000,0.00158
43.90125,0.99750,0.99842,0.00000,0.00000,0.00158
44.00125,0.99750,0.99841,0.00000,0.00000,0.00159
44.10125,0.99750,0.99841,0.00000,0.00000,0.00159
44.20125,0.99750,0.99840,0.00000,0.00000,0.00160
44.30125,0.99750,0.99841,0.00000,0.00000,0.00159
44.40125,0.99750,0.99840,0.00000,0.00000,0.00160
44.50125,0.99750,0.99841,0.00000,0.00000,0.00159
44.60125,0.99750,0.99841,0.00000,0.00000,0.00159
44.70125,0.99750,0.99840,0.00000,0.00000,0.00160
44.80125,0.99750,0.99841,0.00000,0.00000,0.00159
44.90125,0.99750,0.99841,0.00000,0.00000,0.00159
45.00125,0.99750,0.99841,0.00000,0.00000,0.00159
45.10125,0.99750,0.99841,0.00000,0.00000,0.00159
45.20125,0.99750,0.99841,0.00000,0.00000,0.00159
45.30125,0.99750,0.99840,0.00000,0.00000,0.00160
45.40125,0.99750,0.99841,0.00000,0.00000,0.00159
45.50125,0.99750,0.99841,0.00000,0.00000,0.00159
45.60125,0.99750,0.99841,0.00000,0.00000,0.00159
45.70125,0.99750,0.99842,0.00000,0.00000,0.00158
45.80125,0.99750,0.99842,0.00000,0.00000,0.00158
45.90125,0.99750,0.99842,0.00000,0.00000,0.00158
46.00125,0.99750,0.99842,0.00000,0.00000,0.00158
46.10125,0.99750,0.99842,0.00000,0.00000,0.00158
46.20125,0.99750,0.99842,0.00000,0.00000,0.00158
46.30125,0.99750,0.99842,0.00000,0.00000,0.00158
46.40125,0.99750,0.99841,0.00000,0.00000,0.00159
46.50125,0.99750,0.99841,0.00000,0.00000,0.00159
46.60125,0.99750,0.99841,0.00000,0.00000,0.00159
46.70125,0.99750,0.99841,0.00000,0.00000,0.00159
46.80125,0.99750,0.99841,0.00000,0.00000,0.00159
46.90125,0.99750,0.99841,0.00000,0.00000,0.00159
47.00125,0.99750,0.99841,0.00000,0.00000,0.00159
47.10125,0.99750,0.99841,0.00000,0.00000,0.00159
47.20125,0.99750,0.99841,0.00000,0.00000,0.00159
47.30125,0.99750,0.99840,0.00000,0.00000,0.00160
47.40125,0.99750,0.99840,0.00000,0.00000,0.00160
47.50125,0.99750,0.99840,0.00000,0.00000,0.00160
47.60125,0.99750,0.99840,0.00000,0.00000,0.00160
47.70125,0.99750,0.99840,0.00000,0.00000,0.00160
47.80125,0.99750,0.99840,0.00000,0.00000,0.00160
47.90125,0.99750,0.99840,0.00000,0.00000,0.00160
48.00125,0.99750,0.99840,0.00000,0.00000,0.00160
48.10125,0.99750,0.99840,0.00000,0.00000,0.00160
48.20125,0.99750,0.99840,0.00000,0.00000,0.00160
48.30125,0.99750,0.99839,0.00000,0.00000,0.00161
48.40125,0.99750,0.99839,0.00000,0.00000,0.00161
48.50125,0.99750,0.99839,0.00000,0.00000,0.00161
48.60125,0.99750,0.99839,0.00000,0.00000,0.00161
48.70125,0.99750,0.99839,0.00000,0.00000,0.00161
48.80125,0.99750,0.99839,0.00000,0.00000,0.00161
48.90125,0.99750,0.99839,0.00000,0.00000,0.00161
49.00125,0.99750,0.99839,0.00000,0.00000,0.00161
49.10125,0.99750,0.99839,0.00000,0.00000,0.00161
49.20125,0.99750,0.99840,0.00000,0.00000,0.00160
49.30125,0.99750,0.99840,0.00000,0.00000,0.00160
49.40125,0.99750,0.99840,0.00000,0.00000,0.00160
49.50125,0.99750,0.99841,0.00000,0.00000,0.00159
49.60125,0.99750,0.99840,0.00000,0.00000,0.00160
49.70125,0.99750,0.99841,0.00000,0.00000,0.00159
49.80125,0.99750,0.99841,0.00000,0.00000,0.00159
49.90125,0.99750,0.99841,0.00000,0.00000,0.00159
50.00125,0.99750,0.99841,0.00000,0.00000,0.00159
50.10125,0.99750,0.99840,0.00000,0.00000,0.00160
50.20125,0.99750,0.99840,0.00000,0.00000,0.00160
50.30125,0.99750,0.99840,0.00000,0.00000,0.00160
50.40125,0.99750,0.99841,0.00000,0.00000,0.00159
50.50125,0.99750,0.99841,0.00000,0.00000,0.00159
50.60125,0.99750,0.99840,0.00000,0.00000,0.00160
50.70125,0.99750,0.99841,0.00000,0.00000,0.00159
50.80125,0.99750,0.99840,0.00000,0.00000,0.00160
50.90125,0.99750,0.99840,0.00000,0.00000,0.00160
51.00125,0.99750,0.99840,0.00000,0.00000,0.00160
51.10125,0.99750,0.99840,0.00000,0.00000,0.00160
51.20125,0.99750,0.99839,0.00000,0.00000,0.00161
51.30125,0.99750,0.99839,0.00000,0.00000,0.00161
51.40125,0.99750,0.99839,0.00000,0.00000,0.00161
51.50125,0.99750,0.99839,0.00000,0.00000,0.00161
51.60125,0.99750,0.99839,0.00000,0.00000,0.00161
51.70125,0.99750,0.99839,0.00000,0.00000,0.00161
51.80125,0.99750,0.99839,0.00000,0.00000,0.00161
51.90125,0.99750,0.99839,0.00000,0.00000,0.00161
52.00125,0.99750,0.99839,0.00000,0.00000,0.00161
52.10125,0.99750,0.99839,0.00000,0.00000,0.00161
52.20125,0.99750,0.99839,0.00000,0.00000,0.00161
52.30125,0.99750,0.99839,0.00000,0.00000,0.00161
52.40125,0.99750,0.99838,0.00000,0.00000,0.00162
52.50125,0.99750,0.99839,0.00000,0.00000,0.00161
52.60125,0.99750,0.99839,0.00000,0.00000,0.00161
52.70125,0.99750,0.99839,0.00000,0.00000,0.00161
52.80125,0.99750,0.99839,0.00000,0.00000,0.00161
52.90125,0.99750,0.99839,0.00000,0.00000,0.00161
53.00125,0.99750,0.99839,0.00000,0.00000,0.00161
53.10125,0.99750,0.99839,0.00000,0.00000,0.00161
53.20125,0.99750,0.99840,0.00000,0.00000,0.00160
53.30125,0.99750,0.99840,0.00000,0.00000,0.00160
53.40125,0.99750,0.99840,0.00000,0.00000,0.00160
53.50125,0.99750,0.99840,0.00000,0.00000,0.00160
53.60125,0.99750,0.99840,0.00000,0.00000,0.00160
53.70125,0.99750,0.99840,0.00000,0.00000,0.00160
53.80125,0.99750,0.99840,0.00000,0.00000,0.00160
53.90125,0.99750,0.99840,0.00000,0.00000,0.00160
54.00125,0.99750,0.99840,0.00000,0.00000,0.00160
54.10125,0.99750,0.99840,0.00000,0.00000,0.00160
54.20125,0.99750,0.99840,0.00000,0.00000,0.00160
54.30125,0.99750,0.99839,0.00000,0.00000,0.00161
54.40125,0.99750,0.99840,0.00000,0.00000,0.00160
54.50125,0.99750,0.99839,0.00000,0.00000,0.00161
54.60125,0.99750,0.99840,0.00000,0.00000,0.00160
54.70125,0.99750,0.99840,0.00000,0.00000,0.00160
54.80125,0.99750,0.99840,0.00000,0.00000,0.00160
54.90125,0.99750,0.99840,0.00000,0.00000,0.00160
55.00125,0.99750,0.99840,0.00000,0.00000,0.00160
55.10125,0.99750,0.99840,0.00000,0.00000,0.00160
55.20125,0.99750,0.99840,0.00000,0.00000,0.00160
55.30125,0.99750,0.99840,0.00000,0.00000,0.00160
55.40125,0.99750,0.99840,0.00000,0.00000,0.00160
55.50125,0.99750,0.99840,0.00000,0.00000,0.00160
55.60125,0.99750,0.99840,0.00000,0.00000,0.00160
55.70125,0.99750,0.99840,0.00000,0.00000,0.00160
55.80125,0.99750,0.99840,0.00000,0.00000,0.00160
55.90125,0.99750,0.99840,0.00000,0.00000,0.00160
56.00125,0.99750,0.99840,0.00000,0.00000,0.00160
56.10125,0.99750,0.99840,0.00000,0.00000,0.00160
56.20125,0.99750,0.99840,0.00000,0.00000,0.00160
56.30125,0.99750,0.99840,0.00000,0.00000,0.00160
56.40125,0.99750,0.99840,0.00000,0.00000,0.00160
56.50125,0.99750,0.99840,0.00000,0.00000,0.00160
56.60125,0.99750,0.99840,0.00000,0.00000,0.00160
56.70125,0.99750,0.99840,0.00000,0.00000,0.00160
56.80125,0.99750,0.99840,0.00000,0.00000,0.00160
56.90125,0.99750,0.99841,0.00000,0.00000,0.00159
57.00125,0.99750,0.99841,0.00000,0.00000,0.00159
57.10125,0.99750,0.99840,0.00000,0.00000,0.00160
57.20125,0.99750,0.99841,0.00000,0.00000,0.00159
57.30125,0.99750,0.99840,0.00000,0.00000,0.00160
57.40125,0.99750,0.99840,0.00000,0.00000,0.00160
57.50125,0.99750,0.99840,0.00000,0.00000,0.00160
57.60125,0.99750,0.99840,0.00000,0.00000,0.00160
57.70125,0.99750,0.99840,0.00000,0.00000,0.00160
57.80125,0.99750,0.99840,0.00000,0.00000,0.00160
57.90125,0.99750,0.99840,0.00000,0.00000,0.00160
58.00125,0.99750,0.99839,0.00000,0.00000,0.00161
58.10125,0.99750,0.99839,0.00000,0.00000,0.00161
58.20125,0.99750,0.99839,0.00000,0.00000,0.00161
58.30125,0.99750,0.99839,0.00000,0.00000,0.00161
58.40125,0.99750,0.99840,0.00000,0.00000,0.00160
58.50125,0.99750,0.99840,0.00000,0.00000,0.00160
58.60125,0.99750,0.99840,0.00000,0.00000,0.00160
58.70125,0.99750,0.99839,0.00000,0.00000,0.00161
58.80125,0.99750,0.99839,0.00000,0.00000,0.00161
58.90125,0.99750,0.99839,0.00000,0.00000,0.00161
59.00125,0.99750,0.99840,0.00000,0.00000,0.00160
59.10125,0.99750,0.99839,0.00000,0.00000,0.00161
59.20125,0.99750,0.99839,0.00000,0.00000,0.00161
59.30125,0.99750,0.99839,0.00000,0.00000,0.00161
59.40125,0.99750,0.99839,0.00000,0.00000,0.00161
59.50125,0.99750,0.99839,0.00000,0.00000,0.00161
59.60125,0.99750,0.99840,0.00000,0.00000,0.00160
59.70125,0.99750,0.99840,0.00000,0.00000,0.00160
59.80125,0.99750,0.99839,0.00000,0.00000,0.00161
59.90125,0.99750,0.99840,0.00000,0.00000,0.00160
60.00125,0.99750,0.99840,0.00000,0.00000,0.00160
60.10125,0.99750,0.99840,0.00000,0.00000,0.00160
60.20125,0.99750,0.99840,0.00000,0.00000,0.00160
60.30125,0.99750,0.99840,0.00000,0.00000,0.00160
60.40125,0.99750,0.99840,0.00000,0.00000,0.00160
60.50125,0.99750,0.99840,0.00000,0.00000,0.00160
60.60125,0.99750,0.99839,0.00000,0.00000,0.00161
60.70125,0.99750,0.99840,0.00000,0.00000,0.00160
60.80125,0.99750,0.99840,0.00000,0.00000,0.00160
60.90125,0.99750,0.99840,0.00000,0.00000,0.00160
61.00125,0.99750,0.99840,0.00000,0.00000,0.00160
61.10125,0.99750,0.99839,0.00000,0.00000,0.00161
61.20125,0.99750,0.99839,0.00000,0.00000,0.00161
61.30125,0.99750,0.99839,0.00000,0.00000,0.00161
61.40125,0.99750,0.99839,0.00000,0.00000,0.00161
61.50125,0.99750,0.99840,0.00000,0.00000,0.00160
61.60125,0.99750,0.99840,0.00000,0.00000,0.00160
61.70125,0.99750,0.99840,0.00000,0.00000,0.00160
61.80125,0.99750,0.99840,0.00000,0.00000,0.00160
61.90125,0.99750,0.99840,0.00000,0.00000,0.00160
62.00125,0.99750,0.99840,0.00000,0.00000,0.00160
62.10125,0.99750,0.99840,0.00000,0.00000,0.00160
62.20125,0.99750,0.99840,0.00000,0.00000,0.00160
62.30125,0.99750,0.99840,0.00000,0.00000,0.00160
62.40125,0.99750,0.99840,0.00000,0.00000,0.00160
62.50125,0.99750,0.99840,0.00000,0.00000,0.00160
62.60125,0.99750,0.99840,0.00000,0.00000,0.00160
62.70125,0.99750,0.99840,0.00000,0.00000,0.00160
62.80125,0.99750,0.99840,0.00000,0.00000,0.00160
62.90125,0.99750,0.99840,0.00000,0.00000,0.00160
63.00125,0.99750,0.99840,0.00000,0.00000,0.00160
63.10125,0.99750,0.99840,0.00000,0.00000,0.00160
63.20125,0.99751,0.99840,0.00000,0.00000,0.00160
63.30125,0.99750,0.99840,0.00000,0.00000,0.00160
63.40125,0.99750,0.99840,0.00000,0.00000,0.00160
63.50125,0.99750,0.99840,0.00000,0.00000,0.00160
63.60125,0.99750,0.99840,0.00000,0.00000,0.00160
63.70125,0.99751,0.99840,0.00000,0.00000,0.00160
63.80125,0.99750,0.99840,0.00000,0.00000,0.00160
63.90125,0.99750,0.99841,0.00000,0.00000,0.00159
64.00125,0.99750,0.99840,0.00000,0.00000,0.00160
64.10125,0.99750,0.99841,0.00000,0.00000,0.00159
64.20125,0.99751,0.99841,0.00000,0.00000,0.00159
64.30125,0.99751,0.99841,0.00000,0.00000,0.00159
64.40125,0.99750,0.99841,0.00000,0.00000,0.00159
64.50125,0.99750,0.99841,0.00000,0.00000,0.00159
64.60125,0.99750,0.99840,0.00000,0.00000,0.00160
64.70125,0.99751,0.99840,0.00000,0.00000,0.00160
64.80125,0.99751,0.99841,0.00000,0.00000,0.00159
64.90125,0.99750,0.99840,0.00000,0.00000,0.00160
65.00125,0.99750,0.99840,0.00000,0.00000,0.00160
65.10125,0.99750,0.99840,0.00000,0.00000,0.00160
65.20125,0.99751,0.99840,0.00000,0.00000,0.00160
65.30125,0.99751,0.99840,0.00000,0.00000,0.00160
65.40125,0.99750,0.99841,0.00000,0.00000,0.00159
65.50125,0.99750,0.99841,0.00000,0.00000,0.00159
65.60125,0.99750,0.99841,0.00000,0.00000,0.00159
65.70125,0.99751,0.99840,0.00000,0.00000,0.00160
65.80125,0.99751,0.99839,0.00000,0.00000,0.00161
65.90125,0.99750,0.99839,0.00000,0.00000,0.00161
66.00125,0.99750,0.99839,0.00000,0.00000,0.00161
66.10125,0.99750,0.99840,0.00000,0.00000,0.00160
66.20125,0.99751,0.99840,0.00000,0.00000,0.00160
66.30125,0.99751,0.99840,0.00000,0.00000,0.00160
66.40125,0.99750,0.99840,0.00000,0.00000,0.00160
66.50125,0.99750,0.99840,0.00000,0.00000,0.00160
66.60125,0.99750,0.99841,0.00000,0.00000,0.00159
66.70125,0.99751,0.99841,0.00000,0.00000,0.00159
66.80125,0.99751,0.99841,0.00000,0.00000,0.00159
66.90125,0.99750,0.99841,0.00000,0.00000,0.00159
67.00125,0.99750,0.99841,0.00000,0.00000,0.00159
67.10125,0.99750,0.99841,0.00000,0.00000,0.00159
67.20125,0.99751,0.99840,0.00000,0.00000,0.00160
67.30125,0.99751,0.99841,0.00000,0.00000,0.00159
67.40125,0.99750,0.99840,0.00000,0.00000,0.00160
67.50125,0.99750,0.99840,0.00000,0.00000,0.00160
67.60125,0.99750,0.99840,0.00000,0.00000,0.00160
67.70125,0.99751,0.99840,0.00000,0.00000,0.00160
67.80125,0.99751,0.99840,0.00000,0.00000,0.00160
67.90125,0.99750,0.99840,0.00000,0.00000,0.00160
68.00125,0.99750,0.99840,0.00000,0.00000,0.00160
68.10125,0.99750,0.99840,0.00000,0.00000,0.00160
68.20125,0.99751,0.99840,0.00000,0.00000,0.00160
68.30125,0.99751,0.99841,0.00000,0.00000,0.00159
68.40125,0.99750,0.99841,0.00000,0.00000,0.00159
68.50125,0.99750,0.99840,0.00000,0.00000,0.00160
68.60125,0.99750,0.99840,0.00000,0.00000,0.00160
68.70125,0.99751,0.99841,0.00000,0.00000,0.00159
68.80125,0.99751,0.99841,0.00000,0.00000,0.00159
68.90125,0.99750,0.99840,0.00000,0.00000,0.00160
69.00125,0.99750,0.99840,0.00000,0.00000,0.00160
69.10125,0.99750,0.99840,0.00000,0.00000,0.00160
69.20125,0.99751,0.99839,0.00000,0.00000,0.00161
69.30125,0.99751,0.99839,0.00000,0.00000,0.00161
69.40125,0.99750,0.99840,0.00000,0.00000,0.00160
69.50125,0.99750,0.99840,0.00000,0.00000,0.00160
69.60125,0.99750,0.99840,0.00000,0.00000,0.00160
69.70125,0.99751,0.99840,0.00000,0.00000,0.00160
69.80125,0.99751,0.99840,0.00000,0.00000,0.00160
69.90125,0.99750,0.99841,0.00000,0.00000,0.00159
70.00125,0.99750,0.99841,0.00000,0.00000,0.00159
70.10125,0.99750,0.99841,0.00000,0.00000,0.00159
70.20125,0.99751,0.99841,0.00000,0.00000,0.00159
70.30125,0.99751,0.99841,0.00000,0.00000,0.00159
70.40125,0.99750,0.99841,0.00000,0.00000,0.00159
70.50125,0.99750,0.99841,0.00000,0.00000,0.00159
70.60125,0.99750,0.99841,0.00000,0.00000,0.00159
70.70125,0.99751,0.99841,0.00000,0.00000,0.00159
70.80125,0.99751,0.99841,0.00000,0.00000,0.00159
70.90125,0.99750,0.99841,0.00000,0.00000,0.00159
71.00125,0.99750,0.99842,0.00000,0.00000,0.00158
71.10125,0.99750,0.99842,0.00000,0.00000,0.00158
71.20125,0.99751,0.99842,0.00000,0.00000,0.00158
71.30125,0.99751,0.99842,0.00000,0.00000,0.00158
71.40125,0.99750,0.99843,0.00000,0.00000,0.00157
71.50125,0.99750,0.99844,0.00000,0.00000,0.00156
71.60125,0.99750,0.99843,0.00000,0.00000,0.00157
71.70125,0.99751,0.99844,0.00000,0.00000,0.00156
71.80125,0.99751,0.99844,0.00000,0.00000,0.00156
71.90125,0.99750,0.99844,0.00000,0.00000,0.00156
72.00125,0.99750,0.99846,0.00000,0.00000,0.00154
72.10125,0.99750,0.99845,0.00000,0.00000,0.00155
72.20125,0.99751,0.99845,0.00000,0.00000,0.00155
72.30125,0.99751,0.99846,0.00000,0.00000,0.00154
72.40125,0.99750,0.99847,0.00000,0.00000,0.00153
72.50125,0.99750,0.99844,0.00000,0.00000,0.00156
72.60125,0.99750,0.99845,0.00000,0.00000,0.00155
72.70125,0.99751,0.99845,0.00000,0.00000,0.00155
72.80125,0.99751,0.99845,0.00000,0.00000,0.00155
72.90125,0.99750,0.99846,0.00000,0.00000,0.00154
73.00125,0.99750,0.99845,0.00000,0.00000,0.00155
73.10125,0.99750,0.99844,0.00000,0.00000,0.00156
73.20125,0.99751,0.99845,0.00000,0.00000,0.00155
73.30125,0.99751,0.99844,0.00000,0.00000,0.00156
73.40125,0.99750,0.99844,0.00000,0.00000,0.00156
73.50125,0.99750,0.99844,0.00000,0.00000,0.00156
73.60125,0.99750,0.99844,0.00000,0.00000,0.00156
73.70125,0.99751,0.99844,0.00000,0.00000,0.00156
73.80125,0.99751,0.99842,0.00000,0.00000,0.00158
73.90125,0.99750,0.99842,0.00000,0.00000,0.00158
74.00125,0.99750,0.99842,0.00000,0.00000,0.00158
74.10125,0.99750,0.99842,0.00000,0.00000,0.00158
74.20125,0.99751,0.99842,0.00000,0.00000,0.00158
74.30125,0.99751,0.99842,0.00000,0.00000,0.00158
74.40125,0.99750,0.99843,0.00000,0.00000,0.00157
74.50125,0.99750,0.99843,0.00000,0.00000,0.00157
74.60125,0.99750,0.99844,0.00000,0.00000,0.00156
74.70125,0.99751,0.99844,0.00000,0.00000,0.00156
74.80125,0.99751,0.99844,0.00000,0.00000,0.00156
74.90125,0.99750,0.99845,0.00000,0.00000,0.00155
75.00125,0.99750,0.99844,0.00000,0.00000,0.00156
75.10125,0.99750,0.99844,0.00000,0.00000,0.00156
75.20125,0.99751,0.99844,0.00000,0.00000,0.00156
75.30125,0.99751,0.99844,0.00000,0.00000,0.00156
75.40125,0.99750,0.99842,0.00000,0.00000,0.00158
75.50125,0.99750,0.99842,0.00000,0.00000,0.00158
75.60125,0.99750,0.99842,0.00000,0.00000,0.00158
75.70125,0.99751,0.99841,0.00000,0.00000,0.00159
75.80125,0.99751,0.99842,0.00000,0.00000,0.00158
75.90125,0.99750,0.99841,0.00000,0.00000,0.00159
76.00125,0.99750,0.99841,0.00000,0.00000,0.00159
76.10125,0.99750,0.99841,0.00000,0.00000,0.00159
76.20125,0.99751,0.99841,0.00000,0.00000,0.00159
76.30125,0.99751,0.99842,0.00000,0.00000,0.00158
76.40125,0.99750,0.99842,0.00000,0.00000,0.00158
76.50125,0.99750,0.99841,0.00000,0.00000,0.00159
76.60125,0.99750,0.99841,0.00000,0.00000,0.00159
76.70125,0.99751,0.99841,0.00000,0.00000,0.00159
76.80125,0.99751,0.99841,0.00000,0.00000,0.00159
76.90125,0.99750,0.99841,0.00000,0.00000,0.00159
77.00125,0.99750,0.99841,0.00000,0.00000,0.00159
77.10125,0.99750,0.99841,0.00000,0.00000,0.00159
77.20125,0.99751,0.99841,0.00000,0.00000,0.00159
77.30125,0.99751,0.99841,0.00000,0.00000,0.00159
77.40125,0.99750,0.99841,0.00000,0.00000,0.00159
77.50125,0.99750,0.99841,0.00000,0.00000,0.00159
77.60125,0.99750,0.99841,0.00000,0.00000,0.00159
77.70125,0.99751,0.99840,0.00000,0.00000,0.00160
77.80125,0.99751,0.99841,0.00000,0.00000,0.00159
77.90125,0.99750,0.99841,0.00000,0.00000,0.00159
78.00125,0.99750,0.99840,0.00000,0.00000,0.00160
78.10125,0.99750,0.99840,0.00000,0.00000,0.00160
78.20125,0.99751,0.99840,0.00000,0.00000,0.00160
78.30125,0.99751,0.99840,0.00000,0.00000,0.00160
78.40125,0.99750,0.99840,0.00000,0.00000,0.00160
78.50125,0.99750,0.99840,0.00000,0.00000,0.00160
78.60125,0.99750,0.99840,0.00000,0.00000,0.00160
78.70125,0.99751,0.99840,0.00000,0.00000,0.00160
78.80125,0.99751,0.99840,0.00000,0.00000,0.00160
78.90125,0.99750,0.99840,0.00000,0.00000,0.00160
79.00125,0.99750,0.99840,0.00000,0.00000,0.00160
79.10125,0.99750,0.99841,0.00000,0.00000,0.00159
79.20125,0.99751,0.99840,0.00000,0.00000,0.00160
79.30125,0.99751,0.99841,0.00000,0.00000,0.00159
79.40125,0.99750,0.99841,0.00000,0.00000,0.00159
79.50125,0.99750,0.99840,0.00000,0.00000,0.00160
79.60125,0.99750,0.99840,0.00000,0.00000,0.00160
79.70125,0.99751,0.99840,0.00000,0.00000,0.00160
79.80125,0.99751,0.99840,0.00000,0.00000,0.00160
79.90125,0.99750,0.99840,0.00000,0.00000,0.00160
80.00125,0.99750,0.99840,0.00000,0.00000,0.00160
80.10125,0.99750,0.99840,0.00000,0.00000,0.00160
80.20125,0.99751,0.99839,0.00000,0.00000,0.00161
80.30125,0.99751,0.99840,0.00000,0.00000,0.00160
80.40125,0.99750,0.99839,0.00000,0.00000,0.00161
80.50125,0.99750,0.99839,0.00000,0.00000,0.00161
80.60125,0.99750,0.99839,0.00000,0.00000,0.00161
80.70125,0.99751,0.99840,0.00000,0.00000,0.00160
80.80125,0.99751,0.99840,0.00000,0.00000,0.00160
80.90125,0.99750,0.99840,0.00000,0.00000,0.00160
81.00125,0.99750,0.99840,0.00000,0.00000,0.00160
81.10125,0.99750,0.99840,0.00000,0.00000,0.00160
81.20125,0.99751,0.99840,0.00000,0.00000,0.00160
81.30125,0.99751,0.99840,0.00000,0.00000,0.00160
81.40125,0.99750,0.99840,0.00000,0.00000,0.00160
81.50125,0.99750,0.99840,0.00000,0.00000,0.00160
81.60125,0.99750,0.99840,0.00000,0.00000,0.00160
81.70125,0.99751,0.99840,0.00000,0.00000,0.00160
81.80125,0.99751,0.99840,0.00000,0.00000,0.00160
81.90125,0.99750,0.99840,0.00000,0.00000,0.00160
82.00125,0.99750,0.99840,0.00000,0.00000,0.00160
82.10125,0.99750,0.99840,0.00000,0.00000,0.00160
82.20125,0.99751,0.99840,0.00000,0.00000,0.00160
82.30125,0.99751,0.99840,0.00000,0.00000,0.00160
82.40125,0.99750,0.99840,0.00000,0.00000,0.00160
82.50125,0.99750,0.99840,0.00000,0.00000,0.00160
82.60125,0.99750,0.99840,0.00000,0.00000,0.00160
82.70125,0.99751,0.99840,0.00000,0.00000,0.00160
82.80125,0.99751,0.99840,0.00000,0.00000,0.00160
82.90125,0.99750,0.99840,0.00000,0.00000,0.00160
83.00125,0.99750,0.99840,0.00000,0.00000,0.00160
83.10125,0.99750,0.99840,0.00000,0.00000,0.00160
83.20125,0.99751,0.99840,0.00000,0.00000,0.00160
83.30125,0.99751,0.99840,0.00000,0.00000,0.00160
83.40125,0.99750,0.99840,0.00000,0.00000,0.00160
83.50125,0.99750,0.99840,0.00000,0.00000,0.00160
83.60125,0.99750,0.99840,0.00000,0.00000,0.00160
83.70125,0.99751,0.99840,0.00000,0.00000,0.00160
83.80125,0.99751,0.99840,0.00000,0.00000,0.00160
83.90125,0.99750,0.99840,0.00000,0.00000,0.00160
84.00125,0.99750,0.99840,0.00000,0.00000,0.00160
84.10125,0.99750,0.99840,0.00000,0.00000,0.00160
84.20125,0.99751,0.99840,0.00000,0.00000,0.00160
84.30125,0.99751,0.99840,0.00000,0.00000,0.00160
84.40125,0.99750,0.99839,0.00000,0.00000,0.00161
84.50125,0.99750,0.99840,0.00000,0.00000,0.00160
84.60125,0.99750,0.99840,0.00000,0.00000,0.00160
84.70125,0.99751,0.99840,0.00000,0.00000,0.00160
84.80125,0.99751,0.99840,0.00000,0.00000,0.00160
84.90125,0.99750,0.99840,0.00000,0.00000,0.00160
85.00125,0.99750,0.99840,0.00000,0.00000,0.00160
85.10125,0.99750,0.99840,0.00000,0.00000,0.00160
85.20125,0.99751,0.99840,0.00000,0.00000,0.00160
85.30125,0.99751,0.99840,0.00000,0.00000,0.00160
85.40125,0.99750,0.99840,0.00000,0.00000,0.00160
85.50125,0.99750,0.99839,0.00000,0.00000,0.00161
85.60125,0.99750,0.99839,0.00000,0.00000,0.00161
85.70125,0.99751,0.99840,0.00000,0.00000,0.00160
85.80125,0.99751,0.99840,0.00000,0.00000,0.00160
85.90125,0.99750,0.99840,0.00000,0.00000,0.00160
86.00125,0.99750,0.99840,0.00000,0.00000,0.00160
86.10125,0.99750,0.99841,0.00000,0.00000,0.00159
86.20125,0.99751,0.99841,0.00000,0.00000,0.00159
86.30125,0.99751,0.99840,0.00000,0.00000,0.00160
86.40125,0.99750,0.99840,0.00000,0.00000,0.00160
86.50125,0.99750,0.99841,0.00000,0.00000,0.00159
86.60125,0.99750,0.99840,0.00000,0.00000,0.00160
86.70125,0.99751,0.99840,0.00000,0.00000,0.00160
86.80125,0.99751,0.99840,0.00000,0.00000,0.00160
86.90125,0.99750,0.99840,0.00000,0.00000,0.00160
87.00125,0.99750,0.99840,0.00000,0.00000,0.00160
87.10125,0.99750,0.99840,0.00000,0.00000,0.00160
87.20125,0.99751,0.99840,0.00000,0.00000,0.00160
87.30125,0.99751,0.99840,0.00000,0.00000,0.00160
87.40125,0.99750,0.99840,0.00000,0.00000,0.00160
87.50125,0.99750,0.99840,0.00000,0.00000,0.00160
87.60125,0.99750,0.99840,0.00000,0.00000,0.00160
87.70125,0.99751,0.99840,0.00000,0.00000,0.00160
87.80125,0.99751,0.99840,0.00000,0.00000,0.00160
87.90125,0.99750,0.99840,0.00000,0.00000,0.00160
88.00125,0.99750,0.99840,0.00000,0.00000,0.00160
88.10125,0.99750,0.99840,0.00000,0.00000,0.00160
88.20125,0.99751,0.99840,0.00000,0.00000,0.00160
88.30125,0.99751,0.99841,0.00000,0.00000,0.00159
88.40125,0.99750,0.99841,0.00000,0.00000,0.00159
88.50125,0.99750,0.99841,0.00000,0.00000,0.00159
88.60125,0.99750,0.99841,0.00000,0.00000,0.00159
88.70125,0.99751,0.99841,0.00000,0.00000,0.00159
88.80125,0.99751,0.99841,0.00000,0.00000,0.00159
88.90125,0.99750,0.99841,0.00000,0.00000,0.00159
89.00125,0.99750,0.99841,0.00000,0.00000,0.00159
89.10125,0.99750,0.99840,0.00000,0.00000,0.00160
89.20125,0.99751,0.99840,0.00000,0.00000,0.00160
89.30125,0.99751,0.99840,0.00000,0.00000,0.00160
89.40125,0.99750,0.99840,0.00000,0.00000,0.00160
89.50125,0.99750,0.99840,0.00000,0.00000,0.00160
89.60125,0.99750,0.99841,0.00000,0.00000,0.00159
89.70125,0.99751,0.99841,0.00000,0.00000,0.00159
89.80125,0.99751,0.99841,0.00000,0.00000,0.00159
89.90125,0.99750,0.99842,0.00000,0.00000,0.00158
90.00125,0.99750,0.99842,0.00000,0.00000,0.00158
90.10125,0.99750,0.99842,0.00000,0.00000,0.00158
90.20125,0.99751,0.99842,0.00000,0.00000,0.00158
90.30125,0.99751,0.99842,0.00000,0.00000,0.00158
90.40125,0.99750,0.99842,0.00000,0.00000,0.00158
90.50125,0.99750,0.99842,0.00000,0.00000,0.00158
90.60125,0.99750,0.99842,0.00000,0.00000,0.00158
90.70125,0.99751,0.99842,0.00000,0.00000,0.00158
90.80125,0.99751,0.99842,0.00000,0.00000,0.00158
90.90125,0.99750,0.99842,0.00000,0.00000,0.00158
91.00125,0.99750,0.99842,0.00000,0.00000,0.00158
91.10125,0.99750,0.99842,0.00000,0.00000,0.00158
91.20125,0.99751,0.99842,0.00000,0.00000,0.00158
91.30125,0.99751,0.99842,0.00000,0.00000,0.00158
91.40125,0.99750,0.99842,0.00000,0.00000,0.00158
91.50125,0.99750,0.99842,0.00000,0.00000,0.00158
91.60125,0.99750,0.99842,0.00000,0.00000,0.00158
91.70125,0.99751,0.99842,0.00000,0.00000,0.00158
91.80125,0.99751,0.99842,0.00000,0.00000,0.00158
91.90125,0.99750,0.99842,0.00000,0.00000,0.00158
92.00125,0.99750,0.99841,0.00000,0.00000,0.00159
92.10125,0.99750,0.99841,0.00000,0.00000,0.00159
92.20125,0.99751,0.99841,0.00000,0.00000,0.00159
92.30125,0.99751,0.99841,0.00000,0.00000,0.00159
92.40125,0.99750,0.99841,0.00000,0.00000,0.00159
92.50125,0.99750,0.99841,0.00000,0.00000,0.00159
92.60125,0.99750,0.99841,0.00000,0.00000,0.00159
92.70125,0.99751,0.99840,0.00000,0.00000,0.00160
92.80125,0.99751,0.99840,0.00000,0.00000,0.00160
92.90125,0.99750,0.99840,0.00000,0.00000,0.00160
93.00125,0.99750,0.99840,0.00000,0.00000,0.00160
93.10125,0.99750,0.99840,0.00000,0.00000,0.00160
93.20125,0.99751,0.99840,0.00000,0.00000,0.00160
93.30125,0.99751,0.99840,0.00000,0.00000,0.00160
93.40125,0.99750,0.99839,0.00000,0.00000,0.00161
93.50125,0.99750,0.99840,0.00000,0.00000,0.00160
93.60125,0.99750,0.99840,0.00000,0.00000,0.00160
93.70125,0.99751,0.99840,0.00000,0.00000,0.00160
93.80125,0.99751,0.99841,0.00000,0.00000,0.00159
93.90125,0.99750,0.99841,0.00000,0.00000,0.00159
94.00125,0.99750,0.99841,0.00000,0.00000,0.00159
94.10125,0.99750,0.99841,0.00000,0.00000,0.00159
94.20125,0.99751,0.99841,0.00000,0.00000,0.00159
94.30125,0.99751,0.99842,0.00000,0.00000,0.00158
94.40125,0.99750,0.99842,0.00000,0.00000,0.00158
94.50125,0.99750,0.99841,0.00000,0.00000,0.00159
94.60125,0.99750,0.99841,0.00000,0.00000,0.00159
94.70125,0.99751,0.99841,0.00000,0.00000,0.00159
94.80125,0.99751,0.99841,0.00000,0.00000,0.00159
94.90125,0.99750,0.99841,0.00000,0.00000,0.00159
95.00125,0.99750,0.99841,0.00000,0.00000,0.00159
95.10125,0.99750,0.99841,0.00000,0.00000,0.00159
95.20125,0.99751,0.99841,0.00000,0.00000,0.00159
95.30125,0.99751,0.99842,0.00000,0.00000,0.00158
95.40125,0.99750,0.99842,0.00000,0.00000,0.00158
95.50125,0.99750,0.99842,0.00000,0.00000,0.00158
95.60125,0.99750,0.99842,0.00000,0.00000,0.00158
95.70125,0.99751,0.99842,0.00000,0.00000,0.00158
95.80125,0.99751,0.99842,0.00000,0.00000,0.00158
95.90125,0.99750,0.99842,0.00000,0.00000,0.00158
96.00125,0.99750,0.99842,0.00000,0.00000,0.00158
96.10125,0.99750,0.99842,0.00000,0.00000,0.00158
96.20125,0.99751,0.99842,0.00000,0.00000,0.00158
96.30125,0.99751,0.99842,0.00000,0.00000,0.00158
96.40125,0.99750,0.99841,0.00000,0.00000,0.00159
96.50125,0.99750,0.99841,0.00000,0.00000,0.00159
96.60125,0.99750,0.99841,0.00000,0.00000,0.00159
96.70125,0.99751,0.99841,0.00000,0.00000,0.00159
96.80125,0.99751,0.99841,0.00000,0.00000,0.00159
96.90125,0.99750,0.99841,0.00000,0.00000,0.00159
97.00125,0.99750,0.99841,0.00000,0.00000,0.00159
97.10125,0.99750,0.99841,0.00000,0.00000,0.00159
97.20125,0.99751,0.99841,0.00000,0.00000,0.00159
97.30125,0.99751,0.99841,0.00000,0.00000,0.00159
97.40125,0.99750,0.99840,0.00000,0.00000,0.00160
97.50125,0.99750,0.99840,0.00000,0.00000,0.00160
97.60125,0.99750,0.99840,0.00000,0.00000,0.00160
97.70125,0.99751,0.99840,0.00000,0.00000,0.00160
97.80125,0.99751,0.99840,0.00000,0.00000,0.00160
97.90125,0.99750,0.99840,0.00000,0.00000,0.00160
98.00125,0.99750,0.99839,0.00000,0.00000,0.00161
98.10125,0.99750,0.99840,0.00000,0.00000,0.00160
98.20125,0.99751,0.99840,0.00000,0.00000,0.00160
98.30125,0.99751,0.99840,0.00000,0.00000,0.00160
98.40125,0.99750,0.99840,0.00000,0.00000,0.00160
98.50125,0.99750,0.99840,0.00000,0.00000,0.00160
98.60125,0.99750,0.99841,0.00000,0.00000,0.00159
98.70125,0.99751,0.99841,0.00000,0.00000,0.00159
98.80125,0.99751,0.99841,0.00000,0.00000,0.00159
98.90125,0.99750,0.99841,0.00000,0.00000,0.00159
99.00125,0.99750,0.99841,0.00000,0.00000,0.00159
99.10125,0.99750,0.99841,0.00000,0.00000,0.00159
99.20125,0.99751,0.99841,0.00000,0.00000,0.00159
99.30125,0.99751,0.99841,0.00000,0.00000,0.00159
99.40125,0.99750,0.99841,0.00000,0.00000,0.00159
99.50125,0.99750,0.99841,0.00000,0.00000,0.00159
99.60125,0.99750,0.99840,0.00000,0.00000,0.00160
99.70125,0.99751,0.99841,0.00000,0.00000,0.00159
99.80125,0.99751,0.99842,0.00000,0.00000,0.00158
99.90125,0.99750,0.99841,0.00000,0.00000,0.00159
100.00125,0.99750,0.99841,0.00000,0.00000,0.00159
100.10125,0.99750,0.99841,0.00000,0.00000,0.00159
100.20125,0.99751,0.99842,0.00000,0.00000,0.00158
100.30125,0.99751,0.99842,0.00000,0.00000,0.00158
100.40125,0.99750,0.99843,0.00000,0.00000,0.00157
100.50125,0.99750,0.99843,0.00000,0.00000,0.00157
100.60125,0.99750,0.99843,0.00000,0.00000,0.00157
100.70125,0.99751,0.99842,0.00000,0.00000,0.00158
100.80125,0.99751,0.99842,0.00000,0.00000,0.00158
100.90125,0.99750,0.99843,0.00000,0.00000,0.00157
101.00125,0.99750,0.99843,0.00000,0.00000,0.00157
101.10125,0.99750,0.99842,0.00000,0.00000,0.00158
101.20125,0.99751,0.99841,0.00000,0.00000,0.00159
101.30125,0.99751,0.99841,0.00000,0.00000,0.00159
101.40125,0.99750,0.99841,0.00000,0.00000,0.00159
101.50125,0.99750,0.99840,0.00000,0.00000,0.00160
101.60125,0.99750,0.99840,0.00000,0.00000,0.00160
101.70125,0.99751,0.99840,0.00000,0.00000,0.00160
101.80125,0.99751,0.99840,0.00000,0.00000,0.00160
101.90125,0.99750,0.99840,0.00000,0.00000,0.00160
102.00125,0.99750,0.99839,0.00000,0.00000,0.00161
102.10125,0.99750,0.99840,0.00000,0.00000,0.00160
102.20125,0.99751,0.99840,0.00000,0.00000,0.00160
102.30125,0.99751,0.99839,0.00000,0.00000,0.00161
102.40125,0.99750,0.99840,0.00000,0.00000,0.00160
102.50125,0.99750,0.99839,0.00000,0.00000,0.00161
102.60125,0.99750,0.99840,0.00000,0.00000,0.00160
102.70125,0.99751,0.99840,0.00000,0.00000,0.00160
102.80125,0.99751,0.99841,0.00000,0.00000,0.00159
102.90125,0.99750,0.99841,0.00000,0.00000,0.00159
103.00125,0.99750,0.99842,0.00000,0.00000,0.00158
103.10125,0.99750,0.99842,0.00000,0.00000,0.00158
103.20125,0.99751,0.99842,0.00000,0.00000,0.00158
103.30125,0.99751,0.99843,0.00000,0.00000,0.00157
103.40125,0.99750,0.99843,0.00000,0.00000,0.00157
103.50125,0.99750,0.99843,0.00000,0.00000,0.00157
103.60125,0.99750,0.99843,0.00000,0.00000,0.00157
103.70125,0.99751,0.99843,0.00000,0.00000,0.00157
103.80125,0.99751,0.99842,0.00000,0.00000,0.00158
103.90125,0.99750,0.99842,0.00000,0.00000,0.00158
104.00125,0.99750,0.99841,0.00000,0.00000,0.00159
104.10125,0.99750,0.99841,0.00000,0.00000,0.00159
104.20125,0.99751,0.99841,0.00000,0.00000,0.00159
104.30125,0.99751,0.99840,0.00000,0.00000,0.00160
104.40125,0.99750,0.99840,0.00000,0.00000,0.00160
104.50125,0.99750,0.99840,0.00000,0.00000,0.00160
104.60125,0.99750,0.99840,0.00000,0.00000,0.00160
104.70125,0.99751,0.99840,0.00000,0.00000,0.00160
104.80125,0.99751,0.99840,0.00000,0.00000,0.00160
104.90125,0.99750,0.99840,0.00000,0.00000,0.00160
105.00125,0.99750,0.99841,0.00000,0.00000,0.00159
105.10125,0.99750,0.99841,0.00000,0.00000,0.00159
105.20125,0.99751,0.99840,0.00000,0.00000,0.00160
105.30125,0.99751,0.99840,0.00000,0.00000,0.00160
105.40125,0.99750,0.99840,0.00000,0.00000,0.00160
105.50125,0.99750,0.99840,0.00000,0.00000,0.00160
105.60125,0.99750,0.99840,0.00000,0.00000,0.00160
105.70125,0.99751,0.99840,0.00000,0.00000,0.00160
105.80125,0.99751,0.99840,0.00000,0.00000,0.00160
105.90125,0.99750,0.99840,0.00000,0.00000,0.00160
106.00125,0.99750,0.99840,0.00000,0.00000,0.00160
106.10125,0.99750,0.99841,0.00000,0.00000,0.00159
106.20125,0.99751,0.99841,0.00000,0.00000,0.00159
106.30125,0.99751,0.99841,0.00000,0.00000,0.00159
106.40125,0.99750,0.99841,0.00000,0.00000,0.00159
106.50125,0.99750,0.99841,0.00000,0.00000,0.00159
106.60125,0.99750,0.99841,0.00000,0.00000,0.00159
106.70125,0.99751,0.99842,0.00000,0.00000,0.00158
106.80125,0.99751,0.99841,0.00000,0.00000,0.00159
106.90125,0.99750,0.99841,0.00000,0.00000,0.00159
107.00125,0.99750,0.99841,0.00000,0.00000,0.00159
107.10125,0.99750,0.99840,0.00000,0.00000,0.00160
107.20125,0.99751,0.99840,0.00000,0.00000,0.00160
107.30125,0.99751,0.99840,0.00000,0.00000,0.00160
107.40125,0.99750,0.99840,0.00000,0.00000,0.00160
107.50125,0.99750,0.99840,0.00000,0.00000,0.00160
107.60125,0.99750,0.99840,0.00000,0.00000,0.00160
107.70125,0.99751,0.99840,0.00000,0.00000,0.00160
107.80125,0.99751,0.99840,0.00000,0.00000,0.00160
107.90125,0.99750,0.99840,0.00000,0.00000,0.00160
108.00125,0.99750,0.99840,0.00000,0.00000,0.00160
108.10125,0.99750,0.99840,0.00000,0.00000,0.00160
108.20125,0.99751,0.99841,0.00000,0.00000,0.00159
108.30125,0.99751,0.99841,0.00000,0.00000,0.00159
108.40125,0.99750,0.99841,0.00000,0.00000,0.00159
108.50125,0.99750,0.99841,0.00000,0.00000,0.00159
108.60125,0.99750,0.99840,0.00000,0.00000,0.00160
108.70125,0.99751,0.99840,0.00000,0.00000,0.00160
108.80125,0.99751,0.99840,0.00000,0.00000,0.00160
108.90125,0.99750,0.99840,0.00000,0.00000,0.00160
109.00125,0.99750,0.99840,0.00000,0.00000,0.00160
109.10125,0.99750,0.99839,0.00000,0.00000,0.00161
109.20125,0.99751,0.99839,0.00000,0.00000,0.00161
109.30125,0.99751,0.99839,0.00000,0.00000,0.00161
109.40125,0.99750,0.99839,0.00000,0.00000,0.00161
109.50125,0.99750,0.99839,0.00000,0.00000,0.00161
109.60125,0.99750,0.99839,0.00000,0.00000,0.00161
109.70125,0.99751,0.99839,0.00000,0.00000,0.00161
109.80125,0.99751,0.99839,0.00000,0.00000,0.00161
109.90125,0.99750,0.99840,0.00000,0.00000,0.00160
110.00125,0.99750,0.99839,0.00000,0.00000,0.00161
110.10125,0.99750,0.99840,0.00000,0.00000,0.00160
110.20125,0.99751,0.99840,0.00000,0.00000,0.00160
110.30125,0.99751,0.99840,0.00000,0.00000,0.00160
110.40125,0.99750,0.99840,0.00000,0.00000,0.00160
110.50125,0.99750,0.99840,0.00000,0.00000,0.00160
110.60125,0.99750,0.99840,0.00000,0.00000,0.00160
110.70125,0.99751,0.99840,0.00000,0.00000,0.00160
110.80125,0.99751,0.99840,0.00000,0.00000,0.00160
110.90125,0.99750,0.99839,0.00000,0.00000,0.00161
111.00125,0.99750,0.99840,0.00000,0.00000,0.00160
111.10125,0.99750,0.99840,0.00000,0.00000,0.00160
111.20125,0.99751,0.99840,0.00000,0.00000,0.00160
111.30125,0.99751,0.99840,0.00000,0.00000,0.00160
111.40125,0.99750,0.99840,0.00000,0.00000,0.00160
111.50125,0.99750,0.99840,0.00000,0.00000,0.00160
111.60125,0.99750,0.99840,0.00000,0.00000,0.00160
111.70125,0.99751,0.99840,0.00000,0.00000,0.00160
111.80125,0.99751,0.99840,0.00000,0.00000,0.00160
111.90125,0.99750,0.99841,0.00000,0.00000,0.00159
112.00125,0.99750,0.99840,0.00000,0.00000,0.00160
112.10125,0.99750,0.99840,0.00000,0.00000,0.00160
112.20125,0.99751,0.99841,0.00000,0.00000,0.00159
112.30125,0.99751,0.99841,0.00000,0.00000,0.00159
112.40125,0.99750,0.99840,0.00000,0.00000,0.00160
112.50125,0.99750,0.99840,0.00000,0.00000,0.00160
112.60125,0.99750,0.99840,0.00000,0.00000,0.00160
112.70125,0.99751,0.99840,0.00000,0.00000,0.00160
112.80125,0.99751,0.99840,0.00000,0.00000,0.00160
112.90125,0.99750,0.99841,0.00000,0.00000,0.00159
113.00125,0.99750,0.99841,0.00000,0.00000,0.00159
113.10125,0.99750,0.99841,0.00000,0.00000,0.00159
113.20125,0.99751,0.99841,0.00000,0.00000,0.00159
113.30125,0.99751,0.99842,0.00000,0.00000,0.00158
113.40125,0.99750,0.99841,0.00000,0.00000,0.00159
113.50125,0.99750,0.99842,0.00000,0.00000,0.00158
113.60125,0.99750,0.99841,0.00000,0.00000,0.00159
113.70125,0.99751,0.99841,0.00000,0.00000,0.00159
113.80125,0.99751,0.99841,0.00000,0.00000,0.00159
113.90125,0.99750,0.99842,0.00000,0.00000,0.00158
114.00125,0.99750,0.99841,0.00000,0.00000,0.00159
114.10125,0.99750,0.99841,0.00000,0.00000,0.00159
114.20125,0.99751,0.99841,0.00000,0.00000,0.00159
114.30125,0.99751,0.99840,0.00000,0.00000,0.00160
114.40125,0.99750,0.99841,0.00000,0.00000,0.00159
114.50125,0.99750,0.99841,0.00000,0.00000,0.00159
114.60125,0.99750,0.99841,0.00000,0.00000,0.00159
114.70125,0.99751,0.99841,0.00000,0.00000,0.00159
114.80125,0.99751,0.99840,0.00000,0.00000,0.00160
114.90125,0.99750,0.99840,0.00000,0.00000,0.00160
115.00125,0.99750,0.99840,0.00000,0.00000,0.00160
115.10125,0.99750,0.99840,0.00000,0.00000,0.00160
115.20125,0.99751,0.99841,0.00000,0.00000,0.00159
115.30125,0.99751,0.99841,0.00000,0.00000,0.00159
115.40125,0.99750,0.99841,0.00000,0.00000,0.00159
115.50125,0.99750,0.99841,0.00000,0.00000,0.00159
115.60125,0.99750,0.99841,0.00000,0.00000,0.00159
115.70125,0.99751,0.99841,0.00000,0.00000,0.00159
115.80125,0.99751,0.99841,0.00000,0.00000,0.00159
115.90125,0.99750,0.99841,0.00000,0.00000,0.00159
116.00125,0.99750,0.99841,0.00000,0.00000,0.00159
116.10125,0.99750,0.99841,0.00000,0.00000,0.00159
116.20125,0.99751,0.99841,0.00000,0.00000,0.00159
116.30125,0.99751,0.99840,0.00000,0.00000,0.00160
116.40125,0.99750,0.99840,0.00000,0.00000,0.00160
116.50125,0.99750,0.99840,0.00000,0.00000,0.00160
116.60125,0.99750,0.99840,0.00000,0.00000,0.00160
116.70125,0.99751,0.99840,0.00000,0.00000,0.00160
116.80125,0.99751,0.99840,0.00000,0.00000,0.00160
116.90125,0.99750,0.99839,0.00000,0.00000,0.00161
117.00125,0.99750,0.99839,0.00000,0.00000,0.00161
117.10125,0.99750,0.99839,0.00000,0.00000,0.00161
117.20125,0.99751,0.99839,0.00000,0.00000,0.00161
117.30125,0.99751,0.99839,0.00000,0.00000,0.00161
117.40125,0.99750,0.99839,0.00000,0.00000,0.00161
117.50125,0.99750,0.99840,0.00000,0.00000,0.00160
117.60125,0.99750,0.99840,0.00000,0.00000,0.00160
117.70125,0.99751,0.99839,0.00000,0.00000,0.00161
117.80125,0.99751,0.99839,0.00000,0.00000,0.00161
117.90125,0.99750,0.99839,0.00000,0.00000,0.00161
118.00125,0.99750,0.99840,0.00000,0.00000,0.00160
118.10125,0.99750,0.99840,0.00000,0.00000,0.00160
118.20125,0.99751,0.99840,0.00000,0.00000,0.00160
118.30125,0.99751,0.99840,0.00000,0.00000,0.00160
118.40125,0.99750,0.99840,0.00000,0.00000,0.00160
118.50125,0.99750,0.99841,0.00000,0.00000,0.00159
118.60125,0.99750,0.99842,0.00000,0.00000,0.00158
118.70125,0.99751,0.99842,0.00000,0.00000,0.00158
118.80125,0.99751,0.99842,0.00000,0.00000,0.00158
118.90125,0.99750,0.99842,0.00000,0.00000,0.00158
119.00125,0.99750,0.99841,0.00000,0.00000,0.00159
119.10125,0.99750,0.99841,0.00000,0.00000,0.00159
119.20125,0.99751,0.99841,0.00000,0.00000,0.00159
119.30125,0.99751,0.99840,0.00000,0.00000,0.00160
119.40125,0.99750,0.99840,0.00000,0.00000,0.00160
119.50125,0.99750,0.99840,0.00000,0.00000,0.00160
119.60125,0.99750,0.99840,0.00000,0.00000,0.00160
119.70125,0.99751,0.99840,0.00000,0.00000,0.00160
119.80125,0.99751,0.99841,0.00000,0.00000,0.00159
119.90125,0.99750,0.99841,0.00000,0.00000,0.00159
120.00125,0.99750,0.99841,0.00000,0.00000,0.00159
120.10125,0.99750,0.99841,0.00000,0.00000,0.00159
120.20125,0.99751,0.99841,0.00000,0.00000,0.00159
120.30125,0.99751,0.99842,0.00000,0.00000,0.00158
120.40125,0.99750,0.99841,0.00000,0.00000,0.00159
120.50125,0.99750,0.99840,0.00000,0.00000,0.00160
120.60125,0.99750,0.99841,0.00000,0.00000,0.00159
120.70125,0.99751,0.99840,0.00000,0.00000,0.00160
120.80125,0.99751,0.99840,0.00000,0.00000,0.00160
120.90125,0.99750,0.99840,0.00000,0.00000,0.00160
121.00125,0.99750,0.99841,0.00000,0.00000,0.00159
